0 0.75625 0.5109375 0.159375 0.1484375
0 0.475 0.4625 0.134375 0.134375
0 0.3578125 0.4359375 0.128125 0.128125
0 0.6140625 0.4734375 0.140625 0.140625
1 0.5234375 0.4046875 0.1046875 0.0875
1 0.41875 0.3796875 0.1015625 0.071875
2 0.4515625 0.353125 0.0875 0.065625
2 0.5484375 0.36875 0.090625 0.0609375
1 0.6328125 0.4 0.1109375 0.0734375
1 0.7421875 0.43125 0.1296875 0.078125
2 0.65625 0.3640625 0.09375 0.053125
3 0.2078125 0.1359375 0.0515625 0.084375
3 0.3140625 0.1390625 0.0484375 0.071875
3 0.4140625 0.14375 0.05625 0.071875