1 0.50625 0.540625 0.0765625 0.0765625
0 0.5359375 0.4421875 0.0671875 0.06875
0 0.5734375 0.5046875 0.059375 0.0578125
1 0.5359375 0.3328125 0.06875 0.0703125
2 0.6046875 0.5328125 0.05 0.0484375
2 0.5890625 0.4421875 0.0484375 0.0546875
0 0.6328125 0.58125 0.04375 0.04375
1 0.6421875 0.5296875 0.034375 0.04375
2 0.6515625 0.578125 0.0234375 0.0390625
2 0.65 0.5421875 0.034375 0.03125
3 0.0546875 0.840625 0.109375 0.0671875
3 0.4828125 0.821875 0.3171875 0.10625
3 0.5953125 0.75 0.209375 0.128125
3 0.65 0.684375 0.153125 0.0921875
3 0.68125 0.6421875 0.125 0.0671875