2 0.4375 0.6875 0.1828125 0.190625
2 0.9125 0.1859375 0.0421875 0.040625
2 0.9234375 0.2125 0.0375 0.0375
2 0.8734375 0.1921875 0.0390625 0.0375
2 0.8546875 0.2296875 0.04375 0.040625
2 0.8796875 0.228125 0.0390625 0.0359375
2 0.8796875 0.2671875 0.046875 0.04375
2 0.903125 0.2484375 0.034375 0.0328125
2 0.9265625 0.278125 0.0390625 0.0359375
2 0.94375 0.2609375 0.0375 0.034375
2 0.9015625 0.3125 0.0515625 0.0453125
2 0.925 0.33125 0.0453125 0.04375
2 0.9734375 0.3296875 0.0421875 0.0421875
0 0.865625 0.1390625 0.0359375 0.0265625
0 0.878125 0.1609375 0.0375 0.034375
0 0.946875 0.2359375 0.040625 0.0375
0 0.965625 0.2703125 0.0359375 0.034375
0 0.88125 0.35 0.0453125 0.0421875
0 0.9453125 0.3046875 0.03125 0.03125
1 0.825 0.1453125 0.0390625 0.0390625
1 0.7859375 0.146875 0.04375 0.0421875
1 0.8 0.171875 0.0359375 0.0359375
1 0.8390625 0.18125 0.0359375 0.0359375
1 0.8125 0.2 0.0390625 0.0375
1 0.8484375 0.2125 0.034375 0.0328125
1 0.8421875 0.1546875 0.034375 0.034375
1 0.809375 0.1359375 0.034375 0.021875