0 0.6078125 0.49375 0.19375 0.190625
2 0.3546875 0.5890625 0.1390625 0.146875
1 0.46875 0.55 0.159375 0.16875
0 0.759375 0.5984375 0.1296875 0.14375
1 0.6203125 0.6421875 0.121875 0.1
2 0.5734375 0.7015625 0.0859375 0.059375
3 0.5921875 0.890625 0.05625 0.078125
3 0.484375 0.8890625 0.05 0.08125
3 0.3828125 0.8921875 0.05 0.084375
3 0.26875 0.8953125 0.0546875 0.0921875
3 0.1609375 0.8890625 0.065625 0.0828125
1 0.5046875 0.625 0.125 0.1171875
1 0.6734375 0.6703125 0.0953125 0.096875
2 0.3796875 0.646875 0.128125 0.1078125