0 0.55 0.503125 0.19375 0.1921875
1 0.6625 0.4453125 0.1578125 0.16875
0 0.3296875 0.40625 0.1328125 0.1453125
2 0.74375 0.4046875 0.1390625 0.1453125
2 0.5484375 0.325 0.1015625 0.0640625
1 0.4625 0.3515625 0.1265625 0.078125
0 0.4625 0.4375 0.14375 0.159375
1 0.59375 0.3875 0.1171875 0.1265625
0 0.2828125 0.378125 0.1265625 0.1359375
3 0.3359375 0.125 0.0484375 0.0828125
3 0.4484375 0.1203125 0.0515625 0.08125
3 0.553125 0.115625 0.0515625 0.0875
3 0.659375 0.1140625 0.05 0.0796875
3 0.7640625 0.103125 0.03125 0.078125