0 0.3578125 0.403125 0.1515625 0.15625
0 0.5046875 0.4265625 0.165625 0.171875
2 0.7546875 0.365625 0.1328125 0.125
1 0.7046875 0.4125 0.165625 0.15
2 0.5390625 0.30625 0.0953125 0.0703125
1 0.4671875 0.334375 0.121875 0.0828125
2 0.45 0.278125 0.0921875 0.05
3 0.421875 0.0953125 0.0390625 0.0765625
3 0.5265625 0.0953125 0.0390625 0.075
0 0.2671875 0.3703125 0.1359375 0.146875
3 0.19375 0.096875 0.0609375 0.0890625
3 0.3125 0.0953125 0.0578125 0.084375
3 0.628125 0.096875 0.034375 0.0734375
1 0.609375 0.359375 0.1203125 0.1203125