0 0.4421875 0.4875 0.1984375 0.196875
1 0.328125 0.5453125 0.1609375 0.171875
0 0.665625 0.584375 0.1359375 0.1484375
2 0.2453125 0.5875 0.1421875 0.1484375
2 0.44375 0.66875 0.103125 0.065625
1 0.53125 0.6421875 0.1296875 0.0796875
0 0.53125 0.5546875 0.146875 0.1625
1 0.396875 0.60625 0.11875 0.1296875
0 0.715625 0.6140625 0.128125 0.1390625
3 0.6609375 0.8734375 0.0484375 0.084375
3 0.5453125 0.878125 0.0515625 0.0828125
3 0.4390625 0.8828125 0.0515625 0.0890625
3 0.33125 0.884375 0.05 0.08125
3 0.2234375 0.8953125 0.0328125 0.0796875