0 0.340625 0.3828125 0.1578125 0.1625
0 0.4921875 0.4078125 0.171875 0.1796875
2 0.7546875 0.3453125 0.1390625 0.13125
1 0.7015625 0.39375 0.1734375 0.15625
2 0.528125 0.2828125 0.1 0.0734375
1 0.453125 0.3125 0.1265625 0.0859375
2 0.434375 0.253125 0.096875 0.0515625
3 0.4046875 0.0625 0.040625 0.0796875
3 0.5140625 0.0625 0.040625 0.078125
0 0.2453125 0.3515625 0.1421875 0.153125
3 0.1671875 0.065625 0.0625 0.09375
3 0.2921875 0.0640625 0.059375 0.0890625
3 0.621875 0.0640625 0.0359375 0.0765625
1 0.6015625 0.3390625 0.125 0.1265625