0 0.615625 0.5125 0.196875 0.19375
2 0.359375 0.609375 0.140625 0.1484375
1 0.4734375 0.5703125 0.1625 0.171875
0 0.7703125 0.61875 0.13125 0.146875
1 0.6296875 0.6625 0.125 0.1015625
2 0.58125 0.7234375 0.0875 0.0609375
3 0.6 0.915625 0.0578125 0.0796875
3 0.490625 0.9140625 0.0515625 0.0828125
3 0.3875 0.9171875 0.0515625 0.0859375
3 0.2703125 0.9203125 0.0546875 0.09375
3 0.1625 0.9140625 0.0671875 0.084375
1 0.5109375 0.6453125 0.128125 0.11875
1 0.6828125 0.690625 0.096875 0.0984375
2 0.384375 0.6671875 0.1296875 0.109375