3 0.1140625 0.525 0.06875 0.0953125
0 0.1203125 0.5015625 0.0484375 0.0359375
3 0.4453125 0.5109375 0.065625 0.103125
0 0.1140625 0.5390625 0.0421875 0.0375
0 0.2640625 0.4953125 0.040625 0.0390625
2 0.2625 0.534375 0.040625 0.0390625
3 0.2640625 0.5171875 0.065625 0.1046875
3 0.6390625 0.503125 0.075 0.1078125
2 0.65 0.5609375 0.04375 0.0421875
2 0.6359375 0.521875 0.0421875 0.040625
0 0.64375 0.48125 0.040625 0.040625
0 0.44375 0.5671875 0.040625 0.0390625
0 0.4453125 0.5296875 0.0421875 0.0390625
2 0.446875 0.4890625 0.0390625 0.0421875