3 0.646875 0.4984375 0.05625 0.0734375
3 0.340625 0.4890625 0.040625 0.06875
2 0.64375 0.4609375 0.03125 0.0265625
0 0.640625 0.515625 0.03125 0.028125
3 0.8140625 0.5046875 0.0546875 0.075
2 0.646875 0.4890625 0.03125 0.028125
2 0.81875 0.465625 0.0328125 0.0296875
0 0.8078125 0.4921875 0.0296875 0.028125
0 0.8140625 0.5203125 0.0328125 0.0296875
3 0.484375 0.4921875 0.046875 0.0703125
0 0.490625 0.45625 0.028125 0.028125
0 0.48125 0.48125 0.0265625 0.0265625
2 0.4859375 0.5078125 0.0296875 0.028125