3 0.709375 0.5640625 0.084375 0.125
0 0.2234375 0.515625 0.0578125 0.05
0 0.9125 0.54375 0.065625 0.0515625
3 0.225 0.54375 0.096875 0.1328125
3 0.91875 0.5734375 0.0953125 0.1296875
2 0.2125 0.6125 0.0578125 0.05
3 0.471875 0.5546875 0.08125 0.125
0 0.925 0.596875 0.0625 0.0515625
0 0.7109375 0.534375 0.0515625 0.0515625
2 0.7140625 0.5875 0.053125 0.05
0 0.4703125 0.625 0.0515625 0.053125
0 0.471875 0.575 0.0515625 0.046875
2 0.471875 0.5265625 0.05 0.05
2 0.2296875 0.5640625 0.0546875 0.0515625