3 0.340625 0.578125 0.0453125 0.075
0 0.3421875 0.5625 0.0296875 0.028125
2 0.34375 0.615625 0.0296875 0.0265625
2 0.3375 0.5890625 0.025 0.0265625
2 0.1734375 0.6203125 0.0328125 0.0296875
0 0.1828125 0.59375 0.0296875 0.0265625
0 0.1765625 0.5703125 0.0328125 0.028125
3 0.1765625 0.584375 0.053125 0.0734375
3 0.628125 0.5671875 0.040625 0.0671875
3 0.49375 0.5734375 0.0484375 0.0703125
0 0.4890625 0.609375 0.028125 0.0265625
0 0.4953125 0.5828125 0.0265625 0.0265625
2 0.4890625 0.5578125 0.0265625 0.025