3 0.4703125 0.1359375 0.0953125 0.06875
0 0.49375 0.140625 0.0359375 0.0484375
3 0.4828125 0.4640625 0.103125 0.065625
0 0.45625 0.1359375 0.0375 0.0421875
0 0.4984375 0.284375 0.0390625 0.040625
2 0.459375 0.2828125 0.0390625 0.040625
3 0.4765625 0.284375 0.1046875 0.065625
3 0.490625 0.6578125 0.1078125 0.075
2 0.434375 0.6671875 0.0421875 0.04375
2 0.4734375 0.653125 0.040625 0.0421875
0 0.5125 0.6625 0.040625 0.040625
0 0.428125 0.4625 0.0375 0.040625
0 0.465625 0.465625 0.0390625 0.0421875
2 0.5046875 0.465625 0.0421875 0.0390625