3 0.5171875 0.6015625 0.1 0.0640625
3 0.515625 0.778125 0.1125 0.0796875
0 0.4890625 0.771875 0.0453125 0.05625
3 0.5171875 0.321875 0.084375 0.059375
2 0.5625 0.315625 0.0328125 0.034375
2 0.5328125 0.321875 0.0296875 0.0296875
0 0.5015625 0.31875 0.0328125 0.0328125
0 0.534375 0.784375 0.0453125 0.0484375
0 0.4921875 0.603125 0.0375 0.040625
2 0.53125 0.6109375 0.0421875 0.04375
2 0.4984375 0.4515625 0.0359375 0.0359375
0 0.565625 0.45 0.0375 0.0359375
0 0.5328125 0.4546875 0.0359375 0.0375
3 0.5171875 0.4546875 0.0921875 0.0546875