3 0.85 0.4765625 0.0671875 0.0921875
0 0.8453125 0.4984375 0.046875 0.034375
3 0.5328125 0.4890625 0.0625 0.0984375
0 0.85 0.4625 0.040625 0.0359375
0 0.70625 0.5046875 0.0390625 0.0375
2 0.7078125 0.4671875 0.0390625 0.0375
3 0.70625 0.484375 0.0625 0.1015625
3 0.346875 0.496875 0.071875 0.103125
2 0.3375 0.4421875 0.0421875 0.040625
2 0.35 0.4796875 0.040625 0.0390625
0 0.3421875 0.5171875 0.0390625 0.0390625
0 0.534375 0.4359375 0.0390625 0.0375
0 0.5328125 0.471875 0.040625 0.0375
2 0.53125 0.509375 0.0375 0.040625