3 0.5140625 0.66875 0.0703125 0.046875
2 0.528125 0.6671875 0.025 0.028125
3 0.5203125 0.5375 0.06875 0.0484375
0 0.5203125 0.8015625 0.0265625 0.0328125
3 0.5015625 0.7953125 0.0734375 0.0515625
2 0.4859375 0.5328125 0.025 0.0265625
0 0.5015625 0.665625 0.0265625 0.028125
0 0.4765625 0.6671875 0.0265625 0.0296875
2 0.5109375 0.5421875 0.028125 0.028125
0 0.5375 0.5375 0.025 0.025
3 0.496875 0.9109375 0.06875 0.053125
0 0.5109375 0.9125 0.0296875 0.0328125
0 0.4859375 0.9046875 0.028125 0.0296875
2 0.459375 0.9078125 0.028125 0.0328125