3 0.65625 0.4203125 0.0453125 0.075
0 0.6546875 0.4359375 0.0296875 0.0265625
2 0.6546875 0.384375 0.0296875 0.0265625
2 0.6609375 0.409375 0.025 0.0265625
2 0.8234375 0.378125 0.0328125 0.0296875
0 0.8140625 0.4046875 0.0296875 0.0265625
0 0.8203125 0.428125 0.0328125 0.028125
3 0.8203125 0.415625 0.053125 0.0734375
3 0.371875 0.43125 0.040625 0.0671875
3 0.5046875 0.425 0.0484375 0.06875
0 0.509375 0.390625 0.028125 0.0265625
0 0.503125 0.415625 0.0265625 0.0265625
2 0.509375 0.440625 0.0265625 0.025