3 0.6265625 0.6109375 0.0703125 0.0515625
2 0.6671875 0.6109375 0.0234375 0.028125
0 0.6125 0.6078125 0.028125 0.0296875
3 0.6375 0.4546875 0.0703125 0.053125
3 0.6453125 0.30625 0.0734375 0.04375
2 0.6390625 0.615625 0.0296875 0.0296875
2 0.6578125 0.78125 0.03125 0.03125
0 0.63125 0.76875 0.0265625 0.0296875
0 0.6046875 0.771875 0.0265625 0.03125
3 0.6203125 0.771875 0.0765625 0.0546875
0 0.675 0.4609375 0.0296875 0.0296875
0 0.65 0.4515625 0.028125 0.0265625
2 0.6203125 0.45625 0.0265625 0.0265625