3 0.5765625 0.365625 0.078125 0.0484375
2 0.6140625 0.3625 0.0296875 0.03125
3 0.5671875 0.5234375 0.071875 0.0484375
0 0.553125 0.5234375 0.0265625 0.03125
0 0.5859375 0.371875 0.0265625 0.028125
0 0.5578125 0.3640625 0.0296875 0.03125
2 0.6046875 0.5265625 0.028125 0.0296875
2 0.5796875 0.5203125 0.0265625 0.028125
0 0.5984375 0.6515625 0.028125 0.028125
0 0.575 0.6546875 0.0234375 0.028125
2 0.55 0.6515625 0.028125 0.028125
3 0.5640625 0.653125 0.06875 0.0421875
3 0.559375 0.7609375 0.06875 0.0484375