3 0.8046875 0.5671875 0.075 0.1046875
0 0.64375 0.534375 0.0453125 0.040625
0 0.7984375 0.5421875 0.05 0.040625
0 0.2546875 0.5203125 0.046875 0.040625
3 0.45625 0.5546875 0.0703125 0.103125
3 0.6421875 0.559375 0.0671875 0.1015625
3 0.2515625 0.54375 0.0765625 0.10625
2 0.453125 0.528125 0.0421875 0.040625
0 0.8078125 0.5828125 0.04375 0.040625
2 0.6453125 0.5765625 0.0421875 0.0390625
0 0.453125 0.56875 0.040625 0.0390625
0 0.453125 0.6078125 0.0421875 0.04375
2 0.2453125 0.6 0.0453125 0.0421875
2 0.259375 0.5609375 0.04375 0.0390625