3 0.5640625 0.8125 0.10625 0.0765625
0 0.5296875 0.65 0.0421875 0.046875
0 0.5375 0.8078125 0.040625 0.05
0 0.515625 0.2515625 0.0421875 0.0484375
3 0.55 0.45625 0.1046875 0.071875
3 0.5546875 0.6484375 0.103125 0.0671875
3 0.5390625 0.2484375 0.1078125 0.078125
2 0.5234375 0.453125 0.040625 0.0421875
0 0.5796875 0.8171875 0.040625 0.04375
2 0.571875 0.65 0.040625 0.04375
0 0.5640625 0.4546875 0.040625 0.040625
0 0.6046875 0.4546875 0.04375 0.0421875
2 0.5953125 0.2421875 0.0421875 0.046875
2 0.55625 0.25625 0.040625 0.04375