3 0.3375 0.4671875 0.0421875 0.053125
3 0.5140625 0.471875 0.0375 0.0515625
3 0.61875 0.475 0.0390625 0.053125
3 0.41875 0.46875 0.0390625 0.053125
3 0.678125 0.475 0.040625 0.053125
0 0.340625 0.4515625 0.021875 0.0203125
0 0.3390625 0.475 0.0234375 0.0234375
0 0.41875 0.4796875 0.03125 0.0234375
0 0.4171875 0.45625 0.0296875 0.0234375
0 0.509375 0.459375 0.025 0.021875
0 0.6171875 0.484375 0.0234375 0.01875
0 0.61875 0.4625 0.028125 0.025
0 0.68125 0.4625 0.0265625 0.025
0 0.6828125 0.4875 0.0265625 0.025
0 0.515625 0.484375 0.0234375 0.0265625