3 0.359375 0.5140625 0.0375 0.05
3 0.534375 0.5078125 0.034375 0.05
3 0.7 0.5265625 0.0390625 0.0515625
3 0.4390625 0.534375 0.0375 0.0515625
3 0.640625 0.528125 0.0390625 0.0515625
2 0.3625 0.5265625 0.021875 0.01875
2 0.35625 0.503125 0.0234375 0.025
2 0.4375 0.525 0.021875 0.01875
2 0.44375 0.5484375 0.0234375 0.021875
2 0.5328125 0.51875 0.0234375 0.01875
2 0.5359375 0.4953125 0.021875 0.0234375
2 0.640625 0.51875 0.025 0.01875
2 0.640625 0.540625 0.025 0.01875
2 0.6984375 0.540625 0.028125 0.0203125
2 0.703125 0.5171875 0.0234375 0.0234375