3 0.3390625 0.4875 0.0359375 0.06875
3 0.484375 0.5171875 0.0375 0.06875
3 0.665625 0.5 0.0375 0.0671875
3 0.3953125 0.515625 0.0375 0.0671875
3 0.5984375 0.496875 0.0359375 0.0671875
0 0.665625 0.5203125 0.0203125 0.0203125
0 0.6640625 0.4984375 0.021875 0.021875
0 0.6671875 0.4765625 0.0234375 0.021875
0 0.5984375 0.4734375 0.0234375 0.0171875
0 0.6015625 0.49375 0.0234375 0.0203125
0 0.5984375 0.515625 0.021875 0.0203125
0 0.4828125 0.49375 0.0234375 0.0234375
0 0.4859375 0.51875 0.0265625 0.021875
0 0.48125 0.5421875 0.0234375 0.01875
0 0.3921875 0.49375 0.0234375 0.0203125
0 0.3984375 0.515625 0.0234375 0.021875
0 0.3921875 0.5375 0.0234375 0.021875
0 0.3359375 0.4671875 0.025 0.025
0 0.3421875 0.4875 0.0234375 0.021875
0 0.3359375 0.509375 0.025 0.01875