3 0.425 0.48125 0.0359375 0.06875
3 0.3375 0.5015625 0.0359375 0.065625
3 0.6890625 0.4875 0.0375 0.0671875
3 0.5671875 0.484375 0.0359375 0.06875
3 0.621875 0.5109375 0.034375 0.065625
2 0.6875 0.465625 0.025 0.0203125
2 0.6890625 0.4875 0.028125 0.0203125
0 0.6859375 0.5109375 0.025 0.0234375
2 0.6234375 0.490625 0.0234375 0.0203125
2 0.61875 0.5109375 0.025 0.0203125
0 0.6234375 0.534375 0.0203125 0.0203125
0 0.5671875 0.509375 0.0234375 0.021875
2 0.565625 0.4859375 0.0234375 0.021875
2 0.565625 0.4640625 0.025 0.0203125
2 0.425 0.459375 0.0265625 0.021875
2 0.425 0.4828125 0.025 0.0234375
0 0.421875 0.503125 0.0265625 0.0234375
0 0.3390625 0.525 0.028125 0.0203125
2 0.340625 0.48125 0.0234375 0.021875
2 0.3359375 0.5046875 0.021875 0.021875