3 0.3203125 0.51875 0.0375 0.071875
3 0.4703125 0.4890625 0.0390625 0.071875
3 0.65625 0.5078125 0.0390625 0.06875
3 0.378125 0.490625 0.0390625 0.0703125
3 0.5875 0.509375 0.0375 0.06875
0 0.6578125 0.4859375 0.021875 0.021875
0 0.6546875 0.5078125 0.0234375 0.021875
0 0.659375 0.5296875 0.0234375 0.0234375
0 0.5875 0.5328125 0.025 0.01875
0 0.590625 0.5125 0.025 0.0203125
0 0.5875 0.4890625 0.0234375 0.0203125
0 0.4671875 0.5125 0.025 0.025
0 0.471875 0.4875 0.0265625 0.021875
0 0.4671875 0.4640625 0.0234375 0.0203125
0 0.375 0.5140625 0.0234375 0.021875
0 0.38125 0.490625 0.0234375 0.021875
0 0.375 0.4671875 0.025 0.021875
0 0.315625 0.540625 0.025 0.025
0 0.3234375 0.5203125 0.025 0.0234375
0 0.3171875 0.496875 0.025 0.01875