3 0.6375 0.484375 0.0375 0.05
3 0.4609375 0.490625 0.034375 0.05
3 0.29375 0.471875 0.0390625 0.0515625
3 0.559375 0.4640625 0.0375 0.0515625
3 0.3546875 0.4703125 0.0390625 0.0515625
2 0.6359375 0.471875 0.021875 0.01875
2 0.6421875 0.4953125 0.0234375 0.025
2 0.5609375 0.4734375 0.021875 0.01875
2 0.5546875 0.45 0.025 0.021875
2 0.4640625 0.4796875 0.0234375 0.0203125
2 0.4609375 0.503125 0.021875 0.0234375
2 0.3546875 0.4796875 0.025 0.01875
2 0.3546875 0.45625 0.025 0.0203125
2 0.2953125 0.4578125 0.028125 0.0203125
2 0.2921875 0.48125 0.0234375 0.0234375