3 0.453125 0.6625 0.0546875 0.04375
3 0.4578125 0.478125 0.0546875 0.0390625
3 0.4609375 0.36875 0.0546875 0.040625
3 0.4546875 0.578125 0.0546875 0.040625
3 0.4609375 0.30625 0.0546875 0.0421875
0 0.4375 0.6609375 0.0203125 0.0234375
0 0.4609375 0.6609375 0.025 0.025
0 0.465625 0.578125 0.025 0.0328125
0 0.440625 0.5796875 0.025 0.03125
0 0.4453125 0.4828125 0.0234375 0.0265625
0 0.471875 0.371875 0.0203125 0.025
0 0.446875 0.36875 0.025 0.0296875
0 0.4484375 0.3046875 0.0265625 0.028125
0 0.475 0.3015625 0.0265625 0.028125
0 0.4703125 0.478125 0.028125 0.025