3 0.49375 0.3546875 0.0703125 0.0375
3 0.484375 0.6453125 0.0703125 0.0375
3 0.4671875 0.434375 0.075 0.040625
3 0.4953125 0.271875 0.0703125 0.0390625
3 0.4625 0.546875 0.075 0.040625
2 0.509375 0.64375 0.0234375 0.0234375
2 0.4875 0.646875 0.0234375 0.0265625
2 0.4625 0.64375 0.021875 0.025
2 0.4890625 0.5515625 0.0234375 0.0265625
2 0.4640625 0.5453125 0.021875 0.0234375
2 0.440625 0.5484375 0.025 0.0265625
2 0.4921875 0.4328125 0.0234375 0.028125
2 0.46875 0.4375 0.0234375 0.0265625
2 0.4421875 0.43125 0.0203125 0.0265625
2 0.4703125 0.3515625 0.021875 0.025
2 0.4953125 0.3578125 0.021875 0.0234375
2 0.5171875 0.353125 0.0234375 0.0234375
2 0.51875 0.275 0.0203125 0.028125
2 0.4953125 0.2671875 0.0234375 0.0265625
2 0.475 0.275 0.0234375 0.025