3 0.6453125 0.4984375 0.0359375 0.0671875
3 0.36875 0.5078125 0.0359375 0.0671875
3 0.56875 0.5234375 0.0375 0.071875
3 0.7265625 0.496875 0.0375 0.0671875
3 0.4625 0.528125 0.0375 0.071875
2 0.3703125 0.484375 0.0234375 0.021875
2 0.365625 0.5046875 0.025 0.021875
2 0.3703125 0.5296875 0.025 0.0203125
2 0.4578125 0.503125 0.025 0.021875
2 0.4640625 0.5265625 0.0234375 0.0203125
2 0.4609375 0.55 0.025 0.0234375
2 0.571875 0.5 0.0265625 0.021875
2 0.5671875 0.5234375 0.0265625 0.021875
2 0.571875 0.546875 0.025 0.0203125
2 0.6484375 0.5203125 0.0234375 0.021875
2 0.64375 0.496875 0.021875 0.0203125
2 0.646875 0.4765625 0.0234375 0.021875
2 0.7234375 0.4734375 0.0265625 0.0203125
2 0.7296875 0.496875 0.0265625 0.021875
2 0.7234375 0.5171875 0.025 0.0234375