2 0.5587558968749999 0.1285377359375 0.5528596703125 0.1265723265625 0.5489288515624999 0.122641509375 0.5332055812500001 0.1206761 0.5312401734375001 0.11871069218750001 0.5174823109375 0.1206761 0.50372445 0.1265723265625 0.49291470156250006 0.137382075 0.49094929218749994 0.149174528125 0.48898388437499996 0.15113993750000002 0.49291470156250006 0.1668632078125 0.5056898578125 0.1796383640625 0.5174823109375 0.185534590625 0.525343946875 0.185534590625 0.5273093546875 0.1875 0.5430326265625001 0.185534590625 0.5567904875 0.1796383640625 0.5676002359375001 0.1668632078125 0.5705483484375 0.1580188671875 0.571531053125 0.149174528125 0.5695656453125 0.14327830156250002 0.5587558968749999 0.1285377359375
2 0.5332055812500001 0.045990565625 0.515516903125 0.045990565625 0.5096206765625 0.047955975 0.5027417453125 0.052869496875 0.49684551875 0.0607311328125 0.49684551875 0.0685927671875 0.4997936328125 0.07154088125 0.511586084375 0.0656446546875 0.5292747640625 0.0656446546875 0.535170990625 0.06957547187499999 0.5391018078125 0.06957547187499999 0.54696344375 0.0754716984375 0.5508942609374999 0.0754716984375 0.5528596703125 0.07154088125 0.5538423734375 0.0607311328125 0.5430326265625001 0.049921384375 0.5332055812500001 0.045990565625
2 0.352387971875 0.252358490625 0.34452633593750004 0.252358490625 0.332733884375 0.2582547171875 0.325854953125 0.2651336484375 0.32388954375 0.26906446562499997 0.32388954375 0.2828223265625 0.3366647015625 0.293632075 0.3484571546875 0.293632075 0.35631878906250003 0.2897012578125 0.36319772031249997 0.2828223265625 0.3661458328125 0.272012578125 0.3671285375 0.26709905625 0.36024960625 0.25628930781250003 0.352387971875 0.252358490625
2 0.2914602984375 0.3977987421875 0.2816332546875 0.3977987421875 0.2777024375 0.3997641515625 0.26689268906249997 0.4125393078125 0.26689268906249997 0.42236635156249996 0.27082350625 0.4302279875 0.275737028125 0.435141509375 0.2816332546875 0.43710691874999996 0.2934257078125 0.435141509375 0.30227004687500003 0.42629717031250003 0.3032527515625 0.42138364843750004 0.30423545625 0.4125393078125 0.3003046390625 0.40467767343750005 0.2914602984375 0.3977987421875
2 0.35435338125000004 0.2366352203125 0.342560928125 0.2366352203125 0.3278203609375 0.24941037812500003 0.325854953125 0.25530660312500003 0.328803065625 0.26218553437500003 0.3346992921875 0.25628930781250003 0.34452633593750004 0.252358490625 0.35631878906250003 0.2543239 0.362215015625 0.2582547171875 0.364180425 0.2543239 0.36516312968750003 0.24744496875 0.3582841984375 0.2386006296875 0.35435338125000004 0.2366352203125
2 0.342560928125 0.2228773578125 0.3366647015625 0.2228773578125 0.328803065625 0.2268081765625 0.32192413593749997 0.23368710625000003 0.3199587265625 0.24547955937500002 0.3248722484375 0.252358490625 0.32683765781249996 0.252358490625 0.3297857703125 0.24547955937500002 0.33863010937500004 0.2386006296875 0.342560928125 0.2366352203125 0.352387971875 0.2366352203125 0.3533706765625 0.2297562890625 0.35042256250000003 0.2268081765625 0.342560928125 0.2228773578125
2 0.3916961484375 0.1383647796875 0.378920990625 0.14720911875 0.37499017343749996 0.1570361640625 0.3799036953125 0.1599842765625 0.3916961484375 0.1521226421875 0.405454009375 0.1521226421875 0.41135023593750003 0.15605345937499998 0.415281053125 0.15408805 0.41626375781249997 0.14720911875 0.40741941875 0.1383647796875 0.3916961484375 0.1383647796875
2 0.27377161875 0.584512578125 0.26787539374999997 0.584512578125 0.265909984375 0.5825471703125 0.256082940625 0.5864779875 0.24723860000000003 0.5992531453125001 0.24723860000000003 0.6071147796874999 0.25116941875 0.6169418234374999 0.256082940625 0.6218553453125 0.265909984375 0.6257861640625 0.2718062109375 0.6257861640625 0.2796678453125 0.6218553453125 0.285564071875 0.6120283015625 0.2865467765625 0.5992531453125001 0.282615959375 0.591391509375 0.27377161875 0.584512578125
2 0.25215212187499997 0.6218553453125 0.24723860000000003 0.6267688671875 0.2452731921875 0.6306996859375 0.2452731921875 0.644457546875 0.256082940625 0.6572327046875001 0.2600137578125 0.6591981125 0.2698408015625 0.6591981125 0.28065055 0.6503537734375 0.2816332546875 0.6474056609375001 0.282615959375 0.6365959125 0.27377161875 0.6257861640625 0.25215212187499997 0.6218553453125
2 0.295391115625 0.7771226421875 0.2796678453125 0.7751572328125 0.27082350625 0.7820361640625 0.268858096875 0.78596698125 0.268858096875 0.7997248421875 0.275737028125 0.8105345906249999 0.285564071875 0.8144654093750001 0.299321934375 0.8144654093750001 0.3081662734375 0.8075864781250001 0.309148978125 0.8046383640625001 0.3101316828125 0.795794025 0.3062008640625 0.78596698125 0.295391115625 0.7771226421875
2 0.2796678453125 0.8105345906249999 0.275737028125 0.8105345906249999 0.26787539374999997 0.7967767296875 0.26296187031249996 0.7997248421875 0.26296187031249996 0.8134827046875 0.2698408015625 0.82232704375 0.275737028125 0.8262578609375 0.285564071875 0.8262578609375 0.297356525 0.8203616359374999 0.297356525 0.8144654093750001 0.285564071875 0.8144654093750001 0.2796678453125 0.8105345906249999
2 0.28065055 0.840998428125 0.2777024375 0.8380503140625001 0.27082350625 0.8468946546874999 0.27278891562499996 0.8567216984374999 0.2796678453125 0.8636006296875 0.285564071875 0.853773584375 0.2865467765625 0.85279088125 0.28065055 0.8449292453125 0.28065055 0.840998428125
0 0.5391018078125 0.06957547187499999 0.535170990625 0.06957547187499999 0.5292747640625 0.0656446546875 0.511586084375 0.0656446546875 0.5056898578125 0.0676100625 0.49094929218749994 0.0803852203125 0.48898388437499996 0.0843160375 0.48898388437499996 0.0902122640625 0.49291470156250006 0.10003930781249999 0.5076552671875 0.11084905625000001 0.5214131296875 0.112814465625 0.5233785375 0.11084905625000001 0.5371364 0.11084905625000001 0.544998034375 0.1069182390625 0.5508942609374999 0.099056603125 0.551876965625 0.0823506296875 0.54991155625 0.0784198109375 0.5391018078125 0.06957547187499999
0 0.5194477203125001 0.0224056609375 0.50372445 0.0224056609375 0.49782822343750005 0.02437106875 0.49094929218749994 0.029284590625000002 0.48898388437499996 0.033215409375 0.48898388437499996 0.04107704375 0.4997936328125 0.049921384375 0.5076552671875 0.049921384375 0.515516903125 0.045990565625 0.5312401734375001 0.045990565625 0.5332055812500001 0.0440251578125 0.5341882859375 0.033215409375 0.5273093546875 0.026336478125 0.5194477203125001 0.0224056609375
0 0.45852004687500003 0.10888364843750001 0.45458922968750004 0.1069182390625 0.4526238203125 0.10888364843750001 0.43690055 0.11084905625000001 0.42609080156249995 0.12362421406249999 0.42609080156249995 0.1354166671875 0.4280562109375 0.139347484375 0.4408313671875 0.14819182343749998 0.46048545625 0.14819182343749998 0.47227790937499997 0.14229559687499999 0.4762087265625 0.1363993703125 0.47719143124999996 0.129520440625 0.4595027515625 0.1137971703125 0.45852004687500003 0.10888364843750001
0 0.289494890625 0.36242138437500004 0.2796678453125 0.36242138437500004 0.268858096875 0.3712657234375 0.26689268906249997 0.38305817656249996 0.268858096875 0.385023584375 0.268858096875 0.3968160375 0.2718062109375 0.401729559375 0.275737028125 0.401729559375 0.2816332546875 0.3977987421875 0.2914602984375 0.3977987421875 0.297356525 0.401729559375 0.30128734218750003 0.401729559375 0.3032527515625 0.3977987421875 0.30423545625 0.385023584375 0.295391115625 0.3663522015625 0.289494890625 0.36242138437500004
0 0.40741941875 0.1521226421875 0.3916961484375 0.1521226421875 0.3838345125 0.15605345937499998 0.37499017343749996 0.1668632078125 0.37695558125 0.18062106875 0.3877653296875 0.1875 0.40152319218750004 0.1875 0.40741941875 0.185534590625 0.41429834843749996 0.18062106875 0.41724646249999997 0.1737421390625 0.41822916718750003 0.162932390625 0.41331564531250004 0.15605345937499998 0.40741941875 0.1521226421875
0 0.455571934375 0.9196147796874999 0.44476218593750005 0.9068396218749999 0.4349351421875 0.900943396875 0.41921187031249996 0.8989779875 0.41724646249999997 0.8970125781249999 0.405454009375 0.8989779875 0.3916961484375 0.9048742140625 0.3828518078125 0.9156839625 0.3828518078125 0.9215801890625 0.38088639999999996 0.9235455968749999 0.3848172171875 0.93533805 0.395626965625 0.9481132078125001 0.415281053125 0.9559748421875 0.43296973281250006 0.9559748421875 0.44672759375000004 0.950078615625 0.453606525 0.9431996859374999 0.45655463906250005 0.9323899375 0.4575373421875 0.927476415625 0.455571934375 0.92551100625 0.455571934375 0.9196147796874999
0 0.2944084125 0.7270047171875 0.285564071875 0.718160378125 0.2777024375 0.714229559375 0.26787539374999997 0.714229559375 0.2570656453125 0.7230738999999999 0.2551002359375 0.73290094375 0.2570656453125 0.7387971703125 0.2698408015625 0.7535377359375001 0.2835986640625 0.7535377359375001 0.2944084125 0.744693396875 0.295391115625 0.7417452828125 0.29637382031250004 0.7348663515625 0.2944084125 0.73290094375 0.2944084125 0.7270047171875
0 0.265909984375 0.757468553125 0.259031053125 0.762382075 0.2570656453125 0.76631289375 0.2570656453125 0.7761399375 0.265909984375 0.78891509375 0.275737028125 0.7771226421875 0.2796678453125 0.7751572328125 0.2934257078125 0.7751572328125 0.2944084125 0.7682783015625 0.2816332546875 0.757468553125 0.265909984375 0.757468553125
0 0.3130797953125 0.8832547171874999 0.297356525 0.8832547171874999 0.28752948125 0.87539308125 0.282615959375 0.8783411953125 0.2845813671875 0.8901336484375 0.299321934375 0.900943396875 0.3130797953125 0.900943396875 0.3179933171875 0.8960298734375 0.32094143124999996 0.88915094375 0.32192413593749997 0.8862028296875 0.318976021875 0.8812893078125 0.3130797953125 0.8832547171874999
0 0.3111143875 0.8262578609375 0.3032527515625 0.82232704375 0.2914602984375 0.82232704375 0.28065055 0.831171384375 0.28065055 0.8449292453125 0.289494890625 0.85573899375 0.297356525 0.8596698109375 0.3130797953125 0.8596698109375 0.3179933171875 0.8567216984374999 0.32094143124999996 0.8518081765625001 0.32192413593749997 0.8370676093749999 0.3170106125 0.8301886796875 0.3111143875 0.8262578609375
0 0.35435338125000004 0.1796383640625 0.345509040625 0.1884827046875 0.345509040625 0.1983097484375 0.3464917453125 0.199292453125 0.34943985781250003 0.19634433906249998 0.35631878906250003 0.1875 0.364180425 0.185534590625 0.36516312968750003 0.18062106875 0.362215015625 0.17767295624999999 0.35435338125000004 0.1796383640625
1 0.50372445 0.10888364843750001 0.49291470156250006 0.10003930781249999 0.48898388437499996 0.0882468546875 0.48603577031249995 0.0852987421875 0.47424331718749996 0.0852987421875 0.4595027515625 0.0980739 0.4595027515625 0.1137971703125 0.47424331718749996 0.1265723265625 0.49782822343750005 0.1265723265625 0.4997936328125 0.12460691875 0.5056898578125 0.12460691875 0.51355149375 0.1167452828125 0.5145341984375 0.1137971703125 0.511586084375 0.11084905625000001 0.50372445 0.10888364843750001
1 0.37400746875 0.1835691828125 0.364180425 0.1835691828125 0.3582841984375 0.1875 0.35435338125000004 0.1875 0.34747445 0.19634433906249998 0.34747445 0.21010220156249998 0.35631878906250003 0.21894654062500002 0.372042059375 0.21894654062500002 0.3828518078125 0.21206760937500002 0.385799921875 0.2051886796875 0.3867826265625 0.19634433906249998 0.3779382859375 0.185534590625 0.37400746875 0.1835691828125
1 0.309148978125 0.293632075 0.3052181609375 0.295597484375 0.2944084125 0.3083726421875 0.2944084125 0.3181996859375 0.29637382031250004 0.322130503125 0.3052181609375 0.32900943437499997 0.31504520468749997 0.32900943437499997 0.3229068390625 0.32507861562499996 0.328803065625 0.31721698125 0.3297857703125 0.302476415625 0.318976021875 0.293632075 0.309148978125 0.293632075
1 0.309148978125 0.32900943437499997 0.30128734218750003 0.327044025 0.295391115625 0.3211477984375 0.28752948125 0.3211477984375 0.2767197328125 0.33392295625 0.27868514218749996 0.345715409375 0.282615959375 0.35357704375 0.289494890625 0.360455975 0.3032527515625 0.360455975 0.3140625 0.3516116359375 0.31504520468749997 0.348663521875 0.31602790937499997 0.3378537734375 0.3140625 0.33392295625 0.309148978125 0.32900943437499997
1 0.46441627343749997 0.059748428124999996 0.455571934375 0.07055817656249999 0.4575373421875 0.0784198109375 0.46638168281250003 0.0872641515625 0.4703125 0.0872641515625 0.4712952046875 0.0823506296875 0.46932979531249996 0.0803852203125 0.46932979531249996 0.07448899375 0.4732606125 0.0666273578125 0.48013954375 0.059748428124999996 0.4880011796875 0.059748428124999996 0.4880011796875 0.055817609375 0.47227790937499997 0.055817609375 0.46441627343749997 0.059748428124999996
1 0.41724646249999997 0.8301886796875 0.395626965625 0.82232704375 0.3799036953125 0.8242924531250001 0.37007665156249997 0.8282232703125001 0.3612323109375 0.8370676093749999 0.35730149375 0.8449292453125 0.35730149375 0.862617925 0.3612323109375 0.8704795593749999 0.372042059375 0.8812893078125 0.3838345125 0.8871855343749999 0.405454009375 0.88915094375 0.40741941875 0.8871855343749999 0.41331564531250004 0.8871855343749999 0.4280562109375 0.8763757859375 0.43296973281250006 0.8636006296875 0.4339524375 0.8567216984374999 0.42609080156249995 0.83903301875 0.41724646249999997 0.8301886796875
1 0.41429834843749996 0.774174528125 0.3975923734375 0.7594339625 0.3779382859375 0.7515723265625 0.364180425 0.7535377359375001 0.352387971875 0.7594339625 0.3435436328125 0.7702437109375 0.3396128140625 0.7820361640625 0.3415782234375 0.795794025 0.34943985781250003 0.8095518875 0.35435338125000004 0.8144654093750001 0.3779382859375 0.8242924531250001 0.3877653296875 0.8242924531250001 0.3995577828125 0.8203616359374999 0.412332940625 0.8075864781250001 0.415281053125 0.7948113203125 0.41626375781249997 0.7820361640625 0.41429834843749996 0.7800707546875 0.41429834843749996 0.774174528125
1 0.35042256250000003 0.8989779875 0.332733884375 0.8989779875 0.32192413593749997 0.9078223265625001 0.32192413593749997 0.9215801890625 0.32388954375 0.92551100625 0.330768475 0.9323899375 0.342560928125 0.9382861640625 0.36024960625 0.9382861640625 0.364180425 0.9363207546875 0.36909394687499997 0.9314072328125 0.372042059375 0.92256289375 0.3730247640625 0.9196147796874999 0.36909394687499997 0.9097877359375 0.35042256250000003 0.8989779875
1 0.3582841984375 0.9618710687500001 0.342560928125 0.9599056609375 0.3366647015625 0.9618710687500001 0.3317511796875 0.9667845906249999 0.3317511796875 0.9766116359374999 0.34059551875 0.985455975 0.3484571546875 0.9893867921874999 0.364180425 0.9893867921874999 0.372042059375 0.9834905656249999 0.3730247640625 0.9726808171875 0.3661458328125 0.9658018875 0.3582841984375 0.9618710687500001
1 0.332733884375 0.940251571875 0.32094143124999996 0.940251571875 0.3140625 0.94516509375 0.312097090625 0.9490959125 0.3140625 0.9569575468749999 0.32683765781249996 0.9677672953125 0.330768475 0.9677672953125 0.3366647015625 0.9618710687500001 0.342560928125 0.9599056609375 0.35042256250000003 0.9599056609375 0.3514052671875 0.9530267296874999 0.34452633593750004 0.9461477984375 0.332733884375 0.940251571875
1 0.3052181609375 0.9205974843750001 0.29637382031250004 0.927476415625 0.2983392296875 0.937303459375 0.309148978125 0.9461477984375 0.3130797953125 0.9461477984375 0.3170106125 0.94221698125 0.3229068390625 0.940251571875 0.330768475 0.940251571875 0.3317511796875 0.9333726421874999 0.32094143124999996 0.92256289375 0.3052181609375 0.9205974843750001
1 0.2619791671875 0.6768867921874999 0.25116941875 0.6857311328125 0.249204009375 0.68966195 0.249204009375 0.69948899375 0.2531348265625 0.7073506296875001 0.2600137578125 0.714229559375 0.2777024375 0.714229559375 0.2845813671875 0.7093160375 0.285564071875 0.706367925 0.2865467765625 0.6916273578125 0.275737028125 0.6788522015625 0.2619791671875 0.6768867921874999