1 0.4875 0.525 0.0453125 0.04375
1 0.0734375 0.4953125 0.0453125 0.040625
1 0.6796875 0.515625 0.046875 0.04375
1 0.6875 0.46875 0.046875 0.0421875
2 0.2890625 0.5328125 0.053125 0.0453125
2 0.3 0.4859375 0.0484375 0.040625
2 0.8609375 0.5078125 0.0515625 0.0375
2 0.8671875 0.4625 0.0546875 0.04375
2 0.8844262296875 0.4341444671875 0.8844262296875 0.4279969265625 0.8875 0.42492315625000004 0.8926229515624999 0.42389856562499995 0.8926229515624999 0.41980020468749996 0.8946721312499999 0.417751025 0.8946721312499999 0.4136526640625 0.8926229515624999 0.41160348437499994 0.8926229515624999 0.40750512343749995 0.8905737703125001 0.40545594218750003 0.8905737703125001 0.40340676249999996 0.8854508203125 0.3982838109375 0.879303278125 0.39623463124999997 0.8772540984375 0.3941854515625 0.8608606562500001 0.3941854515625 0.8588114750000001 0.39623463124999997 0.8547131140625 0.39623463124999997 0.8506147546875 0.4003329921875 0.8485655734374999 0.4003329921875 0.847540984375 0.40340676249999996 0.8413934421875 0.409554303125 0.8413934421875 0.4259477453125 0.8454918031249999 0.4279969265625 0.8434426234375 0.43004610625 0.8434426234375 0.4320952875 0.8495901640625 0.43824282812500004 0.8506147546875 0.43926741874999997 0.879303278125 0.43926741874999997 0.8844262296875 0.4341444671875
2 0.30450819687499997 0.45258709062499997 0.30450819687499997 0.44439036875 0.3065573765625 0.44234118906250003 0.3065573765625 0.4320952875 0.302459015625 0.42389856562499995 0.2952868859375 0.416726434375 0.2870901640625 0.4126280734375 0.282991803125 0.4126280734375 0.2809426234375 0.41057889375 0.2768442625 0.4126280734375 0.268647540625 0.4126280734375 0.2604508203125 0.416726434375 0.2532786890625 0.42389856562499995 0.25122950781250003 0.4279969265625 0.25122950781250003 0.44439036875 0.2573770484375 0.4484887296875 0.25532786875 0.45258709062499997 0.2625 0.459759221875 0.2665983609375 0.457710040625 0.270696721875 0.46385758125 0.2737704921875 0.46488217187499997 0.2870901640625 0.46590676249999996 0.2952868859375 0.46180840156249997 0.30450819687499997 0.45258709062499997
1 0.0953125 0.5421875 0.0578125 0.0515625
1 0.7015724515625 0.4414223203125 0.7087445812500001 0.4342501890625 0.7066954015625 0.43015182812499997 0.7128429421875 0.4260534671875 0.7128429421875 0.409660025 0.7056708109375001 0.4004387125 0.6995232703125 0.396340353125 0.6851790078125 0.394291171875 0.6790314671875 0.396340353125 0.6657117953125 0.40761084375 0.6636626140625 0.41170920468750005 0.661613434375 0.42195510625 0.6636626140625 0.42810264687500005 0.6667363859375001 0.43117641874999996 0.6718593359375 0.43220100781250004 0.66981015625 0.43629936875 0.6728839265625 0.4414223203125 0.6800560578125 0.44449609062500006 0.6851790078125 0.44552067968750003 0.6933757296875 0.4414223203125 0.7015724515625 0.4414223203125
3 0.8671875 0.4765625 0.0875 0.125
3 0.6828125 0.484375 0.0921875 0.128125
3 0.4921875 0.490625 0.0703125 0.134375
3 0.2921875 0.5 0.096875 0.13125
3 0.0890625 0.5046875 0.1015625 0.1296875