1 0.35791800625 0.3384244375 0.3518890671875 0.336414790625 0.3418408359375 0.336414790625 0.3338022515625 0.340434084375 0.3247588421875 0.353496784375 0.3247588421875 0.367564309375 0.3267684890625 0.3715836015625 0.3317926046875 0.3766077171875 0.3418408359375 0.380627009375 0.3538987140625 0.3786173640625 0.359927653125 0.3745980703125 0.36495176875 0.3695739546875 0.3679662375 0.3625401921875 0.3689710609375 0.353496784375 0.36495176875 0.3454582 0.35791800625 0.3384244375
0 0.3398311890625 0.3987138265625 0.325763665625 0.3987138265625 0.3147106109375 0.407757234375 0.31069131875 0.417805465625 0.31069131875 0.4278536984375 0.3197347265625 0.43890675312500005 0.32375401875 0.44091639843749997 0.3398311890625 0.44091639843749997 0.35088424375 0.43187299062499995 0.3538987140625 0.42081993593749994 0.35088424375 0.407757234375 0.3438504828125 0.40072347343750003 0.3398311890625 0.3987138265625
1 0.3076768484375 0.4831189703125 0.305667203125 0.481109325 0.2996382640625 0.4831189703125 0.288585209375 0.4921623796875 0.2865755625 0.5042202578125 0.288585209375 0.510249196875 0.2956189703125 0.5192926046874999 0.2996382640625 0.5213022515625 0.315715434375 0.5192926046874999 0.32375401875 0.5092443734375001 0.3247588421875 0.49618167187499995 0.3137057875 0.4831189703125 0.3076768484375 0.4831189703125
1 0.301647909375 0.635852090625 0.2895900328125 0.6378617359375001 0.2805466234375 0.648914790625 0.2805466234375 0.66097266875 0.2895900328125 0.6720257234375 0.293609325 0.6740353703124999 0.305667203125 0.6740353703124999 0.3147106109375 0.6670016078125001 0.315715434375 0.6639871375 0.3167202578125 0.6509244375 0.3147106109375 0.6469051453125 0.301647909375 0.635852090625
1 0.3076768484375 0.6740353703124999 0.2976286171875 0.6740353703124999 0.2865755625 0.683078778125 0.284565915625 0.6870980703125 0.284565915625 0.6991559484375001 0.293609325 0.710209003125 0.2976286171875 0.71221865 0.3137057875 0.71221865 0.3217443734375 0.7041800640625 0.322749196875 0.6891077171875 0.3116961421875 0.676045015625 0.3076768484375 0.6740353703124999
1 0.3247588421875 0.76949356875 0.3267684890625 0.757435690625 0.3197347265625 0.752411575 0.30365755625 0.752411575 0.2946141484375 0.7634646296875001 0.29662379375 0.7795418 0.305667203125 0.788585209375 0.3116961421875 0.7905948546875 0.3217443734375 0.7905948546875 0.325763665625 0.788585209375 0.3267684890625 0.78356109375 0.322749196875 0.771503215625 0.3247588421875 0.76949356875
1 0.3619372984375 0.7504019296875 0.35791800625 0.7483922828125 0.3398311890625 0.7483922828125 0.335811896875 0.7504019296875 0.3267684890625 0.7594453375 0.322749196875 0.76949356875 0.328778134375 0.7875803859375 0.335811896875 0.7946141484375 0.3438504828125 0.798633440625 0.3619372984375 0.798633440625 0.375 0.7895900328125001 0.37801446875 0.7825562703125 0.3790192921875 0.7735128625 0.377009646875 0.7674839234374999 0.3619372984375 0.7504019296875
0 0.3137057875 0.71221865 0.2996382640625 0.7142282953125 0.2946141484375 0.717242765625 0.2905948546875 0.7232717046875 0.2905948546875 0.737339228125 0.2996382640625 0.7483922828125 0.305667203125 0.7504019296875 0.3197347265625 0.7504019296875 0.3267684890625 0.7453778140625 0.3297829578125 0.7383440515624999 0.33078778125 0.7313102890625001 0.328778134375 0.72528135 0.3137057875 0.71221865
0 0.293609325 0.7483922828125 0.2865755625 0.7534163984375 0.284565915625 0.757435690625 0.284565915625 0.7674839234374999 0.293609325 0.778536978125 0.29662379375 0.7775321546875 0.2946141484375 0.7654742765625 0.29662379375 0.7594453375 0.305667203125 0.752411575 0.305667203125 0.7504019296875 0.301647909375 0.7483922828125 0.293609325 0.7483922828125
1 0.3760048234375 0.8086816718750001 0.3679662375 0.8046623796875 0.3619372984375 0.8046623796875 0.359927653125 0.8026527328125 0.35791800625 0.8046623796875 0.347869775 0.8046623796875 0.3388263671875 0.8116961421875001 0.3348070734375 0.8197347265625 0.3348070734375 0.8317926046874999 0.3388263671875 0.8418408359375 0.3518890671875 0.85088424375 0.35791800625 0.852893890625 0.37198553125 0.852893890625 0.37801446875 0.85088424375 0.3880627015625 0.8388263671875 0.3890675234375 0.825763665625 0.38504823125 0.8177250796875001 0.3760048234375 0.8086816718750001
1 0.515675240625 0.8036575562499999 0.50763665625 0.791599678125 0.4945739546875 0.778536978125 0.4744774921875 0.7704983921874999 0.456390675 0.7704983921874999 0.4543810296875 0.7725080390625 0.4423231515625 0.774517684375 0.42323151093750006 0.791599678125 0.417202571875 0.8056672031250001 0.41921221875 0.8277733125 0.43127009687499995 0.8438504828125 0.43528938906250003 0.8458601281250001 0.4362942125 0.8488745984375001 0.4604099671875 0.8589228296875 0.48050643125 0.8589228296875 0.49658360156250003 0.852893890625 0.5116559484375001 0.83782154375 0.5166800640625 0.8267684890625 0.5176848875 0.8116961421875001 0.515675240625 0.8096864953124999 0.515675240625 0.8036575562499999
1 0.4503617359375 0.9252411578125 0.44634244375 0.9252411578125 0.4362942125 0.91921221875 0.4101688109375 0.91921221875 0.404139871875 0.921221865625 0.3930868171875 0.9342845656250001 0.3930868171875 0.948352090625 0.3950964625 0.9523713828125 0.40614951718750003 0.9634244375 0.42021704218749995 0.9694533765625 0.44031350468749997 0.9694533765625 0.44634244375 0.9674437296875 0.4573954984375 0.956390675 0.4604099671875 0.9493569125000001 0.4594051453125 0.9383038578124999 0.45538585156250005 0.9302652734375 0.4503617359375 0.9252411578125
1 0.43549035312499995 1 0.44433279687500005 0.9955787781250001 0.4503617359375 0.9955787781250001 0.4573954984375 0.9905546624999999 0.458400321875 0.9875401921875 0.4594051453125 0.9825160765625001 0.4573954984375 0.9764871375 0.4503617359375 0.9674437296875 0.42021704218749995 0.9694533765625 0.40815916406249997 0.9634244375 0.404139871875 0.9634244375 0.397106109375 0.9724678453125 0.397106109375 0.9845257234375 0.404139871875 0.9935691312499999 0.415393890625 1 0.43549035312499995 1