0 0.526162790625 0.9333471765624999 0.526162790625 0.9478820593749999 0.5313538203125 0.9572259140625 0.547965115625 0.9676079734374999 0.5708056484374999 0.9696843859375001 0.58949335625 0.96345515 0.600913621875 0.9541112953124999 0.6071428578125 0.9375 0.6061046515624999 0.9302325578125 0.600913621875 0.9208887046875001 0.5915697671875 0.9136212625000001 0.577034884375 0.91154485 0.574958471875 0.9094684390625 0.5604235875 0.9094684390625 0.53965946875 0.9177740859375 0.528239203125 0.9291943515625001 0.526162790625 0.9333471765624999
0 0.264534884375 0.3519518265625 0.264534884375 0.3623338875 0.271802325 0.371677740625 0.284260796875 0.371677740625 0.29360465156250004 0.3623338875 0.29568106250000004 0.35818106250000004 0.2946428578125 0.350913621875 0.28633720937499996 0.34053156093750003 0.27595515000000004 0.34053156093750003 0.2666112953125 0.347799003125 0.264534884375 0.3519518265625
0 0.361088040625 0.134966778125 0.3527823921875 0.1245847171875 0.336171096875 0.12250830625 0.3278654484375 0.1266611296875 0.32059800625 0.133928571875 0.3185215953125 0.13808139531250002 0.3185215953125 0.1505398671875 0.32371262500000003 0.157807309375 0.332018271875 0.1619601328125 0.34655315625 0.1598837203125 0.360049834375 0.1484634546875 0.3621262453125 0.14431063125000002 0.361088040625 0.134966778125
0 0.30398671093749996 0.12354651093749999 0.30398671093749996 0.133928571875 0.307101328125 0.1370431890625 0.3174833890625 0.1391196015625 0.3278654484375 0.1266611296875 0.3372093015625 0.1214701 0.336171096875 0.11835548124999999 0.3299418609375 0.110049834375 0.3174833890625 0.110049834375 0.30606312343750003 0.11939368749999998 0.30398671093749996 0.12354651093749999
0 0.3185215953125 0.0882475078125 0.3278654484375 0.0809800671875 0.34447674375 0.0809800671875 0.34447674375 0.07475083125000001 0.3382475078125 0.0685215953125 0.32371262500000003 0.07059800625 0.3143687703125 0.0778654484375 0.312292359375 0.0882475078125 0.3174833890625 0.0913621265625 0.3185215953125 0.0882475078125
1 0.264534884375 0.2813538203125 0.2666112953125 0.2938122921875 0.271802325 0.299003321875 0.2821843859375 0.299003321875 0.28633720937499996 0.2969269109375 0.29360465156250004 0.28758305625 0.2925664453125 0.27616279062500004 0.284260796875 0.2699335546875 0.27803156093750003 0.2699335546875 0.2697259140625 0.274086378125 0.264534884375 0.2813538203125
1 0.3735465109375 0.26370431875 0.3880813953125 0.255398671875 0.3974252484375 0.24397840468749998 0.4015780734375 0.23567275781250002 0.40053986718749995 0.2221760796875 0.381852159375 0.205564784375 0.37562292343750003 0.20348837187500002 0.35693521562499997 0.205564784375 0.3527823921875 0.2076411953125 0.335132890625 0.227367109375 0.335132890625 0.24605481718750002 0.3372093015625 0.252284053125 0.34447674375 0.2595514953125 0.3527823921875 0.26370431875 0.3735465109375 0.26370431875
1 0.287375415625 0.1671511625 0.287375415625 0.179609634375 0.29671926875 0.18687707656250002 0.307101328125 0.1848006640625 0.3164451828125 0.1754568109375 0.3185215953125 0.17130398593750001 0.3174833890625 0.16611295625 0.31333056406250004 0.1619601328125 0.307101328125 0.1640365453125 0.2946428578125 0.1598837203125 0.287375415625 0.1671511625
1 0.30087209375 0.1619601328125 0.31125415312500004 0.1640365453125 0.3174833890625 0.1619601328125 0.32267441875 0.156769103125 0.32163621249999996 0.155730896875 0.3185215953125 0.1505398671875 0.3185215953125 0.1401578078125 0.31333056406250004 0.1370431890625 0.307101328125 0.1370431890625 0.30398671093749996 0.131852159375 0.30087209375 0.130813953125 0.3019102984375 0.133928571875 0.29568106250000004 0.14223421875 0.29568106250000004 0.156769103125 0.30087209375 0.1619601328125
1 0.332018271875 0.110049834375 0.335132890625 0.09655315625000001 0.34551495 0.0882475078125 0.34447674375 0.083056478125 0.3424003328125 0.0809800671875 0.3257890359375 0.0809800671875 0.3164451828125 0.0903239203125 0.3143687703125 0.1027823921875 0.32163621249999996 0.110049834375 0.332018271875 0.110049834375
1 0.34862956875 0.085132890625 0.3424003328125 0.0892857140625 0.333056478125 0.10070597968749999 0.333056478125 0.11316445156249999 0.3382475078125 0.12043189375 0.3507059796875 0.1245847171875 0.367317275 0.12043189375 0.3766611296875 0.11316445156249999 0.380813953125 0.10070597968749999 0.379775746875 0.09551495 0.367317275 0.085132890625 0.34862956875 0.085132890625
1 0.37250830625 0.0654069765625 0.37458471718749997 0.07163621249999999 0.381852159375 0.0789036546875 0.39431063125 0.083056478125 0.4026162796875 0.083056478125 0.404692690625 0.0809800671875 0.4171511625 0.0789036546875 0.4233803984375 0.07475083125000001 0.430647840625 0.0674833890625 0.4368770765625 0.0550249171875 0.43583887031249996 0.0519102984375 0.4233803984375 0.0394518265625 0.4171511625 0.037375415625000005 0.3984634546875 0.037375415625000005 0.38392857187499996 0.0436046515625 0.3766611296875 0.05087209375 0.37250830625 0.059177740624999996 0.37250830625 0.0654069765625
1 0.502284053125 0.0290697671875 0.477367109375 0.0290697671875 0.46490863750000005 0.033222590625 0.44725913593750005 0.04879568125 0.4431063125 0.059177740624999996 0.4431063125 0.073712625 0.44725913593750005 0.082018271875 0.4628322265625 0.09551495 0.47529069843749994 0.0975913625 0.477367109375 0.0996677734375 0.4960548171875 0.0996677734375 0.5188953484375001 0.0913621265625 0.5323920265625001 0.0778654484375 0.5386212625 0.061254153125 0.53758305625 0.0539867109375 0.53550664375 0.0539867109375 0.5188953484375001 0.035299003125 0.5105897015624999 0.031146179687499997 0.504360465625 0.031146179687499997 0.502284053125 0.0290697671875
1 0.40149821093750004 0 0.3953488375 0.007267442187500001 0.3953488375 0.013496678125 0.3995016609375 0.021802325 0.406769103125 0.02699335625 0.4129983390625 0.02699335625 0.41507475156250007 0.0290697671875 0.4254568109375 0.0290697671875 0.427533221875 0.02699335625 0.43999169374999997 0.02491694375 0.4493355484375 0.0176495015625 0.4482973421875 0.014534884375000001 0.43791528281250003 0.014534884375000001 0.4254568109375 0.0083056484375 0.42026578125 0.0031146171875 0.41941633906250003 0 0.40149821093750004 0
1 0.41899686249999996 0 0.4254568109375 0.0083056484375 0.43791528281250003 0.014534884375000001 0.45867940156250003 0.014534884375000001 0.47113787343749997 0.010382059374999999 0.4815199328125 0 0.41899686249999996 0
1 0.2801079734375 0.41735880468750003 0.29152823906249997 0.40801495 0.29360465156250004 0.40386212656250003 0.2925664453125 0.396594684375 0.284260796875 0.38621262500000003 0.271802325 0.38621262500000003 0.262458471875 0.397632890625 0.262458471875 0.40801495 0.271802325 0.41735880468750003 0.2801079734375 0.41735880468750003