0 0.3916015625 0.34375 0.3779296875 0.349609375 0.365234375 0.3623046875 0.36328125 0.3681640625 0.36328125 0.3837890625 0.3671875 0.3916015625 0.3759765625 0.400390625 0.3857421875 0.404296875 0.400390625 0.4033203125 0.4052734375 0.40234375 0.419921875 0.3876953125 0.421875 0.3837890625 0.421875 0.3642578125 0.41796875 0.3564453125 0.4111328125 0.349609375 0.4033203125 0.345703125 0.3916015625 0.34375
0 0.83203125 0.3759765625 0.826171875 0.3896484375 0.826171875 0.4033203125 0.83203125 0.4169921875 0.8447265625 0.4296875 0.8564453125 0.43359375 0.861328125 0.4326171875 0.876953125 0.4228515625 0.8828125 0.4091796875 0.8828125 0.3955078125 0.875 0.3779296875 0.8701171875 0.373046875 0.8603515625 0.3671875 0.8447265625 0.3671875 0.83203125 0.3759765625
0 0.7529296875 0.30859375 0.7490234375 0.310546875 0.740234375 0.3212890625 0.740234375 0.3369140625 0.7529296875 0.3515625 0.7626953125 0.35546875 0.771484375 0.3544921875 0.7744140625 0.353515625 0.783203125 0.3427734375 0.783203125 0.3349609375 0.78515625 0.3330078125 0.783203125 0.3232421875 0.779296875 0.3173828125 0.7685546875 0.30859375 0.7529296875 0.30859375
0 0.763671875 0.3056640625 0.7724609375 0.310546875 0.7822265625 0.322265625 0.78515625 0.3212890625 0.7900390625 0.31640625 0.796875 0.3134765625 0.794921875 0.3056640625 0.7880859375 0.298828125 0.7822265625 0.296875 0.7724609375 0.296875 0.7685546875 0.298828125 0.763671875 0.3056640625
0 0.7021484375 0.29296875 0.6982421875 0.294921875 0.69140625 0.3037109375 0.69140625 0.3095703125 0.689453125 0.3115234375 0.69140625 0.3154296875 0.693359375 0.3154296875 0.697265625 0.3076171875 0.7041015625 0.302734375 0.7177734375 0.30078125 0.7275390625 0.3046875 0.728515625 0.3017578125 0.7177734375 0.29296875 0.7119140625 0.291015625 0.7021484375 0.29296875
1 0.7021484375 0.302734375 0.6953125 0.3095703125 0.69140625 0.3173828125 0.693359375 0.3271484375 0.697265625 0.3349609375 0.7060546875 0.34375 0.7177734375 0.345703125 0.7197265625 0.34765625 0.72265625 0.3466796875 0.7275390625 0.345703125 0.736328125 0.3369140625 0.73828125 0.3330078125 0.73828125 0.3193359375 0.734375 0.3115234375 0.7275390625 0.3046875 0.7197265625 0.30078125 0.7021484375 0.302734375
1 0.6533203125 0.296875 0.64453125 0.3095703125 0.646484375 0.3251953125 0.6611328125 0.337890625 0.677734375 0.3369140625 0.6826171875 0.333984375 0.689453125 0.3251953125 0.69140625 0.3193359375 0.689453125 0.3095703125 0.68359375 0.3017578125 0.6748046875 0.294921875 0.6572265625 0.294921875 0.6533203125 0.296875
1 0.8076171875 0.314453125 0.7939453125 0.314453125 0.7880859375 0.318359375 0.78515625 0.3232421875 0.783203125 0.3408203125 0.787109375 0.3486328125 0.7958984375 0.357421875 0.8056640625 0.361328125 0.810546875 0.3603515625 0.8173828125 0.357421875 0.82421875 0.3486328125 0.82421875 0.3427734375 0.826171875 0.3408203125 0.82421875 0.3310546875 0.818359375 0.3212890625 0.8115234375 0.31640625 0.8076171875 0.314453125
1 0.8994140625 0.37890625 0.884765625 0.3916015625 0.8828125 0.3974609375 0.8828125 0.4150390625 0.888671875 0.4306640625 0.8994140625 0.44140625 0.9052734375 0.443359375 0.9140625 0.4423828125 0.9208984375 0.439453125 0.9296875 0.4306640625 0.93359375 0.4111328125 0.931640625 0.4091796875 0.9296875 0.3974609375 0.9208984375 0.384765625 0.9111328125 0.37890625 0.8994140625 0.37890625
1 0.4677734375 0.310546875 0.4609375 0.3173828125 0.45703125 0.3271484375 0.45703125 0.3349609375 0.458984375 0.3408203125 0.4658203125 0.349609375 0.4775390625 0.35546875 0.490234375 0.3544921875 0.50390625 0.3427734375 0.5078125 0.3349609375 0.5078125 0.3251953125 0.50390625 0.3173828125 0.4970703125 0.310546875 0.4892578125 0.306640625 0.4775390625 0.306640625 0.4677734375 0.310546875
1 0.3017578125 0.369140625 0.2919921875 0.373046875 0.28125 0.3837890625 0.27734375 0.3935546875 0.27734375 0.4091796875 0.28125 0.4189453125 0.2919921875 0.427734375 0.3037109375 0.431640625 0.306640625 0.4306640625 0.3173828125 0.427734375 0.330078125 0.4150390625 0.3359375 0.3994140625 0.333984375 0.3876953125 0.330078125 0.3798828125 0.3232421875 0.373046875 0.3134765625 0.369140625 0.3017578125 0.369140625
1 0.9609375 0.6435546875 0.96484375 0.6533203125 0.9794921875 0.666015625 0.99609375 0.6650390625 1 0.6630859375 0.9990234375 0.5546875 0.9892578125 0.55859375 0.9765625 0.5693359375 0.96484375 0.5908203125 0.962890625 0.6025390625 0.9609375 0.6044921875 0.9609375 0.6435546875