2 0.631082940625 0.4375 0.6153596703125 0.4375 0.600619103125 0.45027515781250005 0.600619103125 0.456171384375 0.604549921875 0.46010220156250003 0.6025845125 0.46403301875 0.6025845125 0.47779088124999997 0.6055326265625001 0.48270440312499996 0.6153596703125 0.4886006296875 0.6350137578124999 0.48663522031250006 0.638944575 0.48466981093749995 0.6497543234375 0.4718946546875 0.64877161875 0.459119496875 0.64582350625 0.456171384375 0.647788915625 0.454205975 0.64582350625 0.44830974843750004 0.638944575 0.4414308171875 0.631082940625 0.4375
1 0.5849337515624999 0.07154541875 0.5898472734375 0.07252812187499999 0.5878818640625 0.0784243484375 0.5986916124999999 0.0872686890625 0.614414884375 0.0853032796875 0.6183457015625 0.08137246249999999 0.624241928125 0.079407053125 0.637017084375 0.06466648750000001 0.63603438125 0.0420642859375 0.624241928125 0.026341015625000002 0.614414884375 0.0224101984375 0.600657021875 0.02437560625 0.5898472734375 0.035185354687499996 0.5819856390625 0.0509086265625 0.5819856390625 0.0685973046875 0.5849337515624999 0.07154541875
2 0.56622445 0.4453616359375 0.5534492921874999 0.456171384375 0.549518475 0.46796383593749996 0.549518475 0.47779088124999997 0.5603282234375 0.492531446875 0.5721206765625 0.49842767343750005 0.5819477203125001 0.49842767343750005 0.594722878125 0.49154874218750005 0.5966882859375 0.48368710625 0.6025845125 0.475825471875 0.6016018078125 0.46501572343750003 0.5966882859375 0.462067609375 0.5986536953125 0.4581367921875 0.5917747640625 0.44732704375 0.574086084375 0.44339622656250005 0.5721206765625 0.4453616359375 0.56622445 0.4453616359375
1 0.621387421875 0.23214432343750002 0.6194220125000001 0.2341097328125 0.6135257859375 0.23214432343750002 0.6056641515625001 0.23607514218749998 0.5987852203124999 0.2409886640625 0.59288899375 0.2508157078125 0.59288899375 0.256711934375 0.590923584375 0.2586773421875 0.59288899375 0.2744006125 0.6017333328125 0.28521036093749996 0.6154911953125 0.28521036093749996 0.6174566031250001 0.283244953125 0.6194220125000001 0.28521036093749996 0.631214465625 0.28521036093749996 0.6400588046875 0.27636602187500003 0.64595503125 0.266538978125 0.6449723265625 0.24786759374999998 0.6351452828124999 0.23607514218749998 0.6272836484375001 0.23214432343750002 0.621387421875 0.23214432343750002
2 0.5406741359375 0.439465409375 0.534777909375 0.439465409375 0.530847090625 0.435534590625 0.5170892296875 0.4375 0.50627948125 0.4463443390625 0.5023486640625 0.454205975 0.5023486640625 0.46796383593749996 0.504314071875 0.4699292453125 0.504314071875 0.4738600625 0.5190546390625 0.48663522031250006 0.5249508640625 0.48663522031250006 0.5269162734374999 0.4886006296875 0.5328125 0.48663522031250006 0.5367433171875 0.48270440312499996 0.54263954375 0.48270440312499996 0.549518475 0.475825471875 0.549518475 0.46403301875 0.551483884375 0.462067609375 0.5505011796875 0.4532232703125 0.549518475 0.44830974843750004 0.5406741359375 0.439465409375
1 0.6390202406250001 0.8852112812499999 0.6468818765625 0.883245871875 0.6508126937500001 0.8812804640625 0.66358785 0.8665398984375001 0.662605146875 0.8459031046875 0.6596570328125 0.8390241749999999 0.6449164671875 0.8262490171874999 0.629193196875 0.8242836078125 0.6213315609375 0.8282144265625 0.612487221875 0.8409895828125 0.6105218125 0.846885809375 0.612487221875 0.8645744890625 0.6272277875000001 0.8812804640625 0.6390202406250001 0.8852112812499999
2 0.6109894437500001 0.6863379890625 0.6217991921875 0.6971477375 0.6335916453125 0.6971477375 0.635557053125 0.695182328125 0.6375224625 0.6971477375 0.64734950625 0.6971477375 0.6561938453125 0.6883033984375 0.6601246640625 0.6804417625 0.6591419593750001 0.6676666046874999 0.6542284375 0.658822265625 0.6414532796875 0.6480125171875 0.6237646 0.6480125171875 0.6109894437500001 0.658822265625 0.6070586265625 0.672580128125 0.609024034375 0.6745455359375 0.6109894437500001 0.6863379890625
1 0.6035672171875001 0.8404088046875 0.597670990625 0.838443396875 0.5819477203125001 0.838443396875 0.5672071546875 0.8512185531249999 0.5652417453125 0.87283805 0.571137971875 0.8787342765625 0.5691725625 0.8806996859374999 0.571137971875 0.8846305031249999 0.5819477203125001 0.8954402515625001 0.5937401734375001 0.8974056609375 0.5957055812500001 0.8954402515625001 0.6035672171875001 0.8954402515625001 0.6104461484375 0.8905267296874999 0.6104461484375 0.8787342765625 0.6084807390625 0.8767688671875 0.61241155625 0.87283805 0.6114288515624999 0.86595911875 0.6104461484375 0.8512185531249999 0.6084807390625 0.8453223265625001 0.6035672171875001 0.8404088046875
1 0.5665688734375001 0.8742149265625001 0.5665688734375001 0.8643878828125 0.5685342828125 0.8624224734375 0.567551578125 0.8516127250000001 0.5646034656250001 0.8427683859374999 0.5577245343749999 0.8358894546875 0.5557591265624999 0.8358894546875 0.5537937171875 0.839820271875 0.5528110125000001 0.83490675 0.5459320812499999 0.829993228125 0.5400358546875 0.829993228125 0.538070446875 0.8319586375 0.5341396296875 0.8319586375 0.5302088109375 0.8339240453125001 0.52332988125 0.8408029765625 0.5193990625 0.8486646109375 0.5193990625 0.8683187 0.52332988125 0.876180334375 0.5321742203125 0.885024675 0.5361050374999999 0.8869900828124999 0.5420012640625 0.8869900828124999 0.5439666734374999 0.8889554921875 0.5518283078125 0.8869900828124999 0.5557591265624999 0.88109385625 0.5616553515625 0.88109385625 0.5665688734375001 0.8742149265625001
1 0.5721206765625 0.6831761000000001 0.574086084375 0.6812106921875001 0.57605149375 0.685141509375 0.5937401734375001 0.685141509375 0.597670990625 0.6831761000000001 0.604549921875 0.6762971703125 0.6035672171875001 0.6635220125 0.6025845125 0.6468160375 0.597670990625 0.6379716984375 0.5721206765625 0.6379716984375 0.56622445 0.63993710625 0.55934551875 0.6507468546874999 0.55934551875 0.668435534375 0.5652417453125 0.678262578125 0.5721206765625 0.6831761000000001
2 0.53969143125 0.2635613203125 0.53969143125 0.2733883640625 0.5436222484375001 0.283215409375 0.554431996875 0.2920597484375 0.5583628140625 0.29009433906250004 0.5622936328125 0.2920597484375 0.5799823109375 0.29009433906250004 0.5888266515625 0.279284590625 0.587843946875 0.252751571875 0.5868612421875 0.24980345937499998 0.574086084375 0.2389937109375 0.5603282234375 0.2389937109375 0.55639740625 0.242924528125 0.5524665875 0.242924528125 0.5455876578125001 0.24980345937499998 0.53969143125 0.2635613203125
1 0.57899960625 0.057193396875000004 0.580965015625 0.0552279875 0.5799823109375 0.0522798734375 0.57899960625 0.039504717187499996 0.5721206765625 0.0326257859375 0.564259040625 0.02869496875 0.554431996875 0.02869496875 0.5505011796875 0.0326257859375 0.544604953125 0.0345911953125 0.537726021875 0.0414701265625 0.5337952046875001 0.049331760937500004 0.5337952046875001 0.0709512578125 0.5357606125000001 0.07291666718749999 0.537726021875 0.0807783015625 0.5465703609375 0.0896226421875 0.5505011796875 0.0896226421875 0.5524665875 0.09158805 0.564259040625 0.09158805 0.5721206765625 0.08569182343750001 0.574086084375 0.08569182343750001 0.57899960625 0.07881289375 0.57899960625 0.07291666718749999 0.5770341984375 0.0689858484375 0.57899960625 0.067020440625 0.57899960625 0.057193396875000004
3 0.6 0.8546875 0.1125 0.0796875
3 0.5984375 0.6671875 0.1234375 0.0828125
3 0.5921875 0.4625 0.121875 0.0828125
3 0.5890625 0.2609375 0.128125 0.090625
3 0.5796875 0.0625 0.1453125 0.1015625