1 0.578674121875 0.602036740625 0.578674121875 0.6100239609375 0.576677315625 0.6120207671875 0.576677315625 0.6379792328125 0.5806709265625 0.6499600640625001 0.5866613421875 0.6619408953125 0.6016373796875001 0.6769169328125 0.62160543125 0.6888977640625 0.627595846875 0.69089456875 0.6575479234375 0.69089456875 0.659544728125 0.6888977640625 0.6735223640625 0.6869009578124999 0.697484025 0.6709265171875 0.708466453125 0.6599440890625 0.7144568687499999 0.647963259375 0.7184504796875 0.6299920125 0.7204472843749999 0.6279952078125 0.7204472843749999 0.6060303515625 0.7144568687499999 0.5880591046875 0.7064696484375 0.5740814703125 0.693490415625 0.5611022359375 0.6855031953124999 0.5551118203125001 0.671525559375 0.54912140625 0.6615415328124999 0.54912140625 0.659544728125 0.5471246 0.63158945625 0.54912140625 0.6136182109375 0.5571086265625 0.5926517578125 0.576078275 0.5866613421875 0.5840654953125 0.578674121875 0.602036740625
1 0.632587859375 0.745806709375 0.632587859375 0.7597843453124999 0.6345846640625 0.76178115 0.6365814703125 0.7757587859374999 0.642571884375 0.7857428109375 0.6575479234375 0.80071885 0.6675319484375 0.8067092656250001 0.6795127796875 0.8107028749999999 0.7114616609375 0.8107028749999999 0.7394169328125 0.7987220453125 0.75838658125 0.7817492015624999 0.76837060625 0.7657747609375 0.776357828125 0.7478035140625 0.776357828125 0.7218450484375001 0.774361021875 0.7198482421875 0.774361021875 0.711861021875 0.76837060625 0.6998801921875 0.7573881796874999 0.6888977640625 0.7334265171875 0.6789137375000001 0.7254392968750001 0.6789137375000001 0.7234424921875 0.6769169328125 0.697484025 0.6769169328125 0.6735223640625 0.6869009578124999 0.6675319484375 0.6928913734375 0.659544728125 0.696884984375 0.6505591046875 0.7078674125 0.6365814703125 0.72983226875 0.6345846640625 0.7438099046875 0.632587859375 0.745806709375
1 0.7553913734375 0.784744409375 0.742412140625 0.7977236421875 0.7344249203125 0.8097044734375001 0.7344249203125 0.8136980828124999 0.7264377 0.8296725234375 0.7244408953125 0.8476437703125 0.7264377 0.8496405749999999 0.7284345046875 0.8676118203125001 0.74341054375 0.8845846640625 0.75339456875 0.8905750796874999 0.7773562296875001 0.8925718843749999 0.7793530343749999 0.8905750796874999 0.7893370609375 0.8905750796874999 0.7943290734375 0.887579871875 0.7943290734375 0.767771565625 0.791333865625 0.7647763578125 0.7773562296875001 0.7707667734375 0.7553913734375 0.784744409375
1 0.434904153125 0.7418130984375 0.434904153125 0.755790734375 0.44089456875 0.767771565625 0.4578674125 0.782747603125 0.48182907343750003 0.784744409375 0.49580670937500004 0.77875399375 0.5067891375 0.767771565625 0.510782746875 0.7597843453124999 0.5097843453124999 0.738817890625 0.5047923328125 0.7278354625000001 0.4978035140625 0.7208466453125 0.48182907343750003 0.7148562296875001 0.463857828125 0.7148562296875001 0.4538738015625 0.718849840625 0.44289137343749996 0.7278354625000001 0.434904153125 0.7418130984375
1 0.3360623 0.70087859375 0.352036740625 0.706869009375 0.3660143765625 0.7048722046875 0.375 0.69588658125 0.374001596875 0.6789137375000001 0.37300319531250004 0.6759185296875 0.364017571875 0.6689297125 0.35802715625000003 0.6689297125 0.35603035156249996 0.6669329078125 0.3460463265625 0.6689297125 0.33306709218749997 0.6779153359375 0.3310702875 0.6819089453125 0.3310702875 0.6938897765625 0.3360623 0.70087859375
1 0.3779952078125 0.7168530343749999 0.37699680468749996 0.713857828125 0.3660143765625 0.7048722046875 0.34804313124999997 0.706869009375 0.34305111875 0.713857828125 0.34305111875 0.7258386578125 0.3500399359375 0.73482428125 0.3600239609375 0.738817890625 0.3660143765625 0.738817890625 0.37699680468749996 0.7318290734375 0.3789936109375 0.7278354625000001 0.3779952078125 0.7168530343749999
1 0.32607827500000003 0.54912140625 0.3220846640625 0.5471246 0.310103834375 0.5471246 0.3011182109375 0.5561102234375 0.29912140625 0.5660942484375 0.310103834375 0.5810702875 0.32607827500000003 0.5810702875 0.3350638984375 0.570087859375 0.3340654953125 0.5630990421875001 0.33306709218749997 0.5561102234375 0.32607827500000003 0.54912140625
1 0.3011182109375 0.538138978125 0.308107028125 0.5451277953125 0.31210063906249996 0.5471246 0.3220846640625 0.5471246 0.3350638984375 0.536142171875 0.337060703125 0.5321485625 0.3360623 0.5271565500000001 0.3350638984375 0.52016773125 0.3280750796875 0.5131789140625 0.3220846640625 0.5131789140625 0.320087859375 0.51517571875 0.3061102234375 0.5131789140625 0.3011182109375 0.5181709265625 0.29912140625 0.5321485625 0.3011182109375 0.538138978125
1 0.3380591046875 0.2615814703125 0.354033546875 0.2595846640625 0.369009584375 0.24860223593750003 0.37300319531250004 0.23662140625 0.3720047921875 0.22763578281250002 0.3620207671875 0.21765175781249999 0.354033546875 0.213658146875 0.3400559109375 0.2156549515625 0.330071884375 0.2216453671875 0.325079871875 0.22863418593749998 0.3230830671875 0.2326277953125 0.3230830671875 0.24860223593750003 0.330071884375 0.257587859375 0.3380591046875 0.2615814703125
1 0.5137779546875 0 0.51178115 0.0019968046875 0.4978035140625 0.0039936109375 0.485822684375 0.009984025 0.4768370609375 0.0189696484375 0.47284344999999994 0.0289536734375 0.47284344999999994 0.042931309375 0.47983226874999996 0.0539137375 0.4978035140625 0.06589456875000001 0.5037939296875 0.0678913734375 0.53374600625 0.0678913734375 0.551717253125 0.059904153125000005 0.56269968125 0.050918529687500005 0.566693290625 0.0409345046875 0.5656948875000001 0.0339456875 0.5607028749999999 0.0189696484375 0.551717253125 0.009984025 0.53374600625 0.0019968046875 0.5137779546875 0
0 0.47983226874999996 0.0539137375 0.4718450484375 0.041932907812499996 0.4578674125 0.041932907812499996 0.44388977656249995 0.0479233234375 0.4329073484375 0.0569089453125 0.4269169328125 0.066892971875 0.4269169328125 0.0788738015625 0.43091054375000004 0.08885782812500001 0.4378993609375 0.0958466453125 0.44988019218749997 0.1018370609375 0.4698482421875 0.10383386562500001 0.4718450484375 0.1018370609375 0.48382587812500005 0.09984025625000001 0.4938099046875 0.093849840625 0.5027955265624999 0.08486421718750001 0.5047923328125 0.0788738015625 0.5037939296875 0.071884984375 0.49980031875 0.06589456875000001 0.4938099046875 0.0638977640625 0.47983226874999996 0.0539137375
0 0.4219249203125 0.1238019171875 0.4119408953125 0.1238019171875 0.4099440890625 0.12180511249999999 0.40794728437499994 0.1238019171875 0.397963259375 0.1238019171875 0.385982428125 0.1297923328125 0.3789936109375 0.13678115 0.37300319531250004 0.14876198125 0.37300319531250004 0.1607428109375 0.37699680468749996 0.16873003125 0.3879792328125 0.1777156546875 0.39396964843750004 0.179712459375 0.4099440890625 0.179712459375 0.4219249203125 0.17571885 0.434904153125 0.1667332265625 0.44089456875 0.154752396875 0.439896165625 0.1457667734375 0.43690095781249993 0.13678115 0.4259185296875 0.12579872187500002 0.4219249203125 0.1238019171875
0 0.352036740625 0.2056709265625 0.3620207671875 0.2056709265625 0.3720047921875 0.20167731562500002 0.384984025 0.19069488750000002 0.385982428125 0.1777156546875 0.375 0.1667332265625 0.3720047921875 0.159744409375 0.35603035156249996 0.159744409375 0.34804313124999997 0.16373801875 0.3390575078125 0.1727236421875 0.3350638984375 0.1827076671875 0.3350638984375 0.1886980828125 0.34404952031249997 0.20167731562500002 0.352036740625 0.2056709265625
0 0.3220846640625 0.45726837031249995 0.332068690625 0.45527156562500004 0.3390575078125 0.450279553125 0.3450479234375 0.4402955265625 0.34404952031249997 0.4253194890625 0.34105431249999996 0.4203274765625 0.332068690625 0.4133386578125 0.3180910546875 0.4133386578125 0.3051118203125 0.4243210859375 0.303115015625 0.42831469687499996 0.303115015625 0.4422923328125 0.3051118203125 0.44628594218749995 0.3160942484375 0.45527156562500004 0.3220846640625 0.45726837031249995
0 0.3360623 0.489217253125 0.32607827500000003 0.477236421875 0.320087859375 0.47523961718749996 0.308107028125 0.477236421875 0.29912140625 0.48821885 0.29912140625 0.5021964859375 0.308107028125 0.5131789140625 0.31409744375000004 0.51517571875 0.32607827500000003 0.5131789140625 0.3350638984375 0.504193290625 0.337060703125 0.49820287499999993 0.3360623 0.489217253125
0 0.35363418593749996 1 0.3500399359375 0.9964057515625001 0.34404952031249997 0.9964057515625001 0.332068690625 0.9904153359375 0.32907348281250004 0.9814297125 0.32607827500000003 0.9784345046875 0.3160942484375 0.9784345046875 0.30910543125 0.9734424921875 0.3051118203125 0.9614616609375 0.308107028125 0.958466453125 0.3180910546875 0.958466453125 0.31908945625 0.9554712453124999 0.3130990421875 0.9434904156249999 0.3071086265625 0.9375 0.3051118203125 0.9315095843750001 0.29313099062500003 0.91553514375 0.29113418593749996 0.909544728125 0.2851437703125 0.90555111875 0.281150159375 0.8895766765625 0.27515974375 0.8795926515625 0.2691693296875 0.8356629390625001 0.254193290625 0.8306709265625001 0.24420926562499998 0.8306709265625001 0.2342252390625 0.8346645374999999 0.22024760312499997 0.8346645374999999 0.2192492015625 0.9834265171875 0.2379611984375 1 0.35363418593749996 1
0 0.384984025 0.060902556249999996 0.395966453125 0.0698881796875 0.419928115625 0.0698881796875 0.4279153359375 0.06589456875000001 0.43091054375000004 0.0589057515625 0.4388977640625 0.050918529687500005 0.4378993609375 0.0439297125 0.434904153125 0.0369408953125 0.42991214062500005 0.03194888125 0.423921725 0.029952076562500003 0.40794728437499994 0.029952076562500003 0.39396964843750004 0.0359424921875 0.384984025 0.044928115625 0.3829872203125 0.0569089453125 0.384984025 0.060902556249999996
2 0.3929712453125 0.01697284375 0.3929712453125 0.02695686875 0.3999600640625 0.0339456875 0.40794728437499994 0.029952076562500003 0.43590255625 0.03194888125 0.4448881796875 0.020966453125 0.44388977656249995 0.01198083125 0.44289137343749996 0.0089856234375 0.4339057515625 0.0019968046875 0.4279153359375 0.0019968046875 0.4259185296875 0 0.4099440890625 0.0019968046875 0.40195686875 0.005990415625 0.3949680515625 0.0129792328125 0.3929712453125 0.01697284375
0 0.3400559109375 0.6729233234375 0.34804313124999997 0.6689297125 0.3550319484375 0.6619408953125 0.35902555937499997 0.6539536734375 0.35802715625000003 0.6389776359375 0.34804313124999997 0.6289936109375 0.332068690625 0.6289936109375 0.3230830671875 0.6399760390625 0.3230830671875 0.647963259375 0.3210862625 0.6499600640625001 0.3210862625 0.6619408953125 0.3230830671875 0.6659345046875 0.332068690625 0.6729233234375 0.3400559109375 0.6729233234375