0 0.40135758125 0.370491803125 0.3931608609375 0.36639344218750003 0.37676741874999997 0.36639344218750003 0.3706198765625 0.3684426234375 0.3573002046875 0.3817622953125 0.3511526640625 0.3961065578125 0.35320184375 0.4084016390625 0.3573002046875 0.4165983609375 0.3644723359375 0.4237704921875 0.3726690578125 0.427868853125 0.3931608609375 0.427868853125 0.397259221875 0.42581967187499997 0.4126280734375 0.4104508203125 0.4136526640625 0.40532786875 0.4146772546875 0.389959015625 0.41057889375 0.37971311406249997 0.40135758125 0.370491803125
0 0.4279969265625 0.858196721875 0.4136526640625 0.8520491796874999 0.3993084015625 0.8520491796874999 0.3849641390625 0.858196721875 0.37574282812500004 0.87151639375 0.37574282812500004 0.8879098359375 0.38189036875000004 0.8981557375 0.3870133203125 0.9032786890625 0.40545594218750003 0.9114754093749999 0.41980020468749996 0.9114754093749999 0.4341444671875 0.90532786875 0.44439036875 0.8889344265625001 0.44541495937500003 0.8838114750000001 0.44131659843750004 0.87151639375 0.4279969265625 0.858196721875
0 0.34398053281249996 0.7618852453125 0.327587090625 0.7618852453125 0.3163165984375 0.7711065578125 0.31426741874999997 0.77520491875 0.31426741874999997 0.7915983609375 0.32348872968750003 0.8028688531249999 0.3296362703125 0.8069672125 0.33988217187499997 0.80901639375 0.341931353125 0.8069672125 0.35012807343749996 0.8069672125 0.361398565625 0.7977459015624999 0.36242315625 0.79467213125 0.3634477453125 0.7854508203125 0.3593493859375 0.77520491875 0.34398053281249996 0.7618852453125
0 0.311193646875 0.786475409375 0.304021515625 0.7915983609375 0.3019723359375 0.795696721875 0.3019723359375 0.8059426234375 0.304021515625 0.8120901640625 0.311193646875 0.8192622953124999 0.31939036875000004 0.8213114750000001 0.3224641390625 0.81413934375 0.327587090625 0.80901639375 0.3286116796875 0.8059426234375 0.3163165984375 0.795696721875 0.311193646875 0.786475409375
0 0.3152920078125 0.7106557375 0.3091444671875 0.7106557375 0.29992315625 0.7178278687499999 0.297873975 0.7219262296875 0.2958247953125 0.73217213125 0.297873975 0.738319671875 0.30709528750000004 0.7495901640625 0.3101690578125 0.7485655734375001 0.306070696875 0.738319671875 0.3081198765625 0.723975409375 0.31324282812500004 0.716803278125 0.3214395484375 0.71270491875 0.3214395484375 0.7106557375 0.31734118906250003 0.7086065578125 0.3152920078125 0.7106557375
1 0.3511526640625 0.726024590625 0.341931353125 0.716803278125 0.33373463124999997 0.71270491875 0.32348872968750003 0.7106557375 0.3152920078125 0.7147540984375 0.3081198765625 0.7219262296875 0.306070696875 0.740368853125 0.3101690578125 0.7485655734375001 0.31734118906250003 0.7557377046875 0.325537909375 0.759836065625 0.33988217187499997 0.759836065625 0.34398053281249996 0.7577868859375 0.35320184375 0.7485655734375001 0.354226434375 0.7434426234375 0.355251025 0.740368853125 0.35320184375 0.738319671875 0.3511526640625 0.726024590625
1 0.3152920078125 0.661475409375 0.3019723359375 0.670696721875 0.29992315625 0.67479508125 0.29992315625 0.6932377046875 0.30709528750000004 0.702459015625 0.3152920078125 0.7086065578125 0.325537909375 0.7106557375 0.3316854515625 0.7086065578125 0.3409067625 0.7014344265625 0.34398053281249996 0.696311475 0.3450051234375 0.6788934421875 0.3316854515625 0.663524590625 0.3152920078125 0.661475409375
1 0.35627561406249997 0.8110655734375 0.34807889375 0.8069672125 0.3296362703125 0.80901639375 0.3245133203125 0.8120901640625 0.320414959375 0.8182377046875 0.320414959375 0.8325819671874999 0.3224641390625 0.836680328125 0.327587090625 0.843852459375 0.33783299218749996 0.85 0.34807889375 0.8520491796874999 0.35012807343749996 0.85 0.35627561406249997 0.85 0.3654969265625 0.84282786875 0.368570696875 0.8356557375 0.36959528750000004 0.8305327874999999 0.3654969265625 0.8202868859375 0.35627561406249997 0.8110655734375
1 0.44234118906250003 0.9176229515625 0.4259477453125 0.9114754093749999 0.40750512343749995 0.9114754093749999 0.40135758125 0.913524590625 0.388037909375 0.9288934421875 0.388037909375 0.9411885249999999 0.3941854515625 0.9514344265625001 0.40750512343749995 0.9606557375 0.41980020468749996 0.9627049187500001 0.4218493859375 0.9647540984375 0.44234118906250003 0.9606557375 0.4515625 0.9514344265625001 0.45463627031250003 0.9442622953124999 0.4556608609375 0.935040984375 0.45361167968749994 0.9288934421875 0.44234118906250003 0.9176229515625
1 0.34807889375 0.466803278125 0.341931353125 0.46475409843750004 0.33373463124999997 0.46475409843750004 0.32348872968750003 0.46885245937500003 0.3163165984375 0.47602459062499997 0.3122182375 0.4862704921875 0.3122182375 0.4985655734375 0.3163165984375 0.5067622953125 0.32348872968750003 0.5139344265625 0.3316854515625 0.5180327874999999 0.341931353125 0.5180327874999999 0.35012807343749996 0.5139344265625 0.36242315625 0.4995901640625 0.3634477453125 0.4862704921875 0.3573002046875 0.47397540937500005 0.34807889375 0.466803278125
1 0.43004610625 0.28032786875000004 0.41980020468749996 0.2762295078125 0.40340676249999996 0.2762295078125 0.3931608609375 0.28032786875000004 0.38189036875000004 0.2915983609375 0.3777920078125 0.3018442625 0.3777920078125 0.31413934375 0.38189036875000004 0.3243852453125 0.3890625 0.3315573765625 0.397259221875 0.3356557375 0.409554303125 0.33770491874999997 0.4259477453125 0.3315573765625 0.43926741874999997 0.3182377046875 0.44234118906250003 0.3069672125 0.443365778125 0.30389344218750003 0.43926741874999997 0.2915983609375 0.43004610625 0.28032786875000004