2 0.475040584375 0.2167207796875 0.47909902656250003 0.2126623375 0.48518668906249995 0.2106331171875 0.49431818125 0.19744318125 0.49431818125 0.1710633109375 0.48518668906249995 0.159902596875 0.48315746718749997 0.159902596875 0.47301136406250005 0.15178571406250002 0.468952921875 0.153814934375 0.456777596875 0.153814934375 0.4435876625 0.16497565 0.4375 0.1771509734375 0.43952922031249997 0.18120941562499998 0.4375 0.1852678578125 0.43851461093750005 0.19439935 0.44155844218749996 0.20353084375 0.45474837656249995 0.2146915578125 0.45880681875 0.2167207796875 0.475040584375 0.2167207796875
2 0.50131721875 0.1935914890625 0.5084194921875 0.2006937609375 0.516536375 0.20475220312500003 0.532770140625 0.20272298281249998 0.5459600765625 0.1915622671875 0.547989296875 0.1875038265625 0.547989296875 0.177357721875 0.5459600765625 0.17329928125 0.5500185171875 0.1651823984375 0.5500185171875 0.1570655140625 0.547989296875 0.1530070734375 0.5368285828125 0.141846359375 0.532770140625 0.141846359375 0.5307409203125 0.1398171375 0.516536375 0.1398171375 0.5084194921875 0.1438755796875 0.49928799843749994 0.1530070734375 0.49928799843749994 0.1753285015625 0.50131721875 0.177357721875 0.49928799843749994 0.17938694375 0.500302609375 0.1905476578125 0.50131721875 0.1935914890625
1 0.42938311718750005 0.41456980468750004 0.43445616875 0.415584415625 0.44257305156250004 0.42573051875 0.45474837656249995 0.42978896093749996 0.45880681875 0.427759740625 0.46489448125 0.42978896093749996 0.475040584375 0.42573051875 0.48011363593749995 0.42065746718749997 0.48011363593749995 0.41659902656250003 0.48823051875 0.41051136406250005 0.490259740625 0.40442370156249996 0.490259740625 0.39021915625000003 0.48620129843750004 0.38007305156250004 0.47301136406250005 0.3668831171875 0.46692370156249996 0.364853896875 0.45474837656249995 0.3668831171875 0.45271915625 0.364853896875 0.44257305156250004 0.36891233749999996 0.4314123375 0.38007305156250004 0.425324675 0.39427759687499997 0.42633928593750003 0.403409090625 0.42938311718750005 0.41456980468750004
1 0.5095373375000001 0.3486201296875 0.5075081171875 0.35267857187499996 0.5034496749999999 0.35267857187499996 0.49533279218750004 0.3567370125 0.49228896093749996 0.36383928593750003 0.493303571875 0.39732142812500004 0.4973620125 0.40543831093750005 0.5075081171875 0.41152597343749997 0.5135957796875 0.41152597343749997 0.515625 0.41355519531249996 0.5237418828125 0.41355519531249996 0.5257711031250001 0.41152597343749997 0.5298295453125 0.41152597343749997 0.5338879875 0.40746753281250003 0.5379464281249999 0.40746753281250003 0.5470779218749999 0.39630681874999996 0.5470779218749999 0.388189934375 0.5491071421875 0.38616071406249997 0.5491071421875 0.38007305156250004 0.5511363640625 0.37804383124999996 0.5511363640625 0.3739853890625 0.5450487015625 0.35978084374999997 0.5379464281249999 0.35267857187499996 0.5338879875 0.35267857187499996 0.531858765625 0.35470779218750004 0.5288149343749999 0.349634740625 0.5237418828125 0.34659090937500003 0.5095373375000001 0.3486201296875
2 0.4358179203125 0.66479066875 0.4419055828125 0.6607322265625 0.445964025 0.66479066875 0.46625623281250006 0.66479066875 0.477416946875 0.6536299546875 0.4794461671875 0.6475422921875 0.4794461671875 0.6231916421875 0.47538772500000004 0.615074759375 0.46625623281250006 0.605943265625 0.4581393484375 0.601884825 0.45002246562500003 0.601884825 0.44799324531250007 0.6039140453125 0.437847140625 0.601884825 0.4236425953125 0.6100017078125 0.41654032343749997 0.6191332015625 0.41248188125 0.6313085265625 0.41349649218750006 0.64652768125 0.4145111015625 0.651600734375 0.42567181718749997 0.6627614484375 0.4358179203125 0.66479066875
1 0.48789677343750004 0.6614944578124999 0.48586755156250006 0.6675821203125001 0.490940603125 0.672655171875 0.503115928125 0.678742834375 0.5173204734375 0.6807720546875 0.5254373578125 0.6746843921875 0.5274665781250001 0.6767136140625001 0.53152501875 0.6746843921875 0.5447149546875 0.6594652375 0.5487733968749999 0.6472899125 0.5487733968749999 0.6351145875 0.542685734375 0.6209100421875 0.533554240625 0.6117785484375 0.5294957984375 0.6117785484375 0.5234081359375 0.6056908859375 0.5173204734375 0.6056908859375 0.515291253125 0.603661665625 0.5010867078125 0.6056908859375 0.49296982500000003 0.609749328125 0.48180911093749995 0.6229392625 0.4828237203125 0.660479846875 0.48789677343750004 0.6614944578124999
2 0.403003246875 0.9320211031250001 0.39691558437499996 0.9360795453125 0.3948863640625 0.9421672078125001 0.39590097343749997 0.9675324671875 0.40706168906249995 0.98478084375 0.41416396093749996 0.9918831171875 0.42228084375 0.9959415578125 0.42836850625 0.9939123375 0.43648538906249995 0.9959415578125 0.450689934375 0.9898538968749999 0.46185065 0.97869318125 0.46996753281250003 0.9624594156249999 0.46996753281250003 0.9441964281249999 0.465909090625 0.9401379875 0.46996753281250003 0.9381087656249999 0.46996753281250003 0.9320211031250001 0.46185065 0.9157873375 0.44866071406249997 0.9046266234375 0.44054383125 0.9046266234375 0.43851461093750005 0.90665584375 0.43242694843749996 0.9025974031249999 0.42836850625 0.9025974031249999 0.41416396093749996 0.9086850656250001 0.39894480468750004 0.9259334421875 0.39894480468750004 0.9299918828125 0.403003246875 0.9320211031250001
3 0.5015625 0.0296875 0.13125 0.059375
3 0.5 0.1859375 0.1515625 0.1203125
3 0.4953125 0.38125 0.1609375 0.1015625
3 0.490625 0.646875 0.1796875 0.10625
3 0.475 0.9359375 0.190625 0.1265625