0 0.2662953796875 0.487211221875 0.2766089109375 0.4830858078125 0.2941419140625 0.46555280468750004 0.30239273906249997 0.4428630359375 0.30239273906249997 0.42223597343749997 0.2941419140625 0.40160891093749995 0.28692244218749996 0.3943894390625 0.2662953796875 0.3840759078125 0.24566831718749998 0.3840759078125 0.2271039609375 0.3923267328125 0.2116336640625 0.40985973593749997 0.2054455453125 0.4263613859375 0.2054455453125 0.4469884484375 0.2116336640625 0.4634900984375 0.22916666718749998 0.4810231015625 0.2415429046875 0.487211221875 0.2487623765625 0.488242575 0.2559818484375 0.489273928125 0.2580445546875 0.487211221875 0.2662953796875 0.487211221875
0 0.362211221875 0.4263613859375 0.370462046875 0.4077970296875 0.370462046875 0.3912953796875 0.362211221875 0.3706683171875 0.3529290421875 0.3613861390625 0.3384900984375 0.3551980203125 0.3158003296875 0.3551980203125 0.3013613859375 0.3613861390625 0.2900165015625 0.3727310234375 0.2879537953125 0.38510726093750003 0.2858910890625 0.3871699671875 0.2858910890625 0.3912953796875 0.2941419140625 0.3995462046875 0.2941419140625 0.4036716171875 0.3003300328125 0.4139851484375 0.30239273906249997 0.4263613859375 0.3044554453125 0.4284240921875 0.3044554453125 0.4366749171875 0.3116749171875 0.44389438906249995 0.3230198015625 0.4469884484375 0.3323019796875 0.4480198015625 0.34467821718749997 0.44389438906249995 0.362211221875 0.4263613859375
0 0.39933993437500004 0.3809818484375 0.405528053125 0.3644801984375 0.4168729375 0.3531353140625 0.43646864687500003 0.3417904296875 0.4251237625 0.3283828390625 0.4168729375 0.324257425 0.396245875 0.32219471875 0.39005775625 0.324257425 0.372524753125 0.3397277234375 0.368399340625 0.3479785484375 0.368399340625 0.3686056109375 0.370462046875 0.3747937296875 0.378712871875 0.3892326734375 0.38902640312500003 0.3974834984375 0.396245875 0.3985148515625 0.39933993437500004 0.39542079218750004 0.39933993437500004 0.3809818484375
0 0.3158003296875 0.3551980203125 0.3384900984375 0.3551980203125 0.3529290421875 0.3613861390625 0.3591171609375 0.36757425781249997 0.362211221875 0.3665429046875 0.362211221875 0.3603547859375 0.3560231015625 0.3459158421875 0.3426155109375 0.3325082515625 0.33023927343750004 0.3283828390625 0.3219884484375 0.3283828390625 0.31992574218750003 0.33044554531250003 0.3075495046875 0.3325082515625 0.2900165015625 0.3479785484375 0.2858910890625 0.3582920796875 0.2858910890625 0.3727310234375 0.2889851484375 0.3737623765625 0.3013613859375 0.3613861390625 0.3158003296875 0.3551980203125
0 0.477722771875 0.41192244218749996 0.479785478125 0.3974834984375 0.48597359687499997 0.38510726093750003 0.48597359687499997 0.3747937296875 0.479785478125 0.36241749218749997 0.46844059375 0.3510726078125 0.4498762375 0.3448844890625 0.4333745875 0.3448844890625 0.41481023125 0.3551980203125 0.403465346875 0.3686056109375 0.40140264062500003 0.3809818484375 0.39933993437500004 0.3830445546875 0.40140264062500003 0.40160891093749995 0.40965346562500005 0.41192244218749996 0.41171617187500004 0.4181105609375 0.42306105625 0.4273927390625 0.43646864687500003 0.4304867984375 0.4498762375 0.43151815156250006 0.46431518125000004 0.42533003281250004 0.477722771875 0.41192244218749996
0 0.5643564359375 0.4366749171875 0.5705445546875 0.4181105609375 0.5705445546875 0.40160891093749995 0.5664191421875 0.3912953796875 0.5509488453125 0.3737623765625 0.5385726078124999 0.36757425781249997 0.5200082515625 0.3655115515625 0.5179455453124999 0.36757425781249997 0.5096947187499999 0.36757425781249997 0.49938118749999993 0.3716996703125 0.488036303125 0.3830445546875 0.479785478125 0.4036716171875 0.481848184375 0.4242986796875 0.488036303125 0.4366749171875 0.49731848125000006 0.4480198015625 0.5169141921875 0.4573019796875 0.5385726078124999 0.4583333328125 0.5550742578125 0.4480198015625 0.5643564359375 0.4366749171875
0 0.6035478546874999 0.40160891093749995 0.6097359734375 0.38510726093750003 0.6014851484375 0.3603547859375 0.5901402640625 0.3490099015625 0.5757013203125 0.34282178281250003 0.5633250828125 0.34282178281250003 0.5509488453125 0.34694719531249996 0.5396039609375001 0.3582920796875 0.5375412546875 0.3665429046875 0.5406353140625 0.3696369640625 0.5488861390625 0.3716996703125 0.5643564359375 0.3871699671875 0.5705445546875 0.3995462046875 0.5726072609374999 0.4160478546875 0.5777640265625 0.4170792078125 0.5942656765625001 0.41089108906250005 0.6035478546874999 0.40160891093749995
0 0.5179455453124999 0.36757425781249997 0.5200082515625 0.3655115515625 0.5303217828125 0.3655115515625 0.5344471953125 0.36757425781249997 0.5375412546875 0.3644801984375 0.5396039609375001 0.3541666671875 0.5375412546875 0.35210396093749996 0.5375412546875 0.3459158421875 0.5313531359375 0.33560231093750004 0.5096947187499999 0.324257425 0.49938118749999993 0.324257425 0.4828795375 0.33044554531250003 0.47359735937499997 0.3397277234375 0.469471946875 0.35004125468749997 0.477722771875 0.3582920796875 0.488036303125 0.3768564359375 0.49113036250000003 0.3778877890625 0.5035065999999999 0.3696369640625 0.5179455453124999 0.36757425781249997
0 0.3921204625 0.30569306875 0.397277228125 0.296410890625 0.395214521875 0.281971946875 0.38180693125 0.2706270625 0.36530528125 0.2706270625 0.35705445468749997 0.274752475 0.3477722765625 0.28816006562499996 0.35189768906249996 0.306724421875 0.38180693125 0.307755775 0.3838696375 0.30569306875 0.3921204625 0.30569306875
0 0.2982673265625 0.28816006562499996 0.2982673265625 0.279909240625 0.2941419140625 0.269595709375 0.2889851484375 0.26443894375 0.2724834984375 0.26443894375 0.2621699671875 0.2706270625 0.2570132015625 0.277846534375 0.2549504953125 0.290222771875 0.2590759078125 0.300536303125 0.26526402656250003 0.306724421875 0.2827970296875 0.307755775 0.2941419140625 0.29847359687499997 0.2982673265625 0.28816006562499996
0 0.22813531406249998 0.296410890625 0.22813531406249998 0.290222771875 0.22400990156249997 0.279909240625 0.2106023109375 0.27268976875 0.196163365625 0.27681518125000004 0.18894389375 0.284034653125 0.18481848125 0.294348184375 0.18481848125 0.304661715625 0.18894389375 0.312912540625 0.19925742500000002 0.319100659375 0.21266501718750003 0.3201320125 0.2260726078125 0.302599009375 0.22813531406249998 0.296410890625
2 0.067244225 0.325288778125 0.06518151875 0.32116336562500003 0.060024753125 0.3160066 0.053836634375000005 0.3160066 0.051773928125 0.31394389375 0.041460395312499995 0.31806930625 0.0342409234375 0.325288778125 0.0280528046875 0.3376650171875 0.0280528046875 0.35004125468749997 0.0332095703125 0.35726072656249996 0.04867986875 0.3582920796875 0.055899340625 0.3593234328125 0.067244225 0.3438531359375 0.067244225 0.325288778125
2 0.051773928125 0.3655115515625 0.05486798750000001 0.3603547859375 0.049711221875 0.35726072656249996 0.0373349828125 0.35726072656249996 0.0280528046875 0.36241749218749997 0.0218646859375 0.3727310234375 0.0249587453125 0.3737623765625 0.039397689062500005 0.36757425781249997 0.051773928125 0.3655115515625
2 0.0342409234375 0.325288778125 0.0332095703125 0.32219471875 0.0228960390625 0.3201320125 0.0167079203125 0.32219471875 0.007425742187499999 0.3314768984375 0.0033003296875 0.3438531359375 0.0033003296875 0.3541666671875 0.0053630359375 0.3562293734375 0.0280528046875 0.3562293734375 0.0280528046875 0.3376650171875 0.0342409234375 0.325288778125
2 0 0.379524203125 0.0063943890625 0.3799504953125 0.0208333328125 0.3737623765625 0.0280528046875 0.3644801984375 0.0280528046875 0.3603547859375 0.0228960390625 0.3551980203125 0.0084570953125 0.3551980203125 0 0.36252750312500004 0 0.379524203125