2 0 0.3918523203125 0.0054260453125 0.3910771703125 0.0184887453125 0.3760048234375 0.0184887453125 0.355908359375 0.011454984375000001 0.3468649515625 0 0.348774115625 0 0.3918523203125
2 0.34606109375 0.3197347265625 0.3500803859375 0.3116961421875 0.3500803859375 0.2996382640625 0.3480707390625 0.293609325 0.33902733125 0.284565915625 0.3350080390625 0.2825562703125 0.31893086875 0.2825562703125 0.3108922828125 0.2865755625 0.3078778140625 0.291599678125 0.3209405140625 0.29662379375 0.3279742765625 0.30365755625 0.33199356875 0.315715434375 0.3299839234375 0.3197347265625 0.3299839234375 0.3297829578125 0.3329983921875 0.33078778125 0.337017684375 0.328778134375 0.34606109375 0.3197347265625
2 0.47467845625000005 0.3297829578125 0.47467845625000005 0.32375401875 0.476688103125 0.3217443734375 0.47467845625000005 0.305667203125 0.4636254015625 0.2946141484375 0.4515675234375 0.2905948546875 0.4375 0.2926045015625 0.4264469453125 0.301647909375 0.422427653125 0.3076768484375 0.422427653125 0.3277733125 0.43348070781250003 0.3408360125 0.4445337625 0.3438504828125 0.4515675234375 0.3448553046875 0.4636254015625 0.3408360125 0.47467845625000005 0.3297829578125
2 0.676647909375 0.465434084375 0.6897106109375 0.4543810296875 0.697749196875 0.44031350468749997 0.697749196875 0.4161977484375 0.6917202578125 0.404139871875 0.67865755625 0.3910771703125 0.6605707390625 0.38504823125 0.646503215625 0.387057878125 0.6384646296875001 0.3910771703125 0.6233922828125 0.40815916406249997 0.6213826359375 0.41217845625000005 0.6213826359375 0.4222266875 0.619372990625 0.424236334375 0.6213826359375 0.42624598125 0.6213826359375 0.4362942125 0.63143086875 0.4543810296875 0.6424839234374999 0.46342443749999995 0.65152733125 0.46643890624999995 0.668609325 0.46744372968750003 0.6706189703125001 0.465434084375 0.676647909375 0.465434084375
2 0.7489951765625 0.5096463015625 0.762057878125 0.49859324687499995 0.7700964625 0.48050643125 0.7700964625 0.4604099671875 0.762057878125 0.4423231515625 0.74698553125 0.42926045 0.734927653125 0.4252411578125 0.7168408359375 0.427250803125 0.697749196875 0.4423231515625 0.6917202578125 0.456390675 0.6917202578125 0.468448553125 0.6897106109375 0.47045820000000005 0.6917202578125 0.47246784531249997 0.693729903125 0.4865353703125 0.697749196875 0.4905546625 0.6997588421875001 0.49658360156250003 0.710811896875 0.50763665625 0.72588424375 0.512660771875 0.734927653125 0.5136655953125 0.7369372984375 0.5116559484375001 0.7489951765625 0.5096463015625
2 0.84143890625 0.6804662375 0.853496784375 0.672427653125 0.8685691312499999 0.655345659375 0.8786173640625 0.631229903125 0.8786173640625 0.6030948546875 0.8745980703124999 0.597065915625 0.872588425 0.587017684375 0.8575160765625001 0.5719453375 0.84143890625 0.5659163984375 0.833400321875 0.5659163984375 0.831390675 0.5679260453125 0.8193327968749999 0.569935690625 0.8032556265625 0.5799839234374999 0.7881832796875 0.597065915625 0.7801446953125 0.619172025 0.7801446953125 0.645297428125 0.7881832796875 0.665393890625 0.799236334375 0.6764469453124999 0.8203376203125 0.6834807078125 0.8273713828125 0.68448553125 0.8293810296874999 0.682475884375 0.84143890625 0.6804662375
1 0.6254019296875 0.404139871875 0.6384646296875001 0.3910771703125 0.656551446875 0.38504823125 0.659565915625 0.3820337625 0.6555466234375 0.37198553125 0.64449356875 0.3609324765625 0.632435690625 0.3549035375 0.614348875 0.3549035375 0.602290996875 0.3609324765625 0.5932475890625 0.369975884375 0.58721865 0.3840434078125 0.5892282953125 0.404139871875 0.60028135 0.421221865625 0.6113344046875 0.42624598125 0.619372990625 0.42624598125 0.6213826359375 0.41217845625000005 0.6254019296875 0.404139871875
1 0.279742765625 0.3840434078125 0.2857717046875 0.369975884375 0.2857717046875 0.35791800625 0.2817524109375 0.345860128125 0.272709003125 0.3368167203125 0.262660771875 0.33078778125 0.2445739546875 0.33078778125 0.2345257234375 0.3348070734375 0.22347266875 0.3438504828125 0.215434084375 0.359927653125 0.215434084375 0.380024115625 0.21744372968749998 0.3840434078125 0.2325160765625 0.39911575625 0.2415594859375 0.40213022499999995 0.2546221859375 0.40313504843750003 0.2666800640625 0.39911575625 0.279742765625 0.3840434078125
1 0.2445739546875 0.33078778125 0.2636655953125 0.3297829578125 0.265675240625 0.315715434375 0.2566318328125 0.298633440625 0.24658360156249998 0.2946141484375 0.2325160765625 0.2946141484375 0.2244774921875 0.298633440625 0.215434084375 0.3076768484375 0.211414790625 0.315715434375 0.211414790625 0.3297829578125 0.2134244375 0.335811896875 0.221463021875 0.3438504828125 0.22246784531250002 0.3448553046875 0.23050643124999998 0.3368167203125 0.2445739546875 0.33078778125
1 0.177250803125 0.349879421875 0.1832797421875 0.33782154375 0.1832797421875 0.3197347265625 0.174236334375 0.308681671875 0.1702170421875 0.306672025 0.1581591640625 0.306672025 0.150120578125 0.31069131875 0.1390675234375 0.3217443734375 0.13504823125 0.3338022515625 0.13504823125 0.3398311890625 0.1390675234375 0.349879421875 0.1461012859375 0.3569131828125 0.157154340625 0.359927653125 0.1601688109375 0.3609324765625 0.1702170421875 0.3569131828125 0.177250803125 0.349879421875
1 0.211414790625 0.3297829578125 0.211414790625 0.315715434375 0.221463021875 0.2996382640625 0.2124196140625 0.2926045015625 0.19634244375 0.2946141484375 0.1832797421875 0.305667203125 0.181270096875 0.3116961421875 0.1832797421875 0.3338022515625 0.1923231515625 0.342845659375 0.1993569125 0.3438504828125 0.2104099671875 0.342845659375 0.215434084375 0.3398311890625 0.211414790625 0.3297829578125
1 0.279742765625 0.30365755625 0.27069935625 0.2865755625 0.262660771875 0.2825562703125 0.2546221859375 0.2825562703125 0.2445739546875 0.2865755625 0.2395498390625 0.291599678125 0.248593246875 0.29662379375 0.2546221859375 0.29662379375 0.2616559484375 0.30365755625 0.2636655953125 0.3096864953125 0.2636655953125 0.3277733125 0.26467041875 0.328778134375 0.2757234734375 0.3177250796875 0.279742765625 0.30365755625
1 0.314911575 0.3468649515625 0.323954984375 0.33782154375 0.3299839234375 0.3297829578125 0.3299839234375 0.3177250796875 0.33199356875 0.315715434375 0.3279742765625 0.30365755625 0.3229501609375 0.298633440625 0.3088826359375 0.2926045015625 0.3008440515625 0.2926045015625 0.2948151125 0.29662379375 0.2907958203125 0.29662379375 0.279742765625 0.3076768484375 0.2757234734375 0.315715434375 0.2757234734375 0.325763665625 0.2817524109375 0.33782154375 0.292805465625 0.3468649515625 0.301848875 0.347869775 0.306872990625 0.3488745984375 0.3088826359375 0.3468649515625 0.314911575 0.3468649515625
1 0.30486334375 0.2926045015625 0.3108922828125 0.2865755625 0.3229501609375 0.2825562703125 0.323954984375 0.2795418 0.316921221875 0.274517684375 0.3008440515625 0.274517684375 0.292805465625 0.278536978125 0.2837620578125 0.291599678125 0.2837620578125 0.2996382640625 0.2867765265625 0.3006430875 0.2948151125 0.2946141484375 0.30486334375 0.2926045015625
1 0.4987942125 0.3217443734375 0.5028135046875 0.3096864953125 0.5008038578125 0.3076768484375 0.5008038578125 0.2996382640625 0.49377009687499995 0.2905948546875 0.483721865625 0.284565915625 0.479702571875 0.284565915625 0.47166398750000005 0.27652733125 0.4575964625 0.274517684375 0.4515675234375 0.27652733125 0.44051446875 0.2855707390625 0.43850482343749997 0.291599678125 0.4435289390625 0.2926045015625 0.4455385859375 0.2905948546875 0.4515675234375 0.2905948546875 0.46864951718750003 0.2976286171875 0.476688103125 0.3116961421875 0.476688103125 0.32375401875 0.4726688109375 0.3317926046875 0.476688103125 0.3338022515625 0.48171221875 0.3348070734375 0.48573151093750006 0.332797428125 0.4987942125 0.3217443734375