2 0.4537183546875 0.761273734375 0.44976265781249997 0.771162975 0.44976265781249997 0.7830300640625001 0.4537183546875 0.79094145625 0.46855221562500005 0.80379746875 0.474485759375 0.8057753171875 0.494264240625 0.8057753171875 0.5021756328125 0.8018196203124999 0.5110759500000001 0.7929193031249999 0.5150316453125 0.7850079109375 0.514042721875 0.7701740499999999 0.513053796875 0.7652294296875 0.5021756328125 0.7523734171875 0.494264240625 0.748417721875 0.4725079109375 0.748417721875 0.4626186703125 0.7523734171875 0.4537183546875 0.761273734375
2 0.49129746875 0.911590190625 0.5021756328125 0.924446203125 0.5120648734375 0.9284018984375001 0.5219541140625 0.9284018984375001 0.5239319625000001 0.9264240499999999 0.52986550625 0.9264240499999999 0.5407436703124999 0.9195015828124999 0.5446993671875 0.9135680374999999 0.54371044375 0.900712025 0.5377768984375 0.8928006328125001 0.52986550625 0.8888449359375 0.5219541140625 0.8888449359375 0.5120648734375 0.89477848125 0.49821993593749997 0.89477848125 0.49129746875 0.9056566453125001 0.49129746875 0.911590190625
2 0.3914161390625 0.8018196203124999 0.377571203125 0.8018196203124999 0.3726265828125 0.8047863921875 0.36867088593749997 0.8146756328125001 0.377571203125 0.825553796875 0.3854825953125 0.8275316453125001 0.3884493671875 0.822587025 0.40031645625 0.812697784375 0.39932753125 0.8097310125 0.3983386078125 0.806764240625 0.3914161390625 0.8018196203124999
2 0.318235759375 0.5051424046874999 0.31724683593749997 0.500197784375 0.3103243671875 0.49327531718750006 0.3004351265625 0.49129746875 0.291534809375 0.4962420890625 0.28757911406250003 0.50415348125 0.28757911406250003 0.5120648734375 0.2964794296875 0.5229430374999999 0.3103243671875 0.5229430374999999 0.31724683593749997 0.5160205703125 0.3192246828125 0.510087025 0.318235759375 0.5051424046874999
2 0.3043908234375 0.5407436703124999 0.3004351265625 0.54272151875 0.2974683546875 0.5476661390625 0.299446203125 0.5615110765625 0.30241297500000003 0.5644778484375 0.30933544375 0.55557753125 0.30834651874999996 0.54272151875 0.3043908234375 0.5407436703124999
2 0.2935126578125 0.44679588593749997 0.292523734375 0.435917721875 0.285601265625 0.442840190625 0.285601265625 0.454707278125 0.28757911406250003 0.45866297500000003 0.2945015828125 0.46558544375000005 0.3004351265625 0.46756329062499996 0.30636867031250004 0.46558544375000005 0.30636867031250004 0.461629746875 0.2974683546875 0.4566851265625 0.2935126578125 0.44679588593749997
2 0.318235759375 0.41218354375 0.3103243671875 0.40625 0.298457278125 0.40625 0.28955696249999996 0.41515031718750006 0.28757911406250003 0.4210838609375 0.28757911406250003 0.4270174046875 0.291534809375 0.43492879687499997 0.2945015828125 0.435917721875 0.312302215625 0.42009493593749997 0.3162579109375 0.42009493593749997 0.3192246828125 0.4171281640625 0.318235759375 0.41218354375
2 0.343947784375 0.38053797500000003 0.33208069687499997 0.3746044296875 0.32219145625 0.36075949375 0.3142800640625 0.3627373421875 0.305379746875 0.37361550625 0.305379746875 0.38746044375 0.30933544375 0.39537183593749997 0.3162579109375 0.40031645625 0.33010284843750004 0.40031645625 0.33405854375 0.3983386078125 0.3429588609375 0.389438290625 0.343947784375 0.38053797500000003
2 0.28955696249999996 0.318235759375 0.291534809375 0.33010284843750004 0.30241297500000003 0.33900316406250003 0.3142800640625 0.3370253171875 0.3231803796875 0.32614715156249996 0.32219145625 0.311313290625 0.3142800640625 0.3034018984375 0.3043908234375 0.3034018984375 0.2964794296875 0.3073575953125 0.28955696249999996 0.318235759375
2 0.30241297500000003 0.3746044296875 0.305379746875 0.3716376578125 0.3043908234375 0.36867088593749997 0.299446203125 0.363726265625 0.299446203125 0.34988132968749996 0.30142405 0.3459256328125 0.2945015828125 0.3429588609375 0.29054588593749997 0.344936709375 0.2836234171875 0.35383702499999997 0.2816455703125 0.3597705703125 0.2836234171875 0.36768196249999996 0.2945015828125 0.376582278125 0.30241297500000003 0.3746044296875
2 0.2776898734375 0.3419699359375 0.27571202499999997 0.3518591765625 0.2816455703125 0.3597705703125 0.2836234171875 0.36768196249999996 0.29054588593749997 0.3746044296875 0.2964794296875 0.3746044296875 0.298457278125 0.376582278125 0.305379746875 0.3716376578125 0.3043908234375 0.36867088593749997 0.299446203125 0.363726265625 0.30142405 0.3459256328125 0.298457278125 0.3429588609375 0.29054588593749997 0.3409810125 0.286590190625 0.3370253171875 0.28263449375 0.3370253171875 0.2776898734375 0.3419699359375
2 0.28263449375 0.305379746875 0.279667721875 0.30636867031250004 0.2776898734375 0.3103243671875 0.2776898734375 0.32219145625 0.28263449375 0.3271360765625 0.28955696249999996 0.3162579109375 0.28856803750000004 0.3132911390625 0.28263449375 0.305379746875
1 0.3716376578125 0.2974683546875 0.3617484171875 0.285601265625 0.343947784375 0.2836234171875 0.3360363921875 0.28757911406250003 0.3271360765625 0.2964794296875 0.325158228125 0.3142800640625 0.331091771875 0.32416930312500003 0.3419699359375 0.331091771875 0.357792721875 0.3291139234375 0.3617484171875 0.3271360765625 0.3726265828125 0.3142800640625 0.3716376578125 0.2974683546875
1 0.325158228125 0.36570411406250003 0.3271360765625 0.369659809375 0.338014240625 0.3785601265625 0.35383702499999997 0.3785601265625 0.36867088593749997 0.36570411406250003 0.370648734375 0.3617484171875 0.369659809375 0.34691455625 0.36669303750000004 0.3399920890625 0.3597705703125 0.3330696203125 0.3558148734375 0.331091771875 0.3419699359375 0.331091771875 0.33405854375 0.33504746875 0.3271360765625 0.3419699359375 0.3231803796875 0.34988132968749996 0.325158228125 0.36570411406250003
1 0.33010284843750004 0.2678006328125 0.33504746875 0.26087816406250003 0.33405854375 0.25593354375 0.32219145625 0.25395569687499997 0.3152689875 0.2450553796875 0.3142800640625 0.24011075937499998 0.3103243671875 0.24011075937499998 0.30142405 0.2490110765625 0.299446203125 0.2549446203125 0.3034018984375 0.266811709375 0.30834651874999996 0.27175632968749996 0.32219145625 0.27175632968749996 0.33010284843750004 0.2678006328125
1 0.2816455703125 0.23318829062500002 0.2816455703125 0.23912183593749997 0.286590190625 0.246044303125 0.298457278125 0.2480221515625 0.30933544375 0.23912183593749997 0.30834651874999996 0.23022151875 0.298457278125 0.23022151875 0.292523734375 0.22626582343749999 0.286590190625 0.22626582343749999 0.2816455703125 0.23318829062500002
1 0.30834651874999996 0.23022151875 0.3192246828125 0.21934335468750002 0.318235759375 0.2124208859375 0.3103243671875 0.214398734375 0.2964794296875 0.20648734218749998 0.291534809375 0.213409809375 0.28955696249999996 0.22132120312499998 0.2964794296875 0.23022151875 0.30834651874999996 0.23022151875
1 0.299446203125 0.207476265625 0.30834651874999996 0.214398734375 0.3202136078125 0.2124208859375 0.3291139234375 0.2054984171875 0.331091771875 0.20154272187500002 0.33010284843750004 0.1926424046875 0.32614715156249996 0.1867088609375 0.312302215625 0.18473101249999999 0.299446203125 0.19560917656250001 0.299446203125 0.207476265625
1 0.3587816453125 0.1145174046875 0.36570411406250003 0.123417721875 0.383504746875 0.12539557031249998 0.402294303125 0.11253955625 0.403283228125 0.103639240625 0.402294303125 0.09869462031250001 0.3973496828125 0.0917721515625 0.389438290625 0.08781645625 0.37954905 0.08781645625 0.377571203125 0.089794303125 0.3716376578125 0.089794303125 0.36075949375 0.09869462031250001 0.3587816453125 0.10265031718749999 0.3587816453125 0.1145174046875
1 0.3142800640625 0.29549050625 0.30834651874999996 0.28757911406250003 0.3043908234375 0.285601265625 0.2945015828125 0.285601265625 0.285601265625 0.292523734375 0.2836234171875 0.30636867031250004 0.285601265625 0.3103243671875 0.29054588593749997 0.3132911390625 0.3043908234375 0.3034018984375 0.312302215625 0.3034018984375 0.3152689875 0.3004351265625 0.3142800640625 0.29549050625
0 0.30834651874999996 0.27571202499999997 0.298457278125 0.2678006328125 0.28856803750000004 0.26977848125000004 0.2816455703125 0.27670095 0.279667721875 0.28263449375 0.2816455703125 0.29054588593749997 0.286590190625 0.2935126578125 0.2964794296875 0.285601265625 0.3043908234375 0.285601265625 0.30636867031250004 0.28757911406250003 0.30933544375 0.2846123421875 0.30834651874999996 0.27571202499999997
0 0.3152689875 0.2450553796875 0.3192246828125 0.2509889234375 0.32614715156249996 0.25593354375 0.3399920890625 0.25593354375 0.3528481015625 0.2450553796875 0.35482595 0.2410996828125 0.35383702499999997 0.23022151875 0.3528481015625 0.227254746875 0.343947784375 0.22033227812499998 0.338014240625 0.22033227812499998 0.3360363921875 0.21835442968750002 0.328125 0.22033227812499998 0.31724683593749997 0.2292325953125 0.3152689875 0.23318829062500002 0.3152689875 0.2450553796875
0 0.29054588593749997 0.3746044296875 0.2846123421875 0.36867088593749997 0.2806566453125 0.36867088593749997 0.27571202499999997 0.377571203125 0.27571202499999997 0.3815268984375 0.2846123421875 0.3924050640625 0.2945015828125 0.3924050640625 0.3034018984375 0.38746044375 0.30241297500000003 0.376582278125 0.3004351265625 0.3746044296875 0.29054588593749997 0.3746044296875
0 0.33010284843750004 0.45569620312500003 0.33900316406250003 0.4448180375 0.338014240625 0.43196202499999997 0.3370253171875 0.428995253125 0.32614715156249996 0.42009493593749997 0.312302215625 0.42009493593749997 0.30142405 0.4309731015625 0.3034018984375 0.43492879687499997 0.3034018984375 0.44679588593749997 0.305379746875 0.45075158281250005 0.3162579109375 0.4596518984375 0.32614715156249996 0.45767404999999994 0.33010284843750004 0.45569620312500003
1 0.279667721875 0.43492879687499997 0.2846123421875 0.43987341718749995 0.28856803750000004 0.43987341718749995 0.291534809375 0.4369066453125 0.28757911406250003 0.42503955624999995 0.29054588593749997 0.41218354375 0.286590190625 0.41218354375 0.279667721875 0.4191060125 0.2776898734375 0.42503955624999995 0.279667721875 0.43492879687499997
0 0.344936709375 0.5535996828124999 0.34691455625 0.5476661390625 0.3459256328125 0.5407436703124999 0.344936709375 0.5357990499999999 0.3360363921875 0.526898734375 0.32219145625 0.5249208859375 0.311313290625 0.5318433546875 0.3073575953125 0.54371044375 0.311313290625 0.55557753125 0.3162579109375 0.5605221515625 0.33010284843750004 0.5644778484375 0.3360363921875 0.5625 0.344936709375 0.5535996828124999
0 0.3142800640625 0.5862341765625 0.32614715156249996 0.5862341765625 0.33010284843750004 0.5842563296875001 0.33504746875 0.579311709375 0.338014240625 0.56843354375 0.3360363921875 0.5625 0.32614715156249996 0.5644778484375 0.3162579109375 0.5605221515625 0.3103243671875 0.5545886078125 0.30636867031250004 0.55656645625 0.3034018984375 0.5615110765625 0.3034018984375 0.5733781640625 0.3073575953125 0.58128955625 0.3142800640625 0.5862341765625
0 0.31724683593749997 0.690071203125 0.3192246828125 0.696004746875 0.32614715156249996 0.702927215625 0.3360363921875 0.7049050640625001 0.34691455625 0.696004746875 0.3459256328125 0.6851265828125 0.338014240625 0.677215190625 0.32416930312500003 0.677215190625 0.3192246828125 0.682159809375 0.31724683593749997 0.690071203125
0 0.43789557031250004 0.8641218359374999 0.43987341718749995 0.8700553796875001 0.448773734375 0.8789556968750001 0.454707278125 0.88093354375 0.47053006406250003 0.88093354375 0.4734968359375 0.8779667718749999 0.4734968359375 0.86807753125 0.481408228125 0.858188290625 0.48239715156249996 0.8532436703125 0.481408228125 0.8502768984375001 0.4764636078125 0.8473101265625 0.46459651874999996 0.8433544296875001 0.4566851265625 0.8433544296875001 0.44679588593749997 0.8473101265625 0.43987341718749995 0.8542325953125 0.43789557031250004 0.8641218359374999
0 0.4734968359375 0.86807753125 0.4734968359375 0.8779667718749999 0.4794303796875 0.8878560125 0.49030854375 0.89477848125 0.5120648734375 0.89477848125 0.519976265625 0.890822784375 0.526898734375 0.8839003171875 0.5308544296875 0.8740110765625 0.52986550625 0.8670886078125 0.5288765828125 0.8621439875 0.5219541140625 0.85522151875 0.5179984171875 0.85522151875 0.5120648734375 0.8512658234374999 0.4922863921875 0.8512658234374999 0.47745253125 0.8601661390625001 0.4734968359375 0.86807753125
0 0.5516218359375 0.9580696203124999 0.545688290625 0.9521360765625 0.525909809375 0.9501582281250001 0.5160205703125 0.9541139234375 0.5090981015625 0.9610363921875 0.507120253125 0.9669699359375 0.514042721875 0.975870253125 0.5219541140625 0.9798259500000001 0.5377768984375 0.9798259500000001 0.5506329109375 0.97290348125 0.552610759375 0.968947784375 0.5516218359375 0.9580696203124999
1 0.4922863921875 0.9145569625000001 0.48635284843750004 0.9145569625000001 0.47745253125 0.9214794296875001 0.47547468281249994 0.93334651875 0.484375 0.9422468359374999 0.500197784375 0.94620253125 0.5120648734375 0.9422468359374999 0.5189873421875 0.9353243671874999 0.5179984171875 0.9284018984375001 0.5061313296875001 0.9264240499999999 0.4922863921875 0.9145569625000001
1 0.38647151874999996 0.8285205703124999 0.3914161390625 0.839398734375 0.403283228125 0.845332278125 0.4111946203125 0.845332278125 0.42207278437499995 0.8364319625000001 0.4210838609375 0.8235759500000001 0.4111946203125 0.81566455625 0.3973496828125 0.81566455625 0.3884493671875 0.822587025 0.38647151874999996 0.8285205703124999
1 0.42306170937500004 0.8473101265625 0.4111946203125 0.8473101265625 0.402294303125 0.8542325953125 0.402294303125 0.8641218359374999 0.40723892343749996 0.8710443031249999 0.41515031718750006 0.875 0.4270174046875 0.875 0.435917721875 0.8660996828125 0.43492879687499997 0.8571993671874999 0.4309731015625 0.8512658234374999 0.42306170937500004 0.8473101265625
1 0.3429588609375 0.7494066453125 0.344936709375 0.7533623421875 0.35383702499999997 0.760284809375 0.36570411406250003 0.760284809375 0.3746044296875 0.7494066453125 0.37361550625 0.7424841765625 0.36570411406250003 0.7325949359374999 0.35383702499999997 0.7306170890625 0.3429588609375 0.73753955625 0.3429588609375 0.7494066453125
1 0.34988132968749996 0.7049050640625001 0.338014240625 0.7049050640625001 0.3330696203125 0.7098496828124999 0.331091771875 0.7157832281250001 0.3330696203125 0.7276503171875001 0.3419699359375 0.734572784375 0.3518591765625 0.7325949359374999 0.3627373421875 0.7236946203125 0.3617484171875 0.7147943031249999 0.357792721875 0.708860759375 0.34988132968749996 0.7049050640625001
1 0.338014240625 0.7306170890625 0.33405854375 0.7266613921875 0.331091771875 0.7276503171875001 0.331091771875 0.7395174046874999 0.338014240625 0.7464398734375 0.3429588609375 0.7454509500000001 0.343947784375 0.7325949359374999 0.338014240625 0.7306170890625
0 0.3202136078125 0.36075949375 0.3231803796875 0.357792721875 0.3231803796875 0.34988132968749996 0.3271360765625 0.343947784375 0.32614715156249996 0.33900316406250003 0.32219145625 0.3370253171875 0.312302215625 0.3370253171875 0.3034018984375 0.343947784375 0.299446203125 0.34988132968749996 0.299446203125 0.363726265625 0.30241297500000003 0.36867088593749997 0.30636867031250004 0.370648734375 0.3162579109375 0.36075949375 0.3202136078125 0.36075949375
0 0.28856803750000004 0.31724683593749997 0.2836234171875 0.32416930312500003 0.285601265625 0.3360363921875 0.292523734375 0.3429588609375 0.3043908234375 0.3429588609375 0.3043908234375 0.33900316406250003 0.298457278125 0.3370253171875 0.291534809375 0.33010284843750004 0.291534809375 0.32416930312500003 0.28856803750000004 0.31724683593749997
1 0.3004351265625 0.4299841765625 0.29549050625 0.43492879687499997 0.29549050625 0.442840190625 0.2935126578125 0.4448180375 0.2974683546875 0.4566851265625 0.30636867031250004 0.4636075953125 0.3142800640625 0.4636075953125 0.318235759375 0.461629746875 0.318235759375 0.4596518984375 0.3162579109375 0.45767404999999994 0.312302215625 0.4596518984375 0.305379746875 0.45866297500000003 0.3073575953125 0.454707278125 0.3043908234375 0.4537183546875 0.30142405 0.448773734375 0.3004351265625 0.4299841765625