0 0.5289702875 0.27827868906250003 0.547412909375 0.26803278750000004 0.556634221875 0.258811475 0.5627817625 0.24651639374999998 0.5627817625 0.2362704921875 0.556634221875 0.21782786875000001 0.5453637296875 0.204508196875 0.5228227453125001 0.1942622953125 0.506429303125 0.1942622953125 0.49208504062499997 0.2004098359375 0.47876536875 0.211680328125 0.47261782812500003 0.223975409375 0.47364241875 0.253688525 0.4767161890625 0.26086065625 0.49618340156249996 0.2762295078125 0.51257684375 0.27827868906250003 0.514626025 0.28032786875000004 0.5187243859375 0.27827868906250003 0.5289702875 0.27827868906250003
0 0.6683145484375 0.6553278687499999 0.6560194671875 0.661475409375 0.6488473359375 0.668647540625 0.644748975 0.6788934421875 0.645773565625 0.6922131140625 0.6508965156250001 0.7014344265625 0.660117828125 0.7086065578125 0.6765112703125 0.7106557375 0.686757171875 0.7065573765625001 0.6980276640625 0.6952868859375 0.702126025 0.6850409843749999 0.702126025 0.67479508125 0.6980276640625 0.6665983609375 0.6847079921875 0.6553278687499999 0.6683145484375 0.6553278687499999
0 0.62323258125 0.8192622953124999 0.6109375 0.8131147546875 0.5924948765625 0.8131147546875 0.5740522546875 0.8213114750000001 0.56073258125 0.8346311468750001 0.5586834015625 0.8407786890625 0.5597079921875 0.8540983609374999 0.576101434375 0.872540984375 0.58429815625 0.87663934375 0.604789959375 0.87663934375 0.6211834015625 0.8684426234375 0.6304047125000001 0.8592213109375001 0.6345030734375 0.8489754093749999 0.6345030734375 0.8346311468750001 0.6304047125000001 0.8264344265625001 0.62323258125 0.8192622953124999
1 0.6488473359375 0.33053278750000004 0.6355276640625 0.31106557343749996 0.6211834015625 0.30491803281249996 0.602740778125 0.30491803281249996 0.5945440578125 0.30901639375 0.583273565625 0.322336065625 0.5812243859375 0.334631146875 0.5791752046875 0.33668032812500004 0.5801997953125 0.343852459375 0.583273565625 0.3530737703125 0.5965932375 0.36639344218750003 0.604789959375 0.370491803125 0.6252817625 0.370491803125 0.639626025 0.36229508125 0.644748975 0.3551229515625 0.6488473359375 0.34692622968750003 0.6488473359375 0.33053278750000004
1 0.4613473359375 0.17377049218750001 0.4859375 0.163524590625 0.4972079921875 0.15225409843749999 0.5033555328125 0.13586065625 0.5033555328125 0.1256147546875 0.49515881093749997 0.10922131093750001 0.48388832031250006 0.1 0.46749487656250005 0.093852459375 0.4470030734375 0.093852459375 0.4285604515625 0.1 0.41319159843750003 0.1112704921875 0.40704405781249997 0.1256147546875 0.408068646875 0.1450819671875 0.41114241875 0.154303278125 0.42036372968749997 0.163524590625 0.4265112703125 0.1655737703125 0.43060963125 0.16967213125 0.4429047125 0.17377049218750001 0.4613473359375 0.17377049218750001
1 0.70007684375 0.5477459015624999 0.6847079921875 0.5344262296875 0.66626536875 0.5344262296875 0.6560194671875 0.5405737703125 0.6508965156250001 0.5477459015624999 0.64679815625 0.557991803125 0.6478227453125001 0.571311475 0.6508965156250001 0.5784836062500001 0.660117828125 0.58770491875 0.672412909375 0.5897540984375 0.674462090625 0.591803278125 0.6847079921875 0.5897540984375 0.6980276640625 0.5784836062500001 0.702126025 0.5702868859375 0.702126025 0.5518442625 0.70007684375 0.5477459015624999
1 0.6703637296875 0.5959016390625 0.6560194671875 0.6040983609375 0.6488473359375 0.613319671875 0.64679815625 0.6194672125 0.6478227453125001 0.634836065625 0.6560194671875 0.649180328125 0.6642161890625 0.6532786890625 0.6826588109375 0.6532786890625 0.686757171875 0.6512295078125 0.70007684375 0.63586065625 0.702126025 0.6297131140625 0.70007684375 0.6112704921875001 0.695978484375 0.6051229515625 0.686757171875 0.5979508203125 0.6703637296875 0.5959016390625
1 0.660117828125 0.7086065578125 0.6488473359375 0.7219262296875 0.6488473359375 0.7280737703125 0.64679815625 0.7301229515625 0.6478227453125001 0.7352459015624999 0.6488473359375 0.740368853125 0.6560194671875 0.7495901640625 0.674462090625 0.7557377046875 0.686757171875 0.75163934375 0.70007684375 0.738319671875 0.702126025 0.7219262296875 0.6929047125000001 0.7065573765625001 0.686757171875 0.7065573765625001 0.6785604515625 0.7106557375 0.660117828125 0.7086065578125
1 0.6324538937499999 0.8981557375 0.6324538937499999 0.8797131140625 0.6211834015625 0.8684426234375 0.6109375 0.8745901640625 0.604789959375 0.8745901640625 0.602740778125 0.87663934375 0.58429815625 0.87663934375 0.5720030734375 0.872540984375 0.5648309421875 0.8817622953124999 0.5627817625 0.8879098359375 0.563806353125 0.8971311468750001 0.5668801234374999 0.906352459375 0.5740522546875 0.913524590625 0.5883965156250001 0.9196721312499999 0.604789959375 0.9196721312499999 0.619134221875 0.913524590625 0.6304047125000001 0.9022540984375 0.6324538937499999 0.8981557375
0 0.7113473359375 0.6594262296875 0.7051997953125 0.6573770484375 0.6949538937499999 0.6573770484375 0.6918801234374999 0.6604508203125 0.6929047125000001 0.661475409375 0.702126025 0.67479508125 0.702126025 0.6850409843749999 0.693929303125 0.7014344265625 0.7051997953125 0.702459015625 0.7113473359375 0.69836065625 0.720568646875 0.6870901640625 0.720568646875 0.6809426234375 0.722617828125 0.6788934421875 0.720568646875 0.668647540625 0.7113473359375 0.6594262296875
0 0.71442110625 0.6051229515625 0.7123719265624999 0.6030737703125 0.7123719265624999 0.5969262296875 0.7031506140625 0.5856557375 0.6929047125000001 0.5836065578125 0.6847079921875 0.5897540984375 0.6703637296875 0.591803278125 0.667289959375 0.5948770484375 0.6683145484375 0.5979508203125 0.674462090625 0.5959016390625 0.686757171875 0.5979508203125 0.695978484375 0.6051229515625 0.702126025 0.6174180328125 0.702126025 0.627663934375 0.7031506140625 0.628688525 0.708273565625 0.6235655734375001 0.71442110625 0.6051229515625