2 0.5109375 0.8453125 0.0390625 0.053125
2 0.46875 0.8359375 0.0421875 0.05
2 0.4515625 0.484375 0.046875 0.046875
2 0.44375 0.2703125 0.0484375 0.0515625
2 0.490625 0.284375 0.040625 0.0453125
2 0.48125 0.065625 0.0484375 0.059375
1 0.4328125 0.0859375 0.0484375 0.059375
1 0.4609375 0.6625 0.0421875 0.046875
1 0.4984375 0.4703125 0.04375 0.0515625
1 0.5417343 0.8594284875 0.543743946875 0.8554091953125 0.5447487703125 0.8604333109375 0.5477632390625 0.8634477796875 0.5658500562500001 0.8614381328125 0.5769031109375 0.850385078125 0.5789127578125 0.844356140625 0.5789127578125 0.8343079078125 0.5748934640625001 0.8242596765625001 0.5658500562500001 0.8152162687500001 0.5598211171874999 0.8132066218749999 0.5497728859375 0.8132066218749999 0.54575359375 0.8152162687500001 0.543743946875 0.8212452078125001 0.5377150078125 0.8212452078125001 0.5306812453124999 0.82827896875 0.5296764234375 0.8353127312499999 0.5286716 0.8403368468749999 0.5326908921875 0.8523947250000001 0.5417343 0.8594284875
1 0.5107819140625 0.1009152703125 0.516810853125 0.0989056234375 0.5208301468750001 0.1049345625 0.5308783781249999 0.1049345625 0.5389169625 0.1009152703125 0.547960371875 0.0918718625 0.5519796640625 0.0838332765625 0.5519796640625 0.069765753125 0.547960371875 0.0617271671875 0.5389169625 0.05268375937500001 0.5328880234375 0.0506741125 0.5188205 0.0506741125 0.51580603125 0.05368858125 0.5148012078125 0.06072234375 0.5127915609375 0.0546934046875 0.503748153125 0.065746459375 0.5097770921875 0.069765753125 0.5007336828125 0.072780221875 0.49972885937499995 0.0838332765625 0.503748153125 0.0938815078125 0.5107819140625 0.1009152703125
3 0.490625 0.8375 0.1203125 0.0796875
3 0.484375 0.6625 0.134375 0.084375
3 0.48125 0.4734375 0.128125 0.08125
3 0.46875 0.275 0.134375 0.0890625
3 0.4625 0.071875 0.1296875 0.1109375