0 0.03125 0.5107421875 0.02734375 0.5185546875 0.02734375 0.5400390625 0.0380859375 0.552734375 0.044921875 0.5517578125 0.052734375 0.5458984375 0.0546875 0.5419921875 0.0546875 0.5322265625 0.056640625 0.5302734375 0.05078125 0.5126953125 0.0439453125 0.5078125 0.0361328125 0.5078125 0.03125 0.5107421875
0 0.11328125 0.4833984375 0.109375 0.4931640625 0.109375 0.5087890625 0.11328125 0.5185546875 0.1181640625 0.5234375 0.1318359375 0.529296875 0.138671875 0.5283203125 0.1484375 0.5205078125 0.15234375 0.5126953125 0.15234375 0.4892578125 0.1435546875 0.4765625 0.1357421875 0.47265625 0.1279296875 0.47265625 0.1201171875 0.4765625 0.11328125 0.4833984375
0 0.123046875 0.4697265625 0.1259765625 0.47265625 0.1357421875 0.47265625 0.1435546875 0.4765625 0.1494140625 0.482421875 0.15234375 0.4814453125 0.158203125 0.4716796875 0.16015625 0.4560546875 0.15625 0.4462890625 0.1494140625 0.439453125 0.1396484375 0.4375 0.126953125 0.4462890625 0.123046875 0.4541015625 0.123046875 0.4697265625
1 0.060546875 0.4912109375 0.060546875 0.5048828125 0.0693359375 0.517578125 0.078125 0.5166015625 0.080078125 0.5029296875 0.091796875 0.4892578125 0.08984375 0.4833984375 0.0830078125 0.4765625 0.0732421875 0.474609375 0.0693359375 0.4765625 0.0625 0.4853515625 0.060546875 0.4912109375
1 0.1484375 0.4169921875 0.1572265625 0.427734375 0.16796875 0.4267578125 0.173828125 0.4228515625 0.177734375 0.4150390625 0.177734375 0.4033203125 0.1708984375 0.39453125 0.1630859375 0.392578125 0.15234375 0.3994140625 0.1484375 0.4091796875 0.1484375 0.4169921875
1 0.2421875 0.3623046875 0.2421875 0.3681640625 0.2470703125 0.373046875 0.2529296875 0.375 0.259765625 0.3740234375 0.2626953125 0.373046875 0.26953125 0.3642578125 0.26953125 0.3525390625 0.2626953125 0.34375 0.2529296875 0.34375 0.2421875 0.3525390625 0.240234375 0.3603515625 0.2421875 0.3623046875
1 0.267578125 0.3486328125 0.2744140625 0.361328125 0.2783203125 0.36328125 0.28515625 0.3623046875 0.29296875 0.3564453125 0.296875 0.3466796875 0.296875 0.3408203125 0.2900390625 0.333984375 0.2802734375 0.33203125 0.2734375 0.3349609375 0.267578125 0.3447265625 0.267578125 0.3486328125
1 0.26953125 0.3466796875 0.26953125 0.3427734375 0.275390625 0.3330078125 0.2666015625 0.330078125 0.255859375 0.3388671875 0.255859375 0.3427734375 0.2626953125 0.34375 0.2666015625 0.34765625 0.26953125 0.3466796875
0 0.296875 0.3388671875 0.298828125 0.3427734375 0.3056640625 0.34765625 0.314453125 0.3466796875 0.3203125 0.3427734375 0.32421875 0.3349609375 0.32421875 0.3291015625 0.3173828125 0.3203125 0.3095703125 0.318359375 0.298828125 0.3251953125 0.296875 0.3291015625 0.296875 0.3388671875
0 0.43359375 0.3271484375 0.435546875 0.3408203125 0.4423828125 0.34765625 0.453125 0.3505859375 0.4638671875 0.34765625 0.470703125 0.3408203125 0.47265625 0.3349609375 0.47265625 0.3232421875 0.4599609375 0.3125 0.4482421875 0.3125 0.4443359375 0.314453125 0.43359375 0.3271484375
1 0.5 0.2958984375 0.50390625 0.3017578125 0.50390625 0.3134765625 0.5087890625 0.318359375 0.515625 0.3173828125 0.525390625 0.3115234375 0.529296875 0.2998046875 0.52734375 0.2939453125 0.5205078125 0.287109375 0.5107421875 0.28515625 0.5048828125 0.287109375 0.5 0.2919921875 0.5 0.2958984375
0 0.7841796875 0.388671875 0.775390625 0.3935546875 0.767578125 0.4072265625 0.767578125 0.4130859375 0.765625 0.4150390625 0.767578125 0.4189453125 0.767578125 0.4287109375 0.771484375 0.4384765625 0.7841796875 0.451171875 0.7900390625 0.453125 0.8046875 0.4521484375 0.8134765625 0.447265625 0.8203125 0.4404296875 0.82421875 0.4287109375 0.82421875 0.4130859375 0.8203125 0.4033203125 0.8076171875 0.390625 0.7978515625 0.38671875 0.7841796875 0.388671875
0 0.7470703125 0.318359375 0.7421875 0.3251953125 0.74609375 0.3349609375 0.74609375 0.3447265625 0.7529296875 0.353515625 0.763671875 0.3525390625 0.7734375 0.3466796875 0.77734375 0.3369140625 0.77734375 0.3310546875 0.7734375 0.3232421875 0.7666015625 0.31640625 0.7626953125 0.314453125 0.7529296875 0.314453125 0.7470703125 0.318359375
0 0.67578125 0.3154296875 0.68359375 0.3076171875 0.68359375 0.2958984375 0.6748046875 0.28515625 0.6650390625 0.283203125 0.65234375 0.2939453125 0.65234375 0.3037109375 0.6630859375 0.31640625 0.67578125 0.3154296875
0 0.5966796875 0.3046875 0.6015625 0.3056640625 0.6142578125 0.3046875 0.619140625 0.2978515625 0.619140625 0.2861328125 0.6083984375 0.27734375 0.5966796875 0.279296875 0.58984375 0.2861328125 0.58984375 0.2958984375 0.5966796875 0.3046875
0 0.591796875 0.3369140625 0.6005859375 0.34375 0.6044921875 0.345703125 0.615234375 0.3447265625 0.62890625 0.3330078125 0.626953125 0.3154296875 0.6201171875 0.30859375 0.6103515625 0.3046875 0.5986328125 0.306640625 0.587890625 0.3193359375 0.587890625 0.3291015625 0.591796875 0.3369140625
0 0.623046875 0.3056640625 0.623046875 0.3115234375 0.626953125 0.3154296875 0.62890625 0.3212890625 0.62890625 0.3330078125 0.6357421875 0.337890625 0.64453125 0.3369140625 0.6513671875 0.333984375 0.65625 0.3291015625 0.658203125 0.3251953125 0.658203125 0.3115234375 0.6513671875 0.302734375 0.6435546875 0.298828125 0.6337890625 0.298828125 0.623046875 0.3056640625
0 0.708984375 0.2939453125 0.708984375 0.3076171875 0.71875 0.3076171875 0.7265625 0.2998046875 0.724609375 0.2880859375 0.7177734375 0.28125 0.7119140625 0.279296875 0.7041015625 0.28125 0.701171875 0.2861328125 0.7041015625 0.287109375 0.708984375 0.2939453125
1 0.7470703125 0.365234375 0.7353515625 0.369140625 0.724609375 0.3798828125 0.720703125 0.3896484375 0.720703125 0.3974609375 0.72265625 0.3994140625 0.724609375 0.4111328125 0.7373046875 0.423828125 0.7470703125 0.427734375 0.755859375 0.4267578125 0.765625 0.4228515625 0.767578125 0.4072265625 0.76953125 0.4013671875 0.775390625 0.3955078125 0.77734375 0.3876953125 0.775390625 0.3818359375 0.7646484375 0.37109375 0.7470703125 0.365234375
1 0.8056640625 0.33984375 0.796875 0.3466796875 0.79296875 0.3544921875 0.802734375 0.3701171875 0.802734375 0.3798828125 0.8115234375 0.38671875 0.818359375 0.3857421875 0.8271484375 0.3828125 0.83203125 0.3779296875 0.833984375 0.3740234375 0.833984375 0.3583984375 0.83203125 0.3525390625 0.8212890625 0.341796875 0.8173828125 0.33984375 0.8056640625 0.33984375
1 0.8447265625 0.357421875 0.83984375 0.3642578125 0.83984375 0.3818359375 0.841796875 0.3876953125 0.8466796875 0.392578125 0.849609375 0.3916015625 0.8564453125 0.38671875 0.8701171875 0.38671875 0.8759765625 0.388671875 0.87890625 0.3857421875 0.876953125 0.3662109375 0.8642578125 0.353515625 0.8525390625 0.353515625 0.8447265625 0.357421875
1 0.888671875 0.3642578125 0.888671875 0.3701171875 0.88671875 0.3720703125 0.888671875 0.3837890625 0.8974609375 0.396484375 0.9013671875 0.3984375 0.912109375 0.3974609375 0.9150390625 0.396484375 0.921875 0.3876953125 0.921875 0.3759765625 0.91796875 0.3662109375 0.9091796875 0.357421875 0.9013671875 0.35546875 0.8955078125 0.357421875 0.888671875 0.3642578125
1 0.9453125 0.4189453125 0.9453125 0.4404296875 0.951171875 0.4521484375 0.9560546875 0.45703125 0.9599609375 0.458984375 0.96875 0.4580078125 0.9716796875 0.45703125 0.98046875 0.4462890625 0.98046875 0.4248046875 0.9765625 0.4169921875 0.9677734375 0.408203125 0.9580078125 0.40625 0.9541015625 0.408203125 0.9453125 0.4189453125
1 0.7744140625 0.318359375 0.787109375 0.3173828125 0.791015625 0.3115234375 0.791015625 0.3017578125 0.7890625 0.2978515625 0.7783203125 0.2890625 0.7705078125 0.2890625 0.763671875 0.2958984375 0.763671875 0.3076171875 0.7744140625 0.318359375
1 0.7314453125 0.318359375 0.7392578125 0.32421875 0.744140625 0.3232421875 0.75390625 0.3134765625 0.75390625 0.3076171875 0.7490234375 0.302734375 0.7353515625 0.298828125 0.72265625 0.3076171875 0.72265625 0.3154296875 0.7255859375 0.318359375 0.7314453125 0.318359375
1 0.7548828125 0.30859375 0.763671875 0.3076171875 0.763671875 0.2978515625 0.76953125 0.2900390625 0.7646484375 0.283203125 0.7548828125 0.28125 0.7509765625 0.283203125 0.74609375 0.2900390625 0.74609375 0.2998046875 0.7548828125 0.30859375
1 0.703125 0.3134765625 0.708984375 0.3076171875 0.708984375 0.2919921875 0.6962890625 0.283203125 0.6904296875 0.283203125 0.681640625 0.2900390625 0.68359375 0.3076171875 0.6884765625 0.314453125 0.703125 0.3134765625
1 0.533203125 0.3154296875 0.5439453125 0.328125 0.5478515625 0.330078125 0.55859375 0.3291015625 0.568359375 0.3212890625 0.5703125 0.3173828125 0.5703125 0.3076171875 0.5595703125 0.294921875 0.5439453125 0.294921875 0.5400390625 0.296875 0.533203125 0.3056640625 0.533203125 0.3154296875