0 0.427610759375 0.5864319625000001 0.433544303125 0.602254746875 0.4424446203125 0.6111550640625001 0.46420095000000006 0.6210443031249999 0.4760680375 0.6210443031249999 0.4918908234375 0.615110759375 0.5047468359375 0.6042325953125001 0.5106803796875 0.5943433546875 0.5126582281250001 0.5785205703125 0.5146360765625 0.576542721875 0.5126582281250001 0.5745648734375 0.50870253125 0.556764240625 0.49584651874999996 0.5419303796875 0.4760680375 0.5340189875 0.467167721875 0.5350079109375 0.4503560125 0.5379746828124999 0.43156645625 0.5547863921875 0.427610759375 0.5646756328125 0.427610759375 0.5864319625000001
0 0.1655458859375 0.427215190625 0.16356803749999999 0.42523734218750003 0.154667721875 0.426226265625 0.147745253125 0.427215190625 0.13785601249999999 0.433148734375 0.128955696875 0.4440268984375 0.1170886078125 0.46776107656250004 0.115110759375 0.48753955624999995 0.1170886078125 0.4895174046875 0.1170886078125 0.4994066453125 0.125 0.517207278125 0.13785601249999999 0.530063290625 0.161590190625 0.5379746828124999 0.16356803749999999 0.5359968359375 0.173457278125 0.5359968359375 0.187302215625 0.530063290625 0.2021360765625 0.5152294296875 0.2041139234375 0.5073180374999999 0.2080696203125 0.5033623421875 0.21004746875000002 0.49742879687499997 0.2120253171875 0.4736946203125 0.2021360765625 0.446004746875 0.1892800640625 0.433148734375 0.177412975 0.427215190625 0.1655458859375 0.427215190625
0 0.467167721875 0.64378955625 0.480023734375 0.6586234171875 0.4879351265625 0.6625791140625 0.5077136078125 0.6625791140625 0.515625 0.6586234171875 0.5284810125 0.64378955625 0.5304588609375 0.6259889234375 0.5265031640625 0.6160996828124999 0.515625 0.6032436703124999 0.5116693031249999 0.6012658234375 0.5047468359375 0.602254746875 0.49584651874999996 0.6131329109375 0.47804588593749997 0.6210443031249999 0.4681566453125 0.6210443031249999 0.4651898734375 0.6259889234375 0.4651898734375 0.6398338609375 0.467167721875 0.64378955625
0 0.5789161390625 0.61906645625 0.6026503171875001 0.61906645625 0.610561709375 0.615110759375 0.623417721875 0.602254746875 0.629351265625 0.5903876578125 0.6313291140625 0.5745648734375 0.619462025 0.5646756328125 0.6066060125 0.5458860765625 0.6016613921875 0.546875 0.6016613921875 0.5646756328125 0.5957278484375 0.5785205703125 0.5789161390625 0.5933544296875 0.558148734375 0.6002768984375 0.558148734375 0.6042325953125001 0.5670490499999999 0.6131329109375 0.5789161390625 0.61906645625
1 0.6155063296875001 0.5587420890625 0.62638449375 0.569620253125 0.6402294296875 0.575553796875 0.656052215625 0.5775316453125 0.6758306968750001 0.569620253125 0.69066455625 0.5547863921875 0.694620253125 0.5448971515625 0.694620253125 0.531052215625 0.6965981015625 0.5290743671875 0.688686709375 0.505340190625 0.67780854375 0.49446202499999997 0.661985759375 0.4865506328125 0.6412183546875 0.48753955624999995 0.62638449375 0.49446202499999997 0.6155063296875001 0.505340190625 0.6075949359374999 0.5251186703124999 0.609572784375 0.5488528484375 0.6155063296875001 0.5587420890625
1 0.5106803796875 0.562697784375 0.5126582281250001 0.5646756328125 0.5126582281250001 0.5706091765625 0.5205696203125 0.5844541140625 0.5334256328125 0.595332278125 0.545292721875 0.599287975 0.5630933546875 0.599287975 0.5828718359375 0.5913765828125 0.5977056968750001 0.5745648734375 0.6016613921875 0.562697784375 0.6016613921875 0.546875 0.5957278484375 0.5330300640625001 0.5808939875 0.5162183546875 0.565071203125 0.510284809375 0.544303796875 0.511273734375 0.53540348125 0.51424050625 0.5166139234375 0.531052215625 0.5106803796875 0.546875 0.5106803796875 0.562697784375
1 0.37025316406250003 0.5844541140625 0.37025316406250003 0.5903876578125 0.3682753171875 0.59236550625 0.3682753171875 0.6101661390625 0.3722310125 0.6200553796875 0.3801424046875 0.6299446203125 0.3870648734375 0.634889240625 0.400909809375 0.640822784375 0.414754746875 0.640822784375 0.42859968281249994 0.634889240625 0.44343354375 0.6200553796875 0.4454113921875 0.6141218359375 0.4295886078125 0.596321203125 0.4295886078125 0.5903876578125 0.4256329109375 0.5804984171875 0.4256329109375 0.5706091765625 0.41871044375000005 0.563686709375 0.4127768984375 0.5617088609375 0.395965190625 0.562697784375 0.38508702499999997 0.5676424046874999 0.37025316406250003 0.5844541140625
1 0.0874208859375 0.5092958859375 0.089398734375 0.536985759375 0.0973101265625 0.5508306968750001 0.10818829062499999 0.5617088609375 0.12203322812499999 0.5676424046874999 0.13192246875 0.5676424046874999 0.14378955625 0.563686709375 0.15664557031249998 0.5508306968750001 0.160601265625 0.5389636078125 0.13785601249999999 0.530063290625 0.125 0.5191851265625 0.1170886078125 0.5033623421875 0.115110759375 0.4796281640625 0.11214398750000001 0.4766613921875 0.109177215625 0.47765031718750006 0.095332278125 0.4895174046875 0.089398734375 0.50138449375 0.089398734375 0.5073180374999999 0.0874208859375 0.5092958859375
1 0.8924050640625 0.3431566453125 0.9111946203124999 0.36392405 0.923061709375 0.3698575953125 0.9369066453125001 0.37183544375 0.9467958859375001 0.367879746875 0.955696203125 0.3589794296875 0.9596518984375001 0.35106803750000004 0.961629746875 0.34513449375 0.961629746875 0.31942246875 0.9497626578125 0.2917325953125 0.9329509500000001 0.27294303750000004 0.9171281640625001 0.2650316453125 0.90625 0.2660205703125 0.8953718359374999 0.2689873421875 0.8844936703125 0.2818433546875 0.8825158234374999 0.2877768984375 0.8825158234374999 0.31942246875 0.8924050640625 0.3431566453125
1 0 0.5734660703125 0.007318037500000001 0.5775316453125 0.017207278125 0.5775316453125 0.02808544375 0.56665348125 0.0320411390625 0.5587420890625 0.0320411390625 0.52709651875 0.019185126562499998 0.5122626578125 0.0152294296875 0.510284809375 0.0122626578125 0.511273734375 0.004351265625 0.5290743671875 0 0.5334256328125 0 0.5734660703125
0 0 0.5332937765625 0.008306962499999999 0.5231408234375 0.010284809374999999 0.517207278125 0.010284809374999999 0.4796281640625 0.0063291140625 0.471716771875 0.00138449375 0.46677215156249996 0 0.46723365 0 0.5332937765625