0 0.5074750828125 0.47529069843749994 0.505398671875 0.477367109375 0.503322259375 0.49190199375 0.4950166109375 0.5064368765625 0.4835963453125 0.5178571421875 0.46594684375 0.529277409375 0.46802325624999996 0.53758305625 0.47632890312500004 0.550041528125 0.4960548171875 0.5656146171875001 0.5064368765625 0.5697674421875 0.53550664375 0.5676910296875 0.550041528125 0.5593853828124999 0.56146179375 0.5438122921875 0.5656146171875001 0.5417358796875 0.5718438531250001 0.5230481734375 0.5697674421875 0.500207640625 0.5593853828124999 0.4835963453125 0.5458887046875 0.4721760796875 0.5313538203125 0.46387043125 0.525124584375 0.46179402031250005 0.51578073125 0.4628322265625 0.5074750828125 0.46490863750000005 0.5074750828125 0.47529069843749994
0 0.4981312296875 0.6860465109375 0.48982558125000003 0.6818936875 0.4742524921875 0.68293189375 0.46698505 0.6860465109375 0.4597176078125 0.693313953125 0.45764119531249997 0.697466778125 0.45764119531249997 0.7120016609375 0.4597176078125 0.716154484375 0.47321428593750003 0.7275747515625001 0.49190199375 0.7275747515625001 0.505398671875 0.716154484375 0.5074750828125 0.7120016609375 0.5074750828125 0.6995431890625 0.4981312296875 0.6860465109375
0 0.451411959375 0.745224253125 0.44102990000000003 0.7535299 0.44102990000000003 0.7556063125 0.4482973421875 0.7607973421875001 0.45867940156250003 0.7607973421875001 0.46698505 0.75664451875 0.4721760796875 0.7493770765625001 0.4721760796875 0.7389950171875 0.45867940156250003 0.7254983390625 0.45348837187499996 0.7265365453125 0.45348837187499996 0.7410714281249999 0.451411959375 0.745224253125
0 0.37458471718749997 0.7265365453125 0.37458471718749997 0.7389950171875 0.38392857187499996 0.7504152828125 0.3880813953125 0.7524916937499999 0.40053986718749995 0.7524916937499999 0.4140365453125 0.7431478406250001 0.41611295625 0.72861295625 0.406769103125 0.717192690625 0.39638704375 0.7130398671875 0.3870431890625 0.7140780734375001 0.3766611296875 0.7223837203125 0.37458471718749997 0.7265365453125
0 0.3195598 0.7296511625 0.31125415312500004 0.721345515625 0.30606312343750003 0.7223837203125 0.29568106250000004 0.73068936875 0.29568106250000004 0.7369186046875 0.29360465156250004 0.7389950171875 0.29568106250000004 0.7410714281249999 0.29568106250000004 0.7473006640625 0.3050249171875 0.75664451875 0.3195598 0.7587209296874999 0.3309800671875 0.7493770765625001 0.3309800671875 0.7348421921875 0.3278654484375 0.7317275750000001 0.3195598 0.7296511625
0 0.359011628125 0.70888704375 0.3662790703125 0.7016196015625 0.37043189375 0.6912375421875 0.37043189375 0.6787790703125001 0.3662790703125 0.6704734218749999 0.3507059796875 0.65697674375 0.34343853750000003 0.65801495 0.332018271875 0.669435215625 0.32371262500000003 0.673588040625 0.3154069765625 0.673588040625 0.312292359375 0.68293189375 0.3185215953125 0.7016196015625 0.3299418609375 0.7109634546875 0.336171096875 0.7130398671875 0.34862956875 0.7130398671875 0.359011628125 0.70888704375
0 0.6985049828125 0.672549834375 0.6891611296875 0.6632059796875 0.679817275 0.6621677734375 0.6704734218749999 0.6652823921875 0.6632059796875 0.672549834375 0.6590531562499999 0.68293189375 0.6632059796875 0.697466778125 0.6704734218749999 0.7026578078125 0.68293189375 0.7026578078125 0.6870847171875 0.7005813953125 0.6964285718750001 0.6912375421875 0.7005813953125 0.68085548125 0.6985049828125 0.6787790703125001 0.6985049828125 0.672549834375
0 0.552117940625 0.673588040625 0.53758305625 0.6673588046875001 0.5323920265625001 0.668397009375 0.525124584375 0.669435215625 0.51370431875 0.68085548125 0.5095514953125 0.697466778125 0.5168189375 0.7109634546875 0.5230481734375 0.7151162796875 0.53758305625 0.717192690625 0.550041528125 0.7130398671875 0.5593853828124999 0.7036960140625 0.56146179375 0.6891611296875 0.5573089703125 0.6787790703125001 0.552117940625 0.673588040625
0 0.7389950171875 0.70681063125 0.7493770765625001 0.70681063125 0.7535299 0.70473421875 0.7587209296874999 0.697466778125 0.7587209296874999 0.6850083062500001 0.7514534890625 0.679817275 0.742109634375 0.68085548125 0.7338039859375 0.6870847171875 0.7317275750000001 0.695390365625 0.7338039859375 0.7016196015625 0.7389950171875 0.70681063125
0 0.9206810624999999 0.552117940625 0.9206810624999999 0.5645764125 0.9279485046874999 0.573920265625 0.936254153125 0.575996678125 0.9435215953125 0.5708056484374999 0.9476744187499999 0.5625 0.9476744187499999 0.547965115625 0.9445598000000001 0.5448504984375 0.9341777406249999 0.5448504984375 0.9269102984375 0.5417358796875 0.922757475 0.5458887046875 0.9206810624999999 0.552117940625
0 0.980897009375 0.5188953484375001 0.980897009375 0.4981312296875 0.9736295687500001 0.48878737499999997 0.960132890625 0.48982558125000003 0.9539036546874999 0.4981312296875 0.9559800671875 0.5209717609375 0.959094684375 0.528239203125 0.9694767437499999 0.5303156140625 0.9736295687500001 0.528239203125 0.980897009375 0.5188953484375001
1 0.9912790703125 0.527200996875 0.9912790703125 0.5188953484375001 0.9881644515625 0.51578073125 0.9829734218749999 0.5168189375 0.9788205984375 0.5230481734375 0.9684385375 0.5313538203125 0.9684385375 0.53550664375 0.9757059796875 0.5427740859375 0.984011628125 0.540697675 0.9912790703125 0.527200996875
1 0.8947259140625 0.6237541531249999 0.90199335625 0.6185631234375 0.9061461796874999 0.6102574749999999 0.9061461796874999 0.6040282390625 0.90095515 0.5946843859375 0.896802325 0.5926079734374999 0.889534884375 0.5936461796875 0.8812292359375 0.6040282390625 0.8812292359375 0.6164867109375 0.8864202656250001 0.6237541531249999 0.8947259140625 0.6237541531249999
1 0.816860465625 0.6704734218749999 0.8189368765625 0.65801495 0.8116694359375 0.648671096875 0.80024916875 0.6497093015625001 0.7919435218750001 0.6600913625 0.7919435218750001 0.6704734218749999 0.7940199328124999 0.6746262453125 0.7992109640625 0.6777408640625 0.8075166109374999 0.6777408640625 0.816860465625 0.6704734218749999
1 0.7732078671875 0.6926110828125001 0.7835899265624999 0.6926110828125001 0.79085736875 0.685343640625 0.79293378125 0.6728851687499999 0.79085736875 0.6666559328125 0.782961584375 0.6623242390625 0.7775208765625 0.664504003125 0.7721845578125001 0.66492280625 0.7659404249999999 0.6708087578125 0.7659404249999999 0.6832672296875 0.7732078671875 0.6926110828125001
1 0.5884551499999999 0.72861295625 0.5863787375 0.7265365453125 0.5863787375 0.720307309375 0.5811877078125 0.7151162796875 0.5801495015625 0.716154484375 0.5780730890625 0.7223837203125 0.5687292359375 0.7317275750000001 0.5645764125 0.7338039859375 0.5583471765625 0.7338039859375 0.5562707640625 0.7317275750000001 0.5531561468749999 0.7348421921875 0.5604235875 0.744186046875 0.577034884375 0.744186046875 0.584302325 0.7389950171875 0.5884551499999999 0.72861295625
1 0.575996678125 0.6995431890625 0.5666528234375 0.692275746875 0.56146179375 0.693313953125 0.5593853828124999 0.7036960140625 0.550041528125 0.7130398671875 0.5417358796875 0.7151162796875 0.5386212625 0.718230896875 0.5386212625 0.7223837203125 0.5458887046875 0.7296511625 0.5541943515625001 0.7338039859375 0.5687292359375 0.7317275750000001 0.5801495015625 0.718230896875 0.5801495015625 0.7057724249999999 0.575996678125 0.6995431890625
1 0.34655315625 0.75456810625 0.361088040625 0.75456810625 0.37250830625 0.745224253125 0.37250830625 0.73068936875 0.37043189375 0.7265365453125 0.361088040625 0.717192690625 0.35797342187500003 0.718230896875 0.34862956875 0.7296511625 0.333056478125 0.7348421921875 0.335132890625 0.745224253125 0.34655315625 0.75456810625
1 0.35693521562499997 0.7109634546875 0.3507059796875 0.7130398671875 0.334094684375 0.7130398671875 0.32371262500000003 0.70681063125 0.3185215953125 0.7016196015625 0.3154069765625 0.6943521593749999 0.312292359375 0.695390365625 0.308139534375 0.7016196015625 0.308139534375 0.716154484375 0.3195598 0.7296511625 0.3299418609375 0.7338039859375 0.3382475078125 0.7338039859375 0.34862956875 0.7296511625 0.355897009375 0.7223837203125 0.35797342187500003 0.718230896875 0.35693521562499997 0.7109634546875
1 0.23857973437500002 0.742109634375 0.22508305625 0.745224253125 0.22819767500000002 0.7504152828125 0.23857973437500002 0.75456810625 0.24480897031249998 0.75456810625 0.2562292359375 0.745224253125 0.2562292359375 0.73276578125 0.2541528234375 0.72861295625 0.24896179375 0.7254983390625 0.24584717656250002 0.7265365453125 0.24584717656250002 0.7348421921875 0.23857973437500002 0.742109634375
1 0.20847176093750003 0.716154484375 0.20847176093750003 0.72861295625 0.2105481734375 0.73276578125 0.22404485 0.744186046875 0.23857973437500002 0.742109634375 0.24584717656250002 0.7348421921875 0.24584717656250002 0.720307309375 0.23442691093749998 0.70681063125 0.22819767500000002 0.70473421875 0.21885382031249997 0.7057724249999999 0.215739203125 0.70681063125 0.20847176093750003 0.716154484375
1 0.30087209375 0.671511628125 0.307101328125 0.671511628125 0.309177740625 0.673588040625 0.3278654484375 0.671511628125 0.332018271875 0.669435215625 0.34551495 0.6538621265625 0.3475913625 0.647632890625 0.3475913625 0.6310215953125 0.34551495 0.624792359375 0.3413621265625 0.6164867109375 0.32371262500000003 0.600913621875 0.3174833890625 0.598837209375 0.2998338875 0.599875415625 0.288413621875 0.6050664453125 0.283222590625 0.6102574749999999 0.27491694375 0.6351744187499999 0.27699335625 0.6455564781249999 0.287375415625 0.6621677734375 0.30087209375 0.671511628125
1 0.2043189375 0.6164867109375 0.20847176093750003 0.6289451828125 0.214700996875 0.63725083125 0.22404485 0.644518271875 0.23442691093749998 0.648671096875 0.2531146171875 0.648671096875 0.263496678125 0.644518271875 0.27491694375 0.63309800625 0.2811461796875 0.6144102984375001 0.2790697671875 0.6102574749999999 0.2790697671875 0.597799003125 0.27491694375 0.58949335625 0.2572674421875 0.5718438531250001 0.2468853828125 0.5676910296875 0.2333887046875 0.5687292359375 0.2198920265625 0.573920265625 0.21366279062500002 0.5780730890625 0.20847176093750003 0.58534053125 0.2043189375 0.5936461796875 0.2043189375 0.6164867109375
1 0.09219269062499999 0.620639534375 0.10361295625 0.6341362125 0.11191860468749999 0.6382890359375 0.1285299 0.6382890359375 0.1347591359375 0.636212625 0.144102990625 0.6268687703125 0.1482558140625 0.6185631234375 0.1482558140625 0.6102574749999999 0.1503322265625 0.6081810625 0.1482558140625 0.6061046515624999 0.1482558140625 0.5936461796875 0.142026578125 0.5811877078125 0.132682725 0.5697674421875 0.120224253125 0.56353820625 0.1088039859375 0.5645764125 0.10361295625 0.5656146171875001 0.0901162796875 0.577034884375 0.0859634546875 0.58534053125 0.0859634546875 0.6061046515624999 0.09219269062499999 0.620639534375
1 0.17524916875000002 0.4462209296875 0.17524916875000002 0.477367109375 0.1856312296875 0.500207640625 0.1970514953125 0.51162790625 0.21366279062500002 0.5220099671875 0.2302740859375 0.526162790625 0.2323504984375 0.524086378125 0.25103820625 0.5220099671875 0.27491694375 0.504360465625 0.287375415625 0.48567275781249997 0.287375415625 0.47944352187500006 0.29152823906249997 0.47113787343749997 0.29152823906249997 0.4482973421875 0.283222590625 0.42960963437500005 0.271802325 0.4140365453125 0.24480897031249998 0.3974252484375 0.22508305625 0.3984634546875 0.20120431875000003 0.407807309375 0.192898671875 0.4140365453125 0.1835548171875 0.4254568109375 0.17524916875000002 0.4462209296875
1 0.5676910296875 0.53550664375 0.56353820625 0.5438122921875 0.552117940625 0.5531561468749999 0.5458887046875 0.56146179375 0.53758305625 0.5656146171875001 0.5230481734375 0.5676910296875 0.5209717609375 0.5697674421875 0.5188953484375001 0.5676910296875 0.5168189375 0.5697674421875 0.5105897015624999 0.5676910296875 0.49709302343750006 0.5687292359375 0.49709302343750006 0.577034884375 0.503322259375 0.5936461796875 0.5074750828125 0.599875415625 0.5209717609375 0.61129568125 0.53758305625 0.61337209375 0.53965946875 0.6154485046875 0.5562707640625 0.61337209375 0.5687292359375 0.6071428578125 0.5822259140625 0.5936461796875 0.5884551499999999 0.5791112953125 0.5884551499999999 0.5604235875 0.5780730890625 0.53965946875 0.572882059375 0.5344684390625 0.5676910296875 0.53550664375
2 0.361088040625 0.7628737546875 0.37250830625 0.7535299 0.37250830625 0.7493770765625001 0.36835548125 0.7493770765625001 0.359011628125 0.75456810625 0.3507059796875 0.75456810625 0.34032392031250003 0.7504152828125 0.33928571406249997 0.7556063125 0.34862956875 0.7628737546875 0.361088040625 0.7628737546875
2 0.41818936874999996 0.7535299 0.41818936874999996 0.7473006640625 0.41507475156250007 0.744186046875 0.41196013281250005 0.745224253125 0.3984634546875 0.7524916937499999 0.38392857187499996 0.7504152828125 0.382890365625 0.7535299 0.39431063125 0.7628737546875 0.406769103125 0.7628737546875 0.41818936874999996 0.7535299
2 0.41611295625 0.7244601328125 0.41611295625 0.7389950171875 0.4140365453125 0.7410714281249999 0.4233803984375 0.7524916937499999 0.44206810625 0.7524916937499999 0.451411959375 0.745224253125 0.45348837187499996 0.73068936875 0.44414451875000005 0.719269103125 0.43583887031249996 0.7151162796875 0.428571428125 0.716154484375 0.4233803984375 0.717192690625 0.41611295625 0.7244601328125
2 0.43583887031249996 0.7005813953125 0.445182725 0.6912375421875 0.4493355484375 0.68085548125 0.4493355484375 0.672549834375 0.4431063125 0.65801495 0.43791528281250003 0.6528239203124999 0.4171511625 0.6528239203124999 0.40884551562500004 0.648671096875 0.4015780734375 0.6497093015625001 0.39119601406250004 0.65801495 0.3870431890625 0.6663205984375 0.3870431890625 0.68293189375 0.39119601406250004 0.6912375421875 0.4026162796875 0.7026578078125 0.40884551562500004 0.70473421875 0.427533221875 0.70473421875 0.43583887031249996 0.7005813953125
2 0.43791528281250003 0.6528239203124999 0.45037375468749996 0.646594684375 0.46179402031250005 0.6351744187499999 0.46802325624999996 0.620639534375 0.46802325624999996 0.6019518265625 0.46179402031250005 0.58949335625 0.454526578125 0.5822259140625 0.4337624578125 0.5718438531250001 0.4244186046875 0.572882059375 0.406769103125 0.575996678125 0.3953488375 0.58534053125 0.3870431890625 0.599875415625 0.3870431890625 0.624792359375 0.39327242500000004 0.63725083125 0.406769103125 0.648671096875 0.4171511625 0.6528239203124999 0.43791528281250003 0.6528239203124999
2 0.30606312343750003 0.47944352187500006 0.29568106250000004 0.500207640625 0.29360465156250004 0.5209717609375 0.2998338875 0.53965946875 0.3154069765625 0.5593853828124999 0.3299418609375 0.5676910296875 0.3424003328125 0.5718438531250001 0.35693521562499997 0.5718438531250001 0.379775746875 0.56353820625 0.3953488375 0.547965115625 0.40365448437499996 0.5313538203125 0.40365448437499996 0.5188953484375001 0.3974252484375 0.5126661125 0.3870431890625 0.49397840468750004 0.380813953125 0.47113787343749997 0.3693936875 0.46179402031250005 0.3548588046875 0.4597176078125 0.3527823921875 0.45764119531249997 0.34551495 0.45867940156250003 0.334094684375 0.4597176078125 0.32163621249999996 0.46594684375 0.30606312343750003 0.47944352187500006
2 0.39119601406250004 0.43583887031249996 0.382890365625 0.454526578125 0.382890365625 0.477367109375 0.3870431890625 0.48567275781249997 0.3870431890625 0.49190199375 0.3953488375 0.5064368765625 0.4109219265625 0.5220099671875 0.42960963437500005 0.5303156140625 0.45867940156250003 0.5303156140625 0.477367109375 0.5220099671875 0.49916943593749996 0.4981312296875 0.505398671875 0.4815199328125 0.505398671875 0.45867940156250003 0.49709302343750006 0.43583887031249996 0.4815199328125 0.41818936874999996 0.46698505 0.4098837203125 0.454526578125 0.407807309375 0.452450165625 0.405730896875 0.43272425312499996 0.406769103125 0.4129983390625 0.4140365453125 0.404692690625 0.42026578125 0.39119601406250004 0.43583887031249996
2 0.503322259375 0.73276578125 0.5147425250000001 0.742109634375 0.529277409375 0.742109634375 0.5334302328125 0.740033221875 0.5427740859375 0.72861295625 0.5386212625 0.720307309375 0.53550664375 0.717192690625 0.5230481734375 0.7151162796875 0.5126661125 0.70681063125 0.51162790625 0.7078488375 0.5012458468750001 0.720307309375 0.503322259375 0.73276578125
2 0.621677740625 0.7223837203125 0.621677740625 0.7099252484374999 0.6102574749999999 0.7005813953125 0.598837209375 0.7016196015625 0.5863787375 0.7120016609375 0.5863787375 0.7265365453125 0.597799003125 0.7358803984375 0.6081810625 0.7358803984375 0.619601328125 0.7265365453125 0.621677740625 0.7223837203125
2 0.6351744187499999 0.7275747515625001 0.6497093015625001 0.7254983390625 0.6590531562499999 0.716154484375 0.6590531562499999 0.7057724249999999 0.65697674375 0.7016196015625 0.647632890625 0.6943521593749999 0.6424418609375 0.695390365625 0.63309800625 0.6985049828125 0.6258305640625 0.7099252484374999 0.6279069765624999 0.720307309375 0.6351744187499999 0.7275747515625001
2 0.9539036546874999 0.5064368765625 0.9424833890625001 0.49916943593749996 0.9393687703125 0.500207640625 0.9341777406249999 0.5012458468750001 0.9269102984375 0.5085132890625 0.9248338875 0.5209717609375 0.922757475 0.5230481734375 0.9269102984375 0.53965946875 0.936254153125 0.5469269109375 0.9404069765624999 0.5469269109375 0.9518272421875 0.53965946875 0.958056478125 0.5230481734375 0.9559800671875 0.5209717609375 0.9539036546874999 0.5064368765625
2 0.9923172750000001 0.478405315625 0.9881644515625 0.47632890312500004 0.980897009375 0.477367109375 0.9746677734375 0.4835963453125 0.9746677734375 0.48982558125000003 0.980897009375 0.500207640625 0.980897009375 0.5147425250000001 0.984011628125 0.5178571421875 0.9881644515625 0.5178571421875 0.99750830625 0.5064368765625 0.9995847171875001 0.49190199375 0.99750830625 0.48982558125000003 0.99750830625 0.4835963453125 0.9923172750000001 0.478405315625