0 0.7724609375 0.40234375 0.7646484375 0.3984375 0.7587890625 0.396484375 0.7392578125 0.396484375 0.7333984375 0.3984375 0.71875 0.4111328125 0.7109375 0.4248046875 0.7109375 0.4521484375 0.71484375 0.4599609375 0.7314453125 0.4765625 0.7431640625 0.482421875 0.765625 0.4814453125 0.7763671875 0.4765625 0.7890625 0.4599609375 0.791015625 0.4541015625 0.791015625 0.4326171875 0.7890625 0.4306640625 0.7890625 0.4248046875 0.78125 0.4111328125 0.7724609375 0.40234375
0 0.3984375 0.6826171875 0.392578125 0.6728515625 0.392578125 0.6689453125 0.38671875 0.6611328125 0.3623046875 0.638671875 0.3505859375 0.6328125 0.3388671875 0.62890625 0.3310546875 0.62890625 0.3291015625 0.626953125 0.3095703125 0.626953125 0.3076171875 0.62890625 0.3017578125 0.62890625 0.2783203125 0.640625 0.267578125 0.6513671875 0.265625 0.6572265625 0.2578125 0.6669921875 0.2578125 0.6708984375 0.25390625 0.6767578125 0.25390625 0.6904296875 0.251953125 0.6923828125 0.25390625 0.6943359375 0.25390625 0.7099609375 0.2578125 0.7177734375 0.259765625 0.7294921875 0.27734375 0.7529296875 0.2998046875 0.76953125 0.3173828125 0.7734375 0.3193359375 0.775390625 0.3515625 0.7744140625 0.3642578125 0.771484375 0.3701171875 0.765625 0.3837890625 0.7578125 0.396484375 0.7412109375 0.40234375 0.7236328125 0.40234375 0.6962890625 0.3984375 0.6884765625 0.3984375 0.6826171875
0 0.4130859375 0.345703125 0.4111328125 0.34765625 0.4052734375 0.34765625 0.390625 0.3603515625 0.38671875 0.3720703125 0.38671875 0.3818359375 0.3974609375 0.3984375 0.4091796875 0.404296875 0.421875 0.4033203125 0.4306640625 0.400390625 0.4375 0.3935546875 0.443359375 0.3798828125 0.443359375 0.3681640625 0.4375 0.3564453125 0.4326171875 0.3515625 0.4248046875 0.34765625 0.4130859375 0.345703125
0 0.40625 0.3447265625 0.4072265625 0.34765625 0.4248046875 0.34765625 0.4326171875 0.3515625 0.44140625 0.3623046875 0.443359375 0.3740234375 0.4453125 0.3740234375 0.44921875 0.3720703125 0.453125 0.3642578125 0.453125 0.3486328125 0.4462890625 0.337890625 0.4345703125 0.33203125 0.4248046875 0.33203125 0.4150390625 0.3359375 0.40625 0.3447265625
0 0.4375 0.3193359375 0.4375 0.3330078125 0.4521484375 0.34375 0.455078125 0.3427734375 0.455078125 0.3388671875 0.4658203125 0.328125 0.4765625 0.3251953125 0.474609375 0.3154296875 0.4638671875 0.306640625 0.4521484375 0.306640625 0.4443359375 0.310546875 0.4375 0.3193359375
0 0.5107421875 0.314453125 0.5224609375 0.322265625 0.525390625 0.3212890625 0.5322265625 0.318359375 0.533203125 0.3134765625 0.5263671875 0.3046875 0.5185546875 0.30078125 0.5107421875 0.30078125 0.5009765625 0.3046875 0.494140625 0.3134765625 0.5107421875 0.314453125
0 0.5302734375 0.318359375 0.5234375 0.3251953125 0.5234375 0.3310546875 0.5322265625 0.337890625 0.541015625 0.3486328125 0.54296875 0.3642578125 0.552734375 0.3642578125 0.5595703125 0.361328125 0.56640625 0.3544921875 0.5703125 0.3466796875 0.5703125 0.3330078125 0.564453125 0.3232421875 0.5556640625 0.31640625 0.5400390625 0.314453125 0.5302734375 0.318359375
0 0.486328125 0.3212890625 0.4853515625 0.326171875 0.4951171875 0.330078125 0.4990234375 0.333984375 0.501953125 0.3330078125 0.5087890625 0.330078125 0.5185546875 0.33203125 0.5234375 0.3251953125 0.5166015625 0.318359375 0.5126953125 0.318359375 0.5068359375 0.314453125 0.4970703125 0.314453125 0.486328125 0.3212890625
0 0.3623046875 0.330078125 0.3515625 0.3408203125 0.3515625 0.3564453125 0.3544921875 0.361328125 0.357421875 0.3603515625 0.357421875 0.3564453125 0.3662109375 0.34375 0.3720703125 0.33984375 0.3876953125 0.337890625 0.388671875 0.3349609375 0.3759765625 0.328125 0.3662109375 0.328125 0.3623046875 0.330078125
0 0.31640625 0.3427734375 0.314453125 0.3583984375 0.3232421875 0.369140625 0.3271484375 0.37109375 0.337890625 0.3701171875 0.3427734375 0.369140625 0.3515625 0.3583984375 0.3515625 0.3408203125 0.3427734375 0.33203125 0.3369140625 0.33203125 0.3349609375 0.330078125 0.3232421875 0.333984375 0.31640625 0.3427734375
0 0.3408203125 0.33203125 0.3505859375 0.33984375 0.353515625 0.3388671875 0.35546875 0.3369140625 0.35546875 0.3291015625 0.3525390625 0.32421875 0.3447265625 0.3203125 0.3349609375 0.3203125 0.3310546875 0.322265625 0.32421875 0.3310546875 0.3408203125 0.33203125
0 0.3583984375 0.333984375 0.359375 0.3330078125 0.3740234375 0.3203125 0.3798828125 0.318359375 0.380859375 0.3154296875 0.3681640625 0.314453125 0.3642578125 0.31640625 0.35546875 0.3291015625 0.35546875 0.3310546875 0.3583984375 0.333984375
1 0.134765625 0.4423828125 0.13671875 0.4541015625 0.140625 0.4541015625 0.1484375 0.4443359375 0.1484375 0.4267578125 0.1416015625 0.41796875 0.1298828125 0.416015625 0.119140625 0.4248046875 0.1171875 0.4326171875 0.1298828125 0.435546875 0.134765625 0.4423828125
1 0.1015625 0.4501953125 0.1015625 0.4658203125 0.1064453125 0.474609375 0.1142578125 0.478515625 0.123046875 0.4775390625 0.1328125 0.4697265625 0.13671875 0.4580078125 0.13671875 0.4501953125 0.1318359375 0.4375 0.1220703125 0.43359375 0.1162109375 0.43359375 0.10546875 0.4423828125 0.1015625 0.4501953125
1 0.0859375 0.4462890625 0.083984375 0.4521484375 0.083984375 0.4658203125 0.0908203125 0.4765625 0.0947265625 0.478515625 0.1015625 0.4775390625 0.10546875 0.4755859375 0.10546875 0.4716796875 0.1015625 0.4658203125 0.1015625 0.4482421875 0.107421875 0.4404296875 0.1044921875 0.4375 0.0947265625 0.4375 0.0859375 0.4462890625
1 0.17578125 0.3955078125 0.17578125 0.4013671875 0.173828125 0.4033203125 0.177734375 0.4169921875 0.1845703125 0.421875 0.19140625 0.4228515625 0.1982421875 0.421875 0.20703125 0.4130859375 0.208984375 0.4072265625 0.208984375 0.3955078125 0.205078125 0.3876953125 0.1962890625 0.3828125 0.1865234375 0.384765625 0.17578125 0.3955078125
1 0.2265625 0.3798828125 0.2333984375 0.392578125 0.2373046875 0.39453125 0.25 0.3935546875 0.2529296875 0.392578125 0.259765625 0.3837890625 0.26171875 0.3720703125 0.259765625 0.3662109375 0.2509765625 0.357421875 0.2412109375 0.357421875 0.228515625 0.3681640625 0.2265625 0.3798828125
1 0.3037109375 0.3671875 0.3125 0.3662109375 0.31640625 0.3642578125 0.314453125 0.3486328125 0.322265625 0.3349609375 0.3134765625 0.330078125 0.3017578125 0.333984375 0.29296875 0.3447265625 0.294921875 0.3603515625 0.3037109375 0.3671875
1 0.263671875 0.4033203125 0.26171875 0.4169921875 0.2861328125 0.416015625 0.2958984375 0.419921875 0.3076171875 0.431640625 0.310546875 0.4306640625 0.31640625 0.4208984375 0.31640625 0.4013671875 0.3125 0.3935546875 0.3056640625 0.38671875 0.2958984375 0.3828125 0.2861328125 0.3828125 0.2744140625 0.388671875 0.263671875 0.4033203125
1 0.2705078125 0.416015625 0.2587890625 0.421875 0.25 0.4306640625 0.244140625 0.4443359375 0.244140625 0.4619140625 0.248046875 0.4716796875 0.2587890625 0.482421875 0.2724609375 0.48828125 0.283203125 0.4873046875 0.2900390625 0.486328125 0.302734375 0.4775390625 0.310546875 0.4599609375 0.310546875 0.4404296875 0.306640625 0.4306640625 0.2958984375 0.419921875 0.2861328125 0.416015625 0.2705078125 0.416015625
1 0.39453125 0.4755859375 0.3876953125 0.46875 0.3759765625 0.4609375 0.3642578125 0.45703125 0.3447265625 0.45703125 0.3251953125 0.466796875 0.314453125 0.4775390625 0.306640625 0.4951171875 0.3046875 0.5107421875 0.3125 0.5341796875 0.3251953125 0.546875 0.3388671875 0.5546875 0.3486328125 0.5546875 0.3505859375 0.556640625 0.36328125 0.5556640625 0.3701171875 0.5546875 0.3818359375 0.548828125 0.39453125 0.5361328125 0.40234375 0.5166015625 0.404296875 0.5029296875 0.40234375 0.5009765625 0.400390625 0.4873046875 0.39453125 0.4755859375
1 0.3720703125 0.341796875 0.3681640625 0.341796875 0.359375 0.3525390625 0.357421875 0.3583984375 0.357421875 0.3701171875 0.361328125 0.3779296875 0.3720703125 0.38671875 0.3828125 0.3876953125 0.388671875 0.3857421875 0.38671875 0.3818359375 0.388671875 0.3642578125 0.400390625 0.3505859375 0.400390625 0.3466796875 0.3896484375 0.337890625 0.3779296875 0.337890625 0.3720703125 0.341796875
1 0.3818359375 0.330078125 0.3994140625 0.345703125 0.404296875 0.3447265625 0.408203125 0.3330078125 0.404296875 0.3232421875 0.3994140625 0.318359375 0.3955078125 0.31640625 0.3798828125 0.31640625 0.37109375 0.3251953125 0.3779296875 0.330078125 0.3818359375 0.330078125
1 0.4716796875 0.326171875 0.4658203125 0.328125 0.453125 0.3427734375 0.453125 0.3583984375 0.45703125 0.3662109375 0.4658203125 0.375 0.4697265625 0.376953125 0.486328125 0.3759765625 0.48828125 0.3720703125 0.484375 0.3662109375 0.482421875 0.3564453125 0.48828125 0.3427734375 0.4970703125 0.3359375 0.498046875 0.3330078125 0.4873046875 0.326171875 0.4716796875 0.326171875
1 0.5029296875 0.33203125 0.4951171875 0.3359375 0.48828125 0.3427734375 0.484375 0.3505859375 0.484375 0.3662109375 0.4931640625 0.380859375 0.5048828125 0.38671875 0.515625 0.3876953125 0.5283203125 0.384765625 0.537109375 0.3759765625 0.54296875 0.3642578125 0.54296875 0.3564453125 0.5390625 0.3466796875 0.5302734375 0.3359375 0.5224609375 0.33203125 0.5029296875 0.33203125
1 0.6396484375 0.34375 0.6318359375 0.34765625 0.62109375 0.3603515625 0.619140625 0.3720703125 0.6171875 0.3740234375 0.619140625 0.3857421875 0.623046875 0.3935546875 0.6357421875 0.40625 0.6455078125 0.41015625 0.66015625 0.4091796875 0.6708984375 0.404296875 0.6796875 0.3935546875 0.68359375 0.3837890625 0.68359375 0.3720703125 0.677734375 0.3583984375 0.6669921875 0.34765625 0.6572265625 0.34375 0.6396484375 0.34375
2 0.955078125 0.4189453125 0.958984375 0.4287109375 0.9677734375 0.4375 0.9716796875 0.439453125 0.98046875 0.4384765625 0.990234375 0.4267578125 0.990234375 0.4072265625 0.984375 0.3955078125 0.9794921875 0.390625 0.9697265625 0.38671875 0.9638671875 0.388671875 0.955078125 0.3994140625 0.955078125 0.4189453125