1 0.6809640515625001 0.46867851250000003 0.67892156875 0.49114583281249996 0.6809640515625001 0.49318831718749995 0.6830065359375 0.507485703125 0.6911764703125 0.5197406046874999 0.700367646875 0.5268892968750001 0.70241013125 0.5309742640625 0.710580065625 0.53505923125 0.71875 0.53505923125 0.720792484375 0.537101715625 0.7432598046875001 0.53505923125 0.7595996734375 0.5248468140625 0.7708333328125 0.5115706703125 0.776960784375 0.4952308 0.776960784375 0.4727634796875 0.7728758171875 0.46050857812499996 0.75551470625 0.4390625 0.7391748359375 0.43089256562499995 0.7116013078125001 0.43191380781250005 0.70241013125 0.43702001562500004 0.6952614374999999 0.44416870937499997 0.6809640515625001 0.46867851250000003
1 0.37254902031250003 0.5217830875 0.36335784375 0.5268892968750001 0.3500817 0.5401654406249999 0.3419117640625 0.5565053109375 0.33986928125000004 0.5728451796875 0.3419117640625 0.5748876640625 0.3439542484375 0.5891850484375001 0.348039215625 0.597354984375 0.3572303921875 0.606546159375 0.3735702609375 0.616758578125 0.3796977125 0.616758578125 0.38174019531250003 0.6188010625 0.40216503281250005 0.6188010625 0.408292484375 0.616758578125 0.41237745156249994 0.6126736109375 0.41850490156250003 0.610631128125 0.42973856250000003 0.5993974671875 0.4358660125 0.587142565625 0.437908496875 0.5810151140625 0.437908496875 0.5605902781250001 0.43382352968750004 0.5483353765625 0.42973856250000003 0.5401654406249999 0.414419934375 0.5268892968750001 0.39603758125 0.5207618468749999 0.37254902031250003 0.5217830875
1 0 0.6041904953125 0.00388071875 0.60858864375 0.0140931375 0.60858864375 0.025326796875 0.6014399515625 0.02736928125 0.5891850484375001 0.0294117640625 0.587142565625 0.0294117640625 0.5748876640625 0.02736928125 0.5728451796875 0.025326796875 0.5605902781250001 0.0181781046875 0.5513991015624999 0.0079656859375 0.54527165 0 0.5461567265625 0 0.6041904953125
1 0.0447303921875 0.63514093125 0.054942810937499996 0.63514093125 0.059027778125 0.6330984484375 0.0641339875 0.6259497546875 0.058006535937500006 0.6198223046875 0.051879084374999995 0.603482434375 0.05392156875 0.576930146875 0.048815359375 0.573866421875 0.0375817 0.5748876640625 0.0345179734375 0.5759089046875 0.0294117640625 0.5830575984374999 0.0294117640625 0.5891850484375001 0.025326796875 0.5993974671875 0.025326796875 0.6136948531249999 0.0294117640625 0.6218647875000001 0.040645425 0.6330984484375 0.0447303921875 0.63514093125
1 0.10498365937500001 0.61165236875 0.10498365937500001 0.5993974671875 0.09477124218750001 0.5728451796875 0.0814950984375 0.5656964875 0.072303921875 0.5646752453125 0.06515522812499999 0.5677389703125 0.05596405156249999 0.576930146875 0.051879084374999995 0.58510008125 0.051879084374999995 0.60552491875 0.058006535937500006 0.6198223046875 0.0692401953125 0.6310559640625 0.085580065625 0.6330984484375 0.091707515625 0.6310559640625 0.1008986921875 0.6218647875000001 0.10498365937500001 0.61165236875
1 0.20608660156249997 0.6862030234375001 0.2203839875 0.6862030234375001 0.2244689546875 0.6841605390625001 0.23570261406249998 0.6708843953125 0.23570261406249998 0.6545445265625001 0.23366013125 0.648417075 0.218341503125 0.6310559640625 0.2122140515625 0.6290134796875 0.20098039218750002 0.630034721875 0.1979166671875 0.6310559640625 0.18464052343749998 0.6463745921874999 0.18464052343749998 0.6525020421875001 0.1825980390625 0.6545445265625001 0.18464052343749998 0.6647569437499999 0.19076797343750002 0.6770118468749999 0.1958741828125 0.68211805625 0.20608660156249997 0.6862030234375001
1 0.408292484375 0.733180146875 0.42258986875 0.733180146875 0.4266748359375 0.7311376640625 0.4358660125 0.7178615203125001 0.43382352968750004 0.7056066171875 0.4205473859375 0.6943729578125 0.4052287578125 0.6953942 0.395016340625 0.7056066171875 0.395016340625 0.719904003125 0.3970588234375 0.7239889703125 0.408292484375 0.733180146875
1 0.36233660156249997 0.69130923125 0.3592728765625 0.6923304734375 0.3521241828125 0.70152165 0.3521241828125 0.719904003125 0.3654003265625 0.7311376640625 0.3796977125 0.7311376640625 0.3858251640625 0.7290951796875 0.390931371875 0.7239889703125 0.39297385625 0.7178615203125001 0.39297385625 0.7056066171875 0.390931371875 0.70152165 0.37765522812499996 0.690287990625 0.36233660156249997 0.69130923125
1 0.297998365625 0.6862030234375001 0.29391339843750003 0.6841605390625001 0.2888071890625 0.6851817812500001 0.28370097968749997 0.690287990625 0.2734885625 0.6923304734375 0.268382353125 0.6974366828125 0.268382353125 0.71173406875 0.27757352968750004 0.722967728125 0.2877859484375 0.7270526953124999 0.2959558828125 0.7270526953124999 0.3071895421875 0.7178615203125001 0.30923202656250004 0.7137765515625001 0.30923202656250004 0.70152165 0.297998365625 0.6862030234375001
0 0.294934640625 0.65862949375 0.2908496734375 0.650459559375 0.27757352968750004 0.6392258984375 0.2673611109375 0.63514093125 0.2561274515625 0.6361621734375 0.2459150328125 0.6443321078124999 0.241830065625 0.6525020421875001 0.23978758125000002 0.6708843953125 0.2438725484375 0.6790543296875 0.25306372499999996 0.68824550625 0.261233659375 0.6923304734375 0.2796160125 0.6923304734375 0.2908496734375 0.6831392968750001 0.294934640625 0.6749693625 0.294934640625 0.65862949375
0 0.65236928125 0.6341196890624999 0.6421568625 0.6422896234375 0.6380718953125 0.650459559375 0.6380718953125 0.6647569437499999 0.6421568625 0.6729268796875 0.6513480390625 0.680075571875 0.6676879078125 0.680075571875 0.6830065359375 0.666799428125 0.6850490203125 0.6627144609375 0.6850490203125 0.648417075 0.673815359375 0.63514093125 0.6676879078125 0.6330984484375 0.65236928125 0.6341196890624999
0 0.321486928125 0.6872242640625 0.318423203125 0.68824550625 0.30923202656250004 0.6994791671875 0.30923202656250004 0.7137765515625001 0.3204656859375 0.7270526953124999 0.3265931375 0.7290951796875 0.34089052343750004 0.7270526953124999 0.348039215625 0.7219464875 0.3521241828125 0.7137765515625001 0.3500817 0.70152165 0.34089052343750004 0.690287990625 0.3306781046875 0.6862030234375001 0.321486928125 0.6872242640625
1 0.57271241875 0.6729268796875 0.560457515625 0.6831392968750001 0.5584150328125 0.6872242640625 0.5584150328125 0.70152165 0.5625 0.7076491015624999 0.5696486921874999 0.7127553109375 0.5859885625000001 0.7127553109375 0.597222221875 0.703564134375 0.6013071890624999 0.69130923125 0.59926470625 0.6851817812500001 0.5921160125 0.6759906046874999 0.583946078125 0.6719056375 0.57271241875 0.6729268796875