0 0.4765625 0.3212890625 0.4814453125 0.328125 0.4931640625 0.333984375 0.505859375 0.3330078125 0.51171875 0.3291015625 0.517578125 0.3193359375 0.517578125 0.3056640625 0.5107421875 0.296875 0.5029296875 0.29296875 0.4873046875 0.294921875 0.4765625 0.3076171875 0.4765625 0.3212890625
0 0.4931640625 0.29296875 0.5029296875 0.29296875 0.5087890625 0.296875 0.51171875 0.2958984375 0.513671875 0.2880859375 0.5029296875 0.275390625 0.4912109375 0.275390625 0.482421875 0.2802734375 0.482421875 0.2861328125 0.48046875 0.2880859375 0.4814453125 0.296875 0.4931640625 0.29296875
0 0.482421875 0.2802734375 0.48828125 0.2763671875 0.4814453125 0.271484375 0.4755859375 0.271484375 0.46875 0.2744140625 0.4697265625 0.27734375 0.4736328125 0.27734375 0.4794921875 0.28125 0.482421875 0.2802734375
0 0.5380859375 0.2734375 0.54296875 0.2783203125 0.544921875 0.2861328125 0.5478515625 0.2890625 0.55078125 0.2880859375 0.552734375 0.2861328125 0.552734375 0.2763671875 0.5458984375 0.267578125 0.5419921875 0.265625 0.5322265625 0.265625 0.52734375 0.2685546875 0.5283203125 0.271484375 0.5380859375 0.2734375
1 0.6123046875 0.306640625 0.5986328125 0.3125 0.591796875 0.3232421875 0.591796875 0.3388671875 0.595703125 0.3466796875 0.6083984375 0.357421875 0.6142578125 0.359375 0.626953125 0.3583984375 0.6337890625 0.35546875 0.640625 0.3486328125 0.64453125 0.3408203125 0.64453125 0.3271484375 0.640625 0.3193359375 0.6318359375 0.310546875 0.6220703125 0.306640625 0.6123046875 0.306640625
1 0.6923828125 0.365234375 0.6748046875 0.365234375 0.6611328125 0.37109375 0.65234375 0.3798828125 0.64453125 0.3974609375 0.646484375 0.4130859375 0.65234375 0.4267578125 0.6650390625 0.439453125 0.6767578125 0.4453125 0.703125 0.4443359375 0.70703125 0.4423828125 0.708984375 0.4365234375 0.716796875 0.4287109375 0.72265625 0.4169921875 0.72265625 0.3955078125 0.71875 0.3857421875 0.7060546875 0.37109375 0.6923828125 0.365234375
1 0.8994140625 0.416015625 0.8935546875 0.41796875 0.880859375 0.4306640625 0.876953125 0.4384765625 0.875 0.4443359375 0.875 0.4658203125 0.87890625 0.4775390625 0.8916015625 0.4921875 0.9033203125 0.498046875 0.916015625 0.4970703125 0.9208984375 0.49609375 0.93359375 0.4833984375 0.939453125 0.4658203125 0.939453125 0.4521484375 0.93359375 0.4345703125 0.9208984375 0.419921875 0.9130859375 0.416015625 0.8994140625 0.416015625
1 0.6796875 0.3349609375 0.6796875 0.3447265625 0.685546875 0.3583984375 0.6923828125 0.365234375 0.7021484375 0.369140625 0.72265625 0.3681640625 0.73046875 0.3603515625 0.734375 0.3505859375 0.734375 0.3427734375 0.728515625 0.3271484375 0.7177734375 0.318359375 0.7060546875 0.314453125 0.6884765625 0.318359375 0.6796875 0.3349609375
1 0.6708984375 0.302734375 0.6611328125 0.306640625 0.65234375 0.3154296875 0.650390625 0.3193359375 0.650390625 0.3330078125 0.654296875 0.3408203125 0.6650390625 0.3515625 0.6689453125 0.353515625 0.6796875 0.3525390625 0.681640625 0.3505859375 0.6796875 0.3466796875 0.681640625 0.3291015625 0.685546875 0.3212890625 0.6904296875 0.318359375 0.693359375 0.3134765625 0.6826171875 0.3046875 0.6708984375 0.302734375
1 0.4384765625 0.341796875 0.4287109375 0.345703125 0.419921875 0.3525390625 0.416015625 0.3583984375 0.412109375 0.3759765625 0.41796875 0.3916015625 0.4267578125 0.400390625 0.4423828125 0.40625 0.453125 0.4052734375 0.4619140625 0.404296875 0.466796875 0.3994140625 0.4765625 0.3837890625 0.478515625 0.3701171875 0.47265625 0.3544921875 0.4658203125 0.34765625 0.4541015625 0.341796875 0.4384765625 0.341796875
1 0.3173828125 0.33203125 0.326171875 0.3330078125 0.3310546875 0.33203125 0.33984375 0.3193359375 0.337890625 0.3095703125 0.3330078125 0.3046875 0.3193359375 0.3046875 0.310546875 0.3154296875 0.3125 0.3271484375 0.3173828125 0.33203125
1 0.208984375 0.3720703125 0.2138671875 0.376953125 0.22265625 0.3779296875 0.2275390625 0.376953125 0.236328125 0.3642578125 0.234375 0.3505859375 0.2275390625 0.345703125 0.2158203125 0.34765625 0.20703125 0.3583984375 0.20703125 0.3681640625 0.208984375 0.3720703125
1 0.521484375 0.3017578125 0.521484375 0.3076171875 0.51953125 0.3095703125 0.521484375 0.3193359375 0.5283203125 0.328125 0.5361328125 0.33203125 0.552734375 0.3310546875 0.556640625 0.3291015625 0.5625 0.3193359375 0.564453125 0.3134765625 0.5625 0.3037109375 0.560546875 0.2998046875 0.5498046875 0.291015625 0.5341796875 0.291015625 0.521484375 0.3017578125
1 0.513671875 0.2939453125 0.515625 0.2978515625 0.5185546875 0.30078125 0.5234375 0.2998046875 0.5302734375 0.29296875 0.546875 0.2900390625 0.544921875 0.2802734375 0.5341796875 0.271484375 0.5263671875 0.271484375 0.5185546875 0.275390625 0.513671875 0.2822265625 0.513671875 0.2939453125
1 0.455078125 0.3017578125 0.4599609375 0.306640625 0.46875 0.3076171875 0.4755859375 0.306640625 0.48046875 0.2998046875 0.48046875 0.2822265625 0.4736328125 0.27734375 0.4599609375 0.279296875 0.453125 0.2861328125 0.453125 0.2978515625 0.455078125 0.3017578125
1 0.4365234375 0.30859375 0.447265625 0.3076171875 0.453125 0.3017578125 0.453125 0.2841796875 0.4462890625 0.279296875 0.4365234375 0.279296875 0.427734375 0.2861328125 0.42578125 0.2978515625 0.427734375 0.3017578125 0.4365234375 0.30859375
0 0.2568359375 0.361328125 0.267578125 0.3603515625 0.2734375 0.3564453125 0.27734375 0.3486328125 0.27734375 0.3388671875 0.2724609375 0.33203125 0.2607421875 0.330078125 0.248046875 0.3408203125 0.248046875 0.3544921875 0.2568359375 0.361328125