0 0.305899340625 0.4707095703125 0.316212871875 0.46658415781249996 0.333745875 0.4490511546875 0.34199670000000004 0.4263613859375 0.34199670000000004 0.4057343234375 0.333745875 0.38510726093750003 0.32652640312500003 0.3778877890625 0.305899340625 0.36757425781249997 0.2852722765625 0.36757425781249997 0.2667079203125 0.3758250828125 0.2512376234375 0.3933580859375 0.2450495046875 0.40985973593749997 0.2450495046875 0.4304867984375 0.2512376234375 0.4469884484375 0.2687706265625 0.46452145156249997 0.2811468640625 0.4707095703125 0.2883663359375 0.4717409234375 0.2955858078125 0.4727722765625 0.297648515625 0.4707095703125 0.305899340625 0.4707095703125
0 0.40181518125000004 0.40985973593749997 0.41006600625 0.3912953796875 0.41006600625 0.3747937296875 0.40181518125000004 0.3541666671875 0.392533003125 0.3448844890625 0.378094059375 0.3386963703125 0.355404290625 0.3386963703125 0.340965346875 0.3448844890625 0.3296204625 0.3562293734375 0.32755775625 0.3686056109375 0.32549505 0.3706683171875 0.32549505 0.3747937296875 0.333745875 0.3830445546875 0.333745875 0.3871699671875 0.33993399375 0.3974834984375 0.34199670000000004 0.40985973593749997 0.34405940625000003 0.41192244218749996 0.34405940625000003 0.4201732671875 0.35127887812499997 0.4273927390625 0.3626237625 0.4304867984375 0.371905940625 0.43151815156250006 0.384282178125 0.4273927390625 0.40181518125000004 0.40985973593749997
0 0.43894389375 0.3644801984375 0.44513201249999995 0.3479785484375 0.4564768984375 0.3366336640625 0.4760726078125 0.325288778125 0.4647277234375 0.3118811875 0.4564768984375 0.307755775 0.435849834375 0.30569306875 0.429661715625 0.307755775 0.41212871250000005 0.323226071875 0.4080033 0.3314768984375 0.4080033 0.35210396093749996 0.41006600625 0.3582920796875 0.41831683125 0.3727310234375 0.42863036250000003 0.3809818484375 0.435849834375 0.3820132015625 0.43894389375 0.3789191421875 0.43894389375 0.3644801984375
0 0.355404290625 0.3386963703125 0.378094059375 0.3386963703125 0.392533003125 0.3448844890625 0.39872112187500003 0.3510726078125 0.40181518125000004 0.35004125468749997 0.40181518125000004 0.3438531359375 0.3956270625 0.3294141921875 0.382219471875 0.3160066 0.369843234375 0.3118811875 0.361592409375 0.3118811875 0.359529703125 0.31394389375 0.347153465625 0.3160066 0.3296204625 0.3314768984375 0.32549505 0.3417904296875 0.32549505 0.3562293734375 0.328589109375 0.35726072656249996 0.340965346875 0.3448844890625 0.355404290625 0.3386963703125
0 0.5173267328125 0.39542079218750004 0.5193894390625 0.3809818484375 0.5255775578125 0.3686056109375 0.5255775578125 0.3582920796875 0.5193894390625 0.3459158421875 0.5080445546875 0.3345709578125 0.4894801984375 0.3283828390625 0.47297854843750003 0.3283828390625 0.4544141921875 0.3386963703125 0.44306930624999996 0.35210396093749996 0.44100659999999997 0.3644801984375 0.43894389375 0.3665429046875 0.44100659999999997 0.38510726093750003 0.449257425 0.39542079218750004 0.45132013125 0.40160891093749995 0.4626650171875 0.41089108906250005 0.4760726078125 0.4139851484375 0.4894801984375 0.41501650156250003 0.5039191421875 0.4088283828125 0.5173267328125 0.39542079218750004
0 0.6039603953125 0.4201732671875 0.6101485156249999 0.40160891093749995 0.6101485156249999 0.38510726093750003 0.6060231015624999 0.3747937296875 0.5905528046875 0.35726072656249996 0.5781765671875 0.3510726078125 0.5596122109375 0.3490099015625 0.5575495046875 0.3510726078125 0.5492986796875 0.3510726078125 0.5389851484375 0.3551980203125 0.5276402640625 0.3665429046875 0.5193894390625 0.3871699671875 0.5214521453125001 0.4077970296875 0.5276402640625 0.4201732671875 0.5369224421875 0.43151815156250006 0.5565181515625001 0.4408003296875 0.5781765671875 0.44183168281249996 0.5946782171875 0.43151815156250006 0.6039603953125 0.4201732671875
0 0.643151815625 0.38510726093750003 0.649339934375 0.3686056109375 0.641089109375 0.3438531359375 0.6297442249999999 0.3325082515625 0.6153052812500001 0.32632013125000003 0.6029290421875 0.32632013125000003 0.5905528046875 0.33044554531250003 0.5792079203125 0.3417904296875 0.5771452140625 0.35004125468749997 0.5802392734375 0.3531353140625 0.5884900984375 0.3551980203125 0.6039603953125 0.3706683171875 0.6101485156249999 0.3830445546875 0.612211221875 0.3995462046875 0.6173679875 0.40057755781250004 0.6338696374999999 0.3943894390625 0.643151815625 0.38510726093750003
0 0.5575495046875 0.3510726078125 0.5596122109375 0.3490099015625 0.5699257421875 0.3490099015625 0.5740511546875 0.3510726078125 0.5771452140625 0.3479785484375 0.5792079203125 0.3376650171875 0.5771452140625 0.33560231093750004 0.5771452140625 0.3294141921875 0.5709570953124999 0.319100659375 0.5492986796875 0.307755775 0.5389851484375 0.307755775 0.5224834984375 0.31394389375 0.5132013203125 0.323226071875 0.5090759078125 0.3335396046875 0.5173267328125 0.3417904296875 0.5276402640625 0.3603547859375 0.5307343234374999 0.3613861390625 0.5431105609375 0.3531353140625 0.5575495046875 0.3510726078125
0 0.431724421875 0.28919141875 0.43688118749999993 0.279909240625 0.43481848125000006 0.265470296875 0.421410890625 0.2541254125 0.404909240625 0.2541254125 0.39665841562500004 0.258250825 0.3873762375 0.27165841562500004 0.39150165000000003 0.290222771875 0.421410890625 0.291254125 0.42347359687499997 0.28919141875 0.431724421875 0.28919141875
0 0.3378712875 0.27165841562500004 0.3378712875 0.263407590625 0.333745875 0.253094059375 0.328589109375 0.24793729375 0.312087459375 0.24793729375 0.301773928125 0.2541254125 0.2966171609375 0.26134488437500003 0.29455445468749997 0.27372112187500003 0.29867986874999997 0.284034653125 0.3048679875 0.290222771875 0.322400990625 0.291254125 0.333745875 0.281971946875 0.3378712875 0.27165841562500004
0 0.26773927343750004 0.279909240625 0.26773927343750004 0.27372112187500003 0.2636138609375 0.263407590625 0.2502062703125 0.25618811875 0.2357673265625 0.26031353125 0.2285478546875 0.267533003125 0.2244224421875 0.277846534375 0.2244224421875 0.28816006562499996 0.2285478546875 0.296410890625 0.2388613859375 0.302599009375 0.2522689765625 0.3036303625 0.2656765671875 0.28609735937499997 0.26773927343750004 0.279909240625
2 0.10684818437500002 0.308787128125 0.10478547812500001 0.304661715625 0.09962871250000001 0.29950495 0.09344059375 0.29950495 0.0913778875 0.29744224375 0.08106435625 0.30156765625 0.073844884375 0.308787128125 0.067656765625 0.32116336562500003 0.067656765625 0.3335396046875 0.07281353125 0.34075907656250004 0.08828382812499999 0.3417904296875 0.0955033 0.34282178281250003 0.10684818437500002 0.327351484375 0.10684818437500002 0.308787128125
2 0.0913778875 0.3490099015625 0.094471946875 0.3438531359375 0.08931518125 0.34075907656250004 0.07693894375 0.34075907656250004 0.067656765625 0.3459158421875 0.061468646875 0.3562293734375 0.06456270625 0.35726072656249996 0.07900165 0.3510726078125 0.0913778875 0.3490099015625
2 0.073844884375 0.308787128125 0.07281353125 0.30569306875 0.0625 0.3036303625 0.056311881249999994 0.30569306875 0.047029703125 0.314975246875 0.042904290625 0.327351484375 0.042904290625 0.3376650171875 0.044966996875 0.3397277234375 0.067656765625 0.3397277234375 0.067656765625 0.32116336562500003 0.073844884375 0.308787128125
2 0.067656765625 0.3479785484375 0.067656765625 0.3438531359375 0.0625 0.3386963703125 0.04806105625 0.3386963703125 0.032590759375 0.35210396093749996 0.030528053125 0.36241749218749997 0.04599835 0.3634488453125 0.060437293749999996 0.35726072656249996 0.067656765625 0.3479785484375
2 0.01299505 0.3386963703125 0.023308581249999998 0.3325082515625 0.029496699999999997 0.33044554531250003 0.0336221125 0.3325082515625 0.034653465625000004 0.325288778125 0.029496699999999997 0.3201320125 0.023308581249999998 0.3201320125 0.015057756250000002 0.324257425 0.007838284375 0.3335396046875 0.005775578125 0.3459158421875 0.0088696375 0.34694719531249996 0.011963696875 0.3438531359375 0.01299505 0.3386963703125
2 0 0.38290704062500003 0.00268151875 0.3820132015625 0.01918316875 0.3737623765625 0.022277228125 0.3706683171875 0.022277228125 0.3665429046875 0.015057756250000002 0.3613861390625 0.00680693125 0.3634488453125 0 0.367780528125 0 0.38290704062500003
2 0 0.3673679875 0.0006188125 0.36757425781249997 0.01299505 0.3613861390625 0.0253712875 0.3655115515625 0.030528053125 0.3603547859375 0.032590759375 0.35210396093749996 0.0253712875 0.3448844890625 0.01299505 0.3448844890625 0.001650165625 0.3541666671875 0 0.3591171609375 0 0.3673679875