0 0.6998722484375001 0.7099056609375001 0.7096992921874999 0.7177672953124999 0.7254225625 0.7256289312499999 0.7332841984375 0.7256289312499999 0.73524960625 0.7275943390624999 0.7666961484375 0.7275943390624999 0.76866155625 0.7256289312499999 0.7765231921875 0.7256289312499999 0.78536753125 0.7148191828125 0.78536753125 0.6479952828125 0.783402121875 0.6460298734375 0.78536753125 0.6401336484375 0.78536753125 0.634237421875 0.783402121875 0.6322720125 0.78536753125 0.6263757859375 0.78536753125 0.6165487421875 0.783402121875 0.6145833328125 0.78536753125 0.612617925 0.78536753125 0.6047562890625 0.783402121875 0.60279088125 0.783402121875 0.5949292453125 0.78536753125 0.5929638359375 0.783402121875 0.587067609375 0.783402121875 0.577240565625 0.78536753125 0.5752751578125 0.783402121875 0.5713443390624999 0.783402121875 0.5654481125 0.78536753125 0.5634827046875001 0.7843848265625 0.5585691828125 0.780454009375 0.55267295625 0.7529382859375 0.55267295625 0.7293533812499999 0.560534590625 0.7116647015625001 0.57232704375 0.6969241359375 0.587067609375 0.687097090625 0.600825471875 0.67923545625 0.6165487421875 0.677270046875 0.6283411953125 0.6753046390625 0.630306603125 0.6753046390625 0.6656839625 0.6831662734374999 0.6892688671875 0.6998722484375001 0.7099056609375001
0 0.43945558125 0.78164308125 0.44338639999999996 0.7698506296875001 0.4424036953125 0.7610062890625 0.43945558125 0.7541273578125 0.426680425 0.743317609375 0.42078419843750003 0.7413522015625 0.3991647015625 0.7413522015625 0.3824587265625 0.7560927671875 0.3824587265625 0.7757468546874999 0.38638954375 0.783608490625 0.40113010937500004 0.7944182390625001 0.41685338125 0.7963836484375 0.42864583281249996 0.7924528296875 0.43945558125 0.78164308125
0 0.38442413593749997 0.75216195 0.3962165875 0.74233490625 0.395233884375 0.7413522015625 0.391303065625 0.7393867921874999 0.3755797953125 0.7413522015625 0.3687008640625 0.7482311328125 0.36477004687500003 0.7560927671875 0.36673545625 0.773781446875 0.37754520468749997 0.7845911953125 0.3873722484375 0.7885220125 0.388354953125 0.7855738999999999 0.3824587265625 0.7777122640624999 0.3824587265625 0.7560927671875 0.38442413593749997 0.75216195
0 0.3736143875 0.780660378125 0.36477004687500003 0.7678852203125001 0.36477004687500003 0.7560927671875 0.36673545625 0.75216195 0.36378734218750003 0.7492138359375 0.35002948125 0.7511792453125 0.34315055 0.7580581765625001 0.34118514218749996 0.7678852203125001 0.345115959375 0.7777122640624999 0.35002948125 0.7826257859375 0.3559257078125 0.786556603125 0.3736143875 0.786556603125 0.3736143875 0.780660378125
0 0.32939268906249997 0.7030267296875 0.33528891562499996 0.7128537734375 0.3441332546875 0.7197327046875001 0.3470813671875 0.716784590625 0.345115959375 0.7108883640625 0.3490467765625 0.7030267296875 0.348064071875 0.6961477984375 0.34315055 0.6814072328125 0.338237028125 0.67845911875 0.32939268906249997 0.6892688671875 0.32939268906249997 0.7030267296875
0 0.31366941875 0.69516509375 0.3244791671875 0.7079402515625 0.331358096875 0.70892295625 0.32939268906249997 0.6912342765624999 0.33332350625 0.6833726421875 0.3392197328125 0.6794418234374999 0.338237028125 0.6764937109375 0.33037539374999997 0.668632075 0.318582940625 0.67256289375 0.31366941875 0.6794418234374999 0.31366941875 0.69516509375
0 0.32546187031249996 0.6597877359375001 0.32939268906249997 0.6676493703124999 0.3402024375 0.6764937109375 0.34315055 0.673545596875 0.34315055 0.6676493703124999 0.3470813671875 0.6597877359375001 0.3539602984375 0.6529088046875 0.36378734218750003 0.6489779875 0.3736143875 0.6489779875 0.3765625 0.6460298734375 0.3755797953125 0.6430817609374999 0.36378734218750003 0.6293238999999999 0.3539602984375 0.62539308125 0.3460986640625 0.62539308125 0.33627161875 0.6293238999999999 0.3274272796875 0.6381682390625001 0.32349646249999997 0.6479952828125 0.32546187031249996 0.6597877359375001
0 0.41685338125 0.8573113203125 0.42766312968750003 0.84846698125 0.42864583281249996 0.8376572328125 0.42766312968750003 0.8327437109375 0.424715015625 0.8297955968749999 0.4188187890625 0.83176100625 0.40309551875 0.83176100625 0.393268475 0.8258647796874999 0.38933765781249996 0.8258647796874999 0.38442413593749997 0.8327437109375 0.3824587265625 0.8406053453125001 0.38442413593749997 0.8445361640625 0.3991647015625 0.8573113203125 0.41685338125 0.8573113203125
0 0.41685338125 0.8573113203125 0.3991647015625 0.8573113203125 0.393268475 0.8553459125 0.3922857703125 0.8681210687500001 0.40309551875 0.8789308171875 0.40899174531250004 0.8808962265625 0.42274960625 0.8808962265625 0.43355935468749995 0.8720518875 0.43552476406249996 0.8681210687500001 0.434542059375 0.8612421390625 0.426680425 0.85141509375 0.41685338125 0.8573113203125
0 0.3922857703125 0.8641902515625001 0.3922857703125 0.858294025 0.3942511796875 0.856328615625 0.3873722484375 0.85141509375 0.3804933171875 0.858294025 0.3804933171875 0.8681210687500001 0.3854068390625 0.875 0.3971992921875 0.8808962265625 0.40014740625 0.8799135218749999 0.3991647015625 0.875 0.3942511796875 0.8700864781250001 0.3922857703125 0.8641902515625001
0 0.3854068390625 0.843553459375 0.3795106125 0.8356918234374999 0.36968356875 0.83176100625 0.3677181609375 0.8278301890625 0.36477004687500003 0.82881289375 0.36477004687500003 0.8386399375 0.3736143875 0.8474842765625 0.3854068390625 0.8494496859374999 0.3854068390625 0.843553459375
1 0.484659984375 0.9821147796874999 0.48957350625 0.9870283015625001 0.49940055 0.99095911875 0.5131584124999999 0.99095911875 0.52298545625 0.9870283015625001 0.527898978125 0.9821147796874999 0.5269162734374999 0.97130503125 0.5170892296875 0.963443396875 0.49546973281250006 0.963443396875 0.484659984375 0.9703223265625001 0.484659984375 0.9821147796874999
1 0.45616155625 0.9536163515625 0.47385023593750003 0.9536163515625 0.484659984375 0.9447720125 0.48367727968749996 0.9359276734374999 0.47188482656249997 0.9261006296875 0.45223073906250005 0.9261006296875 0.44338639999999996 0.9329795593749999 0.441420990625 0.9408411953125 0.4502653296875 0.95165094375 0.45616155625 0.9536163515625
1 0.4492826265625 0.8720518875 0.451248034375 0.8858097484374999 0.4620577828125 0.8966194968750001 0.47581564531250004 0.9025157234375 0.49350432343749995 0.9025157234375 0.49940055 0.9005503140625001 0.49940055 0.8966194968750001 0.48859080156249995 0.8877751578125 0.484659984375 0.8799135218749999 0.484659984375 0.8602594343750001 0.48859080156249995 0.8543632078125001 0.487608096875 0.85141509375 0.47188482656249997 0.85141509375 0.46598860000000003 0.8533805031249999 0.451248034375 0.8661556609375 0.4492826265625 0.8720518875
1 0.49546973281250006 0.8455188671875 0.48859080156249995 0.8523977984375 0.484659984375 0.8602594343750001 0.484659984375 0.8779481125 0.48662539374999997 0.8838443390625 0.501365959375 0.89858490625 0.5072621859375 0.89858490625 0.5170892296875 0.9025157234375 0.530847090625 0.9025157234375 0.5505011796875 0.8946540875 0.5613109281249999 0.8838443390625 0.5652417453125 0.8740172953125 0.564259040625 0.8612421390625 0.55934551875 0.8504323906250001 0.5465703609375 0.8396226421874999 0.5406741359375 0.8396226421874999 0.5387087265625 0.8376572328125 0.5131584124999999 0.8376572328125 0.49546973281250006 0.8455188671875
1 0.587843946875 0.7099056609375001 0.5681898578125 0.7000786156250001 0.554431996875 0.7000786156250001 0.5524665875 0.6981132078125001 0.5367433171875 0.7000786156250001 0.5151238203124999 0.7099056609375001 0.5023486640625 0.7246462265625 0.5023486640625 0.72857704375 0.4964524375 0.740369496875 0.4964524375 0.763954403125 0.504314071875 0.7796776734375 0.5151238203124999 0.790487421875 0.521020046875 0.7924528296875 0.5249508640625 0.7963836484375 0.5367433171875 0.79834905625 0.5387087265625 0.8003144656250001 0.564259040625 0.8003144656250001 0.5819477203125001 0.7924528296875 0.5966882859375 0.7796776734375 0.6065153296875 0.7600235843750001 0.6055326265625001 0.7413522015625 0.600619103125 0.7246462265625 0.587843946875 0.7099056609375001
1 0.426680425 0.8789308171875 0.424715015625 0.8808962265625 0.405060928125 0.8808962265625 0.40113010937500004 0.8789308171875 0.398181996875 0.8818789312499999 0.398181996875 0.891705975 0.41095715468750005 0.9025157234375 0.424715015625 0.9044811328125 0.4374901734375 0.8956367921874999 0.43650746875 0.8828616359374999 0.4325766515625 0.8789308171875 0.426680425 0.8789308171875
1 0.434542059375 0.8003144656250001 0.4306112421875 0.7944182390625001 0.40899174531250004 0.7963836484375 0.391303065625 0.790487421875 0.3824587265625 0.8012971703125 0.3824587265625 0.8130896218749999 0.391303065625 0.8258647796874999 0.40309551875 0.83176100625 0.4188187890625 0.83176100625 0.424715015625 0.8297955968749999 0.43355935468749995 0.8209512578125 0.43552476406249996 0.8170204406250001 0.434542059375 0.8003144656250001
1 0.3628046390625 0.8229166671874999 0.36968356875 0.83176100625 0.38344143124999996 0.8376572328125 0.38933765781249996 0.8238993703125 0.3824587265625 0.8130896218749999 0.381476021875 0.8003144656250001 0.371648978125 0.8003144656250001 0.36477004687500003 0.8052279875 0.3628046390625 0.8091588046875 0.3628046390625 0.8229166671874999
1 0.34315055 0.68533805 0.351994890625 0.7000786156250001 0.36378734218750003 0.7059748421875 0.38344143124999996 0.7059748421875 0.398181996875 0.6931996859375 0.40014740625 0.687303459375 0.3991647015625 0.668632075 0.3962165875 0.6617531453125001 0.3873722484375 0.6529088046875 0.38344143124999996 0.6529088046875 0.37754520468749997 0.6489779875 0.36378734218750003 0.6489779875 0.3539602984375 0.6529088046875 0.345115959375 0.663718553125 0.34315055 0.6676493703124999 0.34315055 0.68533805
1 0.359856525 0.7374213843749999 0.36968356875 0.7413522015625 0.37754520468749997 0.7413522015625 0.38933765781249996 0.7374213843749999 0.398181996875 0.72857704375 0.40014740625 0.7226808171875 0.3991647015625 0.7099056609375001 0.398181996875 0.7049921390625 0.393268475 0.7000786156250001 0.3795106125 0.7059748421875 0.3677181609375 0.7059748421875 0.351994890625 0.6981132078125001 0.3470813671875 0.7049921390625 0.345115959375 0.7148191828125 0.3490467765625 0.7266116359375 0.359856525 0.7374213843749999
1 0.32349646249999997 0.5182783015625 0.321531053125 0.5320361640625 0.32349646249999997 0.534001571875 0.32546187031249996 0.545794025 0.3343062109375 0.5566037734375 0.3460986640625 0.5625 0.36378734218750003 0.5625 0.371648978125 0.5585691828125 0.3824587265625 0.547759434375 0.38638954375 0.53596698125 0.3854068390625 0.51926100625 0.3804933171875 0.5104166671875 0.3677181609375 0.49960691874999996 0.361821934375 0.497641509375 0.348064071875 0.497641509375 0.3421678453125 0.49960691874999996 0.3343062109375 0.5035377359375001 0.32349646249999997 0.5182783015625
0 0.4256977203125 0.408215409375 0.426680425 0.39740566093749996 0.42373231093749997 0.384630503125 0.41980149375 0.37676886718749997 0.41292256250000003 0.3698899375 0.40113010937500004 0.3639937109375 0.3854068390625 0.3620283015625 0.3677181609375 0.367924528125 0.354943003125 0.3787342765625 0.3490467765625 0.3885613203125 0.3490467765625 0.394457546875 0.3470813671875 0.39642295625 0.3470813671875 0.41214622656250005 0.3510121859375 0.42393867968750004 0.3657527515625 0.4386792453125 0.36968356875 0.4386792453125 0.3736143875 0.4426100625 0.3795106125 0.4426100625 0.381476021875 0.444575471875 0.391303065625 0.444575471875 0.393268475 0.4426100625 0.3991647015625 0.4426100625 0.40309551875 0.4386792453125 0.40899174531250004 0.43671383593749996 0.41980149375 0.42590408750000003 0.4256977203125 0.408215409375
2 0.357891115625 0.043632075 0.348064071875 0.04756289375 0.3392197328125 0.0564072328125 0.3392197328125 0.0681996859375 0.3441332546875 0.0731132078125 0.35002948125 0.0731132078125 0.35297759375000004 0.058372642187500004 0.359856525 0.051493710937500006 0.371648978125 0.04756289375 0.371648978125 0.045597484375000004 0.36968356875 0.043632075 0.357891115625 0.043632075
2 0.3657527515625 0.0829402515625 0.3677181609375 0.0849056609375 0.3795106125 0.0829402515625 0.3873722484375 0.07900943437499999 0.3962165875 0.07016509374999999 0.398181996875 0.0662342765625 0.3971992921875 0.0573899375 0.38933765781249996 0.04756289375 0.38344143124999996 0.045597484375000004 0.3677181609375 0.04756289375 0.359856525 0.051493710937500006 0.35297759375000004 0.058372642187500004 0.3490467765625 0.07016509374999999 0.3510121859375 0.0760613203125 0.359856525 0.0829402515625 0.3657527515625 0.0829402515625
2 0.348064071875 0.13011006249999998 0.3569084125 0.1212657234375 0.357891115625 0.112421384375 0.3569084125 0.1075078609375 0.35002948125 0.10062893125000001 0.33627161875 0.09866352187500001 0.33037539374999997 0.10062893125000001 0.3195656453125 0.10947327031250001 0.3156348265625 0.1212657234375 0.3176002359375 0.12716195 0.3225137578125 0.132075471875 0.326444575 0.13404088125 0.3402024375 0.13404088125 0.348064071875 0.13011006249999998
2 0.3372543234375 0.22150157187500003 0.34118514218749996 0.211674528125 0.3402024375 0.20676100625 0.3372543234375 0.199882075 0.328409984375 0.1930031453125 0.31072130468750003 0.1930031453125 0.29991155625 0.201847484375 0.2959807390625 0.20970911874999998 0.2959807390625 0.22346698125 0.29991155625 0.2293632078125 0.3067904875 0.2342767296875 0.3205483484375 0.2342767296875 0.328409984375 0.23034591249999997 0.3372543234375 0.22150157187500003
2 0.428383778125 0 0.43847287812499997 0.0082547171875 0.46402319218750004 0.0082547171875 0.477781053125 0.002358490625 0.48013954375 0 0.428383778125 0