1 0.650390625 0.5224609375 0.6376953125 0.51171875 0.629119034375 0.5111967187500001 0.6201171875 0.51171875 0.6142578125 0.509765625 0.6044921875 0.513671875 0.59891480625 0.5205233312499999 0.591796875 0.5283203125 0.591796875 0.5380859375 0.58984375 0.5400390625 0.5899653984375 0.548130115625 0.591796875 0.5576171875 0.6018979234375 0.565291078125 0.6103515625 0.57421875 0.6162109375 0.576171875 0.638671875 0.5751953125 0.6474609375 0.568359375 0.650390625 0.5654296875 0.650390625 0.5615234375 0.654296875 0.5595703125 0.6559672296875 0.5421610734375 0.658203125 0.5361328125 0.65234375 0.5302734375 0.650390625 0.5224609375
2 0.6416015625 0.447265625 0.6335937234375 0.4503871984375 0.6240234375 0.453125 0.61328125 0.4638671875 0.609375 0.4755859375 0.609375 0.4873046875 0.61328125 0.4970703125 0.6240234375 0.5078125 0.6365768703125 0.5082122046875 0.6444076203125 0.5059738234375 0.6640625 0.5068359375 0.673828125 0.4990234375 0.6796875 0.4873046875 0.6796875 0.4736328125 0.673828125 0.4599609375 0.6630859375 0.451171875 0.6572265625 0.451171875 0.6533203125 0.447265625 0.6416015625 0.447265625
2 0.982421875 0.3935546875 0.9736328125 0.384765625 0.9521484375 0.376953125 0.9384765625 0.376953125 0.9130859375 0.38671875 0.896484375 0.4052734375 0.897187853125 0.415692190625 0.896484375 0.4287109375 0.900390625 0.4326171875 0.900390625 0.4365234375 0.9106119515625 0.4451642890625 0.9189453125 0.453125 0.9306640625 0.453125 0.9326171875 0.455078125 0.9453125 0.4541015625 0.9541015625 0.453125 0.9658203125 0.447265625 0.978515625 0.4326171875 0.984375 0.4287109375 0.984375 0.4248046875 0.98828125 0.4189453125 0.98828125 0.4091796875 0.982421875 0.3935546875
2 0.9326171875 0.453125 0.9306640625 0.455078125 0.9189453125 0.453125 0.9072265625 0.458984375 0.8984375 0.4677734375 0.892578125 0.4794921875 0.892578125 0.4931640625 0.89453125 0.4990234375 0.90128965625 0.5070930140625001 0.9072265625 0.515625 0.9208984375 0.515625 0.9228515625 0.517578125 0.9333583437499999 0.516419628125 0.9609375 0.5166015625 0.9765625 0.5029296875 0.98046875 0.4951171875 0.98046875 0.4794921875 0.978515625 0.4736328125 0.9677734375 0.458984375 0.9541015625 0.453125 0.9464095562500001 0.452998653125 0.9326171875 0.453125
2 0.9326171875 0.5234375 0.9228515625 0.521484375 0.91796875 0.5205078125 0.9130859375 0.517578125 0.8935546875 0.51953125 0.8896484375 0.5234375 0.8837890625 0.525390625 0.869140625 0.5419921875 0.8671875 0.5537109375 0.869140625 0.5556640625 0.87109375 0.5673828125 0.8818359375 0.580078125 0.8974609375 0.58984375 0.9091796875 0.58984375 0.9111328125 0.587890625 0.9150390625 0.58984375 0.92578125 0.5888671875 0.9345703125 0.5859375 0.9443359375 0.578125 0.94921875 0.5712890625 0.951171875 0.5556640625 0.953125 0.5537109375 0.951171875 0.5439453125 0.947265625 0.5361328125 0.9326171875 0.5234375
1 0.6318359375 0.380859375 0.6220703125 0.380859375 0.6083984375 0.38671875 0.595703125 0.3994140625 0.591796875 0.4072265625 0.591796875 0.4248046875 0.595703125 0.4287109375 0.59765625 0.4384765625 0.6025390625 0.443359375 0.6201171875 0.451171875 0.634765625 0.4501953125 0.6435546875 0.447265625 0.654296875 0.4384765625 0.65625 0.4306640625 0.662109375 0.4228515625 0.662109375 0.4072265625 0.65625 0.3955078125 0.6435546875 0.384765625 0.6318359375 0.380859375
1 0.1923828125 0.38671875 0.1767578125 0.38671875 0.1650390625 0.390625 0.158203125 0.3974609375 0.154296875 0.4052734375 0.154296875 0.4208984375 0.15625 0.4248046875 0.162109375 0.4326171875 0.1667736109375 0.43808481875 0.1748046875 0.443359375 0.1826171875 0.443359375 0.1845703125 0.44140625 0.1884765625 0.4453125 0.197265625 0.4443359375 0.2080078125 0.439453125 0.21484375 0.4306640625 0.21875 0.4228515625 0.2176513171875 0.413924309375 0.216796875 0.4072265625 0.211086446875 0.40031935937499996 0.2041015625 0.392578125 0.1923828125 0.38671875
1 0.1884765625 0.4453125 0.1826171875 0.443359375 0.1708984375 0.44140625 0.1630859375 0.4453125 0.15625 0.4521484375 0.15234375 0.4599609375 0.152471590625 0.468344103125 0.15234375 0.4775390625 0.15625 0.4853515625 0.1650390625 0.4921875 0.1748046875 0.4921875 0.1767578125 0.494140625 0.1875 0.4931640625 0.19443983125 0.49297375 0.2041015625 0.4921875 0.212890625 0.4794921875 0.21484375 0.4658203125 0.2109375 0.4560546875 0.20452159375 0.44981322187500006 0.2001953125 0.4453125 0.1884765625 0.4453125
1 0.1962890625 0.49609375 0.1904296875 0.49609375 0.1884765625 0.498046875 0.1865234375 0.49609375 0.1728515625 0.49609375 0.1630859375 0.501953125 0.15625 0.5107421875 0.15234375 0.5185546875 0.154296875 0.5205078125 0.154296875 0.5302734375 0.158203125 0.5380859375 0.1650390625 0.544921875 0.17380739375 0.548331809375 0.1806640625 0.552734375 0.1875 0.5517578125 0.2001953125 0.55078125 0.2075695546875 0.5417639140625 0.212890625 0.5361328125 0.216796875 0.5263671875 0.21484375 0.5126953125 0.20897630781249998 0.50517128125 0.2041015625 0.5 0.1962890625 0.49609375
1 0 0.4873046875 0.0029296875 0.490234375 0.0087890625 0.490234375 0.0107421875 0.4921875 0.0166015625 0.490234375 0.0205078125 0.494140625 0.029296875 0.4931640625 0.0361328125 0.486328125 0.0419921875 0.486328125 0.048828125 0.4794921875 0.05078125 0.4736328125 0.051262364062499996 0.46564604374999996 0.05078125 0.4599609375 0.048828125 0.4560546875 0.0416495125 0.4492262796875 0.0341796875 0.443359375 0.0283203125 0.44140625 0.017500203125 0.43984355624999993 0.0068359375 0.44140625 0 0.4462890625 0 0.4873046875
2 0 0.5341796875 0.0029296875 0.537109375 0.0146484375 0.541015625 0.021484375 0.5400390625 0.0380859375 0.537109375 0.05078125 0.5224609375 0.05078125 0.5068359375 0.048828125 0.5029296875 0.0400390625 0.494140625 0.0322265625 0.490234375 0.0224609375 0.490234375 0.0185546875 0.49609375 0.0146484375 0.490234375 0.0107421875 0.490234375 0.0048828125 0.4921875 0 0.4970703125 0 0.5341796875
1 0.904296875 0.2353515625 0.904296875 0.2197265625 0.8349609375 0.21875 0.833984375 0.2236328125 0.830078125 0.2275390625 0.828125 0.2392578125 0.8310546875 0.2421875 0.845703125 0.2412109375 0.8857421875 0.240234375 0.896484375 0.2314453125 0.8974609375 0.22265625 0.8994140625 0.22265625 0.900390625 0.2255859375 0.896484375 0.2353515625 0.9013671875 0.23828125 0.904296875 0.2353515625
3 0.0359375 0.484375 0.0703125 0.1203125
3 0.1890625 0.490625 0.1046875 0.1328125
3 0.3859375 0.4953125 0.0890625 0.14375
3 0.63125 0.5046875 0.1015625 0.159375
3 0.925 0.515625 0.1484375 0.178125