2 0.6431709265625 0.513578275 0.6232028749999999 0.5115814703125 0.61321885 0.517571884375 0.6102236421875 0.5225638984375001 0.6102236421875 0.5365415328124999 0.612220446875 0.54053514375 0.6082268375 0.5445287546875 0.6082268375 0.55051916875 0.6232028749999999 0.563498403125 0.639177315625 0.563498403125 0.6471645374999999 0.5595047921875 0.6541533546875 0.552515975 0.656150159375 0.546525559375 0.6541533546875 0.5445287546875 0.6571485625 0.541533546875 0.6581469656250001 0.5285543125000001 0.6471645374999999 0.5155750796875 0.6431709265625 0.513578275
1 0.628034790625 0.92275411875 0.62404118125 0.9187605078125 0.6080667390625 0.9167637031250001 0.5970843109375 0.9257493265625 0.5990811171875 0.9317397406250001 0.594089103125 0.93273814375 0.591093896875 0.9357333515624999 0.591093896875 0.953704596875 0.5990811171875 0.9696790390625001 0.6100635453125001 0.9806614671875 0.62404118125 0.982658271875 0.63402520625 0.9786646609374999 0.6460060375000001 0.9626902203125001 0.6470044390624999 0.9397269609375 0.63402520625 0.9247509234375 0.628034790625 0.92275411875
1 0.64128321875 0.7166250484375001 0.6293023875 0.7166250484375001 0.6273055828125 0.7186218531249999 0.625308778125 0.7166250484375001 0.6113311421875001 0.7166250484375001 0.60234551875 0.7276074765625 0.6003487140625 0.7435819171875 0.60234551875 0.7455787218750001 0.60234551875 0.7515691375 0.608335934375 0.7615531625 0.615324753125 0.766545175 0.6233119734375 0.7705387859374999 0.6293023875 0.7685419812500001 0.63129919375 0.7705387859374999 0.637289609375 0.7705387859374999 0.6452768296875 0.766545175 0.6552608546875 0.7545643453124999 0.6562592578124999 0.735594696875 0.6502688421875 0.7256106703125 0.64128321875 0.7166250484375001
1 0.6569629234375001 0.1051188421875 0.648975703125 0.1031220375 0.636994871875 0.107115646875 0.622018834375 0.124088490625 0.620022028125 0.14205973593750001 0.622018834375 0.1480501515625 0.63100445625 0.161029384375 0.6389916765625 0.1650229953125 0.65496611875 0.16302619062499998 0.6699421562500001 0.15004695625 0.6729373640625 0.1430581390625 0.6739357671875 0.1220916859375 0.6609565328125 0.107115646875 0.6569629234375001 0.1051188421875
2 0.5877209453125001 0.7187459406250001 0.5777369203125 0.7187459406250001 0.575740115625 0.7207427453124999 0.573743309375 0.7187459406250001 0.5617624796875 0.7187459406250001 0.5507800515625 0.72972836875 0.5487832453125 0.7417092000000001 0.546786440625 0.7437060046874999 0.5507800515625 0.757683640625 0.563759284375 0.76866606875 0.5817305296875 0.76866606875 0.5947097640625 0.757683640625 0.5997017765625 0.7486980171875001 0.6007001796875 0.735718784375 0.5967065687499999 0.7277315640625 0.5877209453125001 0.7187459406250001
1 0.62067506875 0.11784588124999999 0.61568305625 0.1108570640625 0.609692640625 0.1108570640625 0.6056990296875 0.1048666484375 0.597711809375 0.10286984375 0.5957150046875 0.1048666484375 0.5897245890625 0.1048666484375 0.5857309796875 0.10686345312500001 0.57674535625 0.11584907656250001 0.5727517453125001 0.123836296875 0.5727517453125001 0.1438043484375 0.57674535625 0.15179156875 0.5837341734375 0.1587803859375 0.587727784375 0.1607771921875 0.5917213953125 0.1607771921875 0.5937182 0.162773996875 0.599708615625 0.162773996875 0.6066974328125 0.157781984375 0.6076958359375 0.152789971875 0.609692640625 0.15678358125 0.6116894453125 0.15678358125 0.6186782640625 0.1497947640625 0.621673471875 0.140809140625 0.6226718734375 0.1298267125 0.62067506875 0.1278299078125 0.62067506875 0.11784588124999999
2 0.5332472593750001 0.5051675999999999 0.5292536484375 0.50716440625 0.5252600390625 0.5051675999999999 0.5142776109375 0.5141532234375 0.510284 0.5241372484375 0.510284 0.5341212750000001 0.516274415625 0.5480989109375 0.5232632328125 0.555087728125 0.52725684375 0.555087728125 0.531250453125 0.5590813390625 0.5452280890625001 0.5590813390625 0.5582073234375 0.5480989109375 0.559205725 0.545103703125 0.560204128125 0.518146834375 0.5512185046875 0.50716440625 0.5332472593750001 0.5051675999999999
1 0.5917779890625 0.5054978515624999 0.5864533703125 0.5035014390625 0.578688309375 0.5037232703125001 0.5740292953125 0.50505420625 0.5682609546874999 0.5061633265625 0.5642674999999999 0.5099343203125 0.5607177609375 0.5134834984375 0.5582773249999999 0.5174763234374999 0.556724303125 0.5216909625 0.5576117421875 0.5285675046875 0.5576117421875 0.5358876921875 0.5600521875 0.53943685625 0.562270771875 0.5438733265625 0.5682609546874999 0.551858975 0.5713669796875 0.5549645062499999 0.57669158125 0.5567390890625 0.581128753125 0.5574045640625 0.5886719484375 0.5560736281249999 0.59155610625 0.5549645062499999 0.596437009375 0.5525244484375 0.601983478125 0.5485316250000001 0.6053113515625 0.5456479078124999 0.6064206484375 0.542320559375 0.6075299296875001 0.5392150421874999 0.608417390625 0.5354440312500001 0.608417390625 0.5310075624999999 0.6061563296875 0.5278202109375 0.6028709234375 0.5203600421875 0.5993211671875 0.5121525625000001 0.5955495625 0.507937909375 0.5917779890625 0.5054978515624999
3 0.6171875 0.1359375 0.1265625 0.09375
3 0.6 0.3296875 0.1125 0.0890625
3 0.6046875 0.534375 0.13125 0.0828125
3 0.5921875 0.740625 0.121875 0.0921875
3 0.5828125 0.9484375 0.1359375 0.1015625