0 0.44011254062500005 0.7976286171875 0.4461414796875 0.793609325 0.4461414796875 0.7674839234374999 0.43609324687499995 0.739348875 0.4320739546875 0.73532958125 0.43006430937499995 0.72930064375 0.408963021875 0.70819935625 0.3828376203125 0.6921221859375 0.3707797421875 0.68810289375 0.3607315109375 0.68810289375 0.358721865625 0.686093246875 0.33661575625 0.686093246875 0.334606109375 0.68810289375 0.3185289390625 0.690112540625 0.2984324765625 0.700160771875 0.2863745984375 0.710209003125 0.2692926046875 0.737339228125 0.2672829578125 0.7554260453125 0.2652733125 0.757435690625 0.2652733125 0.76949356875 0.2672829578125 0.771503215625 0.2692926046875 0.791599678125 0.2743167203125 0.79662379375 0.280345659375 0.798633440625 0.44011254062500005 0.7976286171875
0 0.2264225953125 0.382298196875 0.2143647171875 0.388327134375 0.205321309375 0.39737054375 0.201302015625 0.40540912812499996 0.201302015625 0.4255055921875 0.205321309375 0.4335441765625 0.2143647171875 0.4425875859375 0.2264225953125 0.446606878125 0.235466003125 0.4456020546875 0.242499765625 0.4425875859375 0.2515431734375 0.4335441765625 0.255562465625 0.4255055921875 0.255562465625 0.4013898359375 0.2515431734375 0.3933512515625 0.24450941093749998 0.38631748906249996 0.23446117968750002 0.382298196875 0.2264225953125 0.382298196875
0 0.6239951765625 0.3565112546875 0.6119372984375 0.350482315625 0.58782154375 0.350482315625 0.5777733125 0.3545016078125 0.5647106109375 0.3655546625 0.558681671875 0.3796221859375 0.558681671875 0.4017282953125 0.57073955 0.4198151125 0.5777733125 0.424839228125 0.599879421875 0.43287781406250003 0.6069131828125001 0.43187299062499995 0.6139469453124999 0.4308681671875 0.6260048234375 0.424839228125 0.63504823125 0.4157958203125 0.6410771703125 0.4017282953125 0.6410771703125 0.3816318328125 0.6330385859375001 0.3655546625 0.6239951765625 0.3565112546875
0 0.6601688109375 0.3203376203125 0.6461012859374999 0.3203376203125 0.6340434078125 0.326366559375 0.625 0.3354099671875 0.6209807078125 0.3454582 0.6209807078125 0.353496784375 0.6330385859375001 0.3655546625 0.644091640625 0.3866559484375 0.6631832796875 0.385651125 0.6722266875 0.38263665625 0.681270096875 0.37560289375 0.6872990359375 0.363545015625 0.6872990359375 0.3454582 0.6832797421875 0.3374196140625 0.6702170421875 0.3243569125 0.6661977484375 0.3243569125 0.6601688109375 0.3203376203125
0 0.5938504828125 0.292202571875 0.58782154375 0.29421221875 0.5767684890625 0.3052652734375 0.5747588421875001 0.309284565625 0.5747588421875001 0.323352090625 0.578778134375 0.331390675 0.5918408359375 0.3424437296875 0.595860128125 0.3444533765625 0.6069131828125001 0.343448553125 0.6159565921875 0.340434084375 0.625 0.331390675 0.6290192921875 0.32134244375 0.6290192921875 0.3133038578125 0.627009646875 0.3072749203125 0.619975884375 0.2982315109375 0.60791800625 0.292202571875 0.5938504828125 0.292202571875
0 0.6360530546875001 0.2841639875 0.625 0.2932073953125 0.622990353125 0.30124598125 0.627009646875 0.3072749203125 0.6290192921875 0.319332796875 0.6340434078125 0.3243569125 0.637057878125 0.323352090625 0.644091640625 0.3203376203125 0.6601688109375 0.3203376203125 0.664188103125 0.3223472671875 0.66921221875 0.3173231515625 0.671221865625 0.3052652734375 0.667202571875 0.2952170421875 0.6601688109375 0.2881832796875 0.652130225 0.2841639875 0.6360530546875001 0.2841639875
0 0.504421221875 0.319332796875 0.50643086875 0.3032556265625 0.5154742765625 0.29421221875 0.5255225078125 0.2901929265625 0.53356109375 0.2901929265625 0.53356109375 0.2881832796875 0.5255225078125 0.2841639875 0.5094453375 0.2841639875 0.4963826359375 0.2952170421875 0.49437299062499995 0.3072749203125 0.49839228281250003 0.3173231515625 0.501406753125 0.3203376203125 0.504421221875 0.319332796875
0 0.1480474140625 0.42216019843749997 0.14603776875000002 0.40407338125000003 0.13699435937499999 0.39703961875 0.126946128125 0.39703961875 0.113883428125 0.412111965625 0.113883428125 0.4301987828125 0.1158930734375 0.434218075 0.1209171890625 0.43924219062500003 0.126946128125 0.4412518375 0.13197024375 0.4402470140625 0.1420184765625 0.434218075 0.1480474140625 0.42216019843749997
0 0.1125401921875 0.397709003125 0.1125401921875 0.40373794218750003 0.11655948593750001 0.40373794218750003 0.117564309375 0.40072347343750003 0.12560289375 0.3967041796875 0.1316318328125 0.3967041796875 0.137660771875 0.40072347343750003 0.1416800640625 0.40072347343750003 0.1426848875 0.3936897109375 0.140675240625 0.38967041875 0.1336414796875 0.3846463015625 0.12359324687499999 0.3846463015625 0.11655948593750001 0.38967041875 0.1125401921875 0.397709003125
1 0.066318328125 0.46804662343750003 0.06430868125 0.466036978125 0.062299035937500004 0.4539791 0.0552652734375 0.4469453375 0.049236334375 0.4469453375 0.0381832796875 0.45598874531250005 0.0361736328125 0.462017684375 0.0361736328125 0.4801045015625 0.0452170421875 0.49115755625 0.05426045 0.4901527328125 0.062299035937500004 0.48211414843749995 0.066318328125 0.46804662343750003
1 0 0.52532154375 0.002009646875 0.530345659375 0.0070337625 0.535369775 0.0180868171875 0.5343649515625 0.0261254015625 0.5243167203125 0.0261254015625 0.5022106109375 0.019091640625 0.49115755625 0.0070337625 0.49115755625 0.002009646875 0.49618167187499995 0 0.5012057875 0 0.52532154375
1 0.110530546875 0.43187299062499995 0.110530546875 0.41177652656249997 0.1125401921875 0.40574758906249997 0.1095257234375 0.40273311874999995 0.0994774921875 0.40273311874999995 0.0884244375 0.4157958203125 0.086414790625 0.42986334375 0.093448553125 0.44091639843749997 0.0974678453125 0.4429260453125 0.1065112546875 0.44192122187500005 0.1125401921875 0.43790192968749997 0.110530546875 0.43187299062499995
1 0.50643086875 0.3032556265625 0.504421221875 0.3072749203125 0.504421221875 0.323352090625 0.51949356875 0.340434084375 0.5325562703125 0.34143890625 0.541599678125 0.3344051453125 0.5526527328124999 0.3293810296875 0.556672025 0.32134244375 0.556672025 0.3112942125 0.5546623796875 0.3052652734375 0.5456189703125001 0.29421221875 0.5355707390625 0.2901929265625 0.5235128625 0.2901929265625 0.5174839234374999 0.292202571875 0.50643086875 0.3032556265625
1 0.58782154375 0.3384244375 0.57375401875 0.3303858515625 0.565715434375 0.3303858515625 0.5637057875 0.32837620625 0.551647909375 0.3303858515625 0.5395900328125001 0.336414790625 0.5305466234375 0.3454582 0.52652733125 0.35550643125 0.52652733125 0.37560289375 0.534565915625 0.38967041875 0.5395900328125001 0.394694534375 0.551647909375 0.40072347343750003 0.558681671875 0.39971865 0.558681671875 0.377612540625 0.5647106109375 0.3655546625 0.5797829578125 0.3524919609375 0.592845659375 0.3494774921875 0.592845659375 0.3454582 0.58782154375 0.3384244375
2 0.7767282953125 0.302250803125 0.7717041796874999 0.309284565625 0.7717041796874999 0.323352090625 0.7757234734375 0.331390675 0.78476688125 0.340434084375 0.7887861734375 0.3424437296875 0.8038585203125 0.34143890625 0.8088826359375 0.3384244375 0.8139067531249999 0.331390675 0.8139067531249999 0.3133038578125 0.81189710625 0.309284565625 0.7988344046875 0.2982315109375 0.792805465625 0.2982315109375 0.7907958203125001 0.296221865625 0.782757234375 0.2982315109375 0.7767282953125 0.302250803125
2 0.8812299031249999 0.3203376203125 0.8741961421875001 0.3293810296875 0.8741961421875001 0.343448553125 0.8782154343749999 0.3514871375 0.885249196875 0.3585209 0.89328778125 0.3625401921875 0.8963022515624999 0.3615353703125 0.9013263671875 0.360530546875 0.9083601281250001 0.353496784375 0.910369775 0.3494774921875 0.910369775 0.3394292609375 0.9083601281250001 0.333400321875 0.8993167203124999 0.3223472671875 0.891278134375 0.318327975 0.885249196875 0.318327975 0.8812299031249999 0.3203376203125
2 0.95458199375 0.4017282953125 0.962620578125 0.3936897109375 0.964630225 0.387660771875 0.962620578125 0.3715836015625 0.9586012859374999 0.363545015625 0.949557878125 0.3545016078125 0.9395096468749999 0.3524919609375 0.9264469453125 0.363545015625 0.9264469453125 0.3836414796875 0.9304662374999999 0.3916800640625 0.9395096468749999 0.40072347343750003 0.9435289390625 0.40273311874999995 0.95458199375 0.4017282953125
2 0.9415192921875001 0.3424437296875 0.9364951765624999 0.3474678453125 0.9364951765624999 0.353496784375 0.9515675234375 0.3565112546875 0.9586012859374999 0.363545015625 0.962620578125 0.37560289375 0.9666398718749999 0.37560289375 0.9666398718749999 0.3595257234375 0.962620578125 0.3514871375 0.9535771703125 0.3424437296875 0.9415192921875001 0.3424437296875
0 0.46623794218750003 0.3374196140625 0.46925241093750003 0.336414790625 0.480305465625 0.323352090625 0.480305465625 0.3052652734375 0.47126205781249997 0.29421221875 0.46523311874999995 0.292202571875 0.4491559484375 0.292202571875 0.43408360156250003 0.3052652734375 0.4320739546875 0.3112942125 0.43408360156250003 0.3253617359375 0.44312700937500005 0.3344051453125 0.45116559531249995 0.3384244375 0.46623794218750003 0.3374196140625
0 0.273311896875 0.35550643125 0.2713022515625 0.367564309375 0.27532154375 0.377612540625 0.280345659375 0.38263665625 0.2863745984375 0.3846463015625 0.290393890625 0.3886655953125 0.3034565921875 0.387660771875 0.3084807078125 0.3866559484375 0.317524115625 0.377612540625 0.3215434078125 0.367564309375 0.3215434078125 0.3514871375 0.3125 0.3384244375 0.3084807078125 0.336414790625 0.2924035375 0.336414790625 0.2793408359375 0.3454582 0.273311896875 0.35550643125
0 0.3084807078125 0.336414790625 0.317524115625 0.343448553125 0.3215434078125 0.3494774921875 0.3215434078125 0.353496784375 0.3235530546875 0.353496784375 0.3255627015625 0.3474678453125 0.3235530546875 0.3354099671875 0.310490353125 0.3243569125 0.2944131828125 0.326366559375 0.28838424375 0.3303858515625 0.283360128125 0.3374196140625 0.283360128125 0.3394292609375 0.2863745984375 0.340434084375 0.2924035375 0.336414790625 0.3084807078125 0.336414790625
1 0.2502009640625 0.3886655953125 0.256229903125 0.390675240625 0.263263665625 0.38967041875 0.2723070734375 0.3866559484375 0.2773311890625 0.3796221859375 0.2713022515625 0.3655546625 0.2773311890625 0.3474678453125 0.26828778125 0.3424437296875 0.25823955 0.3424437296875 0.2502009640625 0.346463021875 0.24115755625 0.35550643125 0.2371382640625 0.367564309375 0.23914790937500002 0.377612540625 0.2502009640625 0.3886655953125
1 0.23110932499999998 0.3816318328125 0.2371382640625 0.377612540625 0.2371382640625 0.3655546625 0.243167203125 0.353496784375 0.243167203125 0.3494774921875 0.23613344062500002 0.3424437296875 0.2280948546875 0.340434084375 0.2130225078125 0.3474678453125 0.20699356875000002 0.3595257234375 0.20699356875000002 0.3715836015625 0.212017684375 0.3786173640625 0.22005627031250002 0.38263665625 0.23110932499999998 0.3816318328125
1 0.14569935625 0.43890675312500005 0.1336414796875 0.4429260453125 0.120578778125 0.45598874531250005 0.11655948593750001 0.466036978125 0.11655948593750001 0.48412379375 0.11957395468750001 0.49115755625 0.137660771875 0.4951768484375 0.14971865 0.5072347265625 0.1567524109375 0.506229903125 0.15976688125 0.5052250796875 0.1708199359375 0.4921623796875 0.1708199359375 0.486133440625 0.17282958125 0.48412379375 0.17282958125 0.46402733124999995 0.1688102890625 0.4539791 0.157757234375 0.4429260453125 0.14569935625 0.43890675312500005
1 0.11957395468750001 0.49115755625 0.10550643125 0.49718649531250003 0.0944533765625 0.50823955 0.0884244375 0.5263263671875 0.0884244375 0.5424035375 0.0924437296875 0.5544614140624999 0.1014871375 0.567524115625 0.11555466249999999 0.5755627015625 0.13263665625 0.574557878125 0.137660771875 0.5735530546875001 0.15273311875 0.5584807078125 0.154742765625 0.5424035375 0.1567524109375 0.540393890625 0.1567524109375 0.530345659375 0.1487138265625 0.506229903125 0.137660771875 0.4951768484375 0.11957395468750001 0.49115755625