1 0.5203125 0.5203125 0.0453125 0.053125
1 0.9140625 0.5375 0.0578125 0.0515625
1 0.9125 0.4859375 0.0578125 0.046875
1 0.1484375 0.503125 0.053125 0.0453125
1 0.146875 0.4578125 0.0515625 0.0390625
1 0.15 0.4125 0.05 0.04375
2 0.328125 0.5125 0.0546875 0.05
2 0.321875 0.4625 0.046875 0.04375
2 0.509375 0.4703125 0.04375 0.0421875
2 0.5265625 0.421875 0.04375 0.046875
2 0.70625 0.478125 0.05 0.0421875
2 0.71875 0.5265625 0.0515625 0.046875
3 0.146875 0.4703125 0.08125 0.115625
3 0.328125 0.478125 0.0671875 0.1109375
3 0.515625 0.4875 0.0765625 0.128125
3 0.7109375 0.496875 0.0875 0.128125
3 0.909375 0.5 0.0875 0.1296875