0 0.503373015625 0.915476190625 0.509325396875 0.9174603171875001 0.537103175 0.9174603171875001 0.558928571875 0.9075396828125 0.571825396875 0.8926587296875 0.5757936515625001 0.8827380953124999 0.5757936515625001 0.86884920625 0.5698412703125 0.8549603171875001 0.5549603171874999 0.8420634921874999 0.537103175 0.8361111109375001 0.5291666671875 0.8361111109375001 0.5271825390625 0.834126984375 0.5113095234375 0.8361111109375001 0.49345238125 0.84404761875 0.478571428125 0.8609126984375 0.4765873015625 0.8668650796874999 0.47757936562500003 0.8896825390625 0.48253968281250004 0.9005952374999999 0.49146825468750005 0.909523809375 0.503373015625 0.915476190625
1 0.4884920640625 0.7914682546875 0.49444444374999996 0.803373015625 0.5053571421874999 0.8142857140625 0.5212301593750001 0.8222222218749999 0.54305555625 0.8242063484375001 0.5450396828125 0.8222222218749999 0.552976190625 0.8222222218749999 0.5648809531250001 0.81825396875 0.577777778125 0.809325396875 0.5916666671875 0.7894841265625 0.59365079375 0.771626984375 0.5916666671875 0.7696428578125001 0.5916666671875 0.7617063484375 0.5837301593750001 0.7458333328125 0.5648809531250001 0.7309523812500001 0.5549603171874999 0.7269841265625 0.5251984125 0.7269841265625 0.5053571421874999 0.7369047625 0.4924603171875 0.7517857140624999 0.48650793593749997 0.7676587296874999 0.4875 0.784523809375 0.4884920640625 0.7914682546875
1 0.5331349203125 0.7269841265625 0.55694444375 0.7269841265625 0.5807539687500001 0.7150793656250001 0.5956349203125 0.696230159375 0.5956349203125 0.6922619046875 0.599603175 0.6882936515625 0.599603175 0.6605158734375001 0.5916666671875 0.6426587296874999 0.5728174609375001 0.6257936515625 0.558928571875 0.6198412703125 0.537103175 0.6198412703125 0.51924603125 0.627777778125 0.5023809531250001 0.6446428578125001 0.4924603171875 0.6605158734375001 0.49345238125 0.677380953125 0.4984126984375 0.696230159375 0.50634920625 0.7101190468749999 0.5132936515625001 0.7170634921875 0.5331349203125 0.7269841265625
1 0.66904761875 0.852976190625 0.6710317453125 0.847023809375 0.675 0.8430555562500001 0.675 0.8271825390625 0.6710317453125 0.81924603125 0.6581349203125 0.8103174609374999 0.640277778125 0.8103174609374999 0.6303571421874999 0.8142857140625 0.6174603171874999 0.8251984125 0.6134920640625 0.8331349203125 0.6144841265625 0.8460317453125 0.6174603171874999 0.852976190625 0.6303571421874999 0.8638888890624999 0.6363095234375 0.8638888890624999 0.6382936515625001 0.865873015625 0.6521825390625 0.8638888890624999 0.66904761875 0.852976190625
1 0.6541666671875 0.883730159375 0.6482142859375 0.8857142859374999 0.6353174609375001 0.8946428578125 0.63134920625 0.9025793656250001 0.6323412703125 0.9115079359375 0.6382936515625001 0.91944444375 0.6462301593750001 0.9234126984375 0.662103175 0.921428571875 0.6700396828125 0.9174603171875001 0.6769841265625 0.9105158734375 0.6789682546875 0.90654761875 0.6789682546875 0.8926587296875 0.6700396828125 0.883730159375 0.6541666671875 0.883730159375
1 0.6611111109375 0.862896825 0.6571428578125 0.86884920625 0.65615079375 0.8757936515625 0.6581349203125 0.88174603125 0.6700396828125 0.883730159375 0.677976190625 0.8896825390625 0.683928571875 0.8896825390625 0.696825396875 0.878769840625 0.6988095234375 0.8748015875 0.6988095234375 0.8609126984375 0.6898809531250001 0.8539682546874999 0.6759920640625 0.8539682546874999 0.6611111109375 0.862896825
1 0.7146825390625 0.847023809375 0.7146825390625 0.83115079375 0.7017857140625 0.8242063484375001 0.6918650796875 0.8261904765624999 0.6769841265625 0.8390873015625001 0.677976190625 0.8519841265625001 0.69384920625 0.8559523812500001 0.6978174609375001 0.859920634375 0.7037698406249999 0.8579365078125001 0.7146825390625 0.847023809375
1 0.6958333328124999 0.752777778125 0.677976190625 0.752777778125 0.6759920640625 0.7507936515625 0.6710317453125 0.7597222218749999 0.672023809375 0.7666666671875 0.6799603171874999 0.778571428125 0.6878968249999999 0.7825396828125 0.6998015875 0.7825396828125 0.7166666671875 0.7696428578125001 0.7206349203125 0.753769840625 0.7117063484374999 0.7428571421875 0.7077380953125 0.7428571421875 0.7057539687500001 0.746825396875 0.6958333328124999 0.752777778125
0 0.677976190625 0.7071428578125001 0.665079365625 0.7200396828125 0.666071428125 0.7388888890625 0.677976190625 0.752777778125 0.6958333328124999 0.752777778125 0.7107142859375 0.7418650796875 0.7166666671875 0.7259920640625 0.7146825390625 0.7180555562500001 0.7057539687500001 0.7071428578125001 0.6978174609375001 0.703174603125 0.6878968249999999 0.703174603125 0.68194444375 0.7071428578125001 0.677976190625 0.7071428578125001
0 0.6878968249999999 0.7825396828125 0.6799603171874999 0.778571428125 0.6799603171874999 0.7884920640625 0.6829365078125 0.7954365078125 0.6878968249999999 0.800396825 0.7017857140625 0.802380953125 0.7077380953125 0.800396825 0.7166666671875 0.7934523812500001 0.7206349203125 0.7875 0.722619046875 0.7755952374999999 0.7176587296875 0.76865079375 0.6998015875 0.7825396828125 0.6878968249999999 0.7825396828125
0 0.71865079375 0.6525793656250001 0.7216269843750001 0.659523809375 0.7265873015625 0.65654761875 0.73055555625 0.6486111109375 0.7325396828125 0.6327380953125 0.727579365625 0.6238095234375 0.7216269843750001 0.6198412703125 0.7117063484374999 0.6178571421875 0.709722221875 0.6198412703125 0.7037698406249999 0.6198412703125 0.6918650796875 0.627777778125 0.6869047625 0.6327380953125 0.6878968249999999 0.6416666671875 0.6898809531250001 0.64365079375 0.6918650796875 0.6416666671875 0.7037698406249999 0.6416666671875 0.7117063484374999 0.6456349203125 0.71865079375 0.6525793656250001
0 0.7136904765625001 0.566269840625 0.6918650796875 0.566269840625 0.68095238125 0.5771825390624999 0.6769841265625 0.587103175 0.677976190625 0.59404761875 0.6789682546875 0.6009920640625 0.6898809531250001 0.6119047625 0.7017857140625 0.615873015625 0.7136904765625001 0.6119047625 0.7206349203125 0.6049603171875 0.724603175 0.5990079359375 0.7265873015625 0.587103175 0.722619046875 0.5751984125 0.7136904765625001 0.566269840625
0 0.66805555625 0.3420634921875 0.6611111109375 0.3509920640625 0.662103175 0.35595238125 0.672023809375 0.3519841265625 0.68194444375 0.3539682546875 0.6928571421874999 0.3609126984375 0.6998015875 0.37380952343749996 0.7047619046875 0.364880953125 0.7047619046875 0.358928571875 0.7007936515625001 0.3509920640625 0.6878968249999999 0.34007936562499996 0.672023809375 0.34007936562499996 0.66805555625 0.3420634921875
0 0.6412698406249999 0.2894841265625 0.6333333328124999 0.2994047625 0.634325396875 0.302380953125 0.6462301593750001 0.3103174609375 0.660119046875 0.3103174609375 0.66805555625 0.30634920625 0.675 0.297420634375 0.675 0.2835317453125 0.6730158734375 0.2795634921875 0.6581349203125 0.2666666671875 0.64424603125 0.2666666671875 0.6432539687500001 0.2835317453125 0.6412698406249999 0.2894841265625
0 0.577777778125 0.10496031718750001 0.5738095234375 0.1109126984375 0.5748015875 0.11388888906250001 0.5767857140625 0.115873015625 0.5827380953125 0.115873015625 0.590674603125 0.121825396875 0.5946428578125 0.121825396875 0.599603175 0.11488095312499999 0.599603175 0.108928571875 0.590674603125 0.0980158734375 0.5827380953125 0.09404761874999999 0.5767857140625 0.09404761874999999 0.577777778125 0.10496031718750001
0 0.4676587296875 0.0206349203125 0.465674603125 0.022619046875 0.453769840625 0.024603174999999998 0.44880952343749997 0.029563492187500002 0.4498015875 0.030555556249999997 0.4636904765625 0.030555556249999997 0.4795634921875 0.0384920640625 0.48650793593749997 0.0494047625 0.4875 0.05634920624999999 0.5003968249999999 0.0454365078125 0.4984126984375 0.0335317453125 0.49345238125 0.0265873015625 0.4855158734375 0.022619046875 0.4676587296875 0.0206349203125
0 0.44662698437500004 0 0.44285714218749994 0.0037698406249999997 0.440873015625 0.0077380953125 0.4418650796875 0.0126984125 0.4478174609375 0.0206349203125 0.45575396875 0.0206349203125 0.4577380953125 0.022619046875 0.4636904765625 0.0206349203125 0.4795634921875 0.0206349203125 0.49047619062500003 0.0117063484375 0.49047619062500003 0.0037698406249999997 0.48670634843749994 0 0.44662698437500004 0
0 0.4855158734375 0.0166666671875 0.48253968281250004 0.0196428578125 0.4835317453125 0.022619046875 0.48948412656249995 0.024603174999999998 0.4984126984375 0.0335317453125 0.4984126984375 0.0394841265625 0.5013888890625 0.04444444375 0.5113095234375 0.0424603171875 0.5182539687500001 0.0335317453125 0.5162698406249999 0.027579365625 0.509325396875 0.0206349203125 0.49940476250000004 0.0166666671875 0.4855158734375 0.0166666671875
0 0.48650793593749997 0.057341270312500005 0.484523809375 0.0613095234375 0.4855158734375 0.06825396875 0.48948412656249995 0.06825396875 0.49940476250000004 0.0623015875 0.5212301593750001 0.0623015875 0.5232142859375 0.0642857140625 0.5291666671875 0.0642857140625 0.5301587296875 0.053373015625 0.5172619046875 0.0424603171875 0.5073412703125 0.0424603171875 0.49940476250000004 0.046428571875000005 0.48650793593749997 0.057341270312500005
1 0.48650793593749997 0.0494047625 0.48253968281250004 0.0414682546875 0.46964285781250004 0.0325396828125 0.4636904765625 0.030555556249999997 0.4458333328125 0.030555556249999997 0.42797619062500003 0.0384920640625 0.41904761874999996 0.047420634375 0.4170634921875 0.0513888890625 0.41805555625 0.0642857140625 0.4259920640625 0.0742063484375 0.433928571875 0.07817460312499999 0.459722221875 0.07817460312499999 0.471626984375 0.0742063484375 0.48055555625 0.0672619046875 0.48650793593749997 0.057341270312500005 0.48650793593749997 0.0494047625
1 0.552976190625 0.07817460312499999 0.5450396828125 0.0742063484375 0.5390873015625 0.0742063484375 0.540079365625 0.0890873015625 0.5380952375 0.09305555625 0.53115079375 0.1 0.51924603125 0.1039682546875 0.5162698406249999 0.10694444375 0.5172619046875 0.1079365078125 0.5291666671875 0.1119047625 0.54305555625 0.1119047625 0.5490079359375 0.10992063437499999 0.552976190625 0.1079365078125 0.559920634375 0.0990079359375 0.559920634375 0.087103175 0.552976190625 0.07817460312499999
1 0.5926587296875 0.121825396875 0.5827380953125 0.115873015625 0.56884920625 0.11388888906250001 0.55694444375 0.11785714218750001 0.55 0.1248015875 0.5480158734375 0.13075396875 0.5490079359375 0.13769841249999998 0.5519841265625 0.1446428578125 0.558928571875 0.1515873015625 0.5708333328124999 0.15555555625 0.5807539687500001 0.15555555625 0.590674603125 0.1515873015625 0.597619046875 0.1446428578125 0.599603175 0.134722221875 0.5926587296875 0.121825396875
1 0.6234126984375 0.17837301562500002 0.6144841265625 0.171428571875 0.602579365625 0.1674603171875 0.584722221875 0.171428571875 0.577777778125 0.17837301562500002 0.5757936515625001 0.184325396875 0.5767857140625 0.19126984062500002 0.5797619046875 0.20019841249999998 0.5867063484374999 0.2071428578125 0.5966269843750001 0.21111111093749999 0.6144841265625 0.21111111093749999 0.61845238125 0.20912698437500002 0.6273809531250001 0.19821428593749998 0.6273809531250001 0.1863095234375 0.6234126984375 0.17837301562500002
1 0.6412698406249999 0.2894841265625 0.6432539687500001 0.2736111109375 0.6392857140625 0.2636904765625 0.6263888890625 0.2507936515625 0.622420634375 0.2507936515625 0.61845238125 0.246825396875 0.6005952375 0.246825396875 0.5886904765625001 0.252777778125 0.58174603125 0.2617063484375 0.5797619046875 0.26765872968750004 0.5807539687500001 0.2825396828125 0.5857142859375 0.29345238125 0.5986111109375 0.302380953125 0.6045634921875 0.30436507968750004 0.622420634375 0.30436507968750004 0.634325396875 0.2984126984375 0.6412698406249999 0.2894841265625
1 0.6273809531250001 0.1863095234375 0.6273809531250001 0.196230159375 0.6234126984375 0.20615079375 0.6125 0.21111111093749999 0.6125 0.215079365625 0.6164682546875 0.2170634921875 0.6323412703125 0.2170634921875 0.6412698406249999 0.210119046875 0.6452380953125 0.20019841249999998 0.6432539687500001 0.19226190468749998 0.6412698406249999 0.1882936515625 0.6303571421874999 0.17936507968749998 0.6234126984375 0.1803571421875 0.6273809531250001 0.1863095234375
1 0.6501984125 0.258730159375 0.6452380953125 0.2636904765625 0.6462301593750001 0.2666666671875 0.6640873015625 0.26865079375 0.6710317453125 0.27559523750000003 0.675 0.2835317453125 0.675 0.2914682546875 0.677976190625 0.2924603171875 0.68095238125 0.2894841265625 0.6829365078125 0.27757936562499996 0.6740079359375 0.2626984125 0.666071428125 0.258730159375 0.6501984125 0.258730159375
1 0.6640873015625 0.3539682546875 0.6511904765625001 0.36884920625 0.6521825390625 0.383730159375 0.653174603125 0.3886904765625 0.666071428125 0.39960317500000003 0.6700396828125 0.4015873015625 0.683928571875 0.4015873015625 0.6988095234375 0.3886904765625 0.6988095234375 0.3708333328125 0.696825396875 0.364880953125 0.683928571875 0.3539682546875 0.677976190625 0.3519841265625 0.6640873015625 0.3539682546875
1 0.7117063484374999 0.566269840625 0.7206349203125 0.5613095234375 0.724603175 0.5553571421875 0.7265873015625 0.5434523812500001 0.728571428125 0.5414682546875 0.724603175 0.5295634921875 0.715674603125 0.5206349203125 0.7117063484374999 0.51865079375 0.6998015875 0.51865079375 0.6918650796875 0.5226190468749999 0.684920634375 0.5295634921875 0.68095238125 0.5375 0.68194444375 0.5484126984375 0.684920634375 0.5573412703125 0.6898809531250001 0.5623015875 0.69384920625 0.5642857140624999 0.709722221875 0.5642857140624999 0.7117063484374999 0.566269840625
2 0.728571428125 0.74384920625 0.728571428125 0.7299603171875 0.7196428578125 0.71904761875 0.7166666671875 0.7200396828125 0.7166666671875 0.727976190625 0.7117063484374999 0.740873015625 0.7166666671875 0.7458333328125 0.7196428578125 0.752777778125 0.7216269843750001 0.752777778125 0.728571428125 0.74384920625
2 0.7206349203125 0.6684523812500001 0.7206349203125 0.6763888890625 0.7166666671875 0.684325396875 0.7017857140625 0.69325396875 0.69384920625 0.69325396875 0.690873015625 0.696230159375 0.6918650796875 0.6972222218749999 0.6958333328124999 0.703174603125 0.7057539687500001 0.7071428578125001 0.715674603125 0.7071428578125001 0.7196428578125 0.7051587296874999 0.7325396828125 0.690277778125 0.73055555625 0.672420634375 0.7236111109375 0.665476190625 0.7206349203125 0.6684523812500001
2 0.7117063484374999 0.6456349203125 0.7037698406249999 0.6416666671875 0.6878968249999999 0.64365079375 0.6730158734375 0.65654761875 0.6730158734375 0.6625 0.6710317453125 0.6644841265625 0.672023809375 0.677380953125 0.6730158734375 0.6823412703125 0.6799603171874999 0.6892857140624999 0.6878968249999999 0.69325396875 0.7017857140625 0.69325396875 0.7166666671875 0.684325396875 0.7206349203125 0.6763888890625 0.7206349203125 0.65654761875 0.7117063484374999 0.6456349203125
2 0.68194444375 0.46904761875 0.6789682546875 0.47400793593749996 0.6799603171874999 0.49087301562499996 0.68095238125 0.49384920625 0.69384920625 0.5047619046875 0.7077380953125 0.5047619046875 0.7206349203125 0.49384920625 0.724603175 0.4859126984375 0.722619046875 0.4700396828125 0.709722221875 0.459126984375 0.6978174609375001 0.4670634921875 0.6859126984375 0.4670634921875 0.68194444375 0.46904761875
2 0.7047619046875 0.42440476250000003 0.6958333328124999 0.4174603171875 0.68194444375 0.4174603171875 0.6759920640625 0.41944444374999995 0.66904761875 0.4263888890625 0.665079365625 0.434325396875 0.666071428125 0.44920634843749996 0.6670634921875 0.45416666718750004 0.677976190625 0.465079365625 0.68194444375 0.4670634921875 0.6978174609375001 0.4670634921875 0.7087301593750001 0.45813492031249997 0.7126984125 0.4501984125 0.7126984125 0.43829365156250005 0.7047619046875 0.42440476250000003
2 0.709722221875 0.427380953125 0.7146825390625 0.41845238125 0.7146825390625 0.4105158734375 0.7107142859375 0.4005952375 0.7037698406249999 0.39365079375 0.6958333328124999 0.3916666671875 0.69384920625 0.39563492031249997 0.683928571875 0.4015873015625 0.6740079359375 0.4015873015625 0.66904761875 0.40654761875 0.6700396828125 0.415476190625 0.6740079359375 0.42142857187500005 0.6799603171874999 0.4174603171875 0.6958333328124999 0.4174603171875 0.7017857140625 0.42142857187500005 0.7057539687500001 0.427380953125 0.709722221875 0.427380953125
2 0.6363095234375 0.2130952375 0.6293650796875 0.21805555625 0.6263888890625 0.22698412656250003 0.6333333328124999 0.2418650796875 0.6462301593750001 0.24880952343749999 0.6581349203125 0.246825396875 0.6670634921875 0.23789682499999998 0.6670634921875 0.2259920640625 0.665079365625 0.222023809375 0.6581349203125 0.215079365625 0.6501984125 0.21111111093749999 0.640277778125 0.21111111093749999 0.6363095234375 0.2130952375
2 0.55595238125 0.10496031718750001 0.547023809375 0.10992063437499999 0.541071428125 0.10992063437499999 0.5380952375 0.112896825 0.5390873015625 0.11388888906250001 0.5450396828125 0.11785714218750001 0.5668650796875 0.115873015625 0.577777778125 0.10694444375 0.577777778125 0.097023809375 0.5708333328124999 0.0880952375 0.5648809531250001 0.084126984375 0.5609126984375 0.084126984375 0.559920634375 0.097023809375 0.55595238125 0.10496031718750001
2 0.509325396875 0.1039682546875 0.5113095234375 0.10595238124999999 0.5132936515625001 0.1039682546875 0.5232142859375 0.1039682546875 0.53115079375 0.1 0.5380952375 0.09305555625 0.540079365625 0.0890873015625 0.540079365625 0.0791666671875 0.5380952375 0.0771825390625 0.540079365625 0.0751984125 0.53115079375 0.06626984062499999 0.5212301593750001 0.0623015875 0.49940476250000004 0.0623015875 0.49146825468750005 0.06626984062499999 0.484523809375 0.0732142859375 0.48055555625 0.08115079375 0.48154761874999996 0.084126984375 0.484523809375 0.09305555625 0.49345238125 0.1019841265625 0.509325396875 0.1039682546875
2 0.5539682546875 0.0771825390625 0.5539682546875 0.06924603124999999 0.55595238125 0.0672619046875 0.5450396828125 0.0543650796875 0.53115079375 0.052380953125 0.53115079375 0.06626984062499999 0.541071428125 0.0742063484375 0.5450396828125 0.0742063484375 0.5509920640625 0.07817460312499999 0.5539682546875 0.0771825390625
2 0.5539682546875 0.0672619046875 0.5539682546875 0.0732142859375 0.5519841265625 0.0751984125 0.5519841265625 0.0771825390625 0.552976190625 0.07817460312499999 0.5539682546875 0.0791666671875 0.5539682546875 0.08115079375 0.558928571875 0.0861111109375 0.5648809531250001 0.0861111109375 0.565873015625 0.085119046875 0.565873015625 0.0732142859375 0.558928571875 0.06626984062499999 0.5549603171874999 0.06626984062499999 0.5539682546875 0.0672619046875