2 0.690625 0.40625 0.0515625 0.053125
2 0.50625 0.403125 0.046875 0.0453125
2 0.296875 0.390625 0.0515625 0.0453125
1 0.3125 0.440625 0.0515625 0.04375
2 0.1046875 0.3796875 0.0578125 0.0484375
1 0.09375 0.4328125 0.059375 0.046875
1 0.503125 0.4484375 0.05 0.0484375
2 0.703125 0.4546875 0.046875 0.0453125
2 0.8703125 0.415625 0.0515625 0.046875
1 0.51879085 0.4837928921875 0.51879085 0.47970792500000003 0.5147058828125 0.47562295781249997 0.513684640625 0.47255923125 0.487132353125 0.47255923125 0.4861111109375 0.4735804734375 0.47998365937500004 0.47766544062499994 0.47998365937500004 0.4817504078125 0.48202614375 0.4837928921875 0.47385620937499995 0.48992034375 0.47385620937499995 0.5001327609375 0.47589869218749997 0.5021752453125 0.4779411765625 0.5083026953124999 0.487132353125 0.517493871875 0.4891748359375 0.517493871875 0.4912173203125 0.5195363562499999 0.50551470625 0.5195363562499999 0.5075571890624999 0.517493871875 0.513684640625 0.5154513890625 0.5208333328125 0.5083026953124999 0.5208333328125 0.5062602125 0.5228758171875 0.504217728125 0.5228758171875 0.498090278125 0.5249183000000001 0.49604779375 0.5249183000000001 0.49196282656249996 0.5198120921875 0.4868566171875 0.5147058828125 0.4858353765625 0.51879085 0.4837928921875
1 0.9037990203125 0.48072916718750003 0.9109477125 0.471537990625 0.9109477125 0.4531556375 0.9078839875 0.44600694374999994 0.9037990203125 0.44396446093749997 0.8956290843750001 0.44396446093749997 0.8935866015625 0.44600694374999994 0.8915441171875 0.44396446093749997 0.8639705875000001 0.44498570312499997 0.8578431375 0.4531556375 0.855800653125 0.4674530234375 0.8598856203125 0.47562295781249997 0.87111928125 0.484814134375 0.87724673125 0.4868566171875 0.8915441171875 0.4868566171875 0.9037990203125 0.48072916718750003
3 0.8703125 0.4421875 0.0859375 0.1296875
3 0.6953125 0.4390625 0.0890625 0.1265625
3 0.5046875 0.43125 0.078125 0.1375
3 0.3015625 0.41875 0.0921875 0.1375
3 0.0953125 0.4140625 0.090625 0.1359375