2 0.334375 0.421875 0.046875 0.046875
2 0.3203125 0.4640625 0.046875 0.046875
2 0.50625 0.4140625 0.046875 0.0484375
2 0.7078125 0.403125 0.0515625 0.0453125
1 0.69375 0.4515625 0.0484375 0.0484375
1 0.5140625 0.459375 0.0484375 0.0484375
2 0.69140625 0.4833984375 0.693359375 0.4873046875 0.6875 0.4912109375 0.6875 0.5029296875 0.689453125 0.5068359375 0.7041015625 0.51953125 0.7236328125 0.51953125 0.736328125 0.5107421875 0.740234375 0.5029296875 0.740234375 0.4912109375 0.7373046875 0.486328125 0.71875 0.4853515625 0.720703125 0.4833984375 0.720703125 0.4736328125 0.7060546875 0.47265625 0.7001953125 0.474609375 0.69140625 0.4833984375
2 0.314453125 0.4990234375 0.3466796875 0.5 0.3466796875 0.501953125 0.3154296875 0.501953125 0.310546875 0.5068359375 0.3125 0.5087890625 0.314453125 0.5205078125 0.3271484375 0.53125 0.3447265625 0.53125 0.357421875 0.5205078125 0.359375 0.5166015625 0.359375 0.5029296875 0.3544921875 0.501953125 0.3515625 0.4990234375 0.353515625 0.4931640625 0.3447265625 0.486328125 0.337890625 0.4853515625 0.3349609375 0.484375 0.3232421875 0.48828125 0.314453125 0.4990234375
1 0.314453125 0.4990234375 0.3466796875 0.5 0.3466796875 0.501953125 0.3154296875 0.501953125 0.310546875 0.5068359375 0.3125 0.5087890625 0.314453125 0.5205078125 0.3271484375 0.53125 0.3447265625 0.53125 0.357421875 0.5205078125 0.359375 0.5166015625 0.359375 0.5029296875 0.3544921875 0.501953125 0.3515625 0.4990234375 0.353515625 0.4931640625 0.3447265625 0.486328125 0.337890625 0.4853515625 0.3330078125 0.484375 0.3232421875 0.48828125 0.314453125 0.4990234375
2 0.896875 0.39375 0.0546875 0.05
1 0.9 0.44375 0.0515625 0.04375
1 0.8837890625 0.470703125 0.875 0.4736328125 0.875 0.4794921875 0.869140625 0.4853515625 0.87109375 0.5009765625 0.8798828125 0.509765625 0.8916015625 0.515625 0.9033203125 0.515625 0.9150390625 0.51171875 0.927734375 0.4970703125 0.927734375 0.4833984375 0.919921875 0.4775390625 0.921875 0.4736328125 0.9111328125 0.466796875 0.90625 0.4658203125 0.8916015625 0.46484375 0.8857421875 0.466796875 0.8837890625 0.470703125
3 0.1546875 0.453125 0.08125 0.1359375
3 0.328125 0.453125 0.0859375 0.121875
3 0.509375 0.4375 0.065625 0.125
3 0.7046875 0.4328125 0.075 0.128125
3 0.8984375 0.4265625 0.0859375 0.1296875