0 0.26704545468749996 0.450284090625 0.271103896875 0.44216720781249996 0.271103896875 0.41375811718750005 0.2629870125 0.39955357187499996 0.2477678578125 0.3863636359375 0.24168019531249998 0.38433441562500004 0.2213879875 0.38433441562500004 0.215300325 0.3863636359375 0.2071834421875 0.39042207812499996 0.1980519484375 0.39955357187499996 0.189935065625 0.41375811718750005 0.189935065625 0.41984577968750003 0.18790584375 0.421875 0.18790584375 0.444196428125 0.189935065625 0.450284090625 0.203125 0.46753246718749997 0.2142857140625 0.47260551875 0.237621753125 0.47362012968749995 0.249797078125 0.46753246718749997 0.26704545468749996 0.450284090625
0 0.6982548703125 0.7719155843750001 0.7215909093749999 0.7546672078125 0.7398538968749999 0.7303165578125 0.7418831171875 0.718141234375 0.7459415578125 0.7100243500000001 0.7459415578125 0.6937905843750001 0.7479707796875 0.6917613640625 0.7459415578125 0.6897321421875 0.7459415578125 0.6755275968750001 0.7418831171875 0.6694399343749999 0.7418831171875 0.66538149375 0.733766234375 0.6552353890625 0.7317370125 0.6491477265625 0.7205762984375 0.6379870125 0.6962256499999999 0.6258116890625 0.6901379875 0.6258116890625 0.688108765625 0.6237824671875 0.6678165578125 0.6237824671875 0.6657873375000001 0.6258116890625 0.6576704546875 0.6258116890625 0.6454951296875 0.6298701296875 0.6333198046875 0.6359577921875 0.6079545453125 0.6592938312500001 0.6018668828125 0.6674107140625 0.6018668828125 0.6714691562499999 0.5957792203125 0.681615259375 0.5957792203125 0.6877029218749999 0.5917207796875 0.6958198046875 0.5917207796875 0.7242288968749999 0.5978084421875 0.7424918828125 0.6109983765625 0.759740259375 0.6252029218749999 0.7678571421875 0.6312905843750001 0.7739448046875 0.64448051875 0.7769886359375 0.6779626624999999 0.778003246875 0.6799918828125 0.7759740265625 0.6982548703125 0.7719155843750001
0 0.6079545453125 0.369115259375 0.6079545453125 0.35896915625000003 0.6038961031250001 0.34679383124999996 0.5886769484375 0.333603896875 0.5825892859375 0.333603896875 0.5805600656250001 0.33157467500000004 0.568384740625 0.333603896875 0.5602678578125 0.33766233749999996 0.5551948046875 0.3427353890625 0.5491071421875 0.35491071406249997 0.5491071421875 0.36708603906250004 0.5551948046875 0.38129058437499996 0.5622970781250001 0.3883928578125 0.5714285718750001 0.3914366890625 0.58461850625 0.39245129843750004 0.5967938312500001 0.3863636359375 0.6079545453125 0.369115259375
0 0.5602678578125 0.33766233749999996 0.568384740625 0.333603896875 0.5866477265625 0.333603896875 0.5876623375000001 0.330560065625 0.5785308437500001 0.32142857187499996 0.568384740625 0.3173701296875 0.5582386359375 0.3173701296875 0.5460633109375 0.32345779218750004 0.5389610390625 0.33461850625 0.5389610390625 0.35085227343750003 0.54301948125 0.35896915625000003 0.5470779218749999 0.3609983765625 0.5491071421875 0.3609983765625 0.5511363640625 0.34882305156250004 0.5602678578125 0.33766233749999996
0 0.5551948046875 0.30418019531249996 0.5480925328125 0.29504870156249996 0.5399756499999999 0.290990259375 0.5278003250000001 0.290990259375 0.5166396109375 0.300121753125 0.5146103890625 0.3102678578125 0.5257711031250001 0.3133116890625 0.5369318187500001 0.32447240312500003 0.5369318187500001 0.32853084374999997 0.5399756499999999 0.32954545468749996 0.5551948046875 0.318384740625 0.5551948046875 0.30418019531249996
0 0.496347403125 0.29809253281250003 0.48924512968749995 0.28896103906250004 0.47909902656250003 0.28490259687499997 0.47098214218749995 0.28490259687499997 0.462865259375 0.28896103906250004 0.4557629875 0.29809253281250003 0.456777596875 0.30316558437499996 0.46387987031250005 0.30620941562500004 0.46692370156249996 0.30722402656250003 0.47909902656250003 0.2991071421875 0.496347403125 0.29809253281250003
0 0.456777596875 0.32345779218750004 0.465909090625 0.31635551875 0.465909090625 0.3102678578125 0.45880681875 0.30316558437499996 0.44866071406249997 0.2991071421875 0.43242694843749996 0.3011363640625 0.42329545468749996 0.3082386359375 0.41720779218750004 0.318384740625 0.41720779218750004 0.33258928593750003 0.421266234375 0.34070616875000004 0.42836850625 0.3478084421875 0.43547077968750003 0.35085227343750003 0.44561688281249995 0.35085227343750003 0.44764610312500003 0.33461850625 0.456777596875 0.32345779218750004
0 0.5054788968749999 0.31128246718749997 0.5044642859375 0.30620941562500004 0.493303571875 0.2991071421875 0.48315746718749997 0.2991071421875 0.47706980468750004 0.30316558437499996 0.47301136406250005 0.30316558437499996 0.465909090625 0.3102678578125 0.47098214218749995 0.3173701296875 0.481128246875 0.31534090937500003 0.48823051875 0.318384740625 0.49127435 0.31939934999999997 0.49533279218750004 0.31534090937500003 0.5054788968749999 0.31128246718749997
0 0.64448051875 0.3265016234375 0.6333198046875 0.31534090937500003 0.6292613640625 0.3133116890625 0.619115259375 0.3133116890625 0.6059253250000001 0.32041396093749996 0.6069399343749999 0.32345779218750004 0.6231737015625 0.3254870125 0.6292613640625 0.32954545468749996 0.6383928578125 0.3427353890625 0.6383928578125 0.34679383124999996 0.6414366890625 0.3478084421875 0.64448051875 0.3427353890625 0.64448051875 0.3265016234375
0 0.6830357140625 0.3447646109375 0.68100649375 0.32853084374999997 0.6739042203125 0.31939934999999997 0.6617288968749999 0.31534090937500003 0.6596996749999999 0.3173701296875 0.6536120125 0.3173701296875 0.64448051875 0.3265016234375 0.64448051875 0.3447646109375 0.6536120125 0.35592532499999996 0.6586850656250001 0.356939934375 0.6698457796875 0.35795454531250004 0.6739042203125 0.35592532499999996 0.6830357140625 0.3447646109375
0 0.6728896109375 0.31635551875 0.6657873375000001 0.30722402656250003 0.6617288968749999 0.30519480468750004 0.6515827921875 0.30519480468750004 0.6434659093749999 0.309253246875 0.6404220781250001 0.31432629843750004 0.6404220781250001 0.32244318125000004 0.6424512984375 0.32447240312500003 0.6454951296875 0.3254870125 0.655641234375 0.3173701296875 0.6728896109375 0.31635551875
0 0.6404220781250001 0.31432629843750004 0.6312905843750001 0.3011363640625 0.6272321421875 0.2991071421875 0.6140422078125 0.300121753125 0.6150568187500001 0.30316558437499996 0.62114448125 0.30519480468750004 0.6363636359375 0.318384740625 0.637378246875 0.31939934999999997 0.6404220781250001 0.31635551875 0.6404220781250001 0.31432629843750004
1 0.8747970781250001 0.42491883125 0.8879870125 0.421875 0.8859577921874999 0.41375811718750005 0.8747970781250001 0.40462662343750005 0.8626217531249999 0.40665584375 0.85551948125 0.4157873375 0.85551948125 0.434050325 0.8636363640625 0.444196428125 0.8676948046874999 0.444196428125 0.8697240265625 0.43202110312500003 0.8747970781250001 0.42491883125
1 0.9042207796874999 0.456371753125 0.9042207796874999 0.4401379875 0.9001623375 0.43202110312500003 0.8890016234375 0.42288961093750005 0.8829139609375 0.42288961093750005 0.8727678578125 0.42694805156250004 0.8676948046874999 0.4401379875 0.8676948046874999 0.44825487031250005 0.8717532468750001 0.46043019531249996 0.88189935 0.468547078125 0.89103084375 0.46956168906249995 0.8991477265625001 0.465503246875 0.9042207796874999 0.456371753125
1 0.9224837656249999 0.456371753125 0.9224837656249999 0.44216720781249996 0.9204545453125 0.43607954531250004 0.9113230515625 0.42694805156250004 0.9011769484375 0.42694805156250004 0.8981331171875 0.42999188281249995 0.9042207796874999 0.438108765625 0.9042207796874999 0.456371753125 0.9001623375 0.462459415625 0.9001623375 0.46651785781250005 0.9042207796874999 0.468547078125 0.9113230515625 0.46956168906249995 0.91538149375 0.46753246718749997 0.9224837656249999 0.456371753125
1 0.8291396109375 0.3914366890625 0.8271103890625 0.38940746718749997 0.8271103890625 0.38331980468750004 0.815949675 0.37215909062499997 0.8058035718750001 0.3701298703125 0.7966720781250001 0.37520292187500004 0.7926136359375 0.38331980468750004 0.7926136359375 0.3954951296875 0.7946428578125 0.40158279218750004 0.80377435 0.41071428593750003 0.8108766234375 0.41172889687499997 0.8179788968749999 0.41071428593750003 0.82508116875 0.405641234375 0.8291396109375 0.3914366890625
1 0.7743506499999999 0.36708603906250004 0.7723214281249999 0.35491071406249997 0.75913149375 0.34375 0.7489853890625 0.34375 0.7398538968749999 0.35288149375 0.7378246749999999 0.35896915625000003 0.7398538968749999 0.37114448125 0.7469561687499999 0.38027597343749997 0.75 0.38129058437499996 0.7631899343749999 0.38230519531249996 0.7672483765625 0.38027597343749997 0.7743506499999999 0.36708603906250004
1 0.7053571421875 0.330560065625 0.6962256499999999 0.31939934999999997 0.6840503250000001 0.31534090937500003 0.6749188312500001 0.32041396093749996 0.6830357140625 0.33461850625 0.68100649375 0.35085227343750003 0.6850649343749999 0.35288149375 0.6941964281249999 0.353896103125 0.7033279218749999 0.34679383124999996 0.7053571421875 0.330560065625
1 0.7124594156249999 0.40462662343750005 0.7378246749999999 0.405641234375 0.7357954546875 0.3914366890625 0.724634740625 0.37621753281250003 0.7124594156249999 0.3701298703125 0.7023133109375 0.3701298703125 0.6921672078125 0.3741883109375 0.6850649343749999 0.38129058437499996 0.68100649375 0.38940746718749997 0.68100649375 0.409699675 0.6870941562499999 0.41984577968750003 0.6901379875 0.42086038906249995 0.7023133109375 0.408685065625 0.7124594156249999 0.40462662343750005
1 0.7520292203125 0.462459415625 0.7560876624999999 0.45231331093750005 0.7560876624999999 0.434050325 0.75 0.41984577968750003 0.74086850625 0.41071428593750003 0.7286931812499999 0.40462662343750005 0.7124594156249999 0.40462662343750005 0.7023133109375 0.408685065625 0.6911525968750001 0.41984577968750003 0.6870941562499999 0.42999188281249995 0.6870941562499999 0.450284090625 0.6952110390625 0.468547078125 0.7084009734375 0.477678571875 0.715503246875 0.47869318125 0.7266639609375 0.47970779218750004 0.74086850625 0.47362012968749995 0.7520292203125 0.462459415625
1 0.6576704546875 0.5487012984375 0.671875 0.5405844156249999 0.6850649343749999 0.52739448125 0.6931818187500001 0.5030438312500001 0.6911525968750001 0.486810065625 0.6830357140625 0.468547078125 0.671875 0.45738636406250005 0.6515827921875 0.447240259375 0.6312905843750001 0.447240259375 0.619115259375 0.45129870156249996 0.6069399343749999 0.459415584375 0.5998376624999999 0.46651785781250005 0.59375 0.47869318125 0.5917207796875 0.49289772656249997 0.5896915578125 0.49492694843749996 0.5917207796875 0.50913149375 0.5998376624999999 0.5294237015625 0.6130275968750001 0.5426136359375 0.6252029218749999 0.5487012984375 0.6323051953125 0.5497159093749999 0.6454951296875 0.55073051875 0.6475243500000001 0.5487012984375 0.6576704546875 0.5487012984375
1 0.6383928578125 0.356939934375 0.6383928578125 0.3447646109375 0.6363636359375 0.33867694843749996 0.6272321421875 0.327516234375 0.6231737015625 0.327516234375 0.6170860390625 0.32345779218750004 0.6049107140625 0.32345779218750004 0.59375 0.33258928593750003 0.59375 0.33664772656249997 0.6059253250000001 0.35085227343750003 0.6079545453125 0.369115259375 0.6059253250000001 0.37317370156249996 0.6120129875 0.37520292187500004 0.6231737015625 0.3741883109375 0.6343344156249999 0.36505681874999996 0.6383928578125 0.356939934375
1 0.6170860390625 0.31534090937500003 0.6241883109375 0.3102678578125 0.6150568187500001 0.3011363640625 0.5988230515625 0.3011363640625 0.5947646109375 0.30316558437499996 0.5896915578125 0.3082386359375 0.5856331171875 0.318384740625 0.5896915578125 0.330560065625 0.5947646109375 0.33157467500000004 0.6130275968750001 0.31534090937500003 0.6170860390625 0.31534090937500003
1 0.5349025968750001 0.35288149375 0.5389610390625 0.3447646109375 0.5389610390625 0.32853084374999997 0.5257711031250001 0.3133116890625 0.5196834421875 0.31128246718749997 0.5034496749999999 0.31128246718749997 0.49228896093749996 0.318384740625 0.493303571875 0.32142857187499996 0.5024350656250001 0.32853084374999997 0.5085227265625 0.3427353890625 0.50649350625 0.35288149375 0.5024350656250001 0.35896915625000003 0.5044642859375 0.36302759687499997 0.5217126624999999 0.36404220781249996 0.5257711031250001 0.3620129875 0.5349025968750001 0.35288149375
1 0.50649350625 0.35288149375 0.50649350625 0.33664772656249997 0.5024350656250001 0.32853084374999997 0.49533279218750004 0.32142857187499996 0.487215909375 0.3173701296875 0.46692370156249996 0.3173701296875 0.45880681875 0.32142857187499996 0.449675325 0.33258928593750003 0.44561688281249995 0.3427353890625 0.44561688281249995 0.35085227343750003 0.45170454531250004 0.36302759687499997 0.46083603906250004 0.37215909062499997 0.47402597343749997 0.37520292187500004 0.48518668906249995 0.3741883109375 0.4973620125 0.36810065000000003 0.50649350625 0.35288149375
1 0.36241883124999996 0.38129058437499996 0.36647727343750003 0.37317370156249996 0.36850649375 0.3609983765625 0.36647727343750003 0.35896915625000003 0.36444805156250004 0.34679383124999996 0.35328733749999996 0.333603896875 0.34517045468749996 0.32954545468749996 0.32690746718749997 0.32954545468749996 0.3167613640625 0.333603896875 0.30560065000000003 0.3447646109375 0.2995129875 0.35896915625000003 0.2995129875 0.37114448125 0.30357142812500004 0.38129058437499996 0.31270292187500004 0.39245129843750004 0.3238636359375 0.39752434999999997 0.33908279218750004 0.39853896093749996 0.349228896875 0.39448051875 0.36241883124999996 0.38129058437499996
2 0 0.428954725 0.00020292187500000003 0.42897727343750003 0.0042613640625 0.42694805156250004 0.0133928578125 0.41781655781250004 0.017451298437500002 0.40767045468749996 0.017451298437500002 0.387378246875 0.0083198046875 0.37621753281250003 0.0022321421875000002 0.3741883109375 0 0.37508116875 0 0.428954725