2 0.94375 0.6265625 0.0609375 0.05625
1 0.0796875 0.6140625 0.0640625 0.0578125
2 0.3046875 0.5171875 0.0625 0.0609375
1 0.7359375 0.66875 0.0703125 0.0671875
1 0.515625 0.6203125 0.0578125 0.0609375
2 0.2984375 0.621875 0.05625 0.0546875
1 0.7359375 0.6234375 0.0625 0.0578125
2 0.2984375 0.5703125 0.059375 0.053125
3 0.9390625 0.5953125 0.084375 0.128125
3 0.7328125 0.5953125 0.08125 0.1328125
3 0.51875 0.590625 0.0765625 0.134375
3 0.3015625 0.5890625 0.0796875 0.134375
3 0.0859375 0.584375 0.084375 0.1328125