2 0.45699356875 0.272709003125 0.45699356875 0.2787379421875 0.462017684375 0.2857717046875 0.47407556250000005 0.289790996875 0.4901527328125 0.289790996875 0.4921623796875 0.28778135 0.5002009640625 0.28778135 0.5122588421875001 0.2817524109375 0.51828778125 0.27773311875 0.5293408359375 0.26467041875 0.5293408359375 0.260651125 0.533360128125 0.2546221859375 0.533360128125 0.2345257234375 0.52532154375 0.218448553125 0.516278134375 0.2094051453125 0.5002009640625 0.20136655937499998 0.476085209375 0.1993569125 0.45598874531250005 0.2073954984375 0.4429260453125 0.2204582 0.43488745937499995 0.2365353703125 0.43589228281250003 0.245578778125 0.448954984375 0.2586414796875 0.45699356875 0.272709003125
2 0.387660771875 0.1310289390625 0.39569935625 0.127009646875 0.407757234375 0.127009646875 0.40976688125000005 0.125 0.42986334375 0.127009646875 0.44493569062500005 0.1139469453125 0.4509646296875 0.10188906718749999 0.4509646296875 0.0918408359375 0.4469453375 0.085811896875 0.4469453375 0.0817926046875 0.43589228281250003 0.07073955 0.421824759375 0.0647106109375 0.39971865 0.0647106109375 0.3796221859375 0.072749196875 0.3645498390625 0.085811896875 0.360530546875 0.0938504828125 0.3615353703125 0.112942121875 0.3645498390625 0.119975884375 0.3715836015625 0.127009646875 0.3796221859375 0.1310289390625 0.387660771875 0.1310289390625
2 0.7333199359375 0.530948553125 0.7282958203125001 0.53597266875 0.72930064375 0.5369774921875 0.73532958125 0.5470257234375 0.7534163984375 0.5490353703124999 0.757435690625 0.5470257234375 0.7624598078125 0.5399919609375 0.764469453125 0.533963021875 0.7624598078125 0.5219051453125 0.7534163984375 0.5128617359375001 0.74939710625 0.5128617359375001 0.744372990625 0.5178858515625 0.74236334375 0.523914790625 0.7333199359375 0.530948553125
2 0.747387459375 0.4847266875 0.737339228125 0.4786977484375 0.7232717046875 0.4786977484375 0.7162379421875 0.48573151093750006 0.717242765625 0.486736334375 0.7192524109375 0.48874598125 0.72930064375 0.48874598125 0.7333199359375 0.4907556265625 0.74236334375 0.49979903593749997 0.744372990625 0.5118569125 0.747387459375 0.5128617359375001 0.7504019296875 0.5098472671875001 0.752411575 0.505827975 0.752411575 0.49377009687499995 0.747387459375 0.4847266875
2 0.69513665625 0.7198553046875 0.686093246875 0.730908359375 0.6870980703125 0.7339228296875 0.693127009375 0.7339228296875 0.7011655953125 0.737942121875 0.70819935625 0.744975884375 0.7132234734375 0.76004823125 0.7192524109375 0.7580385859375001 0.7282958203125001 0.7489951765625 0.7323151125 0.7389469453124999 0.730305465625 0.7268890671875 0.717242765625 0.7158360125 0.703175240625 0.7158360125 0.69513665625 0.7198553046875
2 0.7011655953125 0.737942121875 0.693127009375 0.7339228296875 0.6750401921875 0.7359324765624999 0.6720257234375 0.7389469453124999 0.673030546875 0.7419614140624999 0.6740353703124999 0.74698553125 0.683078778125 0.752009646875 0.690112540625 0.7590434078125 0.6921221859375 0.765072346875 0.6921221859375 0.7831591640625 0.6971463015625 0.7841639875 0.7061897109374999 0.775120578125 0.71221865 0.7610530546875001 0.70819935625 0.744975884375 0.7011655953125 0.737942121875
2 0.6690112546875 0.8042604499999999 0.652934084375 0.8062700968750001 0.652934084375 0.81430868125 0.65393890625 0.831390675 0.658963021875 0.836414790625 0.673030546875 0.8384244375 0.685088425 0.8344051453124999 0.6921221859375 0.8273713828125 0.698151125 0.8173231515625 0.698151125 0.8052652734375 0.6941318328125 0.7972266875 0.6870980703125 0.792202571875 0.68106913125 0.7982315109375 0.6690112546875 0.8042604499999999
2 0.6971463015625 0.872588425 0.70819935625 0.8595257234375 0.70819935625 0.8514871375 0.7011655953125 0.8424437296875 0.6870980703125 0.850482315625 0.683078778125 0.850482315625 0.683078778125 0.8524919609375001 0.686093246875 0.8575160765625001 0.6870980703125 0.8766077171875001 0.6911173640625 0.8766077171875001 0.6971463015625 0.872588425
2 0.66097266875 0.8926848875 0.6469051453125 0.8926848875 0.6469051453125 0.8967041796874999 0.6519292609375 0.9017282953124999 0.6569533765625 0.914790996875 0.6670016078125001 0.914790996875 0.686093246875 0.9017282953124999 0.690112540625 0.89569935625 0.690112540625 0.887660771875 0.685088425 0.8806270093749999 0.68106913125 0.8806270093749999 0.6750401921875 0.8866559484375 0.6670016078125001 0.890675240625 0.66097266875 0.8926848875
2 0.65393890625 0.9057475890625 0.6519292609375 0.9017282953124999 0.64087620625 0.8926848875 0.6348472671875001 0.8926848875 0.6328376203125 0.890675240625 0.618770096875 0.8926848875 0.601688103125 0.9037379421875 0.5956591640625 0.9137861734375001 0.5966639875 0.924839228125 0.59967845625 0.9318729906250001 0.60671221875 0.93689710625 0.6127411578124999 0.9389067531249999 0.630827975 0.9389067531249999 0.6448954984374999 0.9308681671875 0.6519292609375 0.9238344046875 0.65393890625 0.9198151125 0.65393890625 0.9057475890625
2 0.582194534375 1 0.5936495171875 0.9921623796875 0.5956591640625 0.9881430874999999 0.5956591640625 0.976085209375 0.5936495171875 0.9700562703125 0.5825964625 0.9610128625 0.5765675234375001 0.959003215625 0.5544614140624999 0.959003215625 0.5444131828125001 0.9630225078124999 0.535369775 0.9700562703125 0.5293408359375 0.9821141484375 0.530345659375 0.989147909375 0.5313504828125 0.9941720249999999 0.53717845625 1 0.582194534375 1
1 0.5323553046875 0.9087620578125 0.5544614140624999 0.8967041796874999 0.5635048234375 0.8856511250000001 0.567524115625 0.8735932468750001 0.567524115625 0.85550643125 0.5635048234375 0.8474678453125 0.5484324765624999 0.8323954984374999 0.5363745984375 0.826366559375 0.5283360125 0.826366559375 0.5263263671875 0.8243569125000001 0.5022106109375 0.826366559375 0.4881430875 0.8323954984374999 0.47106109375000005 0.8514871375 0.469051446875 0.8575160765625001 0.47005627031249997 0.8786173640625 0.47307073906249997 0.887660771875 0.48412379375 0.8987138265624999 0.49819131875 0.9067524109375 0.5042202578125 0.9087620578125 0.5323553046875 0.9087620578125
1 0.6006832796875 0.8384244375 0.5886254015625 0.8323954984374999 0.560490353125 0.8323954984374999 0.5554662375 0.8354099671874999 0.567524115625 0.8575160765625001 0.567524115625 0.8735932468750001 0.5614951765625 0.887660771875 0.5534565921875 0.89569935625 0.5544614140624999 0.9007234734375 0.5584807078125 0.90273311875 0.5765675234375001 0.90273311875 0.5926446953125 0.8967041796874999 0.601688103125 0.88967041875 0.611736334375 0.8735932468750001 0.611736334375 0.85550643125 0.6097266875 0.8494774921875001 0.6006832796875 0.8384244375
1 0.5936495171875 0.8092845656250001 0.601688103125 0.7911977484375 0.601688103125 0.7731109328125 0.5976688109375 0.7630627015625 0.58661575625 0.75 0.564509646875 0.73995176875 0.5444131828125001 0.73995176875 0.5223070734374999 0.75 0.5092443734375001 0.765072346875 0.5052250796875 0.775120578125 0.506229903125 0.7982315109375 0.5092443734375001 0.8072749203124999 0.530345659375 0.8243569125000001 0.5484324765624999 0.82837620625 0.550442121875 0.8303858515625 0.5685289390625 0.82837620625 0.584606109375 0.8183279750000001 0.5936495171875 0.8092845656250001
1 0.43689710625 0.6505225078125 0.43689710625 0.6605707390625 0.43488745937499995 0.6625803859375 0.43589228281250003 0.673633440625 0.43689710625 0.6826768484375 0.4429260453125 0.6947347265625 0.4469453375 0.69875401875 0.448954984375 0.7047829578125 0.4579983921875 0.7118167203125 0.462017684375 0.717845659375 0.4780948546875 0.72588424375 0.5002009640625 0.727893890625 0.5283360125 0.717845659375 0.5413987140625001 0.7067926046874999 0.5494372984375 0.6947347265625 0.5534565921875 0.6826768484375 0.5554662375 0.6625803859375 0.5534565921875 0.6605707390625 0.5534565921875 0.6525321546875 0.5494372984375 0.6404742765625 0.5343649515625 0.6213826359375 0.51828778125 0.6133440515624999 0.510249196875 0.6133440515624999 0.5002009640625 0.609324759375 0.48211414843749995 0.609324759375 0.4600080390625 0.619372990625 0.4469453375 0.632435690625 0.43689710625 0.6505225078125
1 0.5966639875 0.6756430875 0.6026929265625001 0.673633440625 0.621784565625 0.656551446875 0.6298231515625 0.6404742765625 0.6298231515625 0.6163585203124999 0.6237942125 0.60430064375 0.6107315109375 0.5892282953125 0.5886254015625 0.5811897109374999 0.57254823125 0.58319935625 0.5584807078125 0.5892282953125 0.5413987140625001 0.6063102890625001 0.535369775 0.6163585203124999 0.5363745984375 0.6213826359375 0.5514469453124999 0.64449356875 0.5554662375 0.666599678125 0.5665192921875 0.673633440625 0.57254823125 0.673633440625 0.574557878125 0.6756430875 0.5966639875 0.6756430875
1 0.6398713828125 0.7972266875 0.643890675 0.7851688109375 0.6418810296874999 0.765072346875 0.628818328125 0.75 0.6127411578124999 0.7439710609375 0.6026929265625001 0.7439710609375 0.6006832796875 0.7459807078125 0.594654340625 0.7459807078125 0.587620578125 0.7510048234375 0.5936495171875 0.7570337625 0.601688103125 0.775120578125 0.601688103125 0.7911977484375 0.5936495171875 0.8092845656250001 0.587620578125 0.8153135046875001 0.5886254015625 0.8183279750000001 0.5926446953125 0.8203376203125 0.608721865625 0.8203376203125 0.6207797421875 0.8163183281249999 0.62680868125 0.8122990359375001 0.6398713828125 0.7972266875
1 0.6519292609375 0.833400321875 0.65393890625 0.8173231515625 0.6499196140625 0.8052652734375 0.638866559375 0.7982315109375 0.62680868125 0.8122990359375001 0.61676045 0.8183279750000001 0.6107315109375 0.8203376203125 0.5906350484375 0.8203376203125 0.58661575625 0.8183279750000001 0.581591640625 0.8253617359375 0.5825964625 0.8303858515625 0.5986736328125 0.836414790625 0.6057073953125001 0.8434485531249999 0.6127411578124999 0.8585209 0.6207797421875 0.8585209 0.6328376203125 0.8545016078125001 0.643890675 0.8454582 0.6519292609375 0.833400321875
1 0.676045015625 0.7610530546875001 0.6700160765625001 0.7731109328125 0.658963021875 0.7841639875 0.6428858515625 0.7901929265625001 0.6428858515625 0.7982315109375 0.652934084375 0.8062700968750001 0.662982315625 0.8062700968750001 0.6770498390624999 0.8002411578125 0.6870980703125 0.792202571875 0.6921221859375 0.7811495171875 0.6921221859375 0.7630627015625 0.690112540625 0.7590434078125 0.683078778125 0.752009646875 0.6770498390624999 0.75 0.676045015625 0.7610530546875001
1 0.658963021875 0.7841639875 0.6700160765625001 0.7731109328125 0.676045015625 0.7590434078125 0.676045015625 0.7510048234375 0.6720257234375 0.7389469453124999 0.662982315625 0.7299035375 0.6509244375 0.7238745984375 0.6348472671875001 0.7238745984375 0.6207797421875 0.7299035375 0.611736334375 0.7389469453124999 0.6127411578124999 0.7439710609375 0.628818328125 0.75 0.6398713828125 0.7610530546875001 0.643890675 0.7731109328125 0.643890675 0.7851688109375 0.6418810296874999 0.78717845625 0.6448954984374999 0.7901929265625001 0.658963021875 0.7841639875
1 0.6569533765625 0.8464630218750001 0.6509244375 0.84847266875 0.635852090625 0.8615353703125 0.63384244375 0.8655546624999999 0.6348472671875001 0.8786173640625 0.6448954984374999 0.890675240625 0.648914790625 0.8926848875 0.662982315625 0.8926848875 0.6750401921875 0.8866559484375 0.6840836015625 0.8776125406249999 0.686093246875 0.8735932468750001 0.686093246875 0.8575160765625001 0.68106913125 0.850482315625 0.673030546875 0.8464630218750001 0.6569533765625 0.8464630218750001
0 0.66800643125 0.7027733125 0.6740353703124999 0.690715434375 0.6740353703124999 0.6706189703125001 0.66800643125 0.65856109375 0.66097266875 0.65152733125 0.648914790625 0.6454983921874999 0.630827975 0.6454983921874999 0.6258038578125 0.6485128625 0.6237942125 0.6545418 0.6127411578124999 0.6676045015625001 0.59967845625 0.6746382640624999 0.5976688109375 0.67865755625 0.5986736328125 0.68569131875 0.6036977484375 0.700763665625 0.6107315109375 0.7098070734374999 0.62680868125 0.717845659375 0.6469051453125 0.717845659375 0.66097266875 0.7098070734374999 0.66800643125 0.7027733125
0 0.685088425 0.8344051453124999 0.6670016078125001 0.8384244375 0.6670016078125001 0.8424437296875 0.6710209 0.8464630218750001 0.6750401921875 0.8464630218750001 0.68106913125 0.850482315625 0.693127009375 0.84847266875 0.70819935625 0.8354099671874999 0.710209003125 0.8293810296874999 0.70819935625 0.8173231515625 0.6991559484375001 0.8102893890624999 0.698151125 0.8173231515625 0.6921221859375 0.8273713828125 0.685088425 0.8344051453124999
0 0.7594453375 0.585209003125 0.7413585203124999 0.5892282953125 0.734324759375 0.5982717046875 0.73532958125 0.609324759375 0.7433681671875 0.619372990625 0.7554260453125 0.6213826359375 0.7664791 0.612339228125 0.7684887453125 0.6083199359375 0.7684887453125 0.5962620578125 0.7594453375 0.585209003125
0 0.7212620578125 0.486736334375 0.7112138265625 0.4907556265625 0.7061897109374999 0.4957797421875 0.700160771875 0.505827975 0.7011655953125 0.5148713828125 0.7041800640625 0.523914790625 0.7132234734375 0.530948553125 0.717242765625 0.5329582 0.7313102890625001 0.5329582 0.7403536984375 0.5259244375 0.7463826359375 0.51587620625 0.7463826359375 0.5118569125 0.7403536984375 0.4957797421875 0.7313102890625001 0.48874598125 0.7212620578125 0.486736334375
0 0.737339228125 0.4786977484375 0.7453778140625 0.4847266875 0.74939710625 0.4847266875 0.7584405140625 0.4756832796875 0.7584405140625 0.46161575624999995 0.74939710625 0.45056270156249995 0.737339228125 0.4485530546875 0.7333199359375 0.45056270156249995 0.7242765265625 0.46161575624999995 0.72528135 0.47467845625000005 0.72930064375 0.4786977484375 0.737339228125 0.4786977484375
0 0.7554260453125 0.551045015625 0.7624598078125 0.5620980703125 0.761454984375 0.5791800640625 0.7684887453125 0.5741559484375001 0.7704983921874999 0.558078778125 0.7684887453125 0.5540594859375 0.7594453375 0.5470257234375 0.7554260453125 0.5470257234375 0.7554260453125 0.551045015625
0 0.7051848875 0.3802250796875 0.7061897109374999 0.38323955 0.717242765625 0.3922829578125 0.7313102890625001 0.3922829578125 0.7403536984375 0.381229903125 0.7403536984375 0.37319131875 0.7383440515624999 0.3671623796875 0.72930064375 0.3581189703125 0.72528135 0.356109325 0.71523311875 0.356109325 0.7112138265625 0.3581189703125 0.7041800640625 0.3671623796875 0.7051848875 0.3802250796875
0 0.68810289375 0.218448553125 0.68810289375 0.208400321875 0.686093246875 0.2043810296875 0.6750401921875 0.1953376203125 0.66097266875 0.1953376203125 0.65393890625 0.2023713828125 0.652934084375 0.211414790625 0.655948553125 0.218448553125 0.6670016078125001 0.225482315625 0.6790594859375 0.225482315625 0.68810289375 0.218448553125
0 0.567524115625 0.1903135046875 0.5705385859375001 0.193327975 0.5765675234375001 0.191318328125 0.5836012859374999 0.184284565625 0.5856109328125 0.1782556265625 0.5836012859374999 0.16217845625 0.57958199375 0.154139871875 0.5665192921875 0.1450964625 0.560490353125 0.1430868171875 0.5424035375 0.1430868171875 0.5343649515625 0.147106109375 0.52532154375 0.1561495171875 0.5263263671875 0.1611736328125 0.5464228296875 0.1631832796875 0.550442121875 0.167202571875 0.5564710609375 0.16921221875 0.5614951765625 0.174236334375 0.567524115625 0.1862942125 0.567524115625 0.1903135046875
0 0.5152733125 0.1923231515625 0.5213022515625 0.17624598125 0.5192926046874999 0.16217845625 0.513263665625 0.152130225 0.5042202578125 0.1430868171875 0.4921623796875 0.137057878125 0.47407556250000005 0.13504823125 0.472065915625 0.137057878125 0.462017684375 0.137057878125 0.4579983921875 0.1390675234375 0.4549839234375 0.144091640625 0.46101286249999995 0.154139871875 0.4630225078125 0.1722266875 0.46101286249999995 0.174236334375 0.46101286249999995 0.1802652734375 0.4509646296875 0.198352090625 0.451969453125 0.20337620625000002 0.4600080390625 0.2053858515625 0.47407556250000005 0.1993569125 0.506229903125 0.20136655937499998 0.5152733125 0.1923231515625
0 0.5705385859375001 0.3058681671875 0.57958199375 0.296824759375 0.5856109328125 0.2867765265625 0.587620578125 0.2807475890625 0.5856109328125 0.2586414796875 0.581591640625 0.252612540625 0.564509646875 0.2375401921875 0.5544614140624999 0.23352089999999998 0.5363745984375 0.23352089999999998 0.533360128125 0.2365353703125 0.533360128125 0.2546221859375 0.5313504828125 0.260651125 0.52532154375 0.27069935625 0.5072347265625 0.2867765265625 0.50823955 0.2958199359375 0.516278134375 0.3038585203125 0.5363745984375 0.31189710625 0.5564710609375 0.31189710625 0.5625 0.309887459375 0.5705385859375001 0.3058681671875
0 0.372588425 0.4113745984375 0.373593246875 0.43247588437499995 0.3786173640625 0.4455385859375 0.397709003125 0.46864951718750003 0.4157958203125 0.4786977484375 0.421824759375 0.4786977484375 0.42383440468750005 0.4807073953125 0.4459405140625 0.4807073953125 0.47005627031249997 0.47065916406249997 0.4871382640625 0.4555868171875 0.4951768484375 0.44151929218749997 0.49919614218749997 0.4294614140625 0.49919614218749997 0.40333601249999995 0.49718649531250003 0.40132636718750003 0.49718649531250003 0.395297428125 0.489147909375 0.3792202578125 0.47005627031249997 0.3621382640625 0.4579983921875 0.356109325 0.42986334375 0.356109325 0.4278536984375 0.354099678125 0.4258440515625 0.356109325 0.417805465625 0.356109325 0.40574758906249997 0.3621382640625 0.38967041875 0.3741961421875 0.380627009375 0.3872588421875 0.372588425 0.4113745984375
1 0.3816318328125 0.23553054687500002 0.37560289375 0.23553054687500002 0.353496784375 0.247588425 0.3384244375 0.262660771875 0.336414790625 0.2686897109375 0.3323954984375 0.272709003125 0.3303858515625 0.2867765265625 0.32837620625 0.2887861734375 0.3293810296875 0.3159163984375 0.336414790625 0.3309887453125 0.3494774921875 0.344051446875 0.3655546625 0.3520900328125 0.3715836015625 0.3520900328125 0.3816318328125 0.356109325 0.39569935625 0.356109325 0.397709003125 0.354099678125 0.4157958203125 0.3520900328125 0.4258440515625 0.344051446875 0.42986334375 0.344051446875 0.4469453375 0.326969453125 0.4549839234375 0.3108922828125 0.45699356875 0.296824759375 0.459003215625 0.2948151125 0.45699356875 0.27471865 0.448954984375 0.260651125 0.43790192968749997 0.247588425 0.42383440468750005 0.2395498390625 0.4198151125 0.2395498390625 0.4157958203125 0.23553054687500002 0.407757234375 0.23553054687500002 0.40574758906249997 0.23352089999999998 0.3836414796875 0.23352089999999998 0.3816318328125 0.23553054687500002
1 0.43790192968749997 0.2073954984375 0.4549839234375 0.1923231515625 0.46101286249999995 0.1802652734375 0.4630225078125 0.16217845625 0.45699356875 0.1461012859375 0.4459405140625 0.13504823125 0.42986334375 0.127009646875 0.4198151125 0.127009646875 0.417805465625 0.125 0.4157958203125 0.127009646875 0.39569935625 0.127009646875 0.37560289375 0.137057878125 0.3625401921875 0.152130225 0.3585209 0.164188103125 0.3575160765625 0.181270096875 0.360530546875 0.194332796875 0.373593246875 0.2073954984375 0.3936897109375 0.215434084375 0.4198151125 0.215434084375 0.43790192968749997 0.2073954984375
1 0.5695337625 0.2023713828125 0.5695337625 0.1923231515625 0.55948553125 0.1722266875 0.550442121875 0.1651929265625 0.53838424375 0.1611736328125 0.5223070734374999 0.1611736328125 0.5192926046874999 0.164188103125 0.5213022515625 0.1682073953125 0.5192926046874999 0.1862942125 0.5072347265625 0.2003617359375 0.50823955 0.2053858515625 0.516278134375 0.2094051453125 0.5273311890625 0.2204582 0.5323553046875 0.2295016078125 0.53838424375 0.2295016078125 0.5544614140624999 0.22347266875 0.56551446875 0.2124196140625 0.5695337625 0.2023713828125
1 0.47106109375000005 0.3571141484375 0.472065915625 0.3621382640625 0.49115755625 0.381229903125 0.49718649531250003 0.39328778125 0.49718649531250003 0.3993167203125 0.49919614218749997 0.40132636718750003 0.49919614218749997 0.4314710609375 0.5042202578125 0.43448553125 0.5283360125 0.43448553125 0.53838424375 0.4304662375 0.550442121875 0.422427653125 0.55948553125 0.41338424375000005 0.56551446875 0.40333601249999995 0.567524115625 0.3892684890625 0.5695337625 0.3872588421875 0.56551446875 0.3631430875 0.5614951765625 0.35912379375 0.55948553125 0.3530948546875 0.550442121875 0.344051446875 0.5323553046875 0.334003215625 0.5263263671875 0.33199356875 0.5042202578125 0.33199356875 0.49819131875 0.334003215625 0.486133440625 0.3400321546875 0.47307073906249997 0.3530948546875 0.47106109375000005 0.3571141484375
1 0.710209003125 0.2807475890625 0.7061897109374999 0.2666800640625 0.69513665625 0.25763665625 0.685088425 0.25763665625 0.676045015625 0.26467041875 0.6740353703124999 0.2686897109375 0.6750401921875 0.279742765625 0.6790594859375 0.28778135 0.693127009375 0.2938102890625 0.7051848875 0.289790996875 0.710209003125 0.2807475890625
1 0.72528135 0.5711414796875001 0.7282958203125001 0.5801848875 0.737339228125 0.58721865 0.7413585203124999 0.5892282953125 0.7433681671875 0.58721865 0.751406753125 0.58721865 0.7594453375 0.5811897109374999 0.7624598078125 0.5761655953125 0.7624598078125 0.560088425 0.7534163984375 0.5490353703124999 0.737339228125 0.5490353703124999 0.7262861734375 0.560088425 0.72528135 0.5711414796875001