2 0.3631147546875 0.3968493859375 0.35901639375 0.38660348437500003 0.345696721875 0.37328381093749996 0.3395491796875 0.37123463125 0.32520491875 0.37123463125 0.3129098359375 0.377382171875 0.303688525 0.3886526640625 0.2995901640625 0.39889856562500003 0.2995901640625 0.411193646875 0.3057377046875 0.425537909375 0.31086065625 0.4306608609375 0.317008196875 0.434759221875 0.32520491875 0.434759221875 0.3272540984375 0.43680840156249995 0.336475409375 0.43578381093749996 0.343647540625 0.434759221875 0.3549180328125 0.425537909375 0.3631147546875 0.4091444671875 0.3631147546875 0.3968493859375
2 0.4020491796875 0.3456198765625 0.4020491796875 0.3333247953125 0.40614754062499997 0.32307889375 0.422540984375 0.31078381093749996 0.4112704921875 0.3036116796875 0.40102459062499995 0.3036116796875 0.3907786890625 0.309759221875 0.38360655781249997 0.32307889375 0.3856557375 0.335373975 0.3948770484375 0.3445952875 0.398975409375 0.3466444671875 0.4020491796875 0.3456198765625
2 0.6592213109375 0.309759221875 0.6551229515625 0.307710040625 0.6407786890625 0.307710040625 0.6305327875 0.3118084015625 0.621311475 0.3210297125 0.6192622953125 0.3251280734375 0.6192622953125 0.3394723359375 0.6274590156250001 0.3538165984375 0.636680328125 0.36303790937499997 0.6407786890625 0.365087090625 0.6540983609375 0.3640625 0.6561475406249999 0.3497182375 0.6602459015625 0.341521515625 0.6745901640625 0.329226434375 0.6745901640625 0.3251280734375 0.672540984375 0.3210297125 0.6592213109375 0.309759221875
2 0.6274590156250001 0.314882171875 0.6407786890625 0.307710040625 0.6571721312500001 0.307710040625 0.6643442625 0.30053790937499997 0.6612704921875 0.295414959375 0.6530737703125 0.2913165984375 0.6469262296875 0.28926741875 0.6448770484375 0.2913165984375 0.636680328125 0.2913165984375 0.62336065625 0.302587090625 0.62336065625 0.314882171875 0.6274590156250001 0.314882171875
2 0.7084016390625 0.31385758125 0.7104508203125001 0.3159067625 0.7155737703125 0.314882171875 0.7237704921875 0.30668545156250004 0.7237704921875 0.302587090625 0.7165983609375 0.295414959375 0.706352459375 0.2913165984375 0.6981557375 0.2913165984375 0.6961065578125 0.293365778125 0.6899590156250001 0.293365778125 0.6868852453125001 0.2964395484375 0.7022540984375001 0.31385758125 0.7084016390625 0.31385758125
2 0.6827868859375 0.32307889375 0.683811475 0.32820184375 0.6940573765625 0.32820184375 0.706352459375 0.3343493859375 0.7176229515625 0.3456198765625 0.7217213109375 0.355865778125 0.725819671875 0.355865778125 0.7319672125000001 0.34357069687499997 0.7319672125000001 0.3333247953125 0.727868853125 0.3251280734375 0.720696721875 0.3179559421875 0.7084016390625 0.31385758125 0.6961065578125 0.31385758125 0.6899590156250001 0.3159067625 0.6827868859375 0.32307889375
2 0.7780737703125 0.35279200781250003 0.7811475406249999 0.3497182375 0.7852459015625 0.3394723359375 0.7852459015625 0.3333247953125 0.776024590625 0.322054303125 0.7575819671875 0.3159067625 0.7555327875 0.3179559421875 0.7432377046875 0.3200051234375 0.7340163937499999 0.329226434375 0.7319672125000001 0.3333247953125 0.7319672125000001 0.3538165984375 0.73913934375 0.36303790937499997 0.7442622953125 0.3620133203125 0.7442622953125 0.3599641390625 0.75348360625 0.35279200781250003 0.759631146875 0.350742828125 0.776024590625 0.350742828125 0.7780737703125 0.35279200781250003
2 0.7770491796875 0.3210297125 0.7770491796875 0.31078381093749996 0.76782786875 0.2995133203125 0.75348360625 0.293365778125 0.747336065625 0.293365778125 0.7381147546875 0.2984887296875 0.741188525 0.3036116796875 0.7514344265624999 0.3056608609375 0.7637295078124999 0.3179559421875 0.76782786875 0.3179559421875 0.773975409375 0.322054303125 0.7770491796875 0.3210297125
2 0.8856557374999999 0.3804559421875 0.879508196875 0.3681608609375 0.8702868859375 0.3589395484375 0.8620901640625 0.3548411890625 0.8477459015625 0.35279200781250003 0.8375 0.35689036875 0.8262295078124999 0.370210040625 0.8262295078124999 0.37635758125 0.824180328125 0.3784067625 0.8262295078124999 0.39889856562500003 0.8303278687500001 0.40299692656249997 0.8323770484375 0.4091444671875 0.8415983609375 0.418365778125 0.8497950812499999 0.4224641390625 0.8672131140625 0.42143954843750003 0.8743852453125 0.418365778125 0.8815573765625 0.411193646875 0.8856557374999999 0.40299692656249997 0.8856557374999999 0.3804559421875
2 0.9040983609375 0.341521515625 0.9040983609375 0.33742315624999997 0.8979508203125001 0.3271772546875 0.8846311468750001 0.3200051234375 0.8743852453125 0.322054303125 0.8631147546875001 0.335373975 0.8702868859375 0.33639856562500003 0.8764344265625 0.3323002046875 0.886680328125 0.3323002046875 0.8928278687500001 0.3343493859375 0.9030737703125 0.34254610625000004 0.9040983609375 0.341521515625
2 0.949180328125 0.3620133203125 0.9471311468750001 0.355865778125 0.9379098359375 0.3466444671875 0.9235655734374999 0.3445952875 0.9102459015625 0.3538165984375 0.9102459015625 0.355865778125 0.9194672125000001 0.3609887296875 0.9256147546875001 0.36918545156250004 0.9307377046875001 0.3681608609375 0.93586065625 0.36303790937499997 0.949180328125 0.3620133203125
2 0.908196721875 0.35176741875 0.9112704921875 0.3548411890625 0.9122950812499999 0.3538165984375 0.9256147546875001 0.3445952875 0.93586065625 0.3466444671875 0.942008196875 0.350742828125 0.9440573765625 0.350742828125 0.9450819671874999 0.3476690578125 0.9379098359375 0.3384477453125 0.9297131140625 0.3343493859375 0.9215163937499999 0.3343493859375 0.9102459015625 0.34357069687499997 0.908196721875 0.35176741875
0 0.968647540625 0.5249231562500001 0.9778688531249999 0.5136526640625 0.9819672125000001 0.5034067624999999 0.9840163937499999 0.4849641390625 0.9819672125000001 0.48291495937500006 0.9799180328125001 0.46857069687499997 0.9717213109375 0.4521772546875 0.9625 0.4429559421875 0.9563524593749999 0.43885758125 0.93586065625 0.43885758125 0.927663934375 0.4429559421875 0.9143442625 0.4562756140625 0.9102459015625 0.4644723359375 0.908196721875 0.4788165984375 0.906147540625 0.480865778125 0.908196721875 0.4849641390625 0.908196721875 0.49930840156249995 0.9143442625 0.5157018437499999 0.927663934375 0.531070696875 0.9317622953125 0.5331198765625 0.9532786890624999 0.5320952875 0.968647540625 0.5249231562500001
0 0.845696721875 0.3548411890625 0.8477459015625 0.35279200781250003 0.86413934375 0.3548411890625 0.8805327875 0.36918545156250004 0.8836065578125 0.3681608609375 0.8856557374999999 0.3661116796875 0.8856557374999999 0.355865778125 0.8836065578125 0.35176741875 0.87848360625 0.3445952875 0.8682377046875001 0.3384477453125 0.8518442625 0.3384477453125 0.8385245906250001 0.3476690578125 0.8395491796875 0.3548411890625 0.845696721875 0.3548411890625
0 0.783196721875 0.34357069687499997 0.783196721875 0.3538165984375 0.790368853125 0.35689036875 0.80163934375 0.370210040625 0.8077868859375 0.384554303125 0.8077868859375 0.39275102500000003 0.8221311468750001 0.39275102500000003 0.8262295078124999 0.370210040625 0.836475409375 0.3538165984375 0.8303278687500001 0.34357069687499997 0.8211065578125 0.3343493859375 0.8067622953125 0.3323002046875 0.8047131140625 0.33025102500000003 0.7965163937499999 0.3323002046875 0.783196721875 0.34357069687499997
0 0.80163934375 0.4091444671875 0.8057377046875001 0.39889856562500003 0.8057377046875001 0.3804559421875 0.797540984375 0.3640625 0.7862704921875 0.3548411890625 0.773975409375 0.350742828125 0.759631146875 0.350742828125 0.75348360625 0.35279200781250003 0.7422131140625 0.3640625 0.7422131140625 0.372259221875 0.754508196875 0.3886526640625 0.754508196875 0.3948002046875 0.7565573765625 0.3968493859375 0.7565573765625 0.4152920078125 0.754508196875 0.41939036874999996 0.759631146875 0.42451332031250005 0.76782786875 0.42451332031250005 0.7698770484375 0.4265625 0.7790983609375 0.425537909375 0.7944672125000001 0.418365778125 0.80163934375 0.4091444671875
0 0.7524590156250001 0.384554303125 0.73913934375 0.36918545156250004 0.720696721875 0.3609887296875 0.70020491875 0.36303790937499997 0.6879098359375 0.36918545156250004 0.67663934375 0.384554303125 0.67663934375 0.39070184375 0.6745901640625 0.39275102500000003 0.67663934375 0.413242828125 0.6827868859375 0.425537909375 0.70020491875 0.4429559421875 0.704303278125 0.4450051234375 0.725819671875 0.4439805328125 0.7432377046875 0.434759221875 0.7524590156250001 0.425537909375 0.7565573765625 0.4152920078125 0.7565573765625 0.3968493859375 0.7524590156250001 0.384554303125
0 0.672540984375 0.3210297125 0.6756147546875 0.32820184375 0.6807377046875 0.3271772546875 0.6899590156250001 0.3159067625 0.70020491875 0.31385758125 0.7012295078124999 0.31078381093749996 0.692008196875 0.3015625 0.6879098359375 0.3015625 0.6817622953125 0.2974641390625 0.6694672125000001 0.2974641390625 0.665368853125 0.2995133203125 0.658196721875 0.30873463125 0.672540984375 0.3210297125
0 0.616188525 0.33639856562500003 0.6059426234374999 0.3323002046875 0.5977459015625 0.3323002046875 0.595696721875 0.33025102500000003 0.5936475406249999 0.3323002046875 0.5854508203125001 0.3323002046875 0.5772540984375001 0.33639856562500003 0.5680327875 0.3456198765625 0.5639344265624999 0.3538165984375 0.5618852453125001 0.3599641390625 0.5639344265624999 0.3784067625 0.5680327875 0.38660348437500003 0.5772540984375001 0.3958247953125 0.5895491796875 0.4019723359375 0.6090163937499999 0.4009477453125 0.629508196875 0.3825051234375 0.6315573765625 0.37635758125 0.6315573765625 0.3599641390625 0.616188525 0.33639856562500003
0 0.4020491796875 0.3333247953125 0.4020491796875 0.3456198765625 0.40922131093749997 0.3548411890625 0.4194672125 0.3609887296875 0.43278688593750003 0.3599641390625 0.43995901562500006 0.35689036875 0.44918032812500003 0.3456198765625 0.4512295078125 0.3312756140625 0.44405737656250005 0.3179559421875 0.4297131140625 0.3118084015625 0.4235655734375 0.3118084015625 0.4174180328125 0.31385758125 0.40614754062499997 0.32307889375 0.4020491796875 0.3333247953125
0 0.3180327875 0.3681608609375 0.32110655781249997 0.37328381093749996 0.3231557375 0.37123463125 0.3395491796875 0.37123463125 0.345696721875 0.37328381093749996 0.3620901640625 0.3896772546875 0.3631147546875 0.3886526640625 0.371311475 0.3743084015625 0.371311475 0.3620133203125 0.3692622953125 0.355865778125 0.360040984375 0.3466444671875 0.3518442625 0.34254610625000004 0.3415983609375 0.34254610625000004 0.32418032812500003 0.3538165984375 0.3180327875 0.3681608609375
0 0.3354508203125 0.3384477453125 0.329303278125 0.33639856562500003 0.3190573765625 0.3384477453125 0.3057377046875 0.3497182375 0.30163934375 0.357914959375 0.30163934375 0.3681608609375 0.303688525 0.3743084015625 0.308811475 0.379431353125 0.3118852453125 0.3784067625 0.32008196718750004 0.372259221875 0.32008196718750004 0.3620133203125 0.322131146875 0.357914959375 0.3334016390625 0.3466444671875 0.3375 0.3466444671875 0.34057377031249997 0.34357069687499997 0.3354508203125 0.3384477453125
0 0.24118852500000001 0.42861167968749997 0.25758196718750004 0.42861167968749997 0.2719262296875 0.43680840156249995 0.2801229515625 0.4450051234375 0.281147540625 0.4439805328125 0.28729508125000003 0.43373463125 0.28729508125000003 0.411193646875 0.281147540625 0.4009477453125 0.26372950781250004 0.391726434375 0.2452868859375 0.3958247953125 0.2319672125 0.411193646875 0.22991803281249998 0.4316854515625 0.235040984375 0.43271004062499996 0.24118852500000001 0.42861167968749997
1 0 0.78719546875 0.0270491796875 0.7861936468749999 0.022950820312500002 0.78004610625 0.009631146875 0.7687756140625 0 0.7661489375 0 0.78719546875
1 0.16229508125 0.5710297125 0.16229508125 0.5628329921875 0.1643442625 0.5607838109375 0.16229508125 0.5402920078125 0.156147540625 0.5259477453125 0.14282786875 0.5126280734375 0.134631146875 0.5085297125 0.1202868859375 0.5085297125 0.11004098437500001 0.5146772546875 0.102868853125 0.5218493859375 0.0987704921875 0.53004610625 0.0967213109375 0.5361936468749999 0.0967213109375 0.5628329921875 0.102868853125 0.5771772546875 0.11413934375000001 0.5904969265625 0.12438524531249999 0.5945952875 0.1397540984375 0.593570696875 0.1469262296875 0.5904969265625 0.158196721875 0.579226434375 0.16229508125 0.5710297125
1 0.170491803125 0.46652151562500005 0.17663934375 0.4788165984375 0.18586065624999998 0.48598872968749995 0.189959015625 0.488037909375 0.2073770484375 0.48701332031250005 0.213524590625 0.48291495937500006 0.213524590625 0.45832479531250003 0.22377049218749998 0.43783299218750005 0.2145491796875 0.4265625 0.206352459375 0.4224641390625 0.19200819687499998 0.4224641390625 0.17868852500000001 0.4316854515625 0.170491803125 0.4460297125 0.170491803125 0.46652151562500005
1 0.283196721875 0.4562756140625 0.2790983609375 0.4460297125 0.2657786890625 0.43271004062499996 0.2555327875 0.42861167968749997 0.24118852500000001 0.42861167968749997 0.232991803125 0.43271004062499996 0.21762295156250003 0.44807889375 0.213524590625 0.45832479531250003 0.213524590625 0.47061987656250004 0.21147540937499998 0.4726690578125 0.213524590625 0.47471823750000003 0.21557377031249997 0.48701332031250005 0.2268442625 0.502382171875 0.2452868859375 0.51057889375 0.252459015625 0.509554303125 0.26372950781250004 0.5064805328124999 0.2790983609375 0.4890625 0.283196721875 0.4788165984375 0.283196721875 0.4562756140625
1 0.636680328125 0.28107069687499997 0.6264344265624999 0.28107069687499997 0.6202868859375 0.2831198765625 0.6110655734375 0.2923411890625 0.6090163937499999 0.2964395484375 0.6090163937499999 0.30873463125 0.6131147546875 0.316931353125 0.6182377046875 0.322054303125 0.621311475 0.3210297125 0.62336065625 0.3189805328125 0.62336065625 0.30463627031249996 0.6254098359375 0.30053790937499997 0.636680328125 0.2913165984375 0.6448770484375 0.2913165984375 0.6448770484375 0.2851690578125 0.636680328125 0.28107069687499997
1 0.720696721875 0.3179559421875 0.7309426234374999 0.33025102500000003 0.7340163937499999 0.329226434375 0.7432377046875 0.3200051234375 0.759631146875 0.3159067625 0.7586065578125 0.31078381093749996 0.747336065625 0.3036116796875 0.741188525 0.3036116796875 0.73913934375 0.3015625 0.7268442625 0.3036116796875 0.7176229515625 0.3128329921875 0.7176229515625 0.316931353125 0.720696721875 0.3179559421875
1 0.836475409375 0.35176741875 0.8467213109375 0.33742315624999997 0.8334016390625001 0.322054303125 0.817008196875 0.3200051234375 0.8036885249999999 0.3271772546875 0.8067622953125 0.3323002046875 0.814959015625 0.3323002046875 0.8231557374999999 0.33639856562500003 0.8303278687500001 0.34357069687499997 0.8323770484375 0.3497182375 0.8354508203125001 0.35279200781250003 0.836475409375 0.35176741875
1 0.7145491796875 0.3609887296875 0.7165983609375 0.36303790937499997 0.7217213109375 0.3620133203125 0.7217213109375 0.3538165984375 0.7155737703125 0.34357069687499997 0.706352459375 0.3343493859375 0.6940573765625 0.32820184375 0.6817622953125 0.32820184375 0.6715163937499999 0.3323002046875 0.66229508125 0.3394723359375 0.6561475406249999 0.3497182375 0.6561475406249999 0.370210040625 0.66229508125 0.3825051234375 0.6694672125000001 0.3896772546875 0.6745901640625 0.39070184375 0.678688525 0.3804559421875 0.6879098359375 0.36918545156250004 0.7084016390625 0.3609887296875 0.7145491796875 0.3609887296875
1 0.9040983609375 0.3456198765625 0.8928278687500001 0.3343493859375 0.886680328125 0.3323002046875 0.8764344265625 0.3323002046875 0.872336065625 0.3343493859375 0.8692622953125 0.3394723359375 0.8836065578125 0.35176741875 0.8877049187500001 0.3620133203125 0.8897540984375001 0.3620133203125 0.908196721875 0.355865778125 0.9040983609375 0.3456198765625
1 0.8907786890624999 0.3609887296875 0.8815573765625 0.372259221875 0.8856557374999999 0.3804559421875 0.8856557374999999 0.4009477453125 0.891803278125 0.4009477453125 0.9010245906250001 0.3958247953125 0.9174180328125001 0.3958247953125 0.9256147546875001 0.39992315624999997 0.9368852453125 0.38660348437500003 0.9368852453125 0.3825051234375 0.9174180328125001 0.3609887296875 0.9092213109375 0.35689036875 0.8948770484375 0.3589395484375 0.8907786890624999 0.3609887296875
1 0.9379098359375 0.36303790937499997 0.9286885249999999 0.370210040625 0.939959015625 0.38557889375 0.9440573765625 0.3835297125 0.954303278125 0.3835297125 0.96967213125 0.39070184375 0.9676229515625 0.3784067625 0.9563524593749999 0.365087090625 0.9522540984375001 0.36303790937499997 0.9379098359375 0.36303790937499997
1 1 0.38939036875 0.9932377046875001 0.3835297125 0.9809426234374999 0.3835297125 0.9717213109375 0.39070184375 0.9717213109375 0.3968493859375 0.9799180328125001 0.4091444671875 0.9799180328125001 0.4173411890625 0.9840163937499999 0.4173411890625 0.9952868859375 0.4101690578125 1 0.4104463 1 0.38939036875
1 1 0.4384887296875 0.997336065625 0.434759221875 0.9829918031249999 0.42451332031250005 0.9768442625 0.4224641390625 0.9625 0.42451332031250005 0.9512295078124999 0.43578381093749996 0.954303278125 0.43885758125 0.9584016390625001 0.43885758125 0.975819671875 0.45832479531250003 0.9840163937499999 0.48291495937500006 0.9819672125000001 0.5054559421875 0.990163934375 0.5054559421875 1 0.49561987656250006 1 0.4384887296875
1 0.975819671875 0.4009477453125 0.9625 0.3876280734375 0.954303278125 0.3835297125 0.9440573765625 0.3835297125 0.93586065625 0.3876280734375 0.9286885249999999 0.3968493859375 0.9286885249999999 0.40299692656249997 0.9368852453125 0.411193646875 0.9430327875 0.42143954843750003 0.9450819671874999 0.43578381093749996 0.949180328125 0.43578381093749996 0.9625 0.42451332031250005 0.9665983609375 0.4224641390625 0.9768442625 0.4224641390625 0.9799180328125001 0.41939036874999996 0.9799180328125001 0.411193646875 0.975819671875 0.4009477453125
1 0.9256147546875001 0.39992315624999997 0.9153688531249999 0.3958247953125 0.9010245906250001 0.3958247953125 0.8928278687500001 0.39992315624999997 0.8815573765625 0.411193646875 0.877459015625 0.42143954843750003 0.877459015625 0.4460297125 0.8856557374999999 0.4644723359375 0.8969262296875 0.475742828125 0.9010245906250001 0.4777920078125 0.906147540625 0.47676741875 0.9143442625 0.4562756140625 0.927663934375 0.4429559421875 0.9450819671874999 0.43578381093749996 0.9450819671874999 0.4296362703125 0.9389344265625 0.413242828125 0.9256147546875001 0.39992315624999997