1 0.6341444671875001 0.3032786890625 0.6259477453125 0.3012295078125 0.6218493859375 0.30532786875 0.6198002046875 0.3012295078125 0.6136526640625 0.3012295078125 0.6075051234375 0.3032786890625 0.59623463125 0.3145491796875 0.59623463125 0.320696721875 0.5941854515625 0.3227459015625 0.5941854515625 0.341188525 0.6034067624999999 0.352459015625 0.6075051234375 0.354508196875 0.6157018437499999 0.354508196875 0.617751025 0.35040983593749997 0.6218493859375 0.354508196875 0.6279969265625 0.354508196875 0.645414959375 0.33913934375 0.6464395484375001 0.3360655734375 0.6474641390625 0.320696721875 0.643365778125 0.3125 0.6341444671875001 0.3032786890625
2 0.623898565625 0.51229508125 0.6034067624999999 0.5102459015624999 0.5931608609375 0.5163934421875 0.590087090625 0.52151639375 0.590087090625 0.53586065625 0.5921362703125 0.539959015625 0.588037909375 0.5440573765625001 0.588037909375 0.55020491875 0.6034067624999999 0.5635245906249999 0.6198002046875 0.5635245906249999 0.6279969265625 0.5594262296875 0.6351690578125 0.5522540984375001 0.6372182375000001 0.5461065578125 0.6351690578125 0.5440573765625001 0.638242828125 0.54098360625 0.63926741875 0.527663934375 0.6279969265625 0.5143442625 0.623898565625 0.51229508125
2 0.5747182375000001 0.5040983609375 0.568570696875 0.5020491796875 0.5562756140625 0.5020491796875 0.5521772546875 0.5040983609375 0.53885758125 0.515368853125 0.534759221875 0.5235655734375 0.534759221875 0.533811475 0.53885758125 0.5379098359375 0.5368084015625 0.542008196875 0.53885758125 0.5461065578125 0.5542264343750001 0.5573770484375 0.568570696875 0.5573770484375 0.5788165984375 0.5532786890625 0.58189036875 0.5481557375 0.58189036875 0.542008196875 0.5798411890625 0.539959015625 0.582914959375 0.5368852453125 0.5839395484375001 0.5174180328125 0.58189036875 0.5112704921875 0.5747182375000001 0.5040983609375
2 0.6474641390625 0.10758196718749999 0.64439036875 0.1004098359375 0.636193646875 0.09631147500000001 0.63004610625 0.09631147500000001 0.6279969265625 0.09836065625 0.6157018437499999 0.1004098359375 0.609554303125 0.10860655781249999 0.6064805328125 0.109631146875 0.6003329921875 0.123975409375 0.6003329921875 0.138319671875 0.602382171875 0.1444672125 0.6136526640625 0.15573770468749998 0.63004610625 0.1577868859375 0.638242828125 0.15368852500000002 0.6515625 0.140368853125 0.6546362703125 0.1290983609375 0.6556608609375 0.1157786890625 0.6536116796875 0.11168032812499999 0.6474641390625 0.10758196718749999
1 0.5911116796875 0.090163934375 0.5726690578125 0.08811475468749999 0.5573002046875 0.09938524531250001 0.5573002046875 0.10348360625 0.5532018437499999 0.10758196718749999 0.5511526640625 0.11372950781249999 0.5511526640625 0.1301229515625 0.5532018437499999 0.1362704921875 0.560373975 0.145491803125 0.5726690578125 0.15163934375000002 0.5911116796875 0.14754098437500002 0.59623463125 0.1424180328125 0.59623463125 0.1362704921875 0.5982838109374999 0.1342213109375 0.5993084015625 0.1147540984375 0.59623463125 0.10553278749999999 0.5982838109374999 0.097336065625 0.5911116796875 0.090163934375
2 0.5849641390625 0.29098360625 0.568570696875 0.28688524531250004 0.5562756140625 0.29098360625 0.5501280734375 0.299180328125 0.547054303125 0.30020491875 0.5429559421875 0.3084016390625 0.5429559421875 0.3227459015625 0.547054303125 0.332991803125 0.5542264343750001 0.340163934375 0.5644723359375 0.34426229531249997 0.5747182375000001 0.34426229531249997 0.5870133203125001 0.33811475468749996 0.590087090625 0.335040984375 0.5911116796875 0.3299180328125 0.5921362703125 0.3022540984375 0.590087090625 0.2961065578125 0.5849641390625 0.29098360625
2 0.5665215156250001 0.7110655734375 0.5624231562500001 0.70901639375 0.5439805328125 0.70901639375 0.5419313531250001 0.715163934375 0.5378329921875 0.7131147546875 0.5327100406249999 0.716188525 0.5265625 0.72848360625 0.5265625 0.7469262296875 0.5306608609375 0.7551229515625 0.5378329921875 0.76229508125 0.5562756140625 0.7684426234374999 0.5583247953125 0.7663934421875 0.5644723359375 0.7663934421875 0.573693646875 0.7592213109375 0.5747182375000001 0.756147540625 0.575742828125 0.7202868859375 0.56754610625 0.71413934375 0.5665215156250001 0.7110655734375
1 0.6331198765625 0.7469262296875 0.6198002046875 0.7315573765625001 0.611603484375 0.727459015625 0.5993084015625 0.7254098359375 0.5911116796875 0.729508196875 0.5798411890625 0.74282786875 0.5798411890625 0.7551229515625 0.5777920078125 0.7592213109375 0.5798411890625 0.7612704921875 0.5798411890625 0.7694672125 0.5849641390625 0.7745901640625 0.5911116796875 0.77663934375 0.590087090625 0.7797131140625 0.5993084015625 0.7868852453125 0.6136526640625 0.7868852453125 0.617751025 0.784836065625 0.631070696875 0.7735655734375 0.6341444671875001 0.7663934421875 0.6351690578125 0.7551229515625 0.6331198765625 0.7530737703125 0.6331198765625 0.7469262296875
1 0.6075051234375 0.938524590625 0.6034067624999999 0.9344262296875 0.5870133203125001 0.9323770484375 0.575742828125 0.9415983609374999 0.5777920078125 0.9477459015624999 0.5726690578125 0.9487704921875 0.5695952875 0.9518442625000001 0.5695952875 0.9702868859375 0.5777920078125 0.9866803281250001 0.5890625 0.9979508203125 0.6034067624999999 1 0.6136526640625 0.9959016390625001 0.6259477453125 0.9795081968750001 0.6269723359375 0.9559426234374999 0.6136526640625 0.9405737703125 0.6075051234375 0.938524590625
1 0.5654969265625 0.9375 0.5583247953125 0.9282786890624999 0.54807889375 0.9241803281250001 0.5378329921875 0.9241803281250001 0.5316854515625 0.9262295078125 0.5245133203125001 0.9334016390625001 0.518365778125 0.945696721875 0.5163165984375 0.9579918031249999 0.5224641390625 0.9764344265625 0.5296362703125 0.9836065578125 0.5378329921875 0.9897540984375001 0.5521772546875 0.9897540984375001 0.5562756140625 0.9877049187500001 0.5654969265625 0.97848360625 0.5665215156250001 0.965163934375 0.56754610625 0.9600409843750001 0.5634477453125 0.9477459015624999 0.5654969265625 0.9375
1 0.525537909375 0.51229508125 0.51939036875 0.5102459015624999 0.50504610625 0.5102459015624999 0.49480020468749997 0.5163934421875 0.48762807343750003 0.5256147546875 0.48557889374999996 0.539959015625 0.48762807343750003 0.5461065578125 0.4968493859375 0.5573770484375 0.50504610625 0.5614754093750001 0.5173411890625 0.5614754093750001 0.5296362703125 0.5573770484375 0.534759221875 0.5522540984375001 0.5378329921875 0.5450819671875 0.5368084015625 0.5235655734375 0.5296362703125 0.5143442625 0.525537909375 0.51229508125
3 0.5984375 0.125 0.11875 0.0859375
3 0.5921875 0.325 0.13125 0.071875
3 0.58125 0.534375 0.128125 0.084375
3 0.578125 0.7515625 0.1328125 0.084375
3 0.5609375 0.953125 0.1234375 0.0921875