2 0.810917721875 0.52986550625 0.816851265625 0.5160205703125 0.816851265625 0.4962420890625 0.8128955703124999 0.488330696875 0.8020174046875 0.47745253125 0.7941060125 0.4734968359375 0.78125 0.474485759375 0.7703718359375 0.4794303796875 0.7594936703124999 0.4922863921875 0.7575158234375 0.49821993593749997 0.7575158234375 0.5179984171875 0.7664161390625 0.5348101265625 0.7822389234375 0.54272151875 0.7921281640625 0.54272151875 0.8020174046875 0.5387658234375 0.810917721875 0.52986550625
2 0.9266218359374999 0.4458069625 0.9226661390625001 0.44382911406250003 0.911787975 0.4448180375 0.901898734375 0.45272942968749996 0.8979430374999999 0.46459651874999996 0.9058544296875001 0.47844145625 0.9058544296875001 0.4922863921875 0.9107990499999999 0.4972310125 0.920688290625 0.4992088609375 0.9266218359374999 0.4972310125 0.9375 0.48239715156249996 0.9375 0.4626186703125 0.9355221515625001 0.4566851265625 0.9266218359374999 0.4458069625
2 0.791139240625 0.5733781640625 0.7950949359374999 0.5832674046874999 0.80003955625 0.588212025 0.8079509500000001 0.592167721875 0.8158623421875 0.592167721875 0.823773734375 0.588212025 0.8326740499999999 0.5753560125 0.8326740499999999 0.5575553796875 0.8217958859375001 0.5446993671875 0.8049841765625001 0.545688290625 0.7950949359374999 0.55557753125 0.791139240625 0.5733781640625
2 0.8386075953125 0.6168908234375 0.8287183546874999 0.610957278125 0.823773734375 0.6000791140625 0.8208069625000001 0.6010680374999999 0.8128955703124999 0.6129351265625 0.8128955703124999 0.6188686703124999 0.817840190625 0.6277689875 0.829707278125 0.6297468359375 0.836629746875 0.624802215625 0.8386075953125 0.6168908234375
2 0.7041139234375 0.63469145625 0.6942246828124999 0.6426028484375 0.6902689875 0.6485363921875 0.6902689875 0.6524920890625 0.6922468359375 0.6544699359374999 0.6922468359375 0.66040348125 0.6991693031249999 0.6673259500000001 0.7110363921875 0.6673259500000001 0.7169699359374999 0.663370253125 0.72191455625 0.656447784375 0.72191455625 0.6426028484375 0.7110363921875 0.63370253125 0.7041139234375 0.63469145625
2 0.6566455703125 0.6643591765625 0.6487341765625 0.6742484171875 0.6487341765625 0.682159809375 0.6556566453125 0.6910601265625 0.6695015828125 0.6910601265625 0.6784018984375 0.682159809375 0.6784018984375 0.6722705703125 0.6714794296875 0.663370253125 0.6566455703125 0.6643591765625
2 0.60621044375 0.6613924046874999 0.615110759375 0.6524920890625 0.61906645625 0.6445806968750001 0.61906645625 0.6327136078125 0.6101661390625 0.6198575953125001 0.602254746875 0.6159018984375 0.5874208859375 0.6168908234375 0.5804984171875 0.6198575953125001 0.5735759500000001 0.6267800640625001 0.569620253125 0.63469145625 0.569620253125 0.6485363921875 0.5715981015625 0.6544699359374999 0.5785205703125 0.6613924046874999 0.588409809375 0.6653481015625 0.5943433546875 0.6653481015625 0.60621044375 0.6613924046874999
2 0.49742879687499997 0.7147943031249999 0.505340190625 0.71875 0.5132515828125 0.71875 0.524129746875 0.7098496828124999 0.5261075953125001 0.6979825953125001 0.517207278125 0.6871044296875 0.5023734171875 0.6880933546875 0.4994066453125 0.689082278125 0.4924841765625 0.6979825953125001 0.4924841765625 0.7058939875 0.49742879687499997 0.7147943031249999
2 0.46677215156249996 0.7138053796875 0.46875 0.7177610765625 0.47765031718750006 0.72468354375 0.48556170937500004 0.72468354375 0.4934731015625 0.7207278484375 0.4964398734375 0.71182753125 0.4924841765625 0.7078718359375 0.4924841765625 0.69996044375 0.48753955624999995 0.6950158234375 0.472705696875 0.696004746875 0.46677215156249996 0.7039161390625 0.46677215156249996 0.7138053796875
2 0.33821202499999997 0.69996044375 0.3362341765625 0.7078718359375 0.3401898734375 0.7177610765625 0.34513449375 0.7227056968750001 0.3570015828125 0.72468354375 0.367879746875 0.7177610765625 0.3698575953125 0.7058939875 0.3589794296875 0.693037975 0.35304588593749997 0.6910601265625 0.3461234171875 0.6920490499999999 0.3431566453125 0.693037975 0.33821202499999997 0.69996044375
2 0.35106803750000004 0.728639240625 0.354034809375 0.7236946203125 0.3471123421875 0.7227056968750001 0.3401898734375 0.7157832281250001 0.33821202499999997 0.7078718359375 0.335245253125 0.7049050640625001 0.33227848125000004 0.7058939875 0.328322784375 0.7157832281250001 0.328322784375 0.7217167718749999 0.33920095 0.7306170890625 0.35106803750000004 0.728639240625
1 0.3570015828125 0.63370253125 0.35304588593749997 0.6317246828124999 0.3362341765625 0.6327136078125 0.3243670890625 0.6426028484375 0.3204113921875 0.6524920890625 0.3204113921875 0.66040348125 0.3243670890625 0.6683148734375 0.3372231015625 0.6791930374999999 0.3431566453125 0.6811708859375 0.3589794296875 0.6791930374999999 0.37183544375 0.6643591765625 0.37183544375 0.6524920890625 0.367879746875 0.6445806968750001 0.3570015828125 0.63370253125
1 0.3204113921875 0.6623813296875001 0.3204113921875 0.64655854375 0.3075553796875 0.6297468359375 0.3035996828125 0.6277689875 0.28678797500000003 0.6287579109375 0.283821203125 0.6297468359375 0.27294303750000004 0.6426028484375 0.27294303750000004 0.6485363921875 0.270965190625 0.650514240625 0.27294303750000004 0.66040348125 0.283821203125 0.6752373421875 0.29371044375 0.6791930374999999 0.30557753125 0.677215190625 0.309533228125 0.6752373421875 0.3204113921875 0.6623813296875001
1 0.2432753171875 0.6683148734375 0.2363528484375 0.6712816453125 0.231408228125 0.676226265625 0.2294303796875 0.68611550625 0.2333860765625 0.696004746875 0.24030854375000002 0.702927215625 0.24426424062500002 0.7049050640625001 0.25415348125000004 0.7049050640625001 0.2650316453125 0.696004746875 0.2650316453125 0.682159809375 0.25415348125000004 0.669303796875 0.250197784375 0.6673259500000001 0.2432753171875 0.6683148734375
1 0.230419303125 0.72468354375 0.2363528484375 0.7227056968750001 0.2432753171875 0.7157832281250001 0.2432753171875 0.7058939875 0.234375 0.6969936703124999 0.230419303125 0.6950158234375 0.22349683593749997 0.696004746875 0.22349683593749997 0.7058939875 0.21756329062500002 0.7138053796875 0.22250791093750003 0.7207278484375 0.230419303125 0.72468354375
1 0.22349683593749997 0.696004746875 0.2165743671875 0.6871044296875 0.2126186703125 0.6851265828125 0.20569620312499998 0.68611550625 0.20569620312499998 0.69996044375 0.1997626578125 0.7078718359375 0.20866297500000003 0.7147943031249999 0.2165743671875 0.7147943031249999 0.22349683593749997 0.7078718359375 0.22349683593749997 0.696004746875
1 0.20569620312499998 0.6920490499999999 0.20569620312499998 0.6841376578125 0.198773734375 0.6752373421875 0.19481803749999999 0.67325949375 0.185917721875 0.6742484171875 0.18295095 0.6752373421875 0.17800632968750002 0.682159809375 0.17800632968750002 0.6940268984375 0.184928796875 0.702927215625 0.192840190625 0.7068829109375 0.19481803749999999 0.7049050640625001 0.198773734375 0.7068829109375 0.20569620312499998 0.69996044375 0.20767405 0.6940268984375 0.20569620312499998 0.6920490499999999
1 0.2986550640625 0.7078718359375 0.3006329109375 0.696004746875 0.2976661390625 0.693037975 0.2848101265625 0.6940268984375 0.276898734375 0.7039161390625 0.276898734375 0.71182753125 0.283821203125 0.7207278484375 0.2976661390625 0.72468354375 0.3045886078125 0.7177610765625 0.2986550640625 0.7078718359375
1 0.4509493671875 0.7177610765625 0.4509493671875 0.7078718359375 0.44204904999999994 0.6969936703124999 0.4291930375 0.6979825953125001 0.42325949375 0.701938290625 0.41930379687499997 0.7157832281250001 0.42424841718749995 0.7227056968750001 0.432159809375 0.7266613921875 0.44007120312500003 0.7266613921875 0.4509493671875 0.7177610765625
1 0.650712025 0.6485363921875 0.6398338609375 0.6396360765625 0.6269778484375 0.640625 0.6240110765625 0.6416139234375 0.615110759375 0.6524920890625 0.615110759375 0.6683148734375 0.6220332281250001 0.677215190625 0.63192246875 0.6791930374999999 0.6339003171875001 0.677215190625 0.6398338609375 0.677215190625 0.650712025 0.6683148734375 0.6526898734375 0.6643591765625 0.6526898734375 0.6524920890625 0.650712025 0.6485363921875
1 0.744659809375 0.65941455625 0.7545490499999999 0.65941455625 0.758504746875 0.657436709375 0.7674050640625001 0.64655854375 0.7674050640625001 0.63469145625 0.758504746875 0.6277689875 0.7496044296875 0.6287579109375 0.7407041140625 0.63370253125 0.7377373421875 0.6386471515625 0.7377373421875 0.6485363921875 0.744659809375 0.65941455625
1 0.7693829109375 0.6030458859375 0.7693829109375 0.62084651875 0.7782832281250001 0.6277689875 0.7901503171875001 0.6277689875 0.80102848125 0.6168908234375 0.8030063296875 0.605023734375 0.80102848125 0.599090190625 0.7941060125 0.592167721875 0.7901503171875001 0.5901898734375 0.7792721515625 0.591178796875 0.7733386078125 0.59513449375 0.7693829109375 0.6030458859375
1 0.86629746875 0.5615110765625 0.8564082281250001 0.56942246875 0.8544303796875001 0.5872231015625 0.859375 0.5941455703125 0.8712420890624999 0.5961234171875 0.882120253125 0.5832674046874999 0.882120253125 0.5714003171875001 0.875197784375 0.5625 0.86629746875 0.5615110765625
1 0.9375 0.474485759375 0.9355221515625001 0.48635284843750004 0.93156645625 0.4922863921875 0.921677215625 0.500197784375 0.9236550640625 0.5081091765625 0.9325553796875001 0.51700949375 0.94442246875 0.5150316453125 0.9493670890624999 0.510087025 0.953322784375 0.500197784375 0.953322784375 0.48635284843750004 0.9513449359375 0.480419303125 0.94442246875 0.4734968359375 0.9375 0.474485759375
0 0.9760680374999999 0.43789557031250004 0.9721123421875 0.435917721875 0.9691455703124999 0.4369066453125 0.9612341765625001 0.442840190625 0.95727848125 0.4606408234375 0.9592563296875 0.4626186703125 0.9612341765625001 0.474485759375 0.9681566453125001 0.481408228125 0.9780458859375001 0.481408228125 0.9849683546874999 0.474485759375 0.986946203125 0.46855221562500005 0.986946203125 0.45272942968749996 0.9849683546874999 0.44679588593749997 0.9760680374999999 0.43789557031250004
0 0.8732199359375 0.5150316453125 0.8771756328125001 0.51700949375 0.889042721875 0.51700949375 0.8969541140624999 0.513053796875 0.9038765828124999 0.50415348125 0.9058544296875001 0.49821993593749997 0.9058544296875001 0.480419303125 0.901898734375 0.47053006406250003 0.8929984171875001 0.461629746875 0.8870648734375 0.4596518984375 0.8742088609374999 0.4606408234375 0.86629746875 0.4665743671875 0.8623417718749999 0.4764636078125 0.8623417718749999 0.48239715156249996 0.8603639234375 0.484375 0.8623417718749999 0.500197784375 0.86629746875 0.5081091765625 0.8732199359375 0.5150316453125
0 0.8771756328125001 0.51700949375 0.8672863921875 0.5090981015625 0.8643196203124999 0.510087025 0.8583860765625 0.514042721875 0.8544303796875001 0.5219541140625 0.85245253125 0.5377768984375 0.8564082281250001 0.5476661390625 0.8633306968750001 0.5545886078125 0.875197784375 0.55656645625 0.885087025 0.5506329109375 0.8900316453125001 0.5417325953125001 0.8900316453125001 0.5219541140625 0.885087025 0.51700949375 0.8771756328125001 0.51700949375
0 0.732792721875 0.63370253125 0.7407041140625 0.63370253125 0.74861550625 0.6297468359375 0.755537975 0.6228243671875 0.7594936703124999 0.605023734375 0.7575158234375 0.599090190625 0.74861550625 0.5901898734375 0.744659809375 0.588212025 0.731803796875 0.5892009500000001 0.7238924046874999 0.5931566453125 0.72191455625 0.599090190625 0.7179588609375 0.6030458859375 0.7179588609375 0.610957278125 0.7159810125 0.6129351265625 0.719936709375 0.624802215625 0.7248813296875001 0.6297468359375 0.732792721875 0.63370253125
0 0.3896360765625 0.7157832281250001 0.3985363921875 0.72468354375 0.4123813296875 0.72468354375 0.41930379687499997 0.7177610765625 0.41930379687499997 0.7039161390625 0.41040348125000004 0.6950158234375 0.3955696203125 0.696004746875 0.3896360765625 0.701938290625 0.3896360765625 0.7078718359375 0.387658228125 0.7098496828124999 0.3896360765625 0.7157832281250001
0 0.387658228125 0.7098496828124999 0.3787579109375 0.69897151875 0.3698575953125 0.69996044375 0.367879746875 0.701938290625 0.3698575953125 0.71182753125 0.367879746875 0.7177610765625 0.361946203125 0.7236946203125 0.3668908234375 0.728639240625 0.3728243671875 0.728639240625 0.374802215625 0.7306170890625 0.380735759375 0.728639240625 0.3856803796875 0.7236946203125 0.387658228125 0.7197389234375 0.387658228125 0.7098496828124999
0 0.26107595 0.71182753125 0.27195411406250003 0.72468354375 0.27986550625 0.7266613921875 0.283821203125 0.72468354375 0.2848101265625 0.7217167718749999 0.2788765828125 0.7157832281250001 0.276898734375 0.7098496828124999 0.2788765828125 0.6979825953125001 0.275909809375 0.6950158234375 0.270965190625 0.696004746875 0.263053796875 0.701938290625 0.26107595 0.71182753125
0 0.30557753125 0.71875 0.31942246875 0.7227056968750001 0.3303006328125 0.7138053796875 0.33227848125000004 0.7039161390625 0.32337816406250003 0.6910601265625 0.31942246875 0.689082278125 0.31052215156249996 0.690071203125 0.30557753125 0.6910601265625 0.3006329109375 0.696004746875 0.2986550640625 0.7058939875 0.30557753125 0.71875
0 0.3134889234375 0.689082278125 0.322389240625 0.6782041140625 0.3243670890625 0.6683148734375 0.3214003171875 0.663370253125 0.31843354375 0.6643591765625 0.31843354375 0.666337025 0.30557753125 0.677215190625 0.2877768984375 0.677215190625 0.283821203125 0.67325949375 0.2818433546875 0.67325949375 0.2808544296875 0.676226265625 0.289754746875 0.6871044296875 0.2996439875 0.6910601265625 0.3075553796875 0.6910601265625 0.3134889234375 0.689082278125
1 0.7377373421875 0.6445806968750001 0.732792721875 0.6396360765625 0.725870253125 0.640625 0.72191455625 0.6445806968750001 0.7238924046874999 0.6485363921875 0.7179588609375 0.666337025 0.7248813296875001 0.6712816453125 0.7347705703125 0.6712816453125 0.7367484171875 0.67325949375 0.744659809375 0.6712816453125 0.751582278125 0.6643591765625 0.751582278125 0.66040348125 0.7416930374999999 0.656447784375 0.7377373421875 0.6445806968750001
0 0.8415743671874999 0.6159018984375 0.8455300640625 0.6139240499999999 0.8544303796875001 0.6030458859375 0.8544303796875001 0.585245253125 0.85245253125 0.58128955625 0.843552215625 0.5743670890625 0.8326740499999999 0.5753560125 0.8247626578125 0.5872231015625 0.8247626578125 0.6030458859375 0.8316851265625 0.6139240499999999 0.8415743671874999 0.6159018984375
0 0.6942246828124999 0.682159809375 0.69719145625 0.6851265828125 0.7051028484375 0.6851265828125 0.7120253171875001 0.6801819625000001 0.7159810125 0.6722705703125 0.7159810125 0.666337025 0.7120253171875001 0.666337025 0.7070806968750001 0.6673259500000001 0.7041139234375 0.670292721875 0.7041139234375 0.6742484171875 0.6942246828124999 0.682159809375
0 0.6784018984375 0.6742484171875 0.6853243671875 0.6811708859375 0.69719145625 0.683148734375 0.7060917718749999 0.676226265625 0.7060917718749999 0.670292721875 0.703125 0.6673259500000001 0.6991693031249999 0.6673259500000001 0.6922468359375 0.66040348125 0.6892800640625001 0.6515031640625 0.686313290625 0.6524920890625 0.6784018984375 0.6623813296875001 0.6784018984375 0.6742484171875