1 0.9671875 0.34375 0.0625 0.059375
1 0.74375 0.3515625 0.065625 0.059375
2 0.25 0.371875 0.0578125 0.0640625
1 0.028125 0.3828125 0.05625 0.05625
1 0.9671875 0.4046875 0.059375 0.05625
2 0.2703125 0.4296875 0.0578125 0.05625
1 0.7390625 0.4125 0.0625 0.05625
2 0.26246044375 0.45648734218750003 0.2604825953125 0.45450949375 0.2436708859375 0.45549841718749995 0.23279272187500002 0.4604430375 0.2308148734375 0.46835442968749996 0.22685917656250001 0.46637658281250005 0.2238924046875 0.4693433546875 0.2238924046875 0.47329904999999994 0.21993670937499998 0.4792325953125 0.21993670937499998 0.49307753125 0.225870253125 0.5029667718749999 0.2308148734375 0.5079113921875 0.238726265625 0.5118670890625 0.2426819625 0.5118670890625 0.244659809375 0.5138449359374999 0.264438290625 0.5138449359374999 0.27432753125 0.5079113921875 0.28125 0.5009889234375 0.28520569687499997 0.49307753125 0.28718354375 0.48318829062499996 0.28520569687499997 0.48121044375000005 0.28520569687499997 0.477254746875 0.28125 0.4752768984375 0.28322784843750004 0.47132120312500003 0.27432753125 0.4604430375 0.2664161390625 0.45648734218750003 0.26246044375 0.45648734218750003
1 1 0.4494330171875 0.9972310125 0.44758702499999997 0.9992088609374999 0.4456091765625 0.9992088609374999 0.4396756328125 0.9962420890624999 0.4367088609375 0.9883306968750001 0.4327531640625 0.955696203125 0.4337420890625 0.9448180374999999 0.43868670937500004 0.9398734171875001 0.4436313296875 0.9408623421875 0.44857595000000006 0.947784809375 0.4495648734375 0.9369066453125001 0.45055379687499997 0.9339398734375 0.45549841718749995 0.935917721875 0.47132120312500003 0.9448180374999999 0.4821993671875 0.958662975 0.490110759375 0.9804193031249999 0.490110759375 0.994264240625 0.48417721562500005 1 0.47971607031249996 1 0.4494330171875
3 0.9578125 0.3828125 0.0828125 0.1453125
3 0.740625 0.3890625 0.0890625 0.1484375
3 0.496875 0.396875 0.0984375 0.1359375
3 0.253125 0.409375 0.1140625 0.1546875
3 0.04375 0.425 0.0859375 0.159375