2 0.1546875 0.48125 0.053125 0.0390625
2 0.1640625 0.5234375 0.05 0.0421875
2 0.50625 0.5390625 0.046875 0.046875
2 0.7140625 0.546875 0.0515625 0.0484375
2 0.7 0.5015625 0.0453125 0.040625
2 0.9125 0.5109375 0.0578125 0.0484375
1 0.89375 0.5578125 0.0578125 0.0484375
1 0.3328125 0.53125 0.046875 0.0421875
1 0.51875 0.49375 0.0515625 0.04375
1 0.17548512656249998 0.41979103906250004 0.16571950156249998 0.41588478906250004 0.15595387656249998 0.41588478906250004 0.15009450156249998 0.41783791406250004 0.13935231406249998 0.42858010156250004 0.13739918906249998 0.44615822656250004 0.14032887656249998 0.44908791406250004 0.14521168906249998 0.45006447656250004 0.14130543906249998 0.45201760156250004 0.14814137656249998 0.46080666406250004 0.15986012656249998 0.46471291406250004 0.16474293906249998 0.46373635156250004 0.17157887656249998 0.46275978906250004 0.17841481406249998 0.45592385156250004 0.17841481406249998 0.45006447656250004 0.18427418906249998 0.44811135156250004 0.18622731406249998 0.44420510156250004 0.18622731406249998 0.43443947656250004 0.18427418906249998 0.42858010156250004 0.17548512656249998 0.41979103906250004
1 0.9253604718749999 0.4547557015625 0.9165714093749999 0.4459666390625 0.9087589093749999 0.4420603890625 0.8950870343749999 0.4420603890625 0.8872745343749999 0.4459666390625 0.8784854718749999 0.4547557015625 0.8745792218749999 0.4625682015625 0.8745792218749999 0.4723338265625 0.8804385968749999 0.4762400765625 0.8784854718749999 0.4820994515625 0.8853214093749999 0.4889353890625 0.8950870343749999 0.4928416390625 0.9058292218749999 0.4918650765625 0.9087589093749999 0.4830760140625 0.9126651593749999 0.4889353890625 0.9234073468749999 0.4801463265625 0.9175479718749999 0.4781932015625 0.9243839093749999 0.4772166390625 0.9273135968749999 0.4742869515625 0.9273135968749999 0.4606150765625 0.9253604718749999 0.4547557015625
3 0.1625 0.5015625 0.078125 0.115625
3 0.3328125 0.5078125 0.08125 0.13125
3 0.515625 0.5109375 0.0796875 0.125
3 0.709375 0.5234375 0.0875 0.13125
3 0.90625 0.5296875 0.1078125 0.1265625