1 0.856132075 0.5399076265625 0.8669418234374999 0.5507173734374999 0.874803459375 0.5546481921875 0.8944575468749999 0.5546481921875 0.9023191828125 0.5507173734374999 0.9131289312499999 0.5379422171875 0.9131289312499999 0.522218946875 0.9111635218749999 0.5182881296875 0.8983883640625001 0.50747838125 0.88266509375 0.50747838125 0.8787342765625 0.5114091984375 0.874803459375 0.50747838125 0.8698899375 0.508461084375 0.86301100625 0.5094437890625 0.856132075 0.5182881296875 0.8541666671874999 0.5241843546875 0.8541666671874999 0.5359768078125 0.856132075 0.5399076265625
1 0.8787342765625 0.49961674531250005 0.87971698125 0.5025648578124999 0.8846305031249999 0.505512971875 0.8885613203125 0.5035475625 0.8983883640625001 0.5035475625 0.9082154093750001 0.4976513359375 0.9170597484374999 0.4848761796875 0.9150943390625 0.4671875 0.90625 0.45834316093750005 0.8944575468749999 0.452446934375 0.8757861640625 0.4534296390625 0.86006289375 0.4671875 0.856132075 0.47701454375 0.8580974843750001 0.47897995312499997 0.8580974843750001 0.488806996875 0.87283805 0.5015821546875 0.8787342765625 0.49961674531250005
1 0.7057783015625 0.5526827828124999 0.718553459375 0.541873034375 0.718553459375 0.5379422171875 0.7224842765624999 0.532045990625 0.718553459375 0.5143573109374999 0.711674528125 0.50747838125 0.6890723265625 0.5064956765625 0.6743317609374999 0.5094437890625 0.6694182390625001 0.5143573109374999 0.6674528296875 0.5202535375 0.6674528296875 0.5359768078125 0.6713836484375 0.5399076265625 0.6713836484375 0.54383844375 0.682193396875 0.5507173734374999 0.7057783015625 0.5526827828124999
1 0.6762971703125 0.45834316093750005 0.6723663515625 0.45834316093750005 0.6674528296875 0.46325668281250004 0.6635220125 0.47308372656250003 0.665487421875 0.47897995312499997 0.6635220125 0.4848761796875 0.6674528296875 0.49273781406249995 0.6723663515625 0.4976513359375 0.678262578125 0.495685928125 0.6792452828125 0.50059945 0.682193396875 0.5035475625 0.699882075 0.5035475625 0.7146226421875 0.49273781406249995 0.718553459375 0.4848761796875 0.718553459375 0.47111831718749997 0.7146226421875 0.46325668281250004 0.7057783015625 0.4544123421875 0.6979166671875 0.450481525 0.6812106921875001 0.45146422968750005 0.6772798734375 0.4534296390625 0.6762971703125 0.45834316093750005
1 0.459119496875 0.54383844375 0.46403301875 0.548751965625 0.4718946546875 0.5526827828124999 0.487617925 0.5526827828124999 0.495479559375 0.548751965625 0.5062893078124999 0.5359768078125 0.5062893078124999 0.5182881296875 0.499410378125 0.50747838125 0.495479559375 0.50747838125 0.485652515625 0.5015821546875 0.47091194999999997 0.5025648578124999 0.459119496875 0.51042649375 0.459119496875 0.5143573109374999 0.4532232703125 0.5241843546875 0.4532232703125 0.53008058125 0.46108490625 0.5399076265625 0.459119496875 0.54383844375
1 0.2684748421875 0.541873034375 0.2733883640625 0.54678655625 0.2871462265625 0.5526827828124999 0.293042453125 0.5526827828124999 0.30483490625 0.548751965625 0.309748428125 0.541873034375 0.3176100625 0.5359768078125 0.319575471875 0.532045990625 0.319575471875 0.5143573109374999 0.312696540625 0.505512971875 0.30483490625 0.5035475625 0.30090408750000003 0.49961674531250005 0.286163521875 0.50059945 0.279284590625 0.5015821546875 0.2684748421875 0.508461084375 0.26257861562499996 0.5202535375 0.26257861562499996 0.53008058125 0.2684748421875 0.541873034375
2 0.030660378125 0.5123919031249999 0.026729559375 0.5202535375 0.026729559375 0.5281151734375 0.030660378125 0.5340114 0.030660378125 0.5379422171875 0.0375393078125 0.5448211484375001 0.051297170312499994 0.5507173734374999 0.0591588046875 0.5507173734374999 0.0611242140625 0.548751965625 0.063089621875 0.5507173734374999 0.0689858484375 0.5507173734374999 0.07881289375 0.54678655625 0.0876572328125 0.5379422171875 0.09355345937500001 0.5281151734375 0.0896226421875 0.51042649375 0.0807783015625 0.5035475625 0.06505503124999999 0.5035475625 0.063089621875 0.5015821546875 0.044418239062499996 0.5025648578124999 0.039504717187499996 0.5035475625 0.030660378125 0.5123919031249999
2 0.0463836484375 0.46522209062500003 0.0463836484375 0.47111831718749997 0.04834905625 0.47308372656250003 0.0463836484375 0.47701454375 0.0542452828125 0.49077240624999996 0.0611242140625 0.495685928125 0.067020440625 0.49372051875 0.0709512578125 0.49961674531250005 0.0886399375 0.49961674531250005 0.1023977984375 0.491755109375 0.10927672968749999 0.47897995312499997 0.10927672968749999 0.46522209062500003 0.10731132031249999 0.4612912734375 0.096501571875 0.450481525 0.08667452812500001 0.44655070781250006 0.074882075 0.44655070781250006 0.07291666718749999 0.44851611562500004 0.0689858484375 0.44655070781250006 0.0640723265625 0.4475334125 0.0591588046875 0.450481525 0.0463836484375 0.46522209062500003
2 0.24685534531250003 0.48094536093749995 0.259630503125 0.4976513359375 0.26749213906249997 0.5015821546875 0.279284590625 0.5015821546875 0.29107704375 0.4976513359375 0.297955975 0.49273781406249995 0.3038522015625 0.48291077031249996 0.3038522015625 0.4671875 0.297955975 0.45736045625 0.2891116359375 0.450481525 0.2773191828125 0.44851611562500004 0.2753537734375 0.44655070781250006 0.2684748421875 0.4475334125 0.259630503125 0.450481525 0.256682390625 0.455395046875 0.2507861640625 0.4593258640625 0.24685534531250003 0.4671875 0.24685534531250003 0.48094536093749995
2 0.49154874218750005 0.5035475625 0.505306603125 0.5035475625 0.509237421875 0.49961674531250005 0.5151336484375 0.4976513359375 0.522012578125 0.4868415875 0.522012578125 0.469152909375 0.5200471703125 0.46325668281250004 0.5033411953125 0.450481525 0.4886006296875 0.45146422968750005 0.47975628906249995 0.45637775156249993 0.47287735781249995 0.46522209062500003 0.47091194999999997 0.47111831718749997 0.47091194999999997 0.4868415875 0.47287735781249995 0.49077240624999996 0.485652515625 0.5015821546875 0.49154874218750005 0.5035475625
2 0.665487421875 0.5693887578125 0.665487421875 0.5831466187500001 0.6674528296875 0.5890428453125 0.6743317609374999 0.5978871859375 0.6841588046875 0.6037834125 0.701847484375 0.6057488203125 0.70970911875 0.601818003125 0.718553459375 0.5929736640625001 0.7224842765624999 0.5831466187500001 0.7205188671875 0.5693887578125 0.71658805 0.565457940625 0.7146226421875 0.5595617140625 0.70381289375 0.5526827828124999 0.6979166671875 0.5507173734374999 0.6831761000000001 0.551700078125 0.6802279875 0.5566136 0.678262578125 0.5546481921875 0.6743317609374999 0.5566136 0.665487421875 0.5693887578125
3 0.8875 0.5078125 0.0984375 0.125
3 0.69375 0.5078125 0.08125 0.1234375
3 0.4875 0.509375 0.0734375 0.125
3 0.2796875 0.50625 0.0859375 0.128125
3 0.06875 0.5046875 0.1078125 0.13125