1 0.7158203125 0.375 0.7001953125 0.380859375 0.68359375 0.3994140625 0.681640625 0.4052734375 0.681640625 0.4267578125 0.68359375 0.4287109375 0.68359375 0.4345703125 0.69140625 0.4482421875 0.7021484375 0.458984375 0.7138671875 0.46484375 0.7236328125 0.46484375 0.7255859375 0.466796875 0.732421875 0.4658203125 0.7431640625 0.462890625 0.759765625 0.4462890625 0.765625 0.4345703125 0.765625 0.4072265625 0.7578125 0.3935546875 0.7412109375 0.37890625 0.7294921875 0.375 0.7158203125 0.375
1 0.8056640625 0.37109375 0.7939453125 0.376953125 0.783203125 0.3876953125 0.779296875 0.3974609375 0.779296875 0.4130859375 0.787109375 0.4326171875 0.7978515625 0.4453125 0.8076171875 0.44921875 0.822265625 0.4482421875 0.8310546875 0.4453125 0.837890625 0.4384765625 0.84765625 0.4169921875 0.84765625 0.4013671875 0.841796875 0.3896484375 0.8291015625 0.376953125 0.8154296875 0.37109375 0.8056640625 0.37109375
1 0.18359375 0.3466796875 0.19140625 0.3466796875 0.1962890625 0.345703125 0.203125 0.3408203125 0.203125 0.3369140625 0.1982421875 0.330078125 0.1904296875 0.330078125 0.1865234375 0.33203125 0.18359375 0.3369140625 0.18359375 0.3466796875
1 0.25390625 0.3173828125 0.259765625 0.3154296875 0.26171875 0.3056640625 0.2548828125 0.30078125 0.2509765625 0.30078125 0.24609375 0.3037109375 0.244140625 0.3134765625 0.2470703125 0.318359375 0.25390625 0.3173828125
1 0.2705078125 0.306640625 0.27734375 0.3056640625 0.28125 0.3037109375 0.28125 0.2978515625 0.283203125 0.2958984375 0.2783203125 0.291015625 0.2724609375 0.291015625 0.267578125 0.2958984375 0.267578125 0.3037109375 0.2705078125 0.306640625
1 0.318359375 0.2919921875 0.318359375 0.2841796875 0.3095703125 0.279296875 0.302734375 0.2841796875 0.30078125 0.2919921875 0.3056640625 0.296875 0.3125 0.2958984375 0.318359375 0.2919921875
1 0.3271484375 0.296875 0.33203125 0.2958984375 0.3388671875 0.294921875 0.341796875 0.2900390625 0.341796875 0.2841796875 0.3369140625 0.279296875 0.3291015625 0.279296875 0.322265625 0.2861328125 0.322265625 0.2919921875 0.3271484375 0.296875
1 0.353515625 0.2861328125 0.359375 0.2822265625 0.359375 0.2744140625 0.3564453125 0.271484375 0.3486328125 0.26953125 0.341796875 0.2763671875 0.341796875 0.2822265625 0.3447265625 0.287109375 0.353515625 0.2861328125
2 0.2685546875 0.333984375 0.26171875 0.3447265625 0.26171875 0.3505859375 0.2666015625 0.361328125 0.2724609375 0.365234375 0.283203125 0.3642578125 0.2900390625 0.361328125 0.294921875 0.3564453125 0.296875 0.3505859375 0.296875 0.3388671875 0.294921875 0.3349609375 0.2861328125 0.328125 0.2802734375 0.328125 0.2685546875 0.333984375
2 0.56640625 0.4169921875 0.5537109375 0.40234375 0.5400390625 0.39453125 0.5185546875 0.392578125 0.4951171875 0.40234375 0.48828125 0.4091796875 0.48046875 0.4208984375 0.4765625 0.4423828125 0.478515625 0.4443359375 0.482421875 0.4638671875 0.48828125 0.4716796875 0.4990234375 0.48046875 0.5087890625 0.486328125 0.5146484375 0.486328125 0.5166015625 0.48828125 0.53515625 0.4873046875 0.5498046875 0.482421875 0.564453125 0.4658203125 0.56640625 0.4599609375 0.5703125 0.4560546875 0.5703125 0.4501953125 0.572265625 0.4482421875 0.572265625 0.4306640625 0.56640625 0.4169921875
2 0.455078125 0.3115234375 0.4638671875 0.32421875 0.4716796875 0.328125 0.482421875 0.3271484375 0.4873046875 0.326171875 0.49609375 0.3154296875 0.49609375 0.3017578125 0.4892578125 0.291015625 0.4755859375 0.287109375 0.4658203125 0.291015625 0.45703125 0.2998046875 0.455078125 0.3115234375
2 0.60546875 0.3232421875 0.607421875 0.3388671875 0.6142578125 0.34765625 0.6201171875 0.349609375 0.6240234375 0.353515625 0.6298828125 0.353515625 0.6318359375 0.35546875 0.642578125 0.3544921875 0.6455078125 0.353515625 0.658203125 0.3388671875 0.658203125 0.3193359375 0.6416015625 0.3046875 0.6220703125 0.3046875 0.6142578125 0.30859375 0.609375 0.3134765625 0.60546875 0.3232421875
2 0.66015625 0.3095703125 0.65625 0.3173828125 0.658203125 0.3193359375 0.658203125 0.3310546875 0.66015625 0.3369140625 0.6669921875 0.34375 0.6748046875 0.34765625 0.689453125 0.3486328125 0.6962890625 0.345703125 0.703125 0.3388671875 0.70703125 0.3232421875 0.703125 0.3134765625 0.6923828125 0.302734375 0.6767578125 0.298828125 0.6669921875 0.302734375 0.66015625 0.3095703125
2 0.7509765625 0.337890625 0.7373046875 0.337890625 0.7294921875 0.341796875 0.71875 0.3544921875 0.716796875 0.3720703125 0.7197265625 0.375 0.7314453125 0.375 0.7412109375 0.37890625 0.7470703125 0.3828125 0.7626953125 0.400390625 0.765625 0.3994140625 0.7685546875 0.3984375 0.779296875 0.3857421875 0.779296875 0.3662109375 0.775390625 0.3603515625 0.775390625 0.3564453125 0.7607421875 0.341796875 0.7568359375 0.341796875 0.7509765625 0.337890625
2 1 0.5615234375 0.9912109375 0.55078125 0.9755859375 0.54296875 0.9580078125 0.544921875 0.94140625 0.5576171875 0.92578125 0.5830078125 0.92578125 0.5888671875 0.921875 0.5986328125 0.921875 0.6259765625 0.931640625 0.6494140625 0.9443359375 0.66015625 0.9501953125 0.662109375 0.966796875 0.6611328125 0.9775390625 0.65625 0.990234375 0.6435546875 1 0.6279296875 1 0.5615234375