1 0.159375 0.503125 0.05 0.04375
1 0.1609375 0.4578125 0.0484375 0.0375
1 0.521875 0.5171875 0.046875 0.04375
2 0.5171875 0.471875 0.046875 0.0421875
2 0.7171875 0.525 0.0484375 0.05
2 0.703125 0.4796875 0.05 0.0421875
2 0.3359375 0.5078125 0.0484375 0.0421875
2 0.334375 0.4609375 0.05 0.0421875
1 0.903125 0.5328125 0.0546875 0.0484375
1 0.9015625 0.484375 0.0546875 0.04375
1 0.3427734375 0.39453125 0.3349609375 0.39453125 0.3251953125 0.3984375 0.31640625 0.4091796875 0.31640625 0.4248046875 0.3193359375 0.42578125 0.322265625 0.4287109375 0.322265625 0.4326171875 0.3310546875 0.439453125 0.3388671875 0.439453125 0.3408203125 0.44140625 0.3515625 0.4404296875 0.35546875 0.4365234375 0.35546875 0.4306640625 0.3603515625 0.4296875 0.36328125 0.4267578125 0.36328125 0.4111328125 0.361328125 0.4072265625 0.3564453125 0.400390625 0.3427734375 0.39453125
3 0.1640625 0.4671875 0.0875 0.1125
3 0.3390625 0.471875 0.065625 0.115625
3 0.51875 0.4796875 0.065625 0.11875
3 0.7046875 0.49375 0.084375 0.11875
3 0.903125 0.503125 0.090625 0.1234375