0 0.08084677343749999 0.634324596875 0.0899193546875 0.6272681453125 0.0939516125 0.6192036296875 0.0939516125 0.5990423390624999 0.08084677343749999 0.577872984375 0.0747983875 0.5738407265625 0.063709678125 0.574848790625 0.058669354687499994 0.5758568546875 0.049596773437500005 0.5849294359375 0.045564515625 0.603074596875 0.051612903125 0.6212197578125 0.06471774218750001 0.634324596875 0.0707661296875 0.634324596875 0.0727822578125 0.6363407265625 0.0747983875 0.634324596875 0.08084677343749999 0.634324596875
0 0.37822580625 0.6433971781250001 0.35907258125 0.62626008125 0.341935484375 0.6272681453125 0.332862903125 0.6323084671875 0.323790321875 0.6413810484375 0.32177419375 0.6474294359375 0.32177419375 0.6635584671875 0.33487903281250003 0.6806955640625 0.34294354843749997 0.6847278218749999 0.3631048390625 0.6847278218749999 0.376209678125 0.6736391125 0.3802419359375 0.665574596875 0.3802419359375 0.6494455640625 0.37822580625 0.6433971781250001
0 0.5697580640625 0.6615423390624999 0.5647177421875 0.662550403125 0.557661290625 0.6675907265625 0.551612903125 0.6857358875 0.5556451609375 0.693800403125 0.5627016125 0.6988407265625 0.5667338703125 0.7008568546875 0.5788306453125001 0.7008568546875 0.5848790328125 0.6988407265625 0.5939516125 0.687752015625 0.5939516125 0.6756552421875 0.5808467734375 0.6605342734375 0.5697580640625 0.6615423390624999
0 0.117137096875 0.7210181453125 0.12217741875000002 0.71396169375 0.120161290625 0.7058971781250001 0.11310483906249999 0.7008568546875 0.1020161296875 0.70186491875 0.1020161296875 0.7159778218749999 0.10705645156250002 0.7210181453125 0.117137096875 0.7210181453125
0 0.1614919359375 0.7351310484375 0.16552419375 0.7351310484375 0.170564515625 0.7300907265625 0.1725806453125 0.7240423390624999 0.170564515625 0.7159778218749999 0.16552419375 0.7129536296875 0.15443548437500002 0.71396169375 0.1524193546875 0.7159778218749999 0.1524193546875 0.7260584671875 0.15443548437500002 0.7300907265625 0.1614919359375 0.7351310484375
0 0.13427419375 0.7179939515625 0.1292338703125 0.7129536296875 0.1252016125 0.7109375 0.12217741875000002 0.7119455640625 0.120161290625 0.7179939515625 0.1161290328125 0.722026209375 0.12116935468750001 0.7290826609375001 0.1292338703125 0.731098790625 0.13427419375 0.7260584671875 0.13427419375 0.7179939515625
1 0.7875 0.2300907265625 0.776411290625 0.23311491874999998 0.764314515625 0.2411794359375 0.7592741937499999 0.2462197578125 0.75322580625 0.2583165328125 0.75322580625 0.26436491875 0.7512096781250001 0.2663810484375 0.7512096781250001 0.296622984375 0.7592741937499999 0.32283266093749996 0.7713709671875 0.34097782187500003 0.7824596781250001 0.3520665328125 0.7864919359375 0.3520665328125 0.79657258125 0.3601310484375 0.8086693546875001 0.36214717812499997 0.810685484375 0.36416330625 0.8368951609374999 0.36416330625 0.8429435484375001 0.36214717812499997 0.8620967734375 0.34501008125 0.87217741875 0.324848790625 0.87217741875 0.296622984375 0.8661290328125 0.27847782187500003 0.85 0.25428427343750004 0.8308467734375 0.237147178125 0.8127016125000001 0.2290826609375 0.7875 0.2300907265625
1 0.7491935484375001 0.51436491875 0.7602822578125 0.5274697578125 0.7743951609375 0.5335181453125 0.792540321875 0.5335181453125 0.8046370968750001 0.5274697578125 0.8177419359375 0.512348790625 0.8177419359375 0.5083165328125 0.8217741937499999 0.5022681453125 0.8217741937499999 0.478074596875 0.813709678125 0.4619455640625 0.8026209671875 0.4508568546875 0.792540321875 0.446824596875 0.78447580625 0.446824596875 0.7824596781250001 0.4448084671875 0.7754032265624999 0.4458165328125 0.764314515625 0.4508568546875 0.7512096781250001 0.46396169374999996 0.745161290625 0.478074596875 0.745161290625 0.5042842734375 0.7491935484375001 0.51436491875
1 0.764314515625 0.60811491875 0.7754032265624999 0.59501008125 0.779435484375 0.58291330625 0.7774193546875 0.5708165328125 0.773387096875 0.562752015625 0.764314515625 0.5556955640625 0.7512096781250001 0.5526713703125 0.742137096875 0.5536794359375 0.73407258125 0.55771169375 0.7229838703125 0.57686491875 0.7229838703125 0.5929939515625 0.725 0.5990423390624999 0.7320564515625 0.60811491875 0.7401209671875 0.6121471781250001 0.75625 0.6121471781250001 0.764314515625 0.60811491875
1 0.975 0.4317036296875 0.9729838703125001 0.40146169374999996 0.9649193546875001 0.387348790625 0.9558467734375 0.38029233906250004 0.938709678125 0.381300403125 0.9316532265624999 0.38634072656249996 0.9245967734375 0.39541330625 0.9245967734375 0.4196068546875 0.9266129031249999 0.421622984375 0.9266129031249999 0.4276713703125 0.932661290625 0.4397681453125 0.94375 0.4508568546875 0.9578629031249999 0.452872984375 0.9709677421875 0.44178427343750004 0.975 0.4317036296875
1 1 0.36678427343750003 0.9991935484375001 0.3692036296875 0.9921370968750001 0.37626008125 0.9760080640625001 0.37626008125 0.96592741875 0.3681955640625 0.9629032265624999 0.3692036296875 0.9629032265624999 0.375252015625 0.9649193546875001 0.3772681453125 0.9689516125000001 0.39541330625 0.9729838703125001 0.40146169374999996 0.9840725812500001 0.41053427343750004 0.9941532265624999 0.41053427343750004 0.998185484375 0.4085181453125 1 0.4061851953125 1 0.36678427343750003
1 1 0.324647178125 0.9891129031249999 0.3046875 0.980040321875 0.29561491875 0.97197580625 0.29158266093749996 0.9588709671875 0.29259072656249996 0.9467741937499999 0.3087197578125 0.9467741937499999 0.3288810484375 0.948790321875 0.33089717812499997 0.9528225812500001 0.34904233906250004 0.9608870968750001 0.3631552421875 0.969959678125 0.37222782187500003 0.9760080640625001 0.37626008125 0.9921370968750001 0.37626008125 0.9991935484375001 0.3692036296875 1 0.36436491875 1 0.324647178125