1 0.5893280234375 0.2822712421875 0.5852430562500001 0.2883986921875 0.5791156046875 0.2883986921875 0.569924428125 0.299632353125 0.56788194375 0.31597222187499996 0.5719669125 0.326184640625 0.5770731203125 0.33129084999999997 0.5811580875 0.33129084999999997 0.5893280234375 0.3374183 0.5974979578124999 0.3374183 0.609752859375 0.3333333328125 0.61485906875 0.3282271234375 0.6158803109375001 0.31495097968749997 0.6169015515625 0.29350490156250003 0.6036254078125001 0.2822712421875 0.5893280234375 0.2822712421875
1 0.6587724671874999 0.292483659375 0.6506025328125 0.2904411765625 0.646517565625 0.29452614375 0.64447508125 0.2904411765625 0.63834763125 0.2904411765625 0.6322201796875 0.292483659375 0.6209865203125 0.3037173203125 0.6209865203125 0.30984477187500004 0.6189440359375 0.3118872546875 0.6189440359375 0.3302696078125 0.6281352124999999 0.34150326875000003 0.6322201796875 0.3435457515625 0.6403901140625 0.3435457515625 0.6424325984375 0.339460784375 0.646517565625 0.3435457515625 0.652645015625 0.3435457515625 0.670006128125 0.3282271234375 0.67102736875 0.32516339843750003 0.6720486109375 0.30984477187500004 0.6679636437500001 0.3016748359375 0.6587724671874999 0.292483659375
2 0.6485600484375 0.50081699375 0.6281352124999999 0.498774509375 0.61792279375 0.5049019609375 0.61485906875 0.5100081703125 0.61485906875 0.5243055562500001 0.6169015515625 0.5283905234375 0.612816584375 0.532475490625 0.612816584375 0.5386029406249999 0.6281352124999999 0.551879084375 0.64447508125 0.551879084375 0.652645015625 0.5477941171875 0.6597937093749999 0.540645425 0.6618361921875 0.5345179734375 0.6597937093749999 0.532475490625 0.662857434375 0.5294117640625 0.6638786765625 0.5161356203125 0.652645015625 0.5028594765625 0.6485600484375 0.50081699375
2 0.599540440625 0.49264705937500003 0.593412990625 0.490604575 0.5811580875 0.490604575 0.5770731203125 0.49264705937500003 0.5637969765624999 0.50388071875 0.559712009375 0.512050653125 0.559712009375 0.522263071875 0.5637969765624999 0.5263480390625 0.56175449375 0.53043300625 0.5637969765624999 0.5345179734375 0.5791156046875 0.545751634375 0.593412990625 0.545751634375 0.6036254078125001 0.5416666671875 0.606689134375 0.5365604578125 0.606689134375 0.53043300625 0.6046466500000001 0.5283905234375 0.6077103765625 0.5253267968750001 0.6087316171875 0.5059232031249999 0.606689134375 0.4997957515625 0.599540440625 0.49264705937500003
2 0.64141135625 0.9328022875 0.6260927281249999 0.9236111109375 0.61179534375 0.9236111109375 0.6046466500000001 0.9307598046875001 0.6046466500000001 0.934844771875 0.6005616828125 0.9368872546875 0.59443423125 0.9532271234374999 0.59443423125 0.9654820265625 0.6005616828125 0.9777369281249999 0.609752859375 0.9869281046875 0.61792279375 0.9910130718750001 0.6301776953125 0.9910130718750001 0.6454963234375 0.9777369281249999 0.6485600484375 0.9705882359375 0.649581290625 0.9470996734374999 0.64141135625 0.9368872546875 0.64141135625 0.9328022875
2 0.55869076875 0.2883986921875 0.5546058 0.2904411765625 0.5525633171875 0.286356209375 0.54847835 0.28431372499999996 0.5362234484374999 0.286356209375 0.5229473046875001 0.29758986875 0.5209048203125 0.3016748359375 0.5188623359375 0.31597222187499996 0.5249897875 0.3302696078125 0.540308415625 0.339460784375 0.5525633171875 0.339460784375 0.5546058 0.3353758171875 0.556648284375 0.3374183 0.5607332515625 0.3353758171875 0.5689031859375 0.323120915625 0.569924428125 0.3016748359375 0.5637969765624999 0.29146241875 0.55869076875 0.2883986921875
1 0.56175449375 0.5243055562500001 0.56175449375 0.5161356203125 0.559712009375 0.5100081703125 0.5525633171875 0.5028594765625 0.54847835 0.50081699375 0.546435865625 0.5028594765625 0.5423508984375001 0.498774509375 0.5280535125 0.498774509375 0.5239685453125 0.50081699375 0.51477736875 0.5100081703125 0.5106924015625001 0.5181781046875 0.5106924015625001 0.53043300625 0.51477736875 0.540645425 0.519883578125 0.545751634375 0.5341809640624999 0.551879084375 0.540308415625 0.551879084375 0.546435865625 0.5477941171875 0.5505208328125 0.5477941171875 0.56175449375 0.5365604578125 0.5627757359375 0.5314542484375 0.5637969765624999 0.53043300625 0.559712009375 0.5263480390625 0.56175449375 0.5243055562500001
1 0.5791156046875 0.7091503265625 0.5729881531250001 0.7091503265625 0.5607332515625 0.715277778125 0.5556270421875 0.7203839875 0.5494995921875 0.734681371875 0.5494995921875 0.746936275 0.5535845593750001 0.755106209375 0.56175449375 0.761233659375 0.5607332515625 0.7642973859375 0.5648182187499999 0.7642973859375 0.5668607031249999 0.768382353125 0.5750306375 0.768382353125 0.5770731203125 0.7704248359375 0.5893280234375 0.76633986875 0.5985191999999999 0.7591911765625 0.599540440625 0.7561274515624999 0.6005616828125 0.7244689546874999 0.593412990625 0.715277778125 0.5791156046875 0.7091503265625
1 0.6577512249999999 0.7224264703125 0.646517565625 0.7091503265625 0.6403901140625 0.70710784375 0.6301776953125 0.7091503265625 0.6281352124999999 0.70710784375 0.6138378265625 0.70710784375 0.606689134375 0.7122140515625001 0.6046466500000001 0.718341503125 0.6046466500000001 0.744893790625 0.6138378265625 0.7561274515624999 0.6240502453125 0.7622549015625 0.6322201796875 0.76021241875 0.63834763125 0.7622549015625 0.646517565625 0.758169934375 0.6577512249999999 0.744893790625 0.6587724671874999 0.7377450984375 0.6597937093749999 0.7305964046875 0.6577512249999999 0.728553921875 0.6577512249999999 0.7224264703125
1 0.646517565625 0.0861928109375 0.6424325984375 0.08823529375 0.6342626640625 0.09844771249999999 0.6311989375 0.0994689546875 0.6250714875 0.11172385625 0.6250714875 0.1260212421875 0.6271139703124999 0.1321486921875 0.63834763125 0.1454248359375 0.6424325984375 0.1474673203125 0.656729984375 0.1474673203125 0.66489991875 0.143382353125 0.676133578125 0.1321486921875 0.6791973046875001 0.12295751562499999 0.6802185453125 0.1015114375 0.662857434375 0.0861928109375 0.646517565625 0.0861928109375
2 0.623029003125 0.093341503125 0.623029003125 0.083129084375 0.61792279375 0.0780228765625 0.601582925 0.07393790781250001 0.599540440625 0.0759803921875 0.593412990625 0.0759803921875 0.580136846875 0.08721405156249999 0.5740093953125001 0.1015114375 0.5740093953125001 0.11172385625 0.583200571875 0.1290849671875 0.5954554734374999 0.13521241875 0.6036254078125001 0.13521241875 0.6138378265625 0.1311274515625 0.6209865203125 0.1239787578125 0.6220077609375 0.116830065625 0.623029003125 0.0974264703125 0.6209865203125 0.0953839875 0.623029003125 0.093341503125
3 0.61875 0.1171875 0.1296875 0.090625
3 0.6078125 0.30625 0.1375 0.0828125
3 0.6046875 0.521875 0.1296875 0.0875
3 0.5890625 0.7359375 0.1140625 0.0859375
3 0.584375 0.9484375 0.11875 0.0890625