1 0.17578125 0.4033203125 0.1689453125 0.396484375 0.1611328125 0.392578125 0.1435546875 0.392578125 0.1376953125 0.39453125 0.12890625 0.4033203125 0.126953125 0.4091796875 0.126953125 0.4169921875 0.1328125 0.4248046875 0.1328125 0.4287109375 0.1376953125 0.43359375 0.1435546875 0.43359375 0.1474609375 0.4375 0.1640625 0.4365234375 0.1689453125 0.435546875 0.17578125 0.4287109375 0.17578125 0.4267578125 0.171875 0.4248046875 0.1728515625 0.423828125 0.1796875 0.4228515625 0.1796875 0.4111328125 0.17578125 0.4033203125
1 0.5380859375 0.40625 0.5302734375 0.40234375 0.5146484375 0.40234375 0.50390625 0.4111328125 0.5 0.4208984375 0.5 0.4306640625 0.505859375 0.4326171875 0.50390625 0.4345703125 0.50390625 0.4404296875 0.5087890625 0.447265625 0.529296875 0.4482421875 0.5341796875 0.447265625 0.541015625 0.4423828125 0.541015625 0.4345703125 0.5458984375 0.43359375 0.548828125 0.4306640625 0.548828125 0.4208984375 0.544921875 0.4130859375 0.5380859375 0.40625
2 0.7451171875 0.443359375 0.75 0.4365234375 0.748046875 0.4228515625 0.7373046875 0.412109375 0.7255859375 0.408203125 0.7138671875 0.41015625 0.7060546875 0.4140625 0.701171875 0.4189453125 0.6953125 0.4345703125 0.69921875 0.4404296875 0.697265625 0.4482421875 0.7021484375 0.455078125 0.7177734375 0.4609375 0.72265625 0.4599609375 0.7275390625 0.458984375 0.7333984375 0.451171875 0.734375 0.4541015625 0.7373046875 0.455078125 0.744140625 0.4482421875 0.744140625 0.4462890625 0.740234375 0.4443359375 0.7451171875 0.443359375
2 0.703125 0.4796875 0.04375 0.0421875
2 0.715625 0.5265625 0.046875 0.046875
2 0.15625 0.5046875 0.05 0.0453125
2 0.9015625 0.484375 0.059375 0.05
1 0.903125 0.5359375 0.053125 0.05
1 0.515625 0.4703125 0.05 0.04375
1 0.5203125 0.515625 0.0453125 0.046875
1 0.165625 0.459375 0.0484375 0.040625
3 0.1640625 0.4734375 0.08125 0.1140625
3 0.3359375 0.475 0.078125 0.1234375
3 0.5171875 0.4828125 0.05625 0.1203125
3 0.709375 0.4921875 0.078125 0.125
3 0.9015625 0.50625 0.0953125 0.1328125