1 0.2951277953125 0.5289536734375 0.2951277953125 0.5269568687499999 0.29412939374999997 0.5259584671875001 0.2921325875 0.5259584671875001 0.2901357828125 0.5239616609375 0.288138978125 0.5239616609375 0.286142171875 0.52196485625 0.27815495156250003 0.52196485625 0.276158146875 0.5239616609375 0.2741613421875 0.5239616609375 0.26717252343750003 0.5309504796875 0.26717252343750003 0.5369408953125 0.26517571875 0.5389377 0.26717252343750003 0.5409345046875 0.26717252343750003 0.5469249203125 0.276158146875 0.55591054375 0.288138978125 0.55591054375 0.2901357828125 0.5539137375000001 0.2921325875 0.5539137375000001 0.29712459999999996 0.548921725 0.29712459999999996 0.5469249203125 0.298123003125 0.5459265171875 0.29912140625 0.544928115625 0.29912140625 0.5329472843749999 0.2951277953125 0.5289536734375
0 0.2951277953125 0.58087060625 0.2951277953125 0.5788738015625 0.2901357828125 0.5738817890625 0.288138978125 0.5738817890625 0.286142171875 0.571884984375 0.2741613421875 0.571884984375 0.26717252343750003 0.5788738015625 0.26717252343750003 0.58087060625 0.26517571875 0.5828674125 0.26517571875 0.5948482421875 0.2691693296875 0.5988418531249999 0.2691693296875 0.6008386578125 0.27016773125000004 0.6018370609375 0.2721645375 0.6018370609375 0.276158146875 0.6058306703125 0.286142171875 0.6058306703125 0.288138978125 0.603833865625 0.2901357828125 0.603833865625 0.29712459999999996 0.5968450484375001 0.29712459999999996 0.5948482421875 0.298123003125 0.593849840625 0.29912140625 0.5928514375 0.29912140625 0.586861021875 0.2951277953125 0.58087060625
1 0.2721645375 0.647763578125 0.261182109375 0.6567492015624999 0.261182109375 0.66873003125 0.26817092656249997 0.6777156546875001 0.2721645375 0.679712459375 0.28214856250000003 0.679712459375 0.2901357828125 0.6717252390625 0.29113418593749996 0.65874600625 0.28214856250000003 0.6497603828125 0.2721645375 0.647763578125
1 0.41393769999999996 0.7336261984375 0.40195686875 0.7276357828125 0.39197284374999997 0.7276357828125 0.3879792328125 0.725638978125 0.385982428125 0.7276357828125 0.375998403125 0.7276357828125 0.3660143765625 0.7336261984375 0.3570287546875 0.7426118203125001 0.3550319484375 0.7486022359375 0.3550319484375 0.7685702875 0.35902555937499997 0.7785543125000001 0.3720047921875 0.791533546875 0.3839856234375 0.7975239609375 0.397963259375 0.7995207671875 0.3999600640625 0.7975239609375 0.4119408953125 0.79552715625 0.4269169328125 0.7825479234375 0.4339057515625 0.7715654953125 0.434904153125 0.7665734828125 0.4269169328125 0.74660543125 0.41393769999999996 0.7336261984375
1 0.3720047921875 0.8654153359375 0.364017571875 0.8614217249999999 0.34804313124999997 0.8594249203125001 0.3360623 0.8654153359375 0.33306709218749997 0.8704073484375 0.3310702875 0.8803913734375 0.3350638984375 0.8903753999999999 0.342052715625 0.8973642171874999 0.3500399359375 0.901357828125 0.3700079875 0.901357828125 0.3819888171875 0.8913738015625 0.3829872203125 0.8803913734375 0.3789936109375 0.872404153125 0.3720047921875 0.8654153359375
1 0.3280750796875 0.8594249203125001 0.31409744375000004 0.8594249203125001 0.310103834375 0.8614217249999999 0.3051118203125 0.8684105437499999 0.3051118203125 0.8783945687499999 0.3071086265625 0.8823881796874999 0.31409744375000004 0.889376996875 0.3340654953125 0.8913738015625 0.33306709218749997 0.8704073484375 0.3350638984375 0.8644169328125001 0.3280750796875 0.8594249203125001
1 0.2961261984375 0.7995207671875 0.287140575 0.8065095843750001 0.287140575 0.8184904156249999 0.2961261984375 0.82947284375 0.3160942484375 0.8274760390625 0.320087859375 0.8214856234375001 0.3210862625 0.8125 0.31210063906249996 0.801517571875 0.2961261984375 0.7995207671875
1 0.298123003125 0.7735623 0.286142171875 0.7735623 0.2791533546875 0.7785543125000001 0.27715655 0.7825479234375 0.27715655 0.7885383390625 0.281150159375 0.796525559375 0.288138978125 0.801517571875 0.3061102234375 0.7995207671875 0.310103834375 0.7935303515625 0.3111022359375 0.7865415328124999 0.3061102234375 0.7795527156250001 0.298123003125 0.7735623
0 0.342052715625 0.8154952078125 0.3340654953125 0.8154952078125 0.3240814703125 0.8194888171875 0.3170926515625 0.8284744406250001 0.3170926515625 0.8424520765624999 0.31908945625 0.8464456874999999 0.332068690625 0.8574281156250001 0.34804313124999997 0.8594249203125001 0.35603035156249996 0.855431309375 0.364017571875 0.8474440890625001 0.365015975 0.8364616609375 0.3610223640625 0.8284744406250001 0.342052715625 0.8154952078125
0 0.3170926515625 0.8304712453124999 0.31409744375000004 0.8274760390625 0.30411341875 0.8274760390625 0.29712459999999996 0.8324680515624999 0.2951277953125 0.84444888125 0.3001198078125 0.8534345046875 0.310103834375 0.8594249203125001 0.3220846640625 0.8594249203125001 0.32607827500000003 0.855431309375 0.3270766765625 0.8544329078124999 0.3170926515625 0.8424520765624999 0.3170926515625 0.8304712453124999
1 0.4378993609375 0.92731629375 0.423921725 0.921325878125 0.4039536734375 0.921325878125 0.397963259375 0.923322684375 0.38698083125 0.93230830625 0.384984025 0.9363019171875001 0.384984025 0.9482827468749999 0.38698083125 0.9522763578125 0.3999600640625 0.9652555906250001 0.4119408953125 0.9692492015624999 0.42991214062500005 0.9692492015624999 0.43190894531249996 0.967252396875 0.4378993609375 0.967252396875 0.446884984375 0.960263578125 0.451876996875 0.9532747609375001 0.45287540000000004 0.9462859421875001 0.4488817890625 0.938298721875 0.4378993609375 0.92731629375
1 0.5908546328125001 1 0.600638978125 0.9902156546875001 0.6036341859375 0.9832268375 0.6046325875 0.970247603125 0.598642171875 0.9582667734375001 0.58765974375 0.94928115 0.5696884984375 0.945287540625 0.56769169375 0.9432907343749999 0.5417332265625 0.9432907343749999 0.5197683703125 0.9512779546875001 0.5027955265624999 0.96625399375 0.4988019171875 0.978234825 0.4988019171875 0.98821885 0.5007987218750001 0.9942092656250001 0.5053026265625 1 0.5908546328125001 1
1 0.44615282343749996 1 0.44988019218749997 0.9972044734375001 0.463857828125 0.9952076671875 0.46585463281250006 0.9932108625 0.466853034375 0.9902156546875001 0.4578674125 0.9792332265624999 0.44588658125 0.9752396171875001 0.42991214062500005 0.9732428109375 0.4119408953125 0.9792332265624999 0.4049520765625 0.9902156546875001 0.4049520765625 0.9962060703125 0.406578046875 1 0.44615282343749996 1