2 0.6046875 0.6875 0.0546875 0.053125
2 0.6078125 0.5 0.0453125 0.046875
2 0.6203125 0.2875 0.0453125 0.053125
1 0.5703125 0.3015625 0.04375 0.053125
2 0.63125 0.090625 0.0484375 0.059375
1 0.578125 0.0796875 0.046875 0.0609375
1 0.5625 0.496875 0.0484375 0.05
2 0.5546875 0.7 0.0453125 0.046875
1 0.518577296875 0.657807309375 0.5123480609375 0.655730896875 0.4998895890625 0.657807309375 0.48639291250000005 0.6733803984375 0.48639291250000005 0.6899916937499999 0.4905457359375 0.6982973421875001 0.49781317812500003 0.705564784375 0.5019660015625 0.7076411953124999 0.5165008859375 0.7076411953124999 0.518577296875 0.6972591359375 0.519615503125 0.702450165625 0.5248065328125 0.703488371875 0.5341503875 0.69414451875 0.5362267984375 0.6879152828125 0.5351885937499999 0.6744186046875 0.5341503875 0.6692275750000001 0.5289593578125 0.6640365453125 0.522730121875 0.6640365453125 0.520653709375 0.67026578125 0.518577296875 0.657807309375
2 0.534260796875 0.2632890359375 0.5321843859375 0.2549833890625 0.5280315609375 0.2529069765625 0.5155730890625 0.2529069765625 0.5072674421875 0.2570598 0.5 0.2643272421875 0.4979235875 0.2788621265625 0.4958471765625 0.28093853750000003 0.4979235875 0.29132059843749997 0.511420265625 0.3068936875 0.5155730890625 0.30897009999999997 0.5280315609375 0.30897009999999997 0.5321843859375 0.304817275 0.536337209375 0.304817275 0.5456810625 0.29547342187500003 0.5477574749999999 0.2892441859375 0.54671926875 0.273671096875 0.5436046515624999 0.270556478125 0.5436046515624999 0.2643272421875 0.536337209375 0.2570598 0.534260796875 0.2632890359375
3 0.565625 0.875 0.1328125 0.0921875
3 0.5734375 0.6859375 0.1328125 0.08125
3 0.5828125 0.4984375 0.14375 0.0796875
3 0.590625 0.2890625 0.15 0.090625
3 0.5984375 0.0859375 0.1453125 0.103125