2 0.1640625 0.5046875 0.040625 0.04375
1 0.5328125 0.5203125 0.046875 0.04375
2 0.7328125 0.528125 0.0484375 0.05
2 0.71875 0.48125 0.05 0.0421875
1 0.340625 0.5109375 0.0484375 0.0421875
1 0.925 0.5359375 0.05625 0.0484375
1 0.9234375 0.4875 0.05625 0.04375
2 0.9598070734374999 0.45357717031250006 0.9658360125 0.449557878125 0.9678456593749999 0.4455385859375 0.9678456593749999 0.4314710609375 0.9567926046874999 0.418408359375 0.9387057875 0.4143890671875 0.9366961421875001 0.4163987140625 0.9286575562499999 0.4163987140625 0.916599678125 0.422427653125 0.9115755625 0.42745176875 0.9075562703125 0.43549035312499995 0.9075562703125 0.44754823125 0.9145900328125001 0.45056270156249995 0.9206189703125001 0.45056270156249995 0.9196141484375 0.459606109375 0.9226286171875 0.462620578125 0.9306672031250001 0.462620578125 0.9407154343749999 0.466639871875 0.9437299031249999 0.46563504843750003 0.9547829578125 0.462620578125 0.9598070734374999 0.4575964625 0.9598070734374999 0.45357717031250006
1 0.3689710609375 0.4113745984375 0.359927653125 0.40032154374999995 0.3518890671875 0.3963022515625 0.33782154375 0.3963022515625 0.3317926046875 0.398311896875 0.32073955 0.4113745984375 0.32073955 0.425442121875 0.3267684890625 0.4294614140625 0.3247588421875 0.43348070781250003 0.3297829578125 0.44051446875 0.3418408359375 0.44252411562500005 0.3438504828125 0.4445337625 0.35088424375 0.4435289390625 0.35791800625 0.44051446875 0.3609324765625 0.4375 0.3609324765625 0.4314710609375 0.3659565921875 0.4304662375 0.3689710609375 0.42745176875 0.3689710609375 0.4113745984375
1 0.3296875 0.465625 0.05 0.040625
2 0.7477893890625 0.456591640625 0.75180868125 0.4586012859375 0.75884244375 0.45357717031250006 0.760852090625 0.449557878125 0.75884244375 0.4455385859375 0.7668810296874999 0.43950964687500005 0.7668810296874999 0.4294614140625 0.7628617359375001 0.42142282968749994 0.75180868125 0.412379421875 0.7457797421875 0.41036977500000005 0.73171221875 0.41036977500000005 0.7236736328125 0.4143890671875 0.712620578125 0.42745176875 0.712620578125 0.43549035312499995 0.7106109328125 0.4375 0.714630225 0.44151929218749997 0.712620578125 0.4435289390625 0.712620578125 0.449557878125 0.7216639875 0.4586012859375 0.729702571875 0.462620578125 0.7427652734375 0.46161575624999995 0.7457797421875 0.4606109328125 0.7477893890625 0.456591640625
2 0.1546875 0.459375 0.0515625 0.0375
3 0.1609375 0.475 0.0921875 0.1140625
3 0.340625 0.4828125 0.078125 0.121875
3 0.53125 0.490625 0.0640625 0.1265625
3 0.725 0.5 0.0875 0.125
3 0.9203125 0.5046875 0.0921875 0.121875