1 0.4828125 0.484375 0.05 0.0484375
1 0.484375 0.53125 0.0453125 0.040625
1 0.2875 0.478125 0.05 0.0484375
1 0.2828125 0.525 0.0484375 0.0484375
1 0.096875 0.465625 0.0421875 0.046875
2 0.09375 0.51875 0.0421875 0.0453125
2 0.66875 0.4921875 0.046875 0.046875
2 0.678125 0.5421875 0.0484375 0.04375
2 0.8453125 0.4984375 0.053125 0.04375
2 0.85 0.5453125 0.05625 0.040625
3 0.8484375 0.5328125 0.084375 0.121875
3 0.6703125 0.525 0.078125 0.1125
3 0.484375 0.51875 0.06875 0.121875
3 0.2875 0.50625 0.0828125 0.1109375
3 0.0921875 0.50625 0.0765625 0.1296875