2 0.3522012578125 0.648005109375 0.356132075 0.6558667453125 0.37283805000000003 0.6686419031249999 0.3787342765625 0.6686419031249999 0.3806996859375 0.6706073109374999 0.39642295625 0.6686419031249999 0.41312893125 0.6558667453125 0.41705974843750004 0.6460397015625 0.41705974843750004 0.6322818390625 0.40919811250000004 0.61655856875 0.40035377343749995 0.6096796390625 0.3905267296875 0.6057488203125 0.37185534531250003 0.606731525 0.36104559687500004 0.611645046875 0.3522012578125 0.6224547953124999 0.3502358484375 0.628351021875 0.3502358484375 0.642108884375 0.3522012578125 0.648005109375
2 0.47995282968749997 0.49077240624999996 0.47405660312500003 0.508461084375 0.47405660312500003 0.53008058125 0.48191823906250003 0.5477692609375 0.48781446562499997 0.555630896875 0.504520440625 0.568406053125 0.51631289375 0.5723368703125 0.537932390625 0.5723368703125 0.5398977984375 0.5703714625 0.545794025 0.5703714625 0.5556210687500001 0.5644752359375 0.567413521875 0.5546481921875 0.57232704375 0.5477692609375 0.5801886796875 0.5241843546875 0.5782232703125 0.5025648578124999 0.5683962265625 0.4848761796875 0.5536556609375001 0.472101021875 0.5300707546875 0.4642393875 0.517295596875 0.46522209062500003 0.490762578125 0.4779972484375 0.47995282968749997 0.49077240624999996
2 1 0.4339065765625 0.9958726421874999 0.428862028125 0.9889937109375 0.4298447328125 0.98506289375 0.4318101421875 0.9791666671874999 0.4416371859375 0.9791666671874999 0.455395046875 0.98506289375 0.47111831718749997 0.989976415625 0.47603183906249996 0.9958726421874999 0.4779972484375 1 0.47478707968749995 1 0.4339065765625
2 1 0.47514740624999996 0.9948899375 0.47897995312499997 0.9948899375 0.4868415875 1 0.4963317046875 1 0.47514740624999996
2 1 0.4950963046875 0.9948899375 0.4848761796875 0.9889937109375 0.4848761796875 0.98506289375 0.488806996875 0.9830974843750001 0.5025648578124999 0.98506289375 0.5045302671874999 0.98506289375 0.51042649375 0.989976415625 0.515340015625 0.9958726421874999 0.515340015625 1 0.5112126578125 1 0.4950963046875
2 0.963443396875 0.5261497640624999 0.9585298734375 0.5310632859375 0.95165094375 0.5340114 0.9565644656250001 0.5408903296875 0.9624606921875 0.5408903296875 0.97130503125 0.532045990625 0.9732704406250001 0.5182881296875 0.97130503125 0.5123919031249999 0.9673742140625 0.5123919031249999 0.9673742140625 0.5182881296875 0.963443396875 0.5261497640624999
1 0.9437893078125 0.5477692609375 0.9457547171874999 0.532045990625 0.9388757859375 0.5212362421875001 0.93494496875 0.5192708328125 0.9280660375 0.5202535375 0.91823899375 0.5281151734375 0.916273584375 0.532045990625 0.916273584375 0.54383844375 0.91823899375 0.5458038515625 0.91823899375 0.5536654875 0.92118710625 0.5566136 0.925117925 0.558579009375 0.93494496875 0.558579009375 0.9437893078125 0.5477692609375
1 0.939858490625 0.522218946875 0.9467374218750001 0.5310632859375 0.9565644656250001 0.5330286953125001 0.9654088046875 0.5261497640624999 0.9693396218749999 0.5143573109374999 0.9693396218749999 0.5064956765625 0.9654088046875 0.4966686328125 0.9585298734375 0.4897897015625 0.9477201265625 0.49077240624999996 0.939858490625 0.50059945 0.939858490625 0.522218946875
1 0.67551100625 0.64702240625 0.6882861640625 0.6342472484375 0.690251571875 0.628351021875 0.690251571875 0.6126277515624999 0.6882861640625 0.6086969343749999 0.6715801890625 0.5939563671875 0.6529088046875 0.5949390718750001 0.644064465625 0.5978871859375 0.637185534375 0.604766115625 0.6352201265625 0.6106623421874999 0.6352201265625 0.6342472484375 0.6460298734375 0.64702240625 0.653891509375 0.6509532234375001 0.6676493703124999 0.6509532234375001 0.67551100625 0.64702240625
1 0.44162735781249995 0.6725727203125 0.447523584375 0.6745381296875 0.46717767343750005 0.6745381296875 0.4730739 0.6725727203125 0.48388364843750004 0.66372838125 0.48977987343749996 0.651935928125 0.48977987343749996 0.6362126578125 0.48584905625 0.628351021875 0.4750393078125 0.6175412734375 0.4632468546875 0.611645046875 0.444575471875 0.6126277515624999 0.43573113281250003 0.6155758640625 0.430817609375 0.6224547953124999 0.430817609375 0.6263856125 0.424921384375 0.638178065625 0.4268867921875 0.6558667453125 0.44162735781249995 0.6725727203125
2 0.9614779875 0.3001277515625 0.9614779875 0.30995479531250003 0.97130503125 0.329608884375 0.9821147796874999 0.342384040625 0.9958726421874999 0.3482802671875 0.9988207546875 0.3453321546875 0.9988207546875 0.3414013359375 0.9889937109375 0.3315742921875 0.9732704406250001 0.30995479531250003 0.9703223265625001 0.30897209062500003 0.9624606921875 0.299145046875 0.9614779875 0.3001277515625
2 1 0.3168118890625 0.9654088046875 0.272612028125 0.9614779875 0.272612028125 0.9575471703125 0.28047366406249996 0.9614779875 0.2903007078125 0.981132075 0.30995479531250003 0.9948899375 0.3315742921875 1 0.3366843546875 1 0.3168118890625
1 0.3689072328125 0.664711084375 0.36301100625 0.664711084375 0.3639937109375 0.671590015625 0.374803459375 0.6823997640624999 0.38266509375 0.68633058125 0.404284590625 0.6843651734375 0.4150943390625 0.6755208328125 0.42099056562500003 0.661762971875 0.41902515781250005 0.651935928125 0.41607704375 0.6489878140625 0.4150943390625 0.64997051875 0.41312893125 0.6558667453125 0.40035377343749995 0.66667649375 0.38266509375 0.6706073109374999 0.3806996859375 0.6686419031249999 0.37283805000000003 0.6686419031249999 0.3689072328125 0.664711084375