2 0.6064453125 0.189453125 0.607421875 0.1923828125 0.6162109375 0.19921875 0.6279296875 0.19921875 0.634765625 0.1904296875 0.634765625 0.1826171875 0.6318359375 0.177734375 0.6240234375 0.173828125 0.6142578125 0.173828125 0.607421875 0.1787109375 0.60546875 0.1826171875 0.6064453125 0.189453125
2 0.650390625 0.2119140625 0.6484375 0.2080078125 0.6396484375 0.201171875 0.6279296875 0.201171875 0.62109375 0.2080078125 0.6220703125 0.21875 0.6318359375 0.2265625 0.6416015625 0.2265625 0.646484375 0.2236328125 0.650390625 0.2119140625
2 0.5712890625 0.103515625 0.564453125 0.1103515625 0.5654296875 0.119140625 0.5751953125 0.126953125 0.5869140625 0.126953125 0.59375 0.1220703125 0.59375 0.1103515625 0.5830078125 0.103515625 0.5712890625 0.103515625
2 0.634765625 0.1630859375 0.6298828125 0.158203125 0.6220703125 0.15625 0.6181640625 0.16015625 0.609375 0.1630859375 0.6103515625 0.169921875 0.6123046875 0.173828125 0.6318359375 0.171875 0.634765625 0.1689453125 0.634765625 0.1630859375
2 0.6455078125 0.19140625 0.642578125 0.1923828125 0.6435546875 0.201171875 0.6494140625 0.205078125 0.65234375 0.2041015625 0.65234375 0.1982421875 0.6455078125 0.19140625
2 0.6435546875 0.1875 0.64453125 0.1865234375 0.64453125 0.1767578125 0.6416015625 0.173828125 0.640625 0.1748046875 0.640625 0.1865234375 0.6416015625 0.1875 0.6435546875 0.1875
2 0.640625 0.1865234375 0.640625 0.1748046875 0.6396484375 0.173828125 0.6376953125 0.173828125 0.6337890625 0.169921875 0.6298828125 0.169921875 0.6279296875 0.171875 0.6259765625 0.171875 0.625 0.1728515625 0.625 0.1748046875 0.6259765625 0.17578125 0.6298828125 0.17578125 0.634765625 0.1806640625 0.634765625 0.1845703125 0.6376953125 0.1875 0.6396484375 0.1875 0.640625 0.1865234375
2 0.623046875 0.1513671875 0.62109375 0.1435546875 0.6123046875 0.13671875 0.6064453125 0.14453125 0.595703125 0.1474609375 0.5966796875 0.15625 0.6044921875 0.162109375 0.6162109375 0.162109375 0.6201171875 0.16015625 0.623046875 0.1513671875
1 0.58203125 0.1318359375 0.580078125 0.1337890625 0.580078125 0.1357421875 0.5810546875 0.13671875 0.58203125 0.1376953125 0.58203125 0.1396484375 0.5869140625 0.14453125 0.5888671875 0.14453125 0.5908203125 0.146484375 0.6025390625 0.146484375 0.6044921875 0.14453125 0.6064453125 0.14453125 0.609375 0.1416015625 0.609375 0.1396484375 0.611328125 0.1376953125 0.611328125 0.1357421875 0.609375 0.1337890625 0.609375 0.1318359375 0.6044921875 0.126953125 0.6025390625 0.126953125 0.6005859375 0.125 0.5888671875 0.125 0.5869140625 0.126953125 0.5849609375 0.126953125 0.58203125 0.1298828125 0.58203125 0.1318359375
1 0.5966796875 0.111328125 0.5947265625 0.111328125 0.59375 0.1123046875 0.59375 0.1181640625 0.591796875 0.1201171875 0.591796875 0.1240234375 0.5927734375 0.125 0.6005859375 0.125 0.6025390625 0.126953125 0.6044921875 0.126953125 0.60546875 0.1259765625 0.60546875 0.1181640625 0.6005859375 0.11328125 0.5986328125 0.11328125 0.5966796875 0.111328125
1 0.6328125 0.1552734375 0.6279296875 0.150390625 0.6240234375 0.150390625 0.62109375 0.1533203125 0.62109375 0.1552734375 0.6220703125 0.15625 0.6240234375 0.158203125 0.6318359375 0.158203125 0.6328125 0.1572265625 0.6328125 0.1552734375
1 0.6298828125 0.19921875 0.6318359375 0.201171875 0.6416015625 0.201171875 0.642578125 0.2001953125 0.642578125 0.1904296875 0.6396484375 0.1875 0.6376953125 0.1875 0.6357421875 0.185546875 0.634765625 0.1865234375 0.634765625 0.1923828125 0.62890625 0.1982421875 0.6298828125 0.19921875
1 0.6484375 0.2158203125 0.6494140625 0.216796875 0.65234375 0.2138671875 0.65234375 0.2080078125 0.6455078125 0.201171875 0.6435546875 0.201171875 0.642578125 0.2021484375 0.642578125 0.2041015625 0.6435546875 0.205078125 0.6484375 0.2099609375 0.6484375 0.2158203125