0 0.49584651874999996 0.1669303796875 0.4978243671875 0.16495253125 0.52155854375 0.1629746828125 0.5235363921875 0.16495253125 0.5334256328125 0.16495253125 0.53540348125 0.1669303796875 0.5472705703125 0.1669303796875 0.564082278125 0.1540743671875 0.5700158234375 0.1441851265625 0.5700158234375 0.1342958859375 0.5719936703124999 0.13231803749999999 0.5700158234375 0.12045094999999999 0.5660601265625 0.11253955625 0.551226265625 0.097705696875 0.5274920890625 0.089794303125 0.49980221562500005 0.0917721515625 0.4918908234375 0.0957278484375 0.479034809375 0.10660601249999999 0.47507911406250003 0.11253955625 0.47211234218750003 0.12539557031249998 0.47507911406250003 0.14814082343749999 0.485957278125 0.1609968359375 0.49584651874999996 0.1669303796875
0 0.23575949375 0.63469145625 0.239715190625 0.64655854375 0.2476265828125 0.66040348125 0.258504746875 0.67325949375 0.2683939875 0.6811708859375 0.2960838609375 0.693037975 0.31388449375 0.693037975 0.3158623421875 0.6950158234375 0.32179588593749997 0.6950158234375 0.323773734375 0.693037975 0.3356408234375 0.693037975 0.35739715156249996 0.683148734375 0.3742088609375 0.6683148734375 0.3801424046875 0.66040348125 0.388053796875 0.6426028484375 0.388053796875 0.63469145625 0.3900316453125 0.6327136078125 0.3900316453125 0.6030458859375 0.37816455625 0.5714003171875001 0.35739715156249996 0.5486550640625001 0.3257515828125 0.532832278125 0.31981803750000004 0.532832278125 0.317840190625 0.5308544296875 0.2960838609375 0.5308544296875 0.2941060125 0.532832278125 0.2861946203125 0.532832278125 0.264438290625 0.54272151875 0.2436708859375 0.5654667718749999 0.2436708859375 0.56942246875 0.23378164531249998 0.5872231015625 0.23279272187500002 0.5941455703125 0.23180379687500002 0.6070015828125 0.23378164531249998 0.6089794296875 0.23575949375 0.63469145625
0 0.642207278125 0.5862341765625 0.65209651875 0.5901898734375 0.66594145625 0.5901898734375 0.6758306968750001 0.5862341765625 0.6827531640625 0.579311709375 0.688686709375 0.5634889234375 0.688686709375 0.5535996828124999 0.6847310125 0.54371044375 0.671875 0.532832278125 0.656052215625 0.5348101265625 0.6501186703124999 0.532832278125 0.6402294296875 0.536787975 0.6333069625000001 0.54371044375 0.6283623421875 0.55656645625 0.6273734171875 0.5674446203125 0.6313291140625 0.5753560125 0.642207278125 0.5862341765625
0 0.661985759375 0.6455696203125 0.67780854375 0.6455696203125 0.687697784375 0.6396360765625 0.6926424046874999 0.6327136078125 0.694620253125 0.6267800640625001 0.694620253125 0.6129351265625 0.6857199359374999 0.6020569625000001 0.67780854375 0.598101265625 0.6600079109375 0.6000791140625 0.6511075953125001 0.6070015828125 0.6481408234375 0.6139240499999999 0.6471518984375 0.6287579109375 0.6511075953125001 0.6366693031249999 0.661985759375 0.6455696203125
0 0.694620253125 0.614912975 0.6956091765625 0.6257911390625 0.7064873421875 0.6129351265625 0.7064873421875 0.5971123421875 0.697587025 0.5901898734375 0.6936313296875001 0.5941455703125 0.6837420890625 0.598101265625 0.6827531640625 0.6010680374999999 0.688686709375 0.605023734375 0.694620253125 0.614912975
0 0.6748417718749999 0.4270174046875 0.67780854375 0.4299841765625 0.697587025 0.4299841765625 0.707476265625 0.43789557031250004 0.7114319625000001 0.43789557031250004 0.7183544296875 0.4309731015625 0.7223101265625 0.4210838609375 0.7223101265625 0.41515031718750006 0.7183544296875 0.40526107656250004 0.7114319625000001 0.396360759375 0.7035205703125 0.3924050640625 0.69165348125 0.3924050640625 0.6837420890625 0.396360759375 0.6748417718749999 0.40526107656250004 0.6738528484375 0.4141613921875 0.6728639234375 0.4191060125 0.6748417718749999 0.4210838609375 0.6748417718749999 0.4270174046875
0 0.6936313296875001 0.38647151874999996 0.6995648734375 0.3884493671875 0.7153876578125 0.3884493671875 0.7262658234375 0.37954905 0.7282436703124999 0.3755933546875 0.7262658234375 0.357792721875 0.721321203125 0.350870253125 0.71736550625 0.350870253125 0.7163765828125 0.3558148734375 0.7054984171875 0.364715190625 0.69165348125 0.36669303750000004 0.6896756328125 0.364715190625 0.6837420890625 0.364715190625 0.6827531640625 0.37361550625 0.6847310125 0.377571203125 0.6936313296875001 0.38647151874999996
0 0.6540743671875 0.24208860781250002 0.661985759375 0.246044303125 0.6797863921875 0.246044303125 0.6837420890625 0.24406645624999998 0.6926424046874999 0.23318829062500002 0.694620253125 0.227254746875 0.694620253125 0.21736550625 0.69066455625 0.2094541140625 0.6758306968750001 0.1965981015625 0.6698971515625 0.1965981015625 0.6679193031249999 0.194620253125 0.6501186703124999 0.19857595 0.643196203125 0.2054984171875 0.6402294296875 0.214398734375 0.63924050625 0.22329905 0.6412183546875 0.2292325953125 0.6540743671875 0.24208860781250002
0 0.6797863921875 0.27175632968749996 0.6857199359374999 0.2737341765625 0.6985759500000001 0.28263449375 0.7035205703125 0.291534809375 0.7104430374999999 0.28263449375 0.7104430374999999 0.266811709375 0.708465190625 0.2628560125 0.69165348125 0.2480221515625 0.681764240625 0.246044303125 0.6797863921875 0.2480221515625 0.6738528484375 0.2480221515625 0.6609968359375 0.2589003171875 0.6600079109375 0.2618670890625 0.6600079109375 0.2737341765625 0.66594145625 0.27175632968749996 0.6797863921875 0.27175632968749996
0 0.6600079109375 0.32120253125 0.671875 0.3271360765625 0.6857199359374999 0.3271360765625 0.6956091765625 0.32120253125 0.70450949375 0.3043908234375 0.700553796875 0.286590190625 0.6896756328125 0.27571202499999997 0.6797863921875 0.27175632968749996 0.66594145625 0.27175632968749996 0.661985759375 0.2737341765625 0.65308544375 0.2806566453125 0.6481408234375 0.2935126578125 0.6471518984375 0.30241297500000003 0.6511075953125001 0.312302215625 0.6600079109375 0.32120253125
0 0.701542721875 0.2282436703125 0.713409809375 0.24011075937499998 0.7183544296875 0.23121044375 0.714398734375 0.21736550625 0.701542721875 0.20648734218749998 0.6896756328125 0.20648734218749998 0.694620253125 0.21736550625 0.694620253125 0.22527689843749998 0.701542721875 0.2282436703125
0 0.5551819625000001 0.0957278484375 0.5789161390625 0.1075949359375 0.5986946203125 0.1075949359375 0.60067246875 0.1056170890625 0.6066060125 0.1056170890625 0.619462025 0.090783228125 0.619462025 0.076938290625 0.6155063296875001 0.0690268984375 0.6026503171875001 0.058148734375 0.5907832281250001 0.0541930375 0.571004746875 0.0541930375 0.56111550625 0.058148734375 0.5541930374999999 0.065071203125 0.5492484171875 0.077927215625 0.54825949375 0.0828718359375 0.5502373421875 0.08880537968749999 0.5551819625000001 0.0957278484375
1 0.671875 0.1511075953125 0.6797863921875 0.1511075953125 0.6896756328125 0.1471518984375 0.694620253125 0.136273734375 0.694620253125 0.13231803749999999 0.688686709375 0.122428796875 0.6797863921875 0.1155063296875 0.6738528484375 0.1155063296875 0.6698971515625 0.1214398734375 0.6639636078125 0.12539557031249998 0.6540743671875 0.12539557031249998 0.65209651875 0.1273734171875 0.6511075953125001 0.136273734375 0.6600079109375 0.14517405 0.671875 0.1511075953125
1 0.6441851265625 0.12539557031249998 0.6639636078125 0.12539557031249998 0.6728639234375 0.11847310156249999 0.6748417718749999 0.1145174046875 0.6748417718749999 0.1046281640625 0.6728639234375 0.10067246875 0.661985759375 0.089794303125 0.6501186703124999 0.0858386078125 0.6471518984375 0.08682753125 0.6451740499999999 0.096716771875 0.6402294296875 0.103639240625 0.6283623421875 0.1075949359375 0.6273734171875 0.11253955625 0.629351265625 0.116495253125 0.6441851265625 0.12539557031249998
1 0.622428796875 0.1075949359375 0.6244066453125 0.109572784375 0.636273734375 0.1056170890625 0.6451740499999999 0.096716771875 0.6471518984375 0.08682753125 0.6451740499999999 0.0808939875 0.6342958859375 0.068037975 0.622428796875 0.0621044296875 0.609572784375 0.0630933546875 0.6155063296875001 0.0690268984375 0.619462025 0.076938290625 0.619462025 0.090783228125 0.6085838609375 0.103639240625 0.6075949359374999 0.1046281640625 0.610561709375 0.1075949359375 0.622428796875 0.1075949359375
1 0.622428796875 0.0621044296875 0.6342958859375 0.068037975 0.643196203125 0.076938290625 0.646162975 0.08386075937500001 0.6501186703124999 0.08386075937500001 0.655063290625 0.076938290625 0.655063290625 0.06704905 0.6511075953125001 0.0591376578125 0.6382515828125 0.0502373421875 0.6323180374999999 0.04825949375 0.6184731015625 0.04825949375 0.6066060125 0.056170885937500005 0.6056170890625 0.0591376578125 0.6085838609375 0.0621044296875 0.622428796875 0.0621044296875
1 0.46321202499999997 0.227254746875 0.473101265625 0.24307753124999998 0.4918908234375 0.259889240625 0.50969145625 0.2638449359375 0.5116693031249999 0.265822784375 0.5334256328125 0.2638449359375 0.551226265625 0.25593354375 0.564082278125 0.2450553796875 0.5719936703124999 0.23121044375 0.5719936703124999 0.22527689843749998 0.57397151875 0.22329905 0.57397151875 0.2054984171875 0.564082278125 0.1857199359375 0.5492484171875 0.17286392343749998 0.5294699359374999 0.16495253125 0.505735759375 0.16495253125 0.485957278125 0.17286392343749998 0.473101265625 0.1837420890625 0.467167721875 0.19165348124999998 0.4622231015625 0.2104430375 0.4612341765625 0.21934335468750002 0.46321202499999997 0.22132120312499998 0.46321202499999997 0.227254746875
1 0.49980221562500005 0.36867088593749997 0.52155854375 0.38053797500000003 0.5492484171875 0.38053797500000003 0.5670490499999999 0.370648734375 0.5818829109375 0.3558148734375 0.58781645625 0.343947784375 0.58781645625 0.3360363921875 0.5897943031249999 0.33405854375 0.58781645625 0.312302215625 0.5799050640625001 0.2964794296875 0.568037975 0.286590190625 0.565071203125 0.2816455703125 0.53540348125 0.27175632968749996 0.5195806968750001 0.2737341765625 0.5017800640625001 0.2816455703125 0.4849683546875 0.3004351265625 0.480023734375 0.3192246828125 0.479034809375 0.3360363921875 0.48892404999999994 0.357792721875 0.49980221562500005 0.36867088593749997
1 0.5106803796875 0.50415348125 0.5205696203125 0.5219541140625 0.5334256328125 0.5348101265625 0.551226265625 0.54272151875 0.5690268984375 0.54272151875 0.5907832281250001 0.532832278125 0.6056170890625 0.5160205703125 0.609572784375 0.50415348125 0.609572784375 0.47844145625 0.603639240625 0.46459651874999996 0.5927610765625 0.45174050625 0.57496044375 0.441851265625 0.5690268984375 0.441851265625 0.5670490499999999 0.43987341718749995 0.5532041140625 0.43987341718749995 0.551226265625 0.441851265625 0.5393591765625 0.44382911406250003 0.5334256328125 0.447784809375 0.5166139234375 0.4665743671875 0.50969145625 0.487341771875 0.50870253125 0.494264240625 0.5106803796875 0.4962420890625 0.5106803796875 0.50415348125
1 0.5808939875 0.6752373421875 0.5947389234375 0.6811708859375 0.6085838609375 0.6811708859375 0.6244066453125 0.67325949375 0.635284809375 0.6623813296875001 0.6412183546875 0.6485363921875 0.6412183546875 0.63469145625 0.635284809375 0.6228243671875 0.62638449375 0.6139240499999999 0.610561709375 0.60799050625 0.5967167718749999 0.60799050625 0.5828718359375 0.6139240499999999 0.5719936703124999 0.6228243671875 0.5670490499999999 0.6356803796875 0.5660601265625 0.6524920890625 0.5700158234375 0.6643591765625 0.5808939875 0.6752373421875
1 0.565071203125 0.760284809375 0.5690268984375 0.7622626578125 0.5789161390625 0.7622626578125 0.5808939875 0.76424050625 0.5828718359375 0.7622626578125 0.5907832281250001 0.7622626578125 0.6026503171875001 0.7563291140625 0.6155063296875001 0.7434731015625 0.619462025 0.7335838609375 0.619462025 0.72567246875 0.6174841765625 0.7236946203125 0.6155063296875001 0.71182753125 0.6046281640625 0.7009493671875 0.5967167718749999 0.6969936703124999 0.5729825953125001 0.6969936703124999 0.557159809375 0.7049050640625001 0.54825949375 0.7197389234375 0.5472705703125 0.72468354375 0.5462816453125 0.7395174046874999 0.5502373421875 0.747428796875 0.565071203125 0.760284809375
1 0.656052215625 0.6910601265625 0.66594145625 0.6910601265625 0.67780854375 0.6851265828125 0.6847310125 0.6782041140625 0.688686709375 0.66040348125 0.6847310125 0.6524920890625 0.67780854375 0.64754746875 0.6540743671875 0.6455696203125 0.643196203125 0.6544699359374999 0.6402294296875 0.669303796875 0.6412183546875 0.6782041140625 0.646162975 0.6851265828125 0.656052215625 0.6910601265625
1 0.6758306968750001 0.6950158234375 0.6837420890625 0.6910601265625 0.6926424046874999 0.6782041140625 0.6926424046874999 0.6643591765625 0.6896756328125 0.6613924046874999 0.6867088609375 0.6623813296875001 0.6867088609375 0.6742484171875 0.67780854375 0.6851265828125 0.6639636078125 0.6910601265625 0.656052215625 0.6910601265625 0.6540743671875 0.689082278125 0.65308544375 0.6920490499999999 0.6580300640625001 0.6950158234375 0.6758306968750001 0.6950158234375
1 0.6857199359374999 0.598101265625 0.6985759500000001 0.5892009500000001 0.70450949375 0.579311709375 0.70450949375 0.5634889234375 0.697587025 0.552610759375 0.69165348125 0.552610759375 0.688686709375 0.55557753125 0.688686709375 0.5654667718749999 0.6827531640625 0.579311709375 0.6758306968750001 0.5862341765625 0.6639636078125 0.5901898734375 0.6629746828124999 0.591178796875 0.6679193031249999 0.5961234171875 0.6857199359374999 0.598101265625
1 0.6580300640625001 0.4734968359375 0.6758306968750001 0.481408228125 0.6827531640625 0.4922863921875 0.6857199359374999 0.501186709375 0.6965981015625 0.494264240625 0.7025316453125 0.484375 0.7025316453125 0.4665743671875 0.6965981015625 0.454707278125 0.6857199359374999 0.4458069625 0.66594145625 0.4458069625 0.661985759375 0.447784809375 0.649129746875 0.45866297500000003 0.646162975 0.46756329062499996 0.6451740499999999 0.47053006406250003 0.6481408234375 0.4734968359375 0.6580300640625001 0.4734968359375
1 0.720332278125 0.47844145625 0.7223101265625 0.474485759375 0.724287975 0.4606408234375 0.720332278125 0.45075158281250005 0.7153876578125 0.4458069625 0.714398734375 0.4665743671875 0.7025316453125 0.480419303125 0.701542721875 0.48536392343749996 0.701542721875 0.487341771875 0.7094541140625 0.487341771875 0.720332278125 0.47844145625
1 0.69165348125 0.2480221515625 0.697587025 0.25197784843750004 0.7094541140625 0.2638449359375 0.7124208859375 0.26087816406250003 0.7163765828125 0.252966771875 0.714398734375 0.2509889234375 0.714398734375 0.2410996828125 0.701542721875 0.2282436703125 0.6956091765625 0.22626582343749999 0.6926424046874999 0.2292325953125 0.69066455625 0.23714398750000001 0.6857199359374999 0.24208860781250002 0.6847310125 0.2450553796875 0.687697784375 0.2480221515625 0.69165348125 0.2480221515625
1 0.7064873421875 0.16594145625 0.7064873421875 0.17780854375 0.70450949375 0.1797863921875 0.707476265625 0.1807753171875 0.7124208859375 0.17385284843749998 0.7104430374999999 0.1600079109375 0.697587025 0.149129746875 0.69165348125 0.1471518984375 0.69066455625 0.15011867031249998 0.70450949375 0.16198575937499998 0.7064873421875 0.16594145625
2 0.681764240625 0.1867088609375 0.6956091765625 0.1867088609375 0.7035205703125 0.1827531640625 0.708465190625 0.171875 0.7025316453125 0.1580300640625 0.6896756328125 0.149129746875 0.681764240625 0.149129746875 0.671875 0.15308544375 0.66594145625 0.1609968359375 0.66495253125 0.167919303125 0.6669303796875 0.17385284843749998 0.681764240625 0.1867088609375
2 0.724287975 0.27670095 0.724287975 0.2648338609375 0.71736550625 0.25395569687499997 0.714398734375 0.2549446203125 0.714398734375 0.2589003171875 0.7104430374999999 0.2628560125 0.7094541140625 0.2836234171875 0.708465190625 0.28856803750000004 0.713409809375 0.28955696249999996 0.724287975 0.27670095
2 0.6857199359374999 0.364715190625 0.6995648734375 0.36669303750000004 0.7054984171875 0.364715190625 0.714398734375 0.357792721875 0.7183544296875 0.34988132968749996 0.7163765828125 0.328125 0.7035205703125 0.31724683593749997 0.6995648734375 0.31724683593749997 0.6857199359374999 0.3271360765625 0.671875 0.3271360765625 0.6698971515625 0.331091771875 0.6689082281250001 0.3459256328125 0.6728639234375 0.35383702499999997 0.6857199359374999 0.364715190625
2 0.7163765828125 0.328125 0.7183544296875 0.3399920890625 0.7232990499999999 0.33900316406250003 0.7282436703124999 0.33010284843750004 0.7282436703124999 0.318235759375 0.724287975 0.3103243671875 0.71736550625 0.3034018984375 0.707476265625 0.299446203125 0.70450949375 0.30241297500000003 0.701542721875 0.3132911390625 0.700553796875 0.3142800640625 0.7054984171875 0.3192246828125 0.7163765828125 0.328125
2 0.6965981015625 0.454707278125 0.7025316453125 0.46855221562500005 0.7035205703125 0.47745253125 0.7124208859375 0.47053006406250003 0.714398734375 0.46459651874999996 0.714398734375 0.44679588593749997 0.7035205703125 0.4339398734375 0.6956091765625 0.4299841765625 0.681764240625 0.4299841765625 0.6679193031249999 0.441851265625 0.6679193031249999 0.4458069625 0.6857199359374999 0.4458069625 0.6965981015625 0.454707278125
2 0.6382515828125 0.5308544296875 0.642207278125 0.532832278125 0.6639636078125 0.5348101265625 0.6768196203125 0.525909809375 0.6827531640625 0.5160205703125 0.6847310125 0.500197784375 0.6827531640625 0.49821993593749997 0.6827531640625 0.4922863921875 0.6758306968750001 0.481408228125 0.6639636078125 0.47547468281249994 0.6580300640625001 0.4734968359375 0.6441851265625 0.4734968359375 0.629351265625 0.48635284843750004 0.62638449375 0.4952531640625 0.6253955703125 0.5120648734375 0.6273734171875 0.5179984171875 0.6382515828125 0.5308544296875
2 0.6847310125 0.54371044375 0.6867088609375 0.5516218359375 0.6896756328125 0.5545886078125 0.700553796875 0.545688290625 0.70450949375 0.5377768984375 0.70450949375 0.5219541140625 0.700553796875 0.514042721875 0.69165348125 0.5051424046874999 0.6857199359374999 0.50316455625 0.6827531640625 0.5081091765625 0.6807753171875001 0.519976265625 0.671875 0.5308544296875 0.6708860765625 0.5318433546875 0.6738528484375 0.5348101265625 0.6847310125 0.54371044375
2 0.700553796875 0.514042721875 0.70450949375 0.5219541140625 0.70450949375 0.533821203125 0.7094541140625 0.5348101265625 0.7183544296875 0.525909809375 0.7223101265625 0.5160205703125 0.7223101265625 0.510087025 0.7163765828125 0.4962420890625 0.7054984171875 0.4893196203125 0.701542721875 0.4893196203125 0.687697784375 0.501186709375 0.6867088609375 0.5021756328125 0.6896756328125 0.5051424046874999 0.700553796875 0.514042721875
2 0.70450949375 0.5773338609375 0.707476265625 0.578322784375 0.714398734375 0.56942246875 0.7163765828125 0.5595332281250001 0.714398734375 0.5575553796875 0.714398734375 0.5516218359375 0.7054984171875 0.5407436703124999 0.700553796875 0.54371044375 0.697587025 0.5486550640625001 0.6965981015625 0.5516218359375 0.70450949375 0.5634889234375 0.70450949375 0.5773338609375
2 0.6540743671875 0.7325949359374999 0.6679193031249999 0.7325949359374999 0.671875 0.7306170890625 0.6827531640625 0.7177610765625 0.6827531640625 0.7039161390625 0.6758306968750001 0.6950158234375 0.6540743671875 0.6950158234375 0.642207278125 0.708860759375 0.6412183546875 0.7197389234375 0.643196203125 0.7236946203125 0.6540743671875 0.7325949359374999
2 0.616495253125 0.7701740499999999 0.6283623421875 0.7721518984375 0.630340190625 0.774129746875 0.6323180374999999 0.7721518984375 0.6402294296875 0.7721518984375 0.65308544375 0.761273734375 0.6570411390625 0.7533623421875 0.6570411390625 0.7434731015625 0.655063290625 0.73753955625 0.646162975 0.728639240625 0.6323180374999999 0.7266613921875 0.630340190625 0.728639240625 0.6244066453125 0.728639240625 0.6174841765625 0.735561709375 0.6155063296875001 0.7434731015625 0.6085838609375 0.7523734171875 0.6075949359374999 0.7573180374999999 0.609572784375 0.7632515828125 0.616495253125 0.7701740499999999