0 0.31845238125 0.1734126984375 0.3105158734375 0.16547619062500002 0.3005952375 0.16547619062500002 0.296626984375 0.1674603171875 0.2876984125 0.1763888890625 0.28571428593750003 0.1823412703125 0.2896825390625 0.19226190468749998 0.2946428578125 0.1952380953125 0.3045634921875 0.1952380953125 0.3125 0.19126984062500002 0.31944444375000003 0.1823412703125 0.31845238125 0.1734126984375
1 0.3303571421875 0.2884920640625 0.32142857187499996 0.2994047625 0.3174603171875 0.3172619046875 0.32142857187499996 0.3291666671875 0.3303571421875 0.33809523750000003 0.34027777812500004 0.3420634921875 0.3521825390625 0.3420634921875 0.3541666671875 0.34007936562499996 0.360119046875 0.34007936562499996 0.375 0.3271825390625 0.3769841265625 0.315277778125 0.3789682546875 0.3132936515625 0.377976190625 0.30634920625 0.3769841265625 0.2994047625 0.36805555624999997 0.2884920640625 0.35615079375 0.2825396828125 0.3422619046875 0.2825396828125 0.3303571421875 0.2884920640625
1 0.3263888890625 0.2884920640625 0.3164682546875 0.2825396828125 0.30654761875 0.2825396828125 0.29365079375 0.2914682546875 0.2896825390625 0.2994047625 0.2896825390625 0.3132936515625 0.3005952375 0.3261904765625 0.3105158734375 0.328174603125 0.31944444375000003 0.321230159375 0.31944444375000003 0.3053571421875 0.327380953125 0.2914682546875 0.3263888890625 0.2884920640625
1 0.43353174531249994 0.290476190625 0.4236111109375 0.29444444375 0.415674603125 0.300396825 0.40277777812500004 0.315277778125 0.3988095234375 0.3251984125 0.396825396875 0.3450396828125 0.40277777812500004 0.3609126984375 0.41071428593750003 0.3728174609375 0.41964285781250005 0.3797619046875 0.43353174531249994 0.3857142859375 0.459325396875 0.3857142859375 0.47718253906249997 0.377777778125 0.49404761875 0.358928571875 0.49801587343750003 0.3509920640625 0.497023809375 0.33214285781249997 0.49007936562500004 0.31130952343749996 0.471230159375 0.29444444375 0.459325396875 0.290476190625 0.43353174531249994 0.290476190625
1 0.3263888890625 0.4730158734375 0.31944444375000003 0.4799603171875 0.315476190625 0.487896825 0.315476190625 0.503769840625 0.31944444375000003 0.5117063484375 0.328373015625 0.5206349203125 0.3382936515625 0.524603175 0.341269840625 0.521626984375 0.3452380953125 0.5097222218749999 0.35615079375 0.49880952343749996 0.36805555624999997 0.4948412703125 0.3710317453125 0.49186507968750004 0.3700396828125 0.48690476250000003 0.3670634921875 0.4799603171875 0.35615079375 0.47103174531249997 0.34424603125000003 0.4670634921875 0.334325396875 0.46904761875 0.3263888890625 0.4730158734375
1 0.34325396874999997 0.5136904765625 0.341269840625 0.5196428578125001 0.341269840625 0.5355158734375001 0.3492063484375 0.5513888890625 0.3541666671875 0.55634920625 0.3700396828125 0.5623015875 0.38392857187499996 0.5623015875 0.39384920625 0.55634920625 0.408730159375 0.5414682546875 0.41071428593750003 0.5355158734375001 0.40972222187499996 0.524603175 0.40674603125 0.5136904765625 0.387896825 0.496825396875 0.38392857187499996 0.4948412703125 0.3640873015625 0.4948412703125 0.35615079375 0.49880952343749996 0.34325396874999997 0.5136904765625
1 0.3363095234375 0.5265873015625 0.327380953125 0.5394841265625 0.327380953125 0.5454365078125 0.325396825 0.547420634375 0.327380953125 0.559325396875 0.33134920625 0.5672619046875 0.34424603125000003 0.578174603125 0.3501984125 0.5801587296874999 0.36607142812500004 0.5801587296874999 0.38095238125 0.5672619046875 0.38194444375000003 0.5623015875 0.36805555624999997 0.5623015875 0.362103175 0.5583333328125 0.3521825390625 0.55634920625 0.341269840625 0.5375 0.34027777812500004 0.5265873015625 0.3363095234375 0.5265873015625
1 0.459325396875 0.6734126984375 0.453373015625 0.671428571875 0.43154761875 0.671428571875 0.41964285781250005 0.677380953125 0.41071428593750003 0.6863095234375 0.40674603125 0.69424603125 0.4047619046875 0.7101190468749999 0.41071428593750003 0.7240079359375 0.42559523749999995 0.7388888890625 0.44345238125 0.7428571421875 0.446428571875 0.739880953125 0.446428571875 0.733928571875 0.45535714218749995 0.7210317453124999 0.4672619046875 0.7111111109375 0.47321428593750003 0.7111111109375 0.48214285781250005 0.70615079375 0.48115079375 0.6952380953125 0.48015872968749995 0.690277778125 0.4672619046875 0.677380953125 0.459325396875 0.6734126984375
1 0.48115079375 0.8757936515625 0.4702380953125 0.8867063484375001 0.46825396875 0.890674603125 0.46825396875 0.9025793656250001 0.4791666671875 0.915476190625 0.487103175 0.91944444375 0.502976190625 0.921428571875 0.5168650796875001 0.909523809375 0.5297619046875 0.9045634921874999 0.53174603125 0.9005952374999999 0.53075396875 0.8896825390625 0.527777778125 0.8827380953124999 0.5228174609375 0.877777778125 0.514880953125 0.8738095234375001 0.4950396828125 0.871825396875 0.49305555625 0.8738095234375001 0.48115079375 0.8757936515625
1 0.5456349203124999 0.972023809375 0.55654761875 0.984920634375 0.5644841265625 0.9888888890624999 0.5863095234375 0.9888888890624999 0.5982142859375 0.9829365078125001 0.6021825390625 0.9829365078125001 0.6111111109375 0.9740079359375 0.615079365625 0.966071428125 0.6140873015625 0.9551587296875 0.6001984125 0.94325396875 0.5882936515625 0.94325396875 0.5863095234375 0.941269840625 0.5704365078125 0.94325396875 0.5605158734375 0.9472222218749999 0.547619046875 0.9581349203125 0.5456349203124999 0.972023809375
1 0.6585317453124999 1 0.658730159375 0.9998015875 0.6577380953125 0.9869047625 0.6458333328125 0.9789682546874999 0.637896825 0.9789682546874999 0.6359126984375 0.9769841265625001 0.6339285718750001 0.9789682546874999 0.6200396828125 0.9789682546874999 0.6021825390625 0.9869047625 0.591269840625 0.9978174609374999 0.5908333328125 1 0.6585317453124999 1
0 0.459325396875 0.7170634921875 0.450396825 0.727976190625 0.446428571875 0.7359126984375 0.446428571875 0.7577380953125 0.450396825 0.765674603125 0.46527777812500004 0.7805555562500001 0.47718253906249997 0.7865079359375 0.502976190625 0.7865079359375 0.5089285718750001 0.7825396828125 0.512896825 0.7825396828125 0.5297619046875 0.7636904765625 0.533730159375 0.753769840625 0.5327380953125 0.7388888890625 0.5297619046875 0.7299603171875 0.5228174609375 0.71904761875 0.5009920640625001 0.709126984375 0.48115079375 0.7071428578125001 0.459325396875 0.7170634921875
0 0.4950396828125 0.9611111109375001 0.512896825 0.9630952374999999 0.5248015875 0.959126984375 0.5297619046875 0.9541666671875 0.528769840625 0.953174603125 0.512896825 0.9472222218749999 0.5079365078125 0.9422619046875 0.5039682546875001 0.934325396875 0.502976190625 0.925396825 0.497023809375 0.925396825 0.4890873015625 0.9293650796874999 0.48214285781250005 0.9382936515625 0.48214285781250005 0.9501984125 0.4950396828125 0.9611111109375001
0 0.5208333328125 0.9511904765624999 0.5267857140625 0.953174603125 0.5446428578125 0.953174603125 0.5605158734375 0.9472222218749999 0.5714285718750001 0.9363095234375001 0.5734126984375 0.9303571421875001 0.572420634375 0.91944444375 0.5625 0.9075396828125 0.55654761875 0.9055555562500001 0.5267857140625 0.9055555562500001 0.5079365078125 0.9164682546874999 0.5039682546875001 0.9244047625 0.5039682546875001 0.934325396875 0.5079365078125 0.9422619046875 0.5208333328125 0.9511904765624999
0 0.5873015875 1 0.590277778125 0.9988095234375001 0.59325396875 0.99384920625 0.6051587296875 0.983928571875 0.6041666671875 0.9829365078125001 0.5863095234375 0.9888888890624999 0.5664682546875001 0.9888888890624999 0.55654761875 0.984920634375 0.546626984375 0.9769841265625001 0.54365079375 0.9799603171875001 0.54365079375 0.989880953125 0.5456349203124999 0.99384920625 0.553543084375 1 0.5873015875 1