0 0.4087724671875 0.615604575 0.3924325984375 0.607434640625 0.36792279375 0.607434640625 0.3638378265625 0.6094771234375 0.34851920000000003 0.62275326875 0.3423917484375 0.6350081703125 0.3423917484375 0.657475490625 0.34443423125 0.6636029406249999 0.36179534375 0.6830065359375 0.376092728125 0.6891339875 0.3903901140625 0.6891339875 0.40672998437499996 0.6830065359375 0.41489991875000004 0.676879084375 0.4240910953125 0.6595179734375 0.4251123359375 0.65236928125 0.4240910953125 0.637050653125 0.420006128125 0.62888071875 0.4087724671875 0.615604575
0 0.36792279375 0.5625 0.3556678921875 0.5563725484375001 0.3393280234375 0.5563725484375001 0.33115808750000003 0.560457515625 0.3240093953125 0.565563725 0.31583946093750004 0.5798611109375 0.31583946093750004 0.6002859484374999 0.31788194375 0.6064133984375 0.3270731203125 0.6176470593750001 0.34137050625 0.62581699375 0.3454554734375 0.62581699375 0.3638378265625 0.6094771234375 0.37813521250000004 0.60539215625 0.3822201796875 0.59926470625 0.383241421875 0.583946078125 0.3811989375 0.577818628125 0.36792279375 0.5625
0 0.3873263890625 0.504289215625 0.383241421875 0.49611928125000004 0.3740502453125 0.4869281046875 0.36179534375 0.4828431375 0.35362540781249996 0.4828431375 0.351582925 0.48080065312500003 0.34341299062499997 0.48080065312500003 0.3393280234375 0.4848856203125 0.3291156046875 0.4889705875 0.3219669125 0.4981617640625 0.319924428125 0.504289215625 0.319924428125 0.52267156875 0.3240093953125 0.5328839875 0.333200571875 0.5420751640625 0.3393280234375 0.544117646875 0.34341299062499997 0.5482026140625 0.3658803109375 0.54616013125 0.376092728125 0.5400326796875 0.383241421875 0.5328839875 0.38834763125 0.517565359375 0.389368871875 0.51245915 0.3873263890625 0.5104166671875 0.3873263890625 0.504289215625
0 0.3924325984375 0.41748365937500004 0.3801776953125 0.41135620937499995 0.36179534375 0.41135620937499995 0.349540440625 0.41748365937500004 0.336264296875 0.43280228750000005 0.336264296875 0.44097222187499996 0.3342218140625 0.44301470624999995 0.3342218140625 0.45731209218749996 0.3403492640625 0.46956699375 0.34749795781250004 0.4767156859375 0.36179534375 0.4828431375 0.37813521250000004 0.4828431375 0.3924325984375 0.4767156859375 0.401623775 0.467524509375 0.40672998437499996 0.4522058828125 0.407751225 0.44097222187499996 0.399581290625 0.424632353125 0.3924325984375 0.41748365937500004
0 0.3342218140625 0.45731209218749996 0.336264296875 0.43484477187500004 0.333200571875 0.43382352968750004 0.3219669125 0.44301470624999995 0.31583946093750004 0.4532271234375 0.3137969765625 0.46548202656250004 0.31583946093750004 0.467524509375 0.31583946093750004 0.47365196093749995 0.319924428125 0.4818218953125 0.3270731203125 0.4889705875 0.3454554734375 0.4787581703125 0.34647671562500004 0.47569444375 0.33830678125 0.467524509375 0.3342218140625 0.45731209218749996
0 0.3240093953125 0.5328839875 0.319924428125 0.5247140515625001 0.319924428125 0.504289215625 0.3219669125 0.4981617640625 0.31686070312500003 0.49714052343750004 0.309712009375 0.504289215625 0.303584559375 0.5165441171875 0.303584559375 0.5328839875 0.3076695265625 0.541053921875 0.31481821875 0.5482026140625 0.3270731203125 0.554330065625 0.34137050625 0.554330065625 0.34749795781250004 0.5502450984375 0.34749795781250004 0.5482026140625 0.333200571875 0.5420751640625 0.3240093953125 0.5328839875
0 0.3189031859375 0.55228758125 0.3046058 0.560457515625 0.2974571078125 0.5716911765625 0.2954146234375 0.5880310453125001 0.2974571078125 0.594158496875 0.30869076875 0.607434640625 0.31277573593749997 0.6094771234375 0.31788194375 0.6064133984375 0.31583946093750004 0.6002859484374999 0.31583946093750004 0.5798611109375 0.3240093953125 0.565563725 0.33524305625 0.5584150328125 0.33524305625 0.5563725484375001 0.33115808750000003 0.554330065625 0.3189031859375 0.55228758125
0 0.34443423125 0.6268382359375 0.3291156046875 0.6196895421875 0.3189031859375 0.6094771234375 0.31481821875 0.6094771234375 0.303584559375 0.62275326875 0.303584559375 0.6329656859375 0.301542075 0.637050653125 0.3056270421875 0.6493055562500001 0.31686070312500003 0.6625816999999999 0.3250306375 0.6666666671875 0.34137050625 0.6666666671875 0.34341299062499997 0.6646241828125 0.3423917484375 0.6350081703125 0.34443423125 0.6329656859375 0.34443423125 0.6268382359375
0 0.293372140625 0.657475490625 0.290308415625 0.6544117640625 0.2760110296875 0.6564542484375 0.266819853125 0.6676879078125 0.266819853125 0.68198529375 0.2709048203125 0.690155228125 0.2862234484375 0.6993464046875 0.29847835 0.6952614374999999 0.2994995921875 0.690155228125 0.2974571078125 0.6881127453125 0.293372140625 0.657475490625
0 0.28418096406250004 0.7463235296875 0.2780535125 0.7483660125 0.2709048203125 0.75551470625 0.2709048203125 0.7698120921875 0.2821384796875 0.7830882359375 0.2862234484375 0.78513071875 0.3005208328125 0.78513071875 0.3107332515625 0.776960784375 0.31175449375 0.7595996734375 0.3005208328125 0.7483660125 0.28418096406250004 0.7463235296875
0 0.296435865625 0.8075980390625 0.2872446890625 0.81474673125 0.28520220625000003 0.8188316999999999 0.28520220625000003 0.8290441171875 0.2872446890625 0.8331290843750001 0.29847835 0.8443627453125 0.31686070312500003 0.846405228125 0.3260518796875 0.8392565359375 0.3270731203125 0.8361928109375001 0.3280943625 0.8229166671874999 0.31277573593749997 0.8096405234375 0.296435865625 0.8075980390625
2 0.381689134375 1 0.37507148749999997 0.99448529375 0.369965278125 0.98120915 0.3556678921875 0.98120915 0.3505616828125 0.9842728765625001 0.34851920000000003 0.98835784375 0.34851920000000003 0.9985702609375 0.3499489375 1 0.381689134375 1
2 0.3638378265625 0.9505718953125 0.34749795781250004 0.9505718953125 0.33830678125 0.9577205875000001 0.336264296875 0.9618055562500001 0.3403492640625 0.9740604578125 0.349540440625 0.98120915 0.369965278125 0.98120915 0.376092728125 0.97099673125 0.3771139703125 0.96793300625 0.36894403593749997 0.9597630718750001 0.3638378265625 0.9505718953125
2 0.39409381875 1 0.393453840625 0.9904003265625001 0.383241421875 0.969975490625 0.3801776953125 0.9689542484375 0.3709865203125 0.9801879078125 0.373029003125 0.9904003265625001 0.38088328125 1 0.39409381875 1
2 0.3771139703125 0.9536356203125 0.3709865203125 0.94138071875 0.36792279375 0.9403594765625 0.36485906875 0.9454656859374999 0.3669015515625 0.9556781046875 0.376092728125 0.9669117640625 0.3801776953125 0.9689542484375 0.3811989375 0.9638480390625 0.3771139703125 0.9577205875000001 0.3771139703125 0.9536356203125