1 0.5743569125 0.515072346875 0.566318328125 0.5351688109375 0.566318328125 0.5532556265624999 0.5743569125 0.573352090625 0.5894292609375 0.5884244375 0.60550643125 0.5944533765625 0.6296221859375 0.5944533765625 0.647709003125 0.5844051453125 0.6587620578125 0.573352090625 0.66680064375 0.5532556265624999 0.664790996875 0.527130225 0.654742765625 0.5070337625 0.63967041875 0.49598070781250003 0.6266077171875 0.4929662375 0.6075160765625001 0.4919614140625 0.5854099671874999 0.5040192921875 0.5743569125 0.515072346875
1 0.3030546625 0.515072346875 0.2970257234375 0.529139871875 0.2970257234375 0.549236334375 0.301045015625 0.5572749203125 0.3161173640625 0.5743569125 0.332194534375 0.5823954984374999 0.3482717046875 0.5823954984374999 0.362339228125 0.576366559375 0.3754019296875 0.5633038578125 0.3754019296875 0.559284565625 0.38143086875 0.5472266875 0.38143086875 0.5311495171875 0.3733922828125 0.515072346875 0.3733922828125 0.5110530546875001 0.364348875 0.502009646875 0.34726688125 0.49497588437499995 0.3342041796875 0.4939710609375 0.318127009375 0.5 0.3030546625 0.515072346875
1 0.39449356875 0.6045016078125001 0.3844453375 0.6125401921875 0.3784163984375 0.6125401921875 0.3703778140625 0.6165594859375 0.3653536984375 0.6215836015625 0.359324759375 0.63967041875 0.3653536984375 0.6537379421875 0.3703778140625 0.6587620578125 0.3804260453125 0.664790996875 0.396503215625 0.664790996875 0.40253215468750003 0.6587620578125 0.426647909375 0.6567524109375 0.43569131875 0.64971865 0.4417202578125 0.6336414796875001 0.4417202578125 0.6155546625 0.43669614218749997 0.6085209 0.43066720312499995 0.6045016078125001 0.41961414843749995 0.6014871375 0.40454179999999995 0.600482315625 0.3985128625 0.6045016078125001 0.39449356875 0.6045016078125001
1 0.2970257234375 0.6075160765625001 0.2970257234375 0.623593246875 0.301045015625 0.6316318328125 0.308078778125 0.6386655953125 0.32013665625 0.644694534375 0.332194534375 0.644694534375 0.3362138265625 0.6426848875 0.3492765265625 0.6296221859375 0.3492765265625 0.6075160765625001 0.345257234375 0.5994774921875 0.3382234734375 0.5924437296875 0.33319935625 0.59143890625 0.3141077171875 0.590434084375 0.3030546625 0.5974678453125 0.2970257234375 0.6075160765625001
1 0.1322347265625 0.519091640625 0.1322347265625 0.53717845625 0.1342443734375 0.5432073953125001 0.1473070734375 0.5582797421875 0.1533360125 0.5602893890625 0.1714228296875 0.5582797421875 0.1784565921875 0.55124598125 0.18448553125 0.53717845625 0.18448553125 0.5231109328125 0.1804662375 0.5130627015625 0.1804662375 0.5070337625 0.1734324765625 0.5 0.162379421875 0.49698553125 0.145297428125 0.5 0.138263665625 0.5070337625 0.1322347265625 0.519091640625
1 0.2528135046875 0.6155546625 0.2508038578125 0.6195739546875 0.2508038578125 0.6316318328125 0.2528135046875 0.637660771875 0.2618569125 0.6467041796874999 0.2719051453125 0.6507234734375 0.277934084375 0.6507234734375 0.28597266875 0.6467041796874999 0.290996784375 0.63967041875 0.29300643125 0.627612540625 0.2869774921875 0.6115353703124999 0.283963021875 0.6085209 0.2729099671875 0.60550643125 0.2698954984375 0.6045016078125001 0.2598472671875 0.6085209 0.2528135046875 0.6155546625
1 0.2759244375 0.6507234734375 0.263866559375 0.6487138265625 0.2628617359375 0.65976688125 0.2648713828125 0.6637861734375 0.2759244375 0.67282958125 0.287982315625 0.6708199359375 0.29300643125 0.6657958203125001 0.2950160765625 0.65976688125 0.290996784375 0.64569935625 0.28597266875 0.644694534375 0.2819533765625 0.6487138265625 0.2759244375 0.6507234734375
1 0.0980707390625 0.5793810296874999 0.0980707390625 0.59143890625 0.10309485468749999 0.600482315625 0.111133440625 0.6024919609375 0.12017684843750001 0.5974678453125 0.1221864953125 0.5854099671874999 0.12017684843750001 0.583400321875 0.12017684843750001 0.5773713828125 0.1151527328125 0.5723472671875001 0.1101286171875 0.57134244375 0.1071141484375 0.5703376203125 0.10008038593749999 0.5753617359375001 0.0980707390625 0.5793810296874999
1 0.025723473437499998 0.5351688109375 0.032757234375 0.5401929265625001 0.0387861734375 0.5381832796875 0.0438102890625 0.5311495171875 0.0438102890625 0.51708199375 0.04180064375 0.5110530546875001 0.0357717046875 0.5070337625 0.028737942187499997 0.5060289390625 0.0217041796875 0.519091640625 0.025723473437499998 0.5351688109375
0 0.051848875 0.5552652734375 0.0608922828125 0.5622990359375 0.066921221875 0.5602893890625 0.0719453375 0.5532556265624999 0.0719453375 0.539188103125 0.0659163984375 0.5311495171875 0.05486334375 0.5301446953125 0.049839228125 0.53717845625 0.051848875 0.5552652734375
0 0.23472668749999998 0.63967041875 0.23472668749999998 0.6517282953125 0.243770096875 0.66278135 0.255827975 0.66278135 0.2628617359375 0.657757234375 0.2628617359375 0.647709003125 0.2508038578125 0.6336414796875001 0.24778938906249998 0.63263665625 0.243770096875 0.6366559484375001 0.23472668749999998 0.63967041875
0 0.287982315625 0.6708199359375 0.280948553125 0.6738344046875 0.280948553125 0.6778536984375 0.2899919609375 0.684887459375 0.298030546875 0.684887459375 0.3070739546875 0.6758440515624999 0.3070739546875 0.6657958203125001 0.301045015625 0.657757234375 0.2960209 0.6567524109375 0.29300643125 0.6657958203125001 0.287982315625 0.6708199359375
0 0.214630225 0.60550643125 0.214630225 0.623593246875 0.216639871875 0.627612540625 0.22367363281250002 0.6346463015625 0.23171221874999998 0.6386655953125 0.243770096875 0.6366559484375001 0.2508038578125 0.6296221859375 0.2508038578125 0.6195739546875 0.2528135046875 0.617564309375 0.246784565625 0.6014871375 0.24176045 0.596463021875 0.23673633437500002 0.5954582 0.229702571875 0.5944533765625 0.22367363281250002 0.596463021875 0.214630225 0.60550643125