1 0.43830385781250003 0.4320739546875 0.4101688109375 0.4320739546875 0.3981109328125 0.43810289375 0.387057878125 0.4471463015625 0.3790192921875 0.4612138265625 0.375 0.48331993593749994 0.377009646875 0.48532958125 0.377009646875 0.4933681671875 0.3810289390625 0.5034163984375 0.39208199375 0.5164791 0.400120578125 0.5225080390625 0.404139871875 0.5225080390625 0.4101688109375 0.52652733125 0.4182073953125 0.52652733125 0.42021704218749995 0.528536978125 0.4362942125 0.52652733125 0.43930868125 0.5235128625 0.43127009687499995 0.501406753125 0.4332797421875 0.4813102890625 0.43930868125 0.46523311874999995 0.456390675 0.4461414796875 0.4573954984375 0.44513665625 0.4503617359375 0.43810289375 0.43830385781250003 0.4320739546875
1 0.3860530546875 0.701366559375 0.369975884375 0.6953376203125 0.35791800625 0.6953376203125 0.345860128125 0.701366559375 0.3418408359375 0.701366559375 0.332797428125 0.7104099671874999 0.328778134375 0.718448553125 0.3267684890625 0.7345257234375 0.332797428125 0.7465836015625 0.332797428125 0.75060289375 0.3518890671875 0.7676848875 0.3639469453125 0.7717041796874999 0.3739951765625 0.7717041796874999 0.3840434078125 0.765675240625 0.3961012859375 0.7636655953125 0.40313504843750003 0.7566318328125 0.40815916406249997 0.74356913125 0.40916398750000005 0.7325160765625001 0.40313504843750003 0.71643890625 0.3860530546875 0.701366559375
1 0.4302652734375 0.7717041796874999 0.414188103125 0.7636655953125 0.394091640625 0.7636655953125 0.3820337625 0.7676848875 0.36495176875 0.782757234375 0.3609324765625 0.792805465625 0.3609324765625 0.8088826359375 0.3689710609375 0.826969453125 0.3860530546875 0.8400321546875 0.39208199375 0.8400321546875 0.400120578125 0.8440514468750001 0.414188103125 0.8440514468750001 0.43428456562499995 0.8360128625 0.4473472671875 0.8209405140625 0.4503617359375 0.8058681671875 0.451366559375 0.8008440515625 0.4453376203125 0.7867765265625 0.4302652734375 0.7717041796874999
1 0.44634244375 0.90032154375 0.4302652734375 0.8942926046874999 0.40815916406249997 0.8942926046874999 0.40213022499999995 0.8963022515624999 0.394091640625 0.90032154375 0.3830385859375 0.91338424375 0.3830385859375 0.9314710609375 0.387057878125 0.9375 0.400120578125 0.9485530546875 0.42021704218749995 0.956591640625 0.43830385781250003 0.956591640625 0.45237138281249994 0.9505627015625 0.461414790625 0.9415192921875001 0.46442926093750003 0.9324758843750001 0.465434084375 0.9214228296875 0.46342443749999995 0.915393890625 0.44634244375 0.90032154375
1 0.293609325 0.7315112546875 0.2825562703125 0.7204582 0.2805466234375 0.71643890625 0.278536978125 0.7023713828125 0.2805466234375 0.7003617359375001 0.2805466234375 0.694332796875 0.2735128625 0.693327975 0.2654742765625 0.6973472671875001 0.2584405140625 0.7104099671874999 0.2584405140625 0.7204582 0.2624598078125 0.73050643125 0.2735128625 0.7415594859375 0.2795418 0.74356913125 0.293609325 0.74356913125 0.301647909375 0.7375401921875 0.3026527328125 0.7365353703124999 0.2996382640625 0.7335209 0.293609325 0.7315112546875
1 0.2413585203125 0.681270096875 0.23432475937500002 0.694332796875 0.2363344046875 0.706390675 0.24537781406249998 0.7174437296875 0.257435690625 0.7194533765625 0.2624598078125 0.7003617359375001 0.271503215625 0.693327975 0.2725080390625 0.6903135046875 0.2594453375 0.67926045 0.2413585203125 0.681270096875
1 0.2775321546875 0.8058681671875 0.2654742765625 0.8058681671875 0.2584405140625 0.8108922828124999 0.25643086875 0.814911575 0.25643086875 0.8289791 0.2674839234375 0.8400321546875 0.2755225078125 0.8440514468750001 0.281551446875 0.8440514468750001 0.2895900328125 0.8400321546875 0.2956189703125 0.83199356875 0.29662379375 0.826969453125 0.2926045015625 0.8169212218749999 0.2775321546875 0.8058681671875
1 0.2634646296875 0.7958199359375 0.2534163984375 0.7958199359375 0.2463826359375 0.8008440515625 0.24236334375 0.8108922828124999 0.24939710625 0.823954984375 0.2554260453125 0.823954984375 0.2584405140625 0.8129019296875001 0.2654742765625 0.8058681671875 0.271503215625 0.8058681671875 0.2725080390625 0.8028536984375 0.2674839234375 0.79782958125 0.2634646296875 0.7958199359375
1 0.23231511249999998 0.47126205781249997 0.230305465625 0.489348875 0.23733922812500002 0.49839228281250003 0.2413585203125 0.5004019296875 0.244372990625 0.49939710625 0.244372990625 0.4913585203125 0.24236334375 0.489348875 0.244372990625 0.487339228125 0.244372990625 0.4813102890625 0.251406753125 0.47226688125000005 0.2554260453125 0.470257234375 0.2554260453125 0.46623794218750003 0.2413585203125 0.4642282953125 0.23231511249999998 0.47126205781249997
1 0.2674839234375 0.46824758906249997 0.257435690625 0.46824758906249997 0.2463826359375 0.477290996875 0.244372990625 0.4813102890625 0.24236334375 0.4933681671875 0.244372990625 0.49537781406250003 0.244372990625 0.501406753125 0.251406753125 0.5084405140625 0.261454984375 0.5124598078125 0.264469453125 0.49738745937499995 0.2735128625 0.48633440468750005 0.281551446875 0.4823151125 0.2805466234375 0.477290996875 0.2755225078125 0.47226688125000005 0.2674839234375 0.46824758906249997
1 0.301647909375 0.23110932499999998 0.2895900328125 0.2331189703125 0.2825562703125 0.2421623796875 0.284565915625 0.2542202578125 0.291599678125 0.2592443734375 0.305667203125 0.2552250796875 0.3096864953125 0.24919614218750002 0.31069131875 0.2401527328125 0.305667203125 0.2331189703125 0.301647909375 0.23110932499999998
1 0.3418408359375 0.140675240625 0.33782154375 0.1426848875 0.328778134375 0.1537379421875 0.33078778125 0.15976688125 0.335811896875 0.164790996875 0.349879421875 0.164790996875 0.3569131828125 0.15976688125 0.35791800625 0.1567524109375 0.3589228296875 0.147709003125 0.3518890671875 0.140675240625 0.3418408359375 0.140675240625
1 0.414188103125 0.0482315109375 0.40514469531249997 0.0552652734375 0.40514469531249997 0.0653135046875 0.4101688109375 0.0703376203125 0.4182073953125 0.0723472671875 0.4282556265625 0.05426045 0.42926045 0.049236334375 0.42624598125 0.046221865625000004 0.414188103125 0.0482315109375
0 0.448352090625 0.020096462500000002 0.4362942125 0.022106109375 0.42926045 0.029139871875 0.42926045 0.037178456250000005 0.43227492031250003 0.040192926562499995 0.44433279687500005 0.0381832796875 0.44634244375 0.0361736328125 0.458400321875 0.0381832796875 0.4604099671875 0.0361736328125 0.461414790625 0.029139871875 0.4543810296875 0.022106109375 0.448352090625 0.020096462500000002
0 0.448352090625 0.052250803125 0.43428456562499995 0.052250803125 0.4252411578125 0.0572749203125 0.41921221875 0.0673231515625 0.41921221875 0.07134244375 0.42624598125 0.07837620625 0.43227492031250003 0.07837620625 0.43428456562499995 0.076366559375 0.456390675 0.076366559375 0.4594051453125 0.073352090625 0.4604099671875 0.068327975 0.4594051453125 0.059284565624999994 0.45237138281249994 0.05426045 0.448352090625 0.052250803125
0 0.39208199375 0.0844051453125 0.3830385859375 0.093448553125 0.3830385859375 0.10349678437500001 0.390072346875 0.110530546875 0.3961012859375 0.110530546875 0.3981109328125 0.1125401921875 0.400120578125 0.110530546875 0.40815916406249997 0.110530546875 0.4161977484375 0.1045016078125 0.417202571875 0.0894292609375 0.40614951718750003 0.0823954984375 0.39208199375 0.0844051453125
0 0.28356109375 0.5405948546875 0.26949356875 0.5405948546875 0.2654742765625 0.5426045015625001 0.25643086875 0.551647909375 0.252411575 0.5616961421875 0.254421221875 0.575763665625 0.2634646296875 0.5868167203125 0.26949356875 0.5908360125 0.2875803859375 0.5908360125 0.298633440625 0.5797829578125 0.301647909375 0.57073955 0.3026527328125 0.5637057875 0.298633440625 0.55365755625 0.28356109375 0.5405948546875
0 0.2976286171875 0.48633440468750005 0.291599678125 0.484324759375 0.2775321546875 0.484324759375 0.2684887453125 0.4913585203125 0.264469453125 0.49738745937499995 0.2624598078125 0.5174839234374999 0.264469453125 0.5235128625 0.2755225078125 0.534565915625 0.2895900328125 0.5365755625 0.2956189703125 0.534565915625 0.308681671875 0.5255225078125 0.3116961421875 0.5184887453125 0.3127009640625 0.5054260453125 0.3046623796875 0.4913585203125 0.2976286171875 0.48633440468750005
0 0.24537781406249998 0.582797428125 0.2313102890625 0.582797428125 0.22226688125 0.5938504828125 0.22226688125 0.605908359375 0.22930064374999998 0.61495176875 0.23231511249999998 0.60791800625 0.239348875 0.60088424375 0.2433681671875 0.5988745984375 0.2554260453125 0.5988745984375 0.25643086875 0.595860128125 0.254421221875 0.5918408359375 0.24537781406249998 0.582797428125
0 0.2594453375 0.637057878125 0.247387459375 0.637057878125 0.2363344046875 0.6461012859374999 0.23432475937500002 0.650120578125 0.23432475937500002 0.664188103125 0.24537781406249998 0.677250803125 0.24939710625 0.67926045 0.2594453375 0.67926045 0.2654742765625 0.677250803125 0.2735128625 0.66921221875 0.274517684375 0.654139871875 0.2684887453125 0.644091640625 0.2594453375 0.637057878125
0 0.2594453375 0.72347266875 0.24537781406249998 0.721463021875 0.2363344046875 0.728496784375 0.23432475937500002 0.7325160765625001 0.2363344046875 0.748593246875 0.247387459375 0.75763665625 0.257435690625 0.7596463015625 0.2634646296875 0.75763665625 0.2684887453125 0.752612540625 0.271503215625 0.745578778125 0.2725080390625 0.7405546625 0.2624598078125 0.73050643125 0.2594453375 0.72347266875
0 0.3116961421875 0.677250803125 0.305667203125 0.677250803125 0.2895900328125 0.6832797421875 0.2825562703125 0.6903135046875 0.278536978125 0.7023713828125 0.278536978125 0.7124196140625 0.2825562703125 0.7204582 0.2976286171875 0.7335209 0.301647909375 0.735530546875 0.3217443734375 0.735530546875 0.3267684890625 0.7325160765625001 0.328778134375 0.71643890625 0.33782154375 0.70337620625 0.3388263671875 0.698352090625 0.325763665625 0.6832797421875 0.3116961421875 0.677250803125
0 0.5317524109375 0.4551848875 0.52069935625 0.4441318328125 0.502612540625 0.43609324687499995 0.48050643125 0.43609324687499995 0.4604099671875 0.4441318328125 0.443327975 0.4592041796875 0.44131832812500005 0.46523311874999995 0.43729903593749997 0.46925241093750003 0.43528938906250003 0.4813102890625 0.4332797421875 0.48331993593749994 0.4332797421875 0.5054260453125 0.43528938906250003 0.507435690625 0.43528938906250003 0.5134646296875001 0.443327975 0.5275321546875 0.458400321875 0.5426045015625001 0.47246784531249997 0.5506430875 0.48452572343750006 0.5506430875 0.4895498390625 0.543609325 0.4915594859375 0.53356109375 0.510651125 0.5104501609375001 0.5267282953125 0.5004019296875 0.546824759375 0.49437299062499995 0.54782958125 0.4813102890625 0.5458199359375 0.47528135000000005 0.5317524109375 0.4551848875
1 0.63323955 0.7415594859375 0.6171623796875 0.7335209 0.5850080390625 0.7274919609375 0.5829983921874999 0.7295016078125001 0.5629019296875 0.7335209 0.5508440515624999 0.7395498390624999 0.5317524109375 0.7566318328125 0.519694534375 0.7767282953125 0.515675240625 0.7887861734375 0.515675240625 0.8068729906250001 0.5257234734375 0.8289791 0.546824759375 0.8480707390625 0.5729501609375001 0.856109325 0.5930466234375 0.856109325 0.5950562703125 0.854099678125 0.6030948546875 0.854099678125 0.6151527328124999 0.8500803859375001 0.6402733125 0.8329983921874999 0.6442926046874999 0.8249598078125 0.65032154375 0.8189308687500001 0.6523311890625 0.8088826359375 0.6563504828125 0.8028536984375 0.6573553046875 0.7857717046875 0.6563504828125 0.772709003125 0.6523311890625 0.762660771875 0.63323955 0.7415594859375
0 0.2956189703125 0.34967845625 0.2895900328125 0.34967845625 0.2875803859375 0.3476688109375 0.2855707390625 0.34967845625 0.2795418 0.34967845625 0.2684887453125 0.3607315109375 0.2664791 0.36676045 0.2664791 0.37680868125 0.2775321546875 0.3898713828125 0.2895900328125 0.3898713828125 0.2976286171875 0.385852090625 0.3046623796875 0.378818328125 0.305667203125 0.3737942125 0.306672025 0.3627411578125 0.3026527328125 0.354702571875 0.2956189703125 0.34967845625
0 0.2654742765625 0.293408359375 0.25643086875 0.30245176875 0.25643086875 0.3125 0.2634646296875 0.3195337625 0.2755225078125 0.3195337625 0.2825562703125 0.3125 0.28356109375 0.307475884375 0.284565915625 0.30245176875 0.2755225078125 0.293408359375 0.2654742765625 0.293408359375
2 0.44634244375 0.0361736328125 0.44433279687500005 0.0381832796875 0.43830385781250003 0.0381832796875 0.42926045 0.047226687499999996 0.42926045 0.053255626562500005 0.448352090625 0.052250803125 0.456390675 0.058279742187500004 0.4624196140625 0.058279742187500004 0.465434084375 0.0552652734375 0.46643890624999995 0.050241157812500006 0.46342443749999995 0.0411977484375 0.4604099671875 0.0381832796875 0.44634244375 0.0361736328125
2 0.45237138281249994 0.076366559375 0.43428456562499995 0.076366559375 0.4282556265625 0.07837620625 0.417202571875 0.0894292609375 0.417202571875 0.1014871375 0.4282556265625 0.1125401921875 0.43428456562499995 0.1125401921875 0.4362942125 0.1145498390625 0.4423231515625 0.1145498390625 0.458400321875 0.1085209 0.46442926093750003 0.09847266875 0.465434084375 0.0894292609375 0.46342443749999995 0.0854099671875 0.45237138281249994 0.076366559375
2 0.40614951718750003 0.57073955 0.3981109328125 0.5667202578125 0.3820337625 0.5647106109375 0.380024115625 0.5667202578125 0.37198553125 0.5667202578125 0.359927653125 0.572749196875 0.3488745984375 0.5838022515625 0.3408360125 0.6018890671875 0.342845659375 0.62198553125 0.3488745984375 0.6340434078125 0.355908359375 0.6430868171874999 0.369975884375 0.6511254015625 0.3760048234375 0.6511254015625 0.37801446875 0.6531350484375 0.3961012859375 0.6531350484375 0.40213022499999995 0.6511254015625 0.4101688109375 0.647106109375 0.42323151093750006 0.6340434078125 0.42624598125 0.627009646875 0.427250803125 0.597869775 0.421221865625 0.585811896875 0.40614951718750003 0.57073955
2 0.6121382640624999 0.5235128625 0.5950562703125 0.50643086875 0.5789791 0.49839228281250003 0.5709405140625 0.49839228281250003 0.56893086875 0.4963826359375 0.5407958203125001 0.4963826359375 0.5287379421875 0.502411575 0.52471865 0.502411575 0.512660771875 0.5104501609375001 0.502612540625 0.5225080390625 0.49959807031250003 0.5235128625 0.4915594859375 0.5375803859375 0.4895498390625 0.5496382640624999 0.48754019218750005 0.551647909375 0.48754019218750005 0.5797829578125 0.49959807031250003 0.6038987140625001 0.5186897109374999 0.6209807078125 0.5267282953125 0.622990353125 0.5307475890625 0.627009646875 0.5387861734375 0.627009646875 0.5488344046875 0.6310289390625 0.5749598078125 0.6290192921875 0.5950562703125 0.6189710609375 0.61615755625 0.595860128125 0.62319131875 0.5767684890625 0.6241961421875 0.5496382640624999 0.6201768484375 0.5375803859375 0.6121382640624999 0.5235128625
2 0.5528536984375 0.6330385859375001 0.5387861734375 0.6310289390625 0.532757234375 0.627009646875 0.522709003125 0.625 0.5066318328125 0.61495176875 0.488545015625 0.6169614140624999 0.47045820000000005 0.627009646875 0.4573954984375 0.640072346875 0.4473472671875 0.6601688109375 0.4473472671875 0.6883038578125 0.4573954984375 0.7104099671874999 0.47045820000000005 0.72347266875 0.48452572343750006 0.7315112546875 0.49658360156250003 0.7335209 0.49859324687499995 0.735530546875 0.522709003125 0.735530546875 0.5448151125 0.725482315625 0.56189710625 0.708400321875 0.5709405140625 0.6852893890625 0.5719453375 0.6661977484375 0.56189710625 0.640072346875 0.5528536984375 0.6330385859375001
2 0.3408360125 0.6119372984375 0.3317926046875 0.60088424375 0.32375401875 0.5968649515625 0.3076768484375 0.5948553046875 0.301647909375 0.5968649515625 0.2865755625 0.609927653125 0.284565915625 0.6139469453124999 0.2825562703125 0.619975884375 0.2825562703125 0.6340434078125 0.284565915625 0.640072346875 0.2976286171875 0.6551446953125 0.305667203125 0.6591639875 0.325763665625 0.6591639875 0.3338022515625 0.6551446953125 0.3408360125 0.6481109328125 0.3438504828125 0.6410771703125 0.3448553046875 0.6260048234375 0.3408360125 0.6179662375 0.3408360125 0.6119372984375
2 0.22427652656250002 0.644091640625 0.22226688125 0.6481109328125 0.22226688125 0.6561495171875 0.2262861734375 0.664188103125 0.2333199359375 0.671221865625 0.2383440515625 0.6702170421875 0.23432475937500002 0.6601688109375 0.23432475937500002 0.652130225 0.2363344046875 0.6461012859374999 0.2413585203125 0.6410771703125 0.2413585203125 0.637057878125 0.23532958124999998 0.63504823125 0.22427652656250002 0.644091640625
2 0.2534163984375 0.5988745984375 0.2433681671875 0.5988745984375 0.23432475937500002 0.6038987140625001 0.230305465625 0.6119372984375 0.230305465625 0.6239951765625 0.23231511249999998 0.630024115625 0.239348875 0.637057878125 0.24537781406249998 0.6390675234375001 0.247387459375 0.637057878125 0.2594453375 0.637057878125 0.2664791 0.6320337625 0.2674839234375 0.6290192921875 0.2684887453125 0.6139469453124999 0.257435690625 0.60088424375 0.2534163984375 0.5988745984375
2 0.2363344046875 0.6883038578125 0.2403536984375 0.6822749203125 0.23532958124999998 0.681270096875 0.2262861734375 0.6923231515625 0.2262861734375 0.7043810296874999 0.23532958124999998 0.715434084375 0.2433681671875 0.7174437296875 0.244372990625 0.71643890625 0.2363344046875 0.7043810296874999 0.2363344046875 0.6883038578125
2 0.264469453125 0.51949356875 0.2594453375 0.5124598078125 0.247387459375 0.5084405140625 0.2403536984375 0.5134646296875001 0.2363344046875 0.51949356875 0.2363344046875 0.5355707390625 0.247387459375 0.548633440625 0.2554260453125 0.5506430875 0.271503215625 0.538585209375 0.2725080390625 0.53356109375 0.264469453125 0.5235128625 0.264469453125 0.51949356875
2 0.2594453375 0.4280546625 0.247387459375 0.43006430937499995 0.2403536984375 0.43709807031250003 0.2363344046875 0.4471463015625 0.2403536984375 0.4592041796875 0.24537781406249998 0.4642282953125 0.251406753125 0.46623794218750003 0.257435690625 0.46623794218750003 0.2654742765625 0.46221864999999995 0.2704983921875 0.457194534375 0.271503215625 0.45217041875 0.2725080390625 0.4411173640625 0.2704983921875 0.43709807031250003 0.2594453375 0.4280546625
2 0.2534163984375 0.3918810296875 0.244372990625 0.402934084375 0.244372990625 0.4170016078125 0.251406753125 0.4240353703125 0.2594453375 0.426045015625 0.2654742765625 0.4240353703125 0.2704983921875 0.4210209 0.2735128625 0.41398713750000005 0.274517684375 0.40092443749999995 0.2654742765625 0.3918810296875 0.2534163984375 0.3918810296875
1 0.2734358171875 0.2792230078125 0.2805216484375 0.283865728125 0.28684295937500004 0.283865728125 0.2913361234375 0.281153740625 0.2954859015625 0.2786004875 0.2978528859375 0.272597725 0.29771196718750004 0.2672493375 0.294842865625 0.2615791609375 0.2878671765625 0.25952155 0.28340370937500003 0.25952155 0.2757023765625 0.261995434375 0.27261406875 0.26544170624999996 0.27188032500000003 0.2722451609375 0.2734358171875 0.2792230078125
1 0.266191253125 0.27658606875 0.26847292968750003 0.2822767625 0.2743758078125 0.28497903125 0.277345875 0.2837059125 0.2743120984375 0.281092190625 0.2720763140625 0.279509703125 0.270758384375 0.277174575 0.2701164265625 0.272706246875 0.27028542031249997 0.2664373078125 0.2725233640625 0.2618572171875 0.269539259375 0.2643359609375 0.266191253125 0.268958165625 0.266191253125 0.27658606875