1 0.22856045156250002 0.22172131093749997 0.21626536875000002 0.22377049218749998 0.21114241875 0.2309426234375 0.21216700781250003 0.377459015625 0.2142161890625 0.3815573765625 0.2347079921875 0.3815573765625 0.23675717187499998 0.379508196875 0.257248975 0.3754098359375 0.2695440578125 0.3672131140625 0.27364241875 0.3672131140625 0.299257171875 0.3415983609375 0.313601434375 0.317008196875 0.3156506140625 0.3047131140625 0.3176997953125 0.302663934375 0.3176997953125 0.273975409375 0.3156506140625 0.2719262296875 0.3156506140625 0.26372950781250004 0.3095030734375 0.25143442656250004 0.3095030734375 0.24733606562500002 0.3033555328125 0.23913934375 0.292085040625 0.227868853125 0.2818391390625 0.22172131093749997 0.263396515625 0.21762295156250003 0.2613473359375 0.21557377031249997 0.24495389374999998 0.21557377031249997 0.24290471249999998 0.21762295156250003 0.23675717187499998 0.21762295156250003 0.22856045156250002 0.22172131093749997
1 0.3914702875 0.273975409375 0.39966700781250003 0.28831967187499996 0.4109375 0.2995901640625 0.41708504062499996 0.30163934375 0.42118340156249995 0.3057377046875 0.433478484375 0.309836065625 0.46626536874999996 0.309836065625 0.48880635312500004 0.297540984375 0.502126025 0.28422131093749997 0.502126025 0.2801229515625 0.5103227453125 0.26372950781250004 0.5103227453125 0.2452868859375 0.5041752046875 0.232991803125 0.5041752046875 0.22889344218750002 0.486757171875 0.21147540937499998 0.4621670078125 0.2012295078125 0.4416752046875 0.2012295078125 0.41298667968749997 0.213524590625 0.39556864687500004 0.2309426234375 0.3914702875 0.24118852500000001 0.3914702875 0.2493852453125 0.38942110625000004 0.25143442656250004 0.39044569687499997 0.266803278125 0.3914702875 0.273975409375
1 0.2674948765625 0.21557377031249997 0.2879866796875 0.22377049218749998 0.3054047125 0.23913934375 0.31257684375 0.252459015625 0.3187243859375 0.252459015625 0.35560963125 0.23811475468749999 0.37507684375 0.218647540625 0.3812243859375 0.2104508203125 0.3873719265625 0.1940573765625 0.3873719265625 0.165368853125 0.38327356562500003 0.1551229515625 0.3679047125 0.1397540984375 0.34126536875 0.12950819687499998 0.3166752046875 0.12950819687499998 0.30847848437500003 0.1336065578125 0.3023309421875 0.1336065578125 0.292085040625 0.1397540984375 0.2879866796875 0.1397540984375 0.2685194671875 0.15717213125 0.2541752046875 0.17971311406249998 0.251101434375 0.199180328125 0.2531506140625 0.213524590625 0.2674948765625 0.21557377031249997
1 0.34126536875 0.0680327875 0.3597079921875 0.06598360625000001 0.3801997953125 0.0557377046875 0.3914702875 0.0444672125 0.39556864687500004 0.036270492187499996 0.397617828125 0.0219262296875 0.3863473359375 0.0086065578125 0.3781506140625 0.004508196875 0.35356045156250004 0.002459015625 0.35151127031249996 0.004508196875 0.335117828125 0.0065573765625 0.31462602500000003 0.016803278125 0.299257171875 0.03217213125 0.2972079921875 0.038319671875 0.29823258125 0.05163934375 0.301306353125 0.058811475 0.30847848437500003 0.06598360625000001 0.3187243859375 0.07008196718750001 0.3392161890625 0.07008196718750001 0.34126536875 0.0680327875
1 0.5543801234375 0.07827868906249999 0.54823258125 0.08032786875 0.536962090625 0.08954917968750001 0.534912909375 0.093647540625 0.5359375 0.1069672125 0.5461834015625 0.11926229531250002 0.5502817624999999 0.11926229531250002 0.556429303125 0.12336065624999999 0.5789702875 0.12336065624999999 0.5943391390625 0.11209016406250001 0.5963883203125 0.1018442625 0.5922899593750001 0.0915983609375 0.585117828125 0.08442622968749999 0.5687243859375 0.07827868906249999 0.5543801234375 0.07827868906249999
1 0.6086834015625 0.0977459015625 0.6086834015625 0.1038934421875 0.611757171875 0.1069672125 0.6179047125 0.1069672125 0.6250768437499999 0.0977459015625 0.6230276640625 0.0854508203125 0.6097079921875 0.0762295078125 0.59126536875 0.0762295078125 0.58614241875 0.079303278125 0.5871670078125 0.0823770484375 0.599462090625 0.086475409375 0.6086834015625 0.0977459015625
1 0.6650358609375 0.225819671875 0.6547899593750001 0.225819671875 0.6547899593750001 0.227868853125 0.6558145484375 0.232991803125 0.6609375 0.23811475468749999 0.6752817624999999 0.2442622953125 0.6875768437499999 0.24221311406249998 0.6967981562500001 0.2309426234375 0.694748975 0.218647540625 0.6855276640625 0.20942622968750002 0.6804047125 0.2104508203125 0.6804047125 0.2165983609375 0.6752817624999999 0.22172131093749997 0.6650358609375 0.225819671875
1 0.6804047125 0.1940573765625 0.6804047125 0.18586065624999998 0.676306353125 0.177663934375 0.6588883203125 0.1684426234375 0.6588883203125 0.184836065625 0.669134221875 0.18893442656249998 0.6773309421875 0.197131146875 0.6804047125 0.1940573765625
1 0.6957735656249999 0.3897540984375 0.689626025 0.3856557375 0.6752817624999999 0.38360655781249997 0.6629866796874999 0.38770491875 0.65376536875 0.3969262296875 0.6496670078125 0.4051229515625 0.6506915984375 0.420491803125 0.6558145484375 0.43176229531250004 0.669134221875 0.44303278749999997 0.6855276640625 0.44508196718750004 0.6978227453125 0.4389344265625 0.7049948765625 0.43176229531250004 0.7090932375000001 0.41331967187499996 0.7070440578125 0.4112704921875 0.7049948765625 0.398975409375 0.6957735656249999 0.3897540984375
1 0.7070440578125 0.42766393437500005 0.6957735656249999 0.44098360625 0.6855276640625 0.44508196718750004 0.6752817624999999 0.44508196718750004 0.6752817624999999 0.447131146875 0.6875768437499999 0.46147540937500003 0.6937243859375 0.46352459062499995 0.7080686468749999 0.46352459062499995 0.7213883203125 0.45225409843750003 0.7254866796874999 0.442008196875 0.7254866796874999 0.433811475 0.7213883203125 0.4235655734375 0.7142161890625001 0.4163934421875 0.710117828125 0.4163934421875 0.7070440578125 0.42766393437500005
1 0.689626025 0.4676229515625 0.676306353125 0.482991803125 0.6773309421875 0.5004098359375 0.6916752046875 0.516803278125 0.6957735656249999 0.518852459375 0.7121670078125 0.518852459375 0.7275358609375 0.5055327875 0.7275358609375 0.4993852453125 0.729585040625 0.497336065625 0.7275358609375 0.4788934421875 0.71626536875 0.4676229515625 0.7060194671875 0.46352459062499995 0.6978227453125 0.46352459062499995 0.689626025 0.4676229515625
1 0.736757171875 0.6090163937499999 0.7470030734375 0.6172131140625 0.757248975 0.6172131140625 0.7613473359375 0.615163934375 0.7705686468749999 0.6018442625 0.7705686468749999 0.595696721875 0.7664702875 0.5875 0.757248975 0.58032786875 0.7490522546875 0.58032786875 0.7408555328124999 0.5844262296875 0.7398309421875 0.5936475406249999 0.73573258125 0.6018442625 0.736757171875 0.6090163937499999
1 0.638396515625 0.8938524593749999 0.6301997953125 0.8938524593749999 0.6301997953125 0.9 0.638396515625 0.9040983609375 0.64864241875 0.9040983609375 0.6609375 0.9 0.674257171875 0.8846311468750001 0.676306353125 0.87848360625 0.674257171875 0.8661885249999999 0.667085040625 0.8590163937499999 0.6609375 0.8569672125000001 0.659912909375 0.8702868859375 0.65376536875 0.8825819671874999 0.638396515625 0.8938524593749999
1 0.604585040625 0.9215163937499999 0.6004866796874999 0.9297131140625 0.6015112703125001 0.9389344265625 0.611757171875 0.9512295078124999 0.632248975 0.9532786890624999 0.6445440578125 0.9471311468750001 0.6517161890625001 0.939959015625 0.6558145484375 0.9256147546875001 0.6517161890625001 0.9174180328125001 0.6445440578125 0.9122950812499999 0.638396515625 0.9102459015625 0.6220030734375 0.9102459015625 0.611757171875 0.9143442625 0.604585040625 0.9215163937499999
1 0.56698258125 1 0.5656506140625 0.997336065625 0.54823258125 0.9819672125000001 0.52364241875 0.9799180328125001 0.5215932375000001 0.9819672125000001 0.5092981562500001 0.9840163937499999 0.49700307343750005 0.990163934375 0.4918801234375 0.9952868859375 0.4903090859375 1 0.56698258125 1
0 0.3453637296875 0.3692622953125 0.33306864687500004 0.3672131140625 0.3310194671875 0.365163934375 0.3023309421875 0.365163934375 0.3002817625 0.3672131140625 0.2879866796875 0.3692622953125 0.2756915984375 0.3754098359375 0.245978484375 0.40717213125 0.2377817625 0.4235655734375 0.2336834015625 0.43586065625000003 0.2336834015625 0.44405737656250005 0.231634221875 0.44610655781249997 0.2326588109375 0.47581967187499996 0.23573258125000002 0.4870901640625 0.24802766406250001 0.5075819671875 0.2695440578125 0.5270491796875 0.2818391390625 0.533196721875 0.2961834015625 0.5352459015625 0.29823258125 0.53729508125 0.3187243859375 0.53729508125 0.32077356562500003 0.5352459015625 0.335117828125 0.533196721875 0.3453637296875 0.5270491796875 0.349462090625 0.5270491796875 0.36995389375 0.51270491875 0.38327356562500003 0.49528688593750003 0.38942110625000004 0.482991803125 0.3914702875 0.470696721875 0.3935194671875 0.46864754062499997 0.3935194671875 0.46045082031250006 0.39556864687500004 0.4584016390625 0.39556864687500004 0.43176229531250004 0.3935194671875 0.4297131140625 0.3914702875 0.41536885312500005 0.38327356562500003 0.398975409375 0.363806353125 0.379508196875 0.3453637296875 0.3692622953125
0 0.6076588109375 0.16639344218750002 0.5933145484375 0.16024590156250001 0.57692110625 0.16024590156250001 0.5666752046875 0.1643442625 0.55745389375 0.1735655734375 0.5533555328124999 0.18586065624999998 0.5543801234375 0.19508196718749998 0.5595030734375 0.206352459375 0.5687243859375 0.213524590625 0.57692110625 0.21762295156250003 0.5953637296875 0.21967213124999999 0.611757171875 0.213524590625 0.618929303125 0.206352459375 0.6230276640625 0.189959015625 0.6168801234375 0.1756147546875 0.6076588109375 0.16639344218750002
0 0.5840932375000001 0.0854508203125 0.5871670078125 0.086475409375 0.5943391390625 0.095696721875 0.5943391390625 0.11209016406250001 0.5871670078125 0.11721311406249998 0.5820440578125 0.12233606562499999 0.5830686468749999 0.12336065624999999 0.59126536875 0.12336065624999999 0.6015112703125001 0.11926229531250002 0.6086834015625 0.11209016406250001 0.61073258125 0.10594262343750001 0.606634221875 0.093647540625 0.599462090625 0.086475409375 0.5892161890625001 0.0823770484375 0.585117828125 0.0823770484375 0.5840932375000001 0.0854508203125
0 0.6158555328124999 0.158196721875 0.61073258125 0.16331967187500002 0.611757171875 0.170491803125 0.618929303125 0.177663934375 0.6230276640625 0.19200819687499998 0.6301997953125 0.197131146875 0.6424948765625 0.197131146875 0.6506915984375 0.1930327875 0.6578637296875 0.183811475 0.6578637296875 0.1735655734375 0.6517161890625001 0.16331967187500002 0.6363473359375 0.1540983609375 0.6240522546875 0.1540983609375 0.6158555328124999 0.158196721875
0 0.6650358609375 0.1868852453125 0.6568391390625 0.1868852453125 0.6506915984375 0.1930327875 0.6363473359375 0.199180328125 0.6363473359375 0.2073770484375 0.6373719265625 0.2125 0.6465932375000001 0.22172131093749997 0.6506915984375 0.22172131093749997 0.6568391390625 0.225819671875 0.6650358609375 0.225819671875 0.6752817624999999 0.22172131093749997 0.6804047125 0.2165983609375 0.68245389375 0.2104508203125 0.6783555328124999 0.1961065578125 0.6650358609375 0.1868852453125
0 0.66810963125 0.28422131093749997 0.6640112703125001 0.2924180328125 0.6650358609375 0.303688525 0.6752817624999999 0.31598360625 0.6834784843749999 0.32008196718750004 0.6978227453125 0.32008196718750004 0.7070440578125 0.3129098359375 0.71114241875 0.3047131140625 0.71114241875 0.2985655734375 0.7070440578125 0.28831967187499996 0.6998719265625 0.281147540625 0.6916752046875 0.2770491796875 0.6773309421875 0.2770491796875 0.66810963125 0.28422131093749997
0 0.6957735656249999 0.246311475 0.689626025 0.246311475 0.6875768437499999 0.2442622953125 0.6834784843749999 0.2442622953125 0.6722079921875 0.25143442656250004 0.66810963125 0.26168032812500003 0.669134221875 0.266803278125 0.6701588109375 0.2719262296875 0.6752817624999999 0.2770491796875 0.6916752046875 0.2770491796875 0.6978227453125 0.281147540625 0.7039702875 0.281147540625 0.71114241875 0.2719262296875 0.71114241875 0.2657786890625 0.7070440578125 0.2555327875 0.6957735656249999 0.246311475
0 0.7234375 0.4051229515625 0.7285604515624999 0.408196721875 0.736757171875 0.4040983609375 0.743929303125 0.3948770484375 0.7418801234375 0.37848360625 0.7285604515624999 0.3672131140625 0.7183145484375 0.3672131140625 0.7142161890625001 0.3692622953125 0.71114241875 0.372336065625 0.7121670078125 0.37336065625 0.7234375 0.38668032812500003 0.7234375 0.4051229515625
0 0.7172899593750001 0.37643442656250004 0.710117828125 0.371311475 0.7039702875 0.3692622953125 0.689626025 0.3692622953125 0.6804047125 0.37643442656250004 0.6783555328124999 0.3805327875 0.6793801234375 0.38360655781249997 0.689626025 0.3856557375 0.6957735656249999 0.3897540984375 0.7049948765625 0.398975409375 0.7070440578125 0.40922131093749997 0.7121670078125 0.4163934421875 0.7213883203125 0.40922131093749997 0.7254866796874999 0.3969262296875 0.7234375 0.384631146875 0.7172899593750001 0.37643442656250004
0 0.7285604515624999 0.45532786875 0.7193391390625 0.4625 0.7183145484375 0.4676229515625 0.7275358609375 0.4788934421875 0.729585040625 0.482991803125 0.729585040625 0.49323770468749994 0.7326588109375 0.496311475 0.7408555328124999 0.496311475 0.752126025 0.4870901640625 0.7541752046875 0.482991803125 0.7541752046875 0.46864754062499997 0.74495389375 0.45737704843750004 0.7408555328124999 0.45532786875 0.7285604515624999 0.45532786875
0 0.7080686468749999 0.56598360625 0.6998719265625 0.5700819671875 0.6906506140625 0.581352459375 0.688601434375 0.5854508203125001 0.689626025 0.5967213109375 0.6926997953125 0.6038934421875 0.7039702875 0.615163934375 0.71626536875 0.6172131140625 0.7285604515624999 0.6110655734375 0.73573258125 0.6038934421875 0.7398309421875 0.5895491796875 0.73573258125 0.5772540984375001 0.7265112703125001 0.5680327875 0.722412909375 0.56598360625 0.7080686468749999 0.56598360625
0 0.7039702875 0.70532786875 0.6865522546875 0.720696721875 0.6855276640625 0.7299180328125 0.6865522546875 0.73913934375 0.6916752046875 0.7442622953125 0.70192110625 0.746311475 0.710117828125 0.7524590156250001 0.7203637296875 0.74836065625 0.729585040625 0.73913934375 0.731634221875 0.732991803125 0.731634221875 0.7186475406249999 0.729585040625 0.7145491796875 0.7203637296875 0.7073770484375 0.7039702875 0.70532786875
1 0.5871670078125 0.9573770484375 0.575896515625 0.968647540625 0.5748719265625 0.9799180328125001 0.5789702875 0.9860655734374999 0.5892161890625001 0.9922131140625 0.5953637296875 0.9942622953125 0.611757171875 0.9942622953125 0.6220030734375 0.990163934375 0.6312243859375 0.9809426234374999 0.6332735656249999 0.9768442625 0.6332735656249999 0.9665983609375 0.6220030734375 0.9532786890624999 0.5953637296875 0.9532786890624999 0.5871670078125 0.9573770484375
2 0.7183145484375 0.41844262343749994 0.7234375 0.4297131140625 0.7285604515624999 0.434836065625 0.7347079921875 0.4368852453125 0.74495389375 0.434836065625 0.752126025 0.42766393437500005 0.7541752046875 0.42151639375 0.7500768437499999 0.40717213125 0.7429047125 0.4 0.7347079921875 0.40614754062499997 0.722412909375 0.408196721875 0.7172899593750001 0.41536885312500005 0.7183145484375 0.41844262343749994
2 0.74495389375 0.5209016390625 0.7551997953125 0.5229508203125001 0.7664702875 0.5137295078124999 0.7685194671875 0.509631146875 0.7685194671875 0.4993852453125 0.757248975 0.4860655734375 0.7531506140625 0.4860655734375 0.74495389375 0.49426229531250004 0.73573258125 0.497336065625 0.7347079921875 0.5065573765625 0.73573258125 0.511680328125 0.74495389375 0.5209016390625
2 0.7285604515624999 0.5577868859375 0.729585040625 0.56086065625 0.7429047125 0.572131146875 0.7551997953125 0.5700819671875 0.76442110625 0.5567622953125 0.76442110625 0.5444672125000001 0.757248975 0.5352459015625 0.7490522546875 0.5311475406249999 0.7429047125 0.5311475406249999 0.7347079921875 0.5352459015625 0.729585040625 0.5424180328125 0.7275358609375 0.5485655734375 0.7285604515624999 0.5577868859375
2 0.765445696875 0.58032786875 0.772617828125 0.5711065578125 0.772617828125 0.56086065625 0.7705686468749999 0.5567622953125 0.765445696875 0.553688525 0.7582735656249999 0.567008196875 0.7551997953125 0.5700819671875 0.74495389375 0.5700819671875 0.7418801234375 0.5731557375 0.7429047125 0.5762295078124999 0.7592981562500001 0.5823770484375 0.765445696875 0.58032786875
2 0.6978227453125 0.66229508125 0.7080686468749999 0.6745901640625 0.722412909375 0.67663934375 0.73060963125 0.672540984375 0.7398309421875 0.663319671875 0.7418801234375 0.6592213109375 0.7418801234375 0.6448770484375 0.7285604515624999 0.629508196875 0.71626536875 0.6274590156250001 0.7080686468749999 0.6315573765625 0.6988473359375 0.6407786890625 0.6967981562500001 0.6448770484375 0.6978227453125 0.66229508125
2 0.7398309421875 0.677663934375 0.7326588109375 0.672540984375 0.7285604515624999 0.672540984375 0.722412909375 0.67663934375 0.7080686468749999 0.6745901640625 0.6988473359375 0.68586065625 0.6998719265625 0.699180328125 0.7039702875 0.70532786875 0.7142161890625001 0.70532786875 0.7265112703125001 0.711475409375 0.73060963125 0.711475409375 0.7418801234375 0.6981557375 0.743929303125 0.692008196875 0.7418801234375 0.6899590156250001 0.7418801234375 0.6817622953125 0.7398309421875 0.677663934375
2 0.6937243859375 0.7442622953125 0.6793801234375 0.746311475 0.6660604515624999 0.7575819671875 0.661962090625 0.76782786875 0.6629866796874999 0.7790983609375 0.667085040625 0.7852459015625 0.6793801234375 0.78729508125 0.689626025 0.795491803125 0.6916752046875 0.7934426234374999 0.6978227453125 0.7934426234374999 0.7131915984375 0.776024590625 0.7131915984375 0.759631146875 0.70192110625 0.746311475 0.6957735656249999 0.746311475 0.6937243859375 0.7442622953125
2 0.7131915984375 0.773975409375 0.7090932375000001 0.7821721312500001 0.700896515625 0.790368853125 0.70192110625 0.7934426234374999 0.7142161890625001 0.7913934421875 0.7275358609375 0.776024590625 0.7254866796874999 0.759631146875 0.7183145484375 0.7524590156250001 0.71114241875 0.75348360625 0.7131915984375 0.773975409375
2 0.67323258125 0.7852459015625 0.6568391390625 0.78729508125 0.6414702875 0.8006147546875001 0.6373719265625 0.8088114750000001 0.638396515625 0.8221311468750001 0.6414702875 0.829303278125 0.652740778125 0.8385245906250001 0.667085040625 0.8385245906250001 0.67323258125 0.836475409375 0.6865522546875 0.8272540984375001 0.6926997953125 0.814959015625 0.6926997953125 0.802663934375 0.688601434375 0.7944672125000001 0.6793801234375 0.78729508125 0.67323258125 0.7852459015625
2 0.6558145484375 0.8497950812499999 0.6424948765625 0.8405737703125 0.61995389375 0.8405737703125 0.611757171875 0.84467213125 0.6004866796874999 0.8559426234374999 0.5963883203125 0.8661885249999999 0.597412909375 0.877459015625 0.5984375 0.8825819671874999 0.611757171875 0.8938524593749999 0.6179047125 0.8938524593749999 0.61995389375 0.8959016390625001 0.638396515625 0.8938524593749999 0.6558145484375 0.8805327875 0.659912909375 0.872336065625 0.659912909375 0.8579918031249999 0.6558145484375 0.8497950812499999
2 0.681429303125 0.865163934375 0.694748975 0.8497950812499999 0.694748975 0.8354508203125001 0.6875768437499999 0.8262295078124999 0.669134221875 0.8385245906250001 0.6506915984375 0.8385245906250001 0.6506915984375 0.84467213125 0.6609375 0.8569672125000001 0.667085040625 0.8590163937499999 0.6773309421875 0.8672131140625 0.681429303125 0.865163934375