0 0.34756600625 0.600660065625 0.3248762375 0.598597359375 0.31868811875 0.600660065625 0.309405940625 0.6099422437500001 0.305280528125 0.61819306875 0.305280528125 0.6346947187499999 0.309405940625 0.6429455453124999 0.320750825 0.6542904296875001 0.33106435625 0.6584158421875 0.34137788750000003 0.6584158421875 0.35169141875 0.6542904296875001 0.36097359687499997 0.6450082515625 0.36406765625 0.637788778125 0.365099009375 0.6202557750000001 0.356848184375 0.6078795375 0.34756600625 0.600660065625
0 0.3248762375 0.557343234375 0.31043729375 0.5552805281250001 0.30218646875 0.559405940625 0.292904290625 0.56868811875 0.29084158437499996 0.5851897687500001 0.292904290625 0.587252475 0.292904290625 0.59344059375 0.304249175 0.606848184375 0.3125 0.606848184375 0.32281353125 0.598597359375 0.337252475 0.598597359375 0.34137788750000003 0.592409240625 0.342409240625 0.5748762375 0.32900165000000003 0.559405940625 0.3248762375 0.557343234375
0 0.3083745875 0.499587459375 0.297029703125 0.5088696374999999 0.294966996875 0.51299505 0.292904290625 0.52743399375 0.294966996875 0.5336221125 0.3083745875 0.549092409375 0.3125 0.5511551156250001 0.32693894375 0.549092409375 0.33518976875 0.544966996875 0.344471946875 0.53568481875 0.34550329999999996 0.5305280531250001 0.346534653125 0.5150577562499999 0.33518976875 0.501650165625 0.3083745875 0.499587459375
0 0.320750825 0.44595709531249994 0.305280528125 0.4593646859375 0.303217821875 0.46555280468750004 0.303217821875 0.4820544546875 0.307343234375 0.49030528125000006 0.31868811875 0.499587459375 0.337252475 0.501650165625 0.34550329999999996 0.495462046875 0.3496287125 0.495462046875 0.356848184375 0.488242575 0.3578795375 0.4810231015625 0.358910890625 0.46555280468750004 0.34137788750000003 0.44595709531249994 0.320750825 0.44595709531249994
0 0.303217821875 0.4696782171875 0.305280528125 0.46761551093750003 0.304249175 0.4583333328125 0.299092409375 0.4614273921875 0.294966996875 0.46761551093750003 0.29084158437499996 0.47586633593750005 0.29084158437499996 0.4841171609375 0.294966996875 0.49443069375000004 0.30218646875 0.501650165625 0.3125 0.499587459375 0.313531353125 0.49649340000000003 0.303217821875 0.47999174843750003 0.303217821875 0.4696782171875
0 0.299092409375 0.5398102312499999 0.294966996875 0.53155940625 0.294966996875 0.5150577562499999 0.297029703125 0.5088696374999999 0.29393564375 0.507838284375 0.286716171875 0.5150577562499999 0.284653465625 0.521245875 0.284653465625 0.53568481875 0.29806105625 0.5511551156250001 0.31043729375 0.5511551156250001 0.311468646875 0.5501237625 0.30631188125 0.544966996875 0.299092409375 0.5398102312499999
0 0.3001237625 0.5511551156250001 0.29806105625 0.549092409375 0.28981023125 0.553217821875 0.282590759375 0.56043729375 0.278465346875 0.5748762375 0.282590759375 0.587252475 0.28981023125 0.5944719468749999 0.292904290625 0.59344059375 0.29084158437499996 0.57693894375 0.294966996875 0.5666254125 0.31043729375 0.5552805281250001 0.311468646875 0.554249175 0.3083745875 0.5511551156250001 0.3001237625 0.5511551156250001
0 0.284653465625 0.603754125 0.282590759375 0.6202557750000001 0.286716171875 0.6285065999999999 0.29806105625 0.6398514843750001 0.307343234375 0.6388201312499999 0.305280528125 0.6346947187499999 0.305280528125 0.61819306875 0.3083745875 0.613036303125 0.309405940625 0.6099422437500001 0.29393564375 0.596534653125 0.284653465625 0.603754125
0 0.278465346875 0.636757425 0.2753712875 0.629537953125 0.271245875 0.629537953125 0.259900990625 0.6388201312499999 0.259900990625 0.6511963703125 0.2671204625 0.6625412546875 0.27949670000000004 0.6666666671875 0.280528053125 0.6532590765624999 0.278465346875 0.6511963703125 0.278465346875 0.636757425
0 0.29084158437499996 0.7233910890625 0.28877887812499997 0.7213283828125 0.286716171875 0.7089521453125001 0.27949670000000004 0.7058580859375 0.26918316875000003 0.7079207921874999 0.261963696875 0.7172029703125 0.261963696875 0.7233910890625 0.266089109375 0.7316419140625 0.27330858125 0.7388613859375 0.27949670000000004 0.7409240921875 0.2918729375 0.7367986796875 0.292904290625 0.7337046203125 0.29084158437499996 0.7316419140625 0.29084158437499996 0.7233910890625
0 0.299092409375 0.7646452140625 0.29393564375 0.7594884484375 0.28155940625000003 0.7594884484375 0.27743399375 0.7615511546875 0.27433993437500004 0.7646452140625 0.27433993437500004 0.7708333328125 0.272277228125 0.7728960390624999 0.27640264062500003 0.7832095703124999 0.287747525 0.7924917484375 0.29806105625 0.7924917484375 0.30218646875 0.7904290421875 0.303217821875 0.7811468640625 0.299092409375 0.7708333328125 0.299092409375 0.7646452140625
2 0.353754125 0.9698844890625 0.3496287125 0.9678217828125 0.344471946875 0.9626650171875 0.34137788750000003 0.9533828390625001 0.33622112187500003 0.9544141921874999 0.33415841562500004 0.9647277234375 0.34137788750000003 0.9740099015625001 0.35169141875 0.9781353140625001 0.36406765625 0.9781353140625001 0.36819306875 0.9760726078124999 0.369224421875 0.9729785484375 0.36406765625 0.9698844890625 0.353754125 0.9698844890625
2 0.35066006562499996 0.9502887781249999 0.34756600625 0.94306930625 0.34550329999999996 0.94306930625 0.342409240625 0.948226071875 0.344471946875 0.9585396046874999 0.35581683124999997 0.9698844890625 0.35994224375 0.9698844890625 0.3661303625 0.9740099015625001 0.367161715625 0.9667904296875 0.363036303125 0.9606023109375 0.35066006562499996 0.9502887781249999
2 0.34859735937499997 0.937912540625 0.35066006562499996 0.9502887781249999 0.35994224375 0.9575082515625001 0.36097359687499997 0.9523514843750001 0.35169141875 0.93481848125 0.34859735937499997 0.937912540625
2 0.34137788750000003 0.92450495 0.32900165000000003 0.9121287125 0.319719471875 0.917285478125 0.317656765625 0.927599009375 0.32900165000000003 0.9410066 0.34550329999999996 0.94306930625 0.3496287125 0.9368811875 0.35066006562499996 0.931724421875 0.34859735937499997 0.927599009375 0.34137788750000003 0.92450495
2 0.338283828125 0.896658415625 0.33518976875 0.8956270625 0.330033003125 0.900783828125 0.330033003125 0.911097359375 0.34137788750000003 0.92450495 0.34756600625 0.9265676562499999 0.34859735937499997 0.923473596875 0.344471946875 0.917285478125 0.338283828125 0.896658415625
2 0.31868811875 0.883250825 0.309405940625 0.890470296875 0.309405940625 0.902846534375 0.320750825 0.9121287125 0.330033003125 0.911097359375 0.330033003125 0.900783828125 0.3331270625 0.89768976875 0.33415841562500004 0.8884075906250001 0.32900165000000003 0.883250825 0.31868811875 0.883250825
2 0.38279702968749996 1 0.38366336562500003 0.9956683171874999 0.370255775 0.9740099015625001 0.365099009375 0.9812293734375 0.367161715625 0.9894801984375 0.3743811875 0.9966996703125 0.3809818484375 1 0.38279702968749996 1