2 0.46377655156250003 0.234068628125 0.47807393749999993 0.2422385625 0.49339256562499995 0.2575571890625 0.5015625 0.273897059375 0.5056474671875 0.2922794125 0.5107536765625 0.2953431375 0.5209660953124999 0.29330065312500003 0.5373059640625 0.28513071874999996 0.5505821078124999 0.271854575 0.554667075 0.263684640625 0.556709559375 0.2514297390625 0.5587520421875001 0.2493872546875 0.556709559375 0.2248774515625 0.5505821078124999 0.2126225484375 0.5424121734375 0.20241013125 0.5250510625 0.1911764703125 0.512796159375 0.187091503125 0.490328840625 0.187091503125 0.47807393749999993 0.1911764703125 0.4658190359375 0.197303921875 0.4505004078125 0.2126225484375 0.44743668281250004 0.2197712421875 0.44641544062499994 0.226919934375 0.44947916718750003 0.22998365937499998 0.46377655156250003 0.234068628125
2 0.66802491875 0.213643790625 0.6823223046875 0.2116013078125 0.689470996875 0.20445261406249998 0.6935559640625 0.1942401953125 0.6935559640625 0.1881127453125 0.689470996875 0.1799428109375 0.6823223046875 0.17279411718749998 0.6721098859375 0.16870915 0.6578125 0.16870915 0.6537275328125001 0.17075163437500002 0.6465788406249999 0.17790032656250002 0.6455575984374999 0.1891339875 0.6445363562499999 0.1962826796875 0.6506638078125 0.20445261406249998 0.66802491875 0.213643790625
2 0.6721098859375 0.1666666671875 0.679258578125 0.1615604578125 0.6853860296875001 0.147263071875 0.6813010625 0.137050653125 0.67415236875 0.1299019609375 0.669046159375 0.12888071875 0.669046159375 0.1431781046875 0.6670036765625 0.14930555625 0.659854984375 0.1564542484375 0.6516850484375001 0.160539215625 0.6516850484375001 0.1646241828125 0.6578125 0.1666666671875 0.6721098859375 0.1666666671875
2 0.6537275328125001 0.160539215625 0.6670036765625 0.14930555625 0.67108864375 0.1350081703125 0.669046159375 0.12888071875 0.6578125 0.117647059375 0.6537275328125001 0.11560457500000001 0.6506638078125 0.11662581718750001 0.6547487750000001 0.1247957515625 0.6547487750000001 0.137050653125 0.6506638078125 0.147263071875 0.6353451796875 0.1564542484375 0.6343239374999999 0.157475490625 0.6373876640625 0.160539215625 0.6537275328125001 0.160539215625
2 0.699683415625 0.3188317 0.6955984484375 0.3229166671875 0.6966196890624999 0.3259803921875 0.6986621734375 0.3259803921875 0.7078533499999999 0.3188317 0.7119383171875 0.30861928125000004 0.7119383171875 0.3024918296875 0.7098958328125 0.2963643796875 0.702747140625 0.287173203125 0.6966196890624999 0.2830882359375 0.6904922390625 0.2830882359375 0.689470996875 0.2861519609375 0.699683415625 0.2984068625 0.699683415625 0.3188317
2 0.7017258984375 0.3555964046875 0.7017258984375 0.3658088234375 0.69764093125 0.3760212421875 0.70070465625 0.377042484375 0.7078533499999999 0.37193627500000004 0.7098958328125 0.3678513078125 0.7119383171875 0.353553921875 0.7078533499999999 0.343341503125 0.70070465625 0.3361928109375 0.692534721875 0.33210784375 0.6864072718750001 0.33210784375 0.6853860296875001 0.333129084375 0.69764093125 0.3453839875 0.7017258984375 0.3555964046875
2 0.7078533499999999 0.4291258171875 0.7098958328125 0.422998365625 0.7098958328125 0.41278594843749994 0.705810865625 0.40257352968750004 0.6966196890624999 0.393382353125 0.6904922390625 0.39133986875 0.6874285125 0.3923611109375 0.6874285125 0.3944035953125 0.6935559640625 0.4046160125 0.6935559640625 0.422998365625 0.6874285125 0.43321078437500005 0.6823223046875 0.436274509375 0.6823223046875 0.44035947656249996 0.69457720625 0.44035947656249996 0.7078533499999999 0.4291258171875
2 0.659854984375 0.44035947656249996 0.6761948531249999 0.44035947656249996 0.6823223046875 0.43831699375 0.6874285125 0.43321078437500005 0.6935559640625 0.422998365625 0.6935559640625 0.4046160125 0.689470996875 0.396446078125 0.6802798203125 0.3892973859375 0.679258578125 0.40053104531250006 0.665982434375 0.4158496734375 0.655770015625 0.419934640625 0.64147263125 0.419934640625 0.6404513890625 0.422998365625 0.6516850484375001 0.436274509375 0.659854984375 0.44035947656249996
2 0.67415236875 0.3709150328125 0.6853860296875001 0.36172385625 0.6874285125 0.3576388890625 0.6874285125 0.343341503125 0.6853860296875001 0.34129902031250003 0.6853860296875001 0.33517156875 0.6802798203125 0.3280228765625 0.6700674015625 0.321895425 0.6670036765625 0.3229166671875 0.669046159375 0.333129084375 0.6670036765625 0.33517156875 0.6670036765625 0.343341503125 0.655770015625 0.356617646875 0.655770015625 0.35866013125 0.66802491875 0.36478758125 0.67415236875 0.3709150328125
2 0.6271752453125 0.36274509843749997 0.6435151140625 0.36274509843749997 0.6537275328125001 0.35866013125 0.6649611921874999 0.34742647031249996 0.669046159375 0.33517156875 0.669046159375 0.32495915000000003 0.6578125 0.303513071875 0.6435151140625 0.2953431375 0.6322814546875 0.2943218953125 0.6322814546875 0.2984068625 0.6384089046875 0.3106617640625 0.6384089046875 0.327001634375 0.6322814546875 0.34129902031250003 0.6169628265625 0.3545751640625 0.615941584375 0.3555964046875 0.6210477937500001 0.3607026140625 0.6271752453125 0.36274509843749997
2 0.56181576875 0.7732843140625 0.5689644609375 0.78043300625 0.576113153125 0.7998366015625 0.5842830875 0.7977941171875 0.59449550625 0.7896241828125 0.599601715625 0.78043300625 0.599601715625 0.772263071875 0.6016442 0.7702205875 0.599601715625 0.7681781046875 0.599601715625 0.762050653125 0.59449550625 0.7549019609375 0.58836805625 0.7549019609375 0.5842830875 0.758986928125 0.569985703125 0.7610294125 0.56794321875 0.7630718953125 0.5556883171875 0.7610294125 0.549560865625 0.7569444437499999 0.543433415625 0.758986928125 0.543433415625 0.7671568625 0.549560865625 0.7671568625 0.56181576875 0.7732843140625
2 0.6271752453125 0.69771241875 0.6333026953124999 0.6997549015625 0.6435151140625 0.6997549015625 0.6537275328125001 0.695669934375 0.662918709375 0.684436275 0.662918709375 0.666053921875 0.660876225 0.6619689546874999 0.655770015625 0.6568627453125 0.6435151140625 0.652777778125 0.6312602125 0.6548202609375 0.61798406875 0.6680964046875 0.6169628265625 0.6732026140625 0.615941584375 0.682393790625 0.61798406875 0.6885212421875 0.6271752453125 0.69771241875
0 0.64147263125 0.652777778125 0.64760008125 0.6548202609375 0.6639399515625 0.652777778125 0.6751736109375 0.6415441171875 0.6772160953124999 0.6354166671875 0.6751736109375 0.6190767968750001 0.665982434375 0.6098856203125 0.659854984375 0.6078431375 0.6455575984374999 0.6098856203125 0.6343239374999999 0.6190767968750001 0.6312602125 0.626225490625 0.6302389703125 0.63745915 0.6343239374999999 0.645629084375 0.64147263125 0.652777778125
0 0.6230902781250001 0.7630718953125 0.629217728125 0.7610294125 0.6384089046875 0.75388071875 0.642493871875 0.7416258171875 0.6404513890625 0.729370915625 0.6333026953124999 0.722222221875 0.6251327609375 0.7201797390625 0.6241115203125001 0.7334558828125 0.6200265515625001 0.7416258171875 0.6087928921875 0.75081699375 0.6006229578125 0.7528594765625 0.599601715625 0.7579656859375 0.6087928921875 0.7630718953125 0.6230902781250001 0.7630718953125
0 0.6016442 0.7171160125 0.6036866828125 0.7232434640625 0.6036866828125 0.735498365625 0.59755923125 0.74775326875 0.59755923125 0.7518382359375 0.6026654406249999 0.7528594765625 0.6087928921875 0.75081699375 0.6200265515625001 0.7416258171875 0.6241115203125001 0.7334558828125 0.6241115203125001 0.7171160125 0.6200265515625001 0.708946078125 0.6087928921875 0.6997549015625 0.6026654406249999 0.69771241875 0.5924530234375001 0.69771241875 0.5842830875 0.7017973859375 0.5842830875 0.70383986875 0.5904105390625001 0.705882353125 0.6016442 0.7171160125
0 0.5516033499999999 0.758986928125 0.56181576875 0.7630718953125 0.5720281859375 0.7630718953125 0.58836805625 0.7569444437499999 0.59755923125 0.7497957515625 0.6036866828125 0.73754085 0.6036866828125 0.7232434640625 0.599601715625 0.7150735296875 0.5904105390625001 0.705882353125 0.5822406046874999 0.7017973859375 0.56181576875 0.7017973859375 0.5475183828125 0.7099673203125 0.5373059640625 0.722222221875 0.536284721875 0.7395833328125 0.5403696890624999 0.74775326875 0.5516033499999999 0.758986928125
0 0.516881128125 0.8529411765624999 0.5250510625 0.85702614375 0.549560865625 0.85702614375 0.5577308000000001 0.8529411765624999 0.5669219765625 0.84375 0.5710069437499999 0.8314950984375 0.5659007359375 0.8182189546874999 0.5556883171875 0.8263888890625 0.5454758984375 0.8263888890625 0.543433415625 0.828431371875 0.5250510625 0.8263888890625 0.512796159375 0.8182189546874999 0.506668709375 0.8202614374999999 0.5056474671875 0.8355800656250001 0.509732434375 0.845792484375 0.516881128125 0.8529411765624999
1 0.509732434375 0.8948120921875 0.516881128125 0.8999183000000001 0.5311785125 0.901960784375 0.533220996875 0.8999183000000001 0.5393484484375 0.8999183000000001 0.549560865625 0.89379085 0.556709559375 0.8845996734374999 0.556709559375 0.872344771875 0.554667075 0.8682598046875001 0.5475183828125 0.8611111109375 0.5393484484375 0.85702614375 0.51483864375 0.859068628125 0.5087111921874999 0.8611111109375 0.5025837421875 0.8672385625000001 0.5015625 0.8703022875 0.509732434375 0.88664215625 0.509732434375 0.8948120921875
1 0.44743668281250004 0.9121732031249999 0.4658190359375 0.918300653125 0.47603145468749997 0.918300653125 0.49441380781250005 0.9121732031249999 0.5015625 0.90706699375 0.509732434375 0.8927696078125 0.503604984375 0.8743872546875 0.496456290625 0.8672385625000001 0.490328840625 0.8631535953125 0.47603145468749997 0.8611111109375 0.4739889703125 0.859068628125 0.45969158437499996 0.859068628125 0.4576491015625 0.8611111109375 0.44539419999999996 0.8631535953125 0.4362030234375 0.872344771875 0.433139296875 0.8794934640625 0.43211805625000005 0.8907271234374999 0.4362030234375 0.9009395421875 0.44743668281250004 0.9121732031249999
1 0.516881128125 0.8223039218749999 0.5352634796875 0.828431371875 0.5536458328125 0.8263888890625 0.56181576875 0.8223039218749999 0.5689644609375 0.8131127453125 0.5750919125 0.798815359375 0.5750919125 0.7926879078125 0.5710069437499999 0.782475490625 0.5597732843750001 0.7712418296875 0.549560865625 0.7671568625 0.5311785125 0.7671568625 0.516881128125 0.7732843140625 0.504626225 0.7896241828125 0.503604984375 0.8029003265625001 0.509732434375 0.815155228125 0.516881128125 0.8223039218749999
1 0.360631128125 0.5557598046875001 0.3688010625 0.57414215625 0.3841196890625 0.59150326875 0.40658700937500003 0.6037581703125 0.41271446093749997 0.6037581703125 0.41475694374999994 0.605800653125 0.4392667484375 0.605800653125 0.44130923125 0.6037581703125 0.44947916718750003 0.6037581703125 0.4678615203125 0.5935457515625 0.4872651140625 0.5720996734375 0.4954350484375 0.5516748359375 0.4954350484375 0.529207515625 0.49339256562499995 0.5271650328125 0.49339256562499995 0.52103758125 0.4811376640625 0.49652777812500004 0.469904003125 0.483251634375 0.46377655156250003 0.4791666671875 0.43518178125 0.4689542484375 0.4106719765625 0.4689542484375 0.390247140625 0.4771241828125 0.3779922390625 0.4852941171875 0.37084354531249997 0.49244281093750003 0.366758578125 0.502655228125 0.360631128125 0.5108251640625 0.3575674015625 0.5302287578125 0.356546159375 0.533292484375 0.35858864375 0.5353349671875 0.360631128125 0.5557598046875001
1 0.6904922390625 0.4546568625 0.702747140625 0.4546568625 0.7160232843750001 0.44342320312499994 0.71806576875 0.4291258171875 0.7160232843750001 0.422998365625 0.710917075 0.41789215625000004 0.705810865625 0.43116830000000006 0.69457720625 0.44035947656249996 0.6782373359375 0.44035947656249996 0.6772160953124999 0.44342320312499994 0.6864072718750001 0.4526143796875 0.6904922390625 0.4546568625
1 0.6516850484375001 0.2994281046875 0.6588337421875 0.3045343140625 0.6618974671875 0.30964052343750004 0.6761948531249999 0.3075980390625 0.6874285125 0.2963643796875 0.689470996875 0.28206699375 0.6874285125 0.280024509375 0.6874285125 0.273897059375 0.6782373359375 0.260620915625 0.6721098859375 0.25857843125 0.66802491875 0.2544934640625 0.649642565625 0.2544934640625 0.636366421875 0.2657271234375 0.6333026953124999 0.2708333328125 0.6322814546875 0.28819444375000003 0.6343239374999999 0.2922794125 0.6516850484375001 0.2994281046875
1 0.6721098859375 0.321895425 0.6823223046875 0.330065359375 0.6884497546875 0.330065359375 0.69764093125 0.3229166671875 0.7017258984375 0.306576796875 0.69764093125 0.2943218953125 0.6904922390625 0.2892156859375 0.6874285125 0.2922794125 0.6874285125 0.2963643796875 0.6761948531249999 0.3075980390625 0.665982434375 0.30964052343750004 0.6649611921874999 0.316789215625 0.66802491875 0.321895425 0.6721098859375 0.321895425
1 0.6271752453125 0.41176470624999995 0.64147263125 0.419934640625 0.6578125 0.419934640625 0.665982434375 0.4158496734375 0.679258578125 0.40053104531250006 0.679258578125 0.3821486921875 0.6751736109375 0.37193627500000004 0.669046159375 0.3678513078125 0.66802491875 0.36478758125 0.655770015625 0.35866013125 0.6435151140625 0.36274509843749997 0.629217728125 0.36274509843749997 0.6220690359375001 0.3678513078125 0.6169628265625 0.377042484375 0.615941584375 0.396446078125 0.61798406875 0.40053104531250006 0.6271752453125 0.41176470624999995
1 0.6230902781250001 0.2116013078125 0.6312602125 0.20751634062500002 0.6404513890625 0.1983251640625 0.6465788406249999 0.18402777812499999 0.642493871875 0.1676879078125 0.6271752453125 0.15236928125 0.6149203437499999 0.1462418296875 0.6118566171875 0.147263071875 0.6118566171875 0.15339052343749998 0.61798406875 0.16564542499999999 0.61798406875 0.1799428109375 0.6118566171875 0.1942401953125 0.6026654406249999 0.203431371875 0.6026654406249999 0.20547385624999998 0.6067504078125 0.20751634062500002 0.6230902781250001 0.2116013078125
1 0.6333026953124999 0.1564542484375 0.64147263125 0.15441176406249998 0.6527062906250001 0.1452205875 0.6547487750000001 0.130923203125 0.6567912578125 0.12888071875 0.6506638078125 0.11662581718750001 0.6435151140625 0.1094771234375 0.639430146875 0.10743464062500001 0.636366421875 0.1084558828125 0.6384089046875 0.120710784375 0.6343239374999999 0.130923203125 0.6230902781250001 0.14215686249999998 0.6169628265625 0.144199346875 0.6169628265625 0.1482843140625 0.6251327609375 0.150326796875 0.6333026953124999 0.1564542484375
1 0.6006229578125 0.1380718953125 0.6087928921875 0.1462418296875 0.6169628265625 0.1462418296875 0.6343239374999999 0.130923203125 0.6384089046875 0.12275326875 0.6384089046875 0.11254085 0.6343239374999999 0.104370915625 0.6210477937500001 0.09109477187500001 0.612877859375 0.08905228750000001 0.609814134375 0.11254085 0.604707925 0.11968954218750001 0.58836805625 0.1299019609375 0.5873468140625 0.130923203125 0.5904105390625001 0.133986928125 0.6006229578125 0.1380718953125
1 0.5597732843750001 0.20547385624999998 0.5801981203125 0.2095588234375 0.5822406046874999 0.20751634062500002 0.596537990625 0.20547385624999998 0.604707925 0.20138888906250002 0.6118566171875 0.1942401953125 0.615941584375 0.1860702609375 0.61798406875 0.1799428109375 0.61798406875 0.16564542499999999 0.615941584375 0.163602940625 0.615941584375 0.157475490625 0.6118566171875 0.15339052343749998 0.6118566171875 0.14930555625 0.604707925 0.14215686249999998 0.5924530234375001 0.133986928125 0.5842830875 0.13194444375 0.5812193625 0.1350081703125 0.5832618468749999 0.1452205875 0.5771343953125 0.163602940625 0.5638582515625 0.176879084375 0.5475183828125 0.18504902031249998 0.543433415625 0.18504902031249998 0.5424121734375 0.19015522812500002 0.54445465625 0.1942401953125 0.5597732843750001 0.20547385624999998
0 0.6884497546875 0.383169934375 0.699683415625 0.3739787578125 0.7017258984375 0.369893790625 0.7017258984375 0.3515114375 0.6884497546875 0.3361928109375 0.6853860296875001 0.3372140515625 0.6874285125 0.3555964046875 0.6833435453125001 0.363766340625 0.6761948531249999 0.3709150328125 0.6751736109375 0.3739787578125 0.6802798203125 0.383169934375 0.6884497546875 0.383169934375
0 0.5720281859375 0.2258986921875 0.5822406046874999 0.23202614375000002 0.5955167484375 0.247344771875 0.6016442 0.2595996734375 0.6016442 0.273897059375 0.604707925 0.27900326875000003 0.6108353765625 0.27900326875000003 0.6169628265625 0.2749183 0.6210477937500001 0.2749183 0.6322814546875 0.2657271234375 0.636366421875 0.2595996734375 0.6384089046875 0.23713235312499997 0.6302389703125 0.220792484375 0.6210477937500001 0.2116013078125 0.604707925 0.20547385624999998 0.59449550625 0.20547385624999998 0.5924530234375001 0.20751634062500002 0.576113153125 0.2095588234375 0.5659007359375 0.2177287578125 0.56487949375 0.2228349671875 0.56794321875 0.2258986921875 0.5720281859375 0.2258986921875
0 0.5904105390625001 0.35866013125 0.6067504078125 0.35866013125 0.6190053109375 0.3545751640625 0.6271752453125 0.3484477125 0.636366421875 0.33517156875 0.6384089046875 0.3106617640625 0.6322814546875 0.2963643796875 0.6210477937500001 0.28513071874999996 0.6108353765625 0.27900326875000003 0.6026654406249999 0.27900326875000003 0.5955167484375 0.2963643796875 0.586325571875 0.3075980390625 0.5720281859375 0.31576797343749996 0.5556883171875 0.3178104578125 0.5536458328125 0.319852940625 0.556709559375 0.33108660156249997 0.576113153125 0.3525326796875 0.5904105390625001 0.35866013125
0 0.549560865625 0.3178104578125 0.5720281859375 0.31576797343749996 0.586325571875 0.3075980390625 0.5955167484375 0.2963643796875 0.6016442 0.28410947656249996 0.6016442 0.2595996734375 0.5914317812500001 0.2412173203125 0.576113153125 0.2279411765625 0.5720281859375 0.2279411765625 0.5659007359375 0.223856209375 0.5597732843750001 0.223856209375 0.556709559375 0.226919934375 0.5587520421875001 0.23304738593750002 0.5587520421875001 0.2514297390625 0.5505821078124999 0.271854575 0.54139093125 0.2830882359375 0.5209660953124999 0.29330065312500003 0.5209660953124999 0.2973856203125 0.5373059640625 0.30555555624999997 0.549560865625 0.3178104578125
0 0.4678615203125 0.40155228750000005 0.490328840625 0.41176470624999995 0.516881128125 0.41176470624999995 0.5352634796875 0.40359477187500004 0.5505821078124999 0.390318628125 0.554667075 0.3841911765625 0.5607945265625001 0.369893790625 0.5607945265625001 0.3453839875 0.5587520421875001 0.343341503125 0.5587520421875001 0.33517156875 0.5526245921874999 0.3229166671875 0.5352634796875 0.30555555624999997 0.5270935453125001 0.303513071875 0.5189236109375 0.2973856203125 0.506668709375 0.2973856203125 0.4974775328125 0.32495915000000003 0.4872651140625 0.3392565359375 0.48011642187500003 0.34640522812499996 0.46173406874999995 0.35866013125 0.44539419999999996 0.36274509843749997 0.44437295781249997 0.3678513078125 0.4505004078125 0.3821486921875 0.4678615203125 0.40155228750000005
0 0.40045955937500005 0.3545751640625 0.4106719765625 0.3607026140625 0.41679942812500004 0.3607026140625 0.4188419125 0.36274509843749997 0.44539419999999996 0.36274509843749997 0.46377655156250003 0.356617646875 0.47603145468749997 0.3484477125 0.49135008124999996 0.333129084375 0.49952001562500004 0.3188317 0.503604984375 0.306576796875 0.503604984375 0.28410947656249996 0.49952001562500004 0.2759395421875 0.49952001562500004 0.2698120921875 0.4893075984375 0.25347222187499996 0.4811376640625 0.247344771875 0.48011642187500003 0.2442810453125 0.4739889703125 0.2422385625 0.469904003125 0.23815359531250002 0.44947916718750003 0.22998365937499998 0.4249693625 0.22998365937499998 0.4106719765625 0.23611111093749998 0.4045445265625 0.23611111093749998 0.40045955937500005 0.24019607812500002 0.3943321078125 0.2422385625 0.376970996875 0.26164215625 0.3677798203125 0.2830882359375 0.366758578125 0.3106617640625 0.376970996875 0.333129084375 0.40045955937500005 0.3545751640625
0 0.44539419999999996 0.0951797390625 0.4678615203125 0.0870098046875 0.48828635625 0.0870098046875 0.512796159375 0.0951797390625 0.5301572718750001 0.07986111093750001 0.536284721875 0.06556372499999999 0.5342422390625 0.051266340625 0.5260723046875 0.0369689546875 0.512796159375 0.02573529375 0.49441380781250005 0.01960784375 0.4739889703125 0.01960784375 0.44947916718750003 0.027777778125000003 0.4362030234375 0.041053921874999996 0.43109681406249994 0.052287581250000006 0.43007557187499995 0.07373365937500001 0.43211805625000005 0.07986111093750001 0.44539419999999996 0.0951797390625
1 0.5822406046874999 0.1299019609375 0.58836805625 0.1299019609375 0.604707925 0.11968954218750001 0.609814134375 0.11254085 0.6118566171875 0.1084558828125 0.6118566171875 0.0900735296875 0.60777165 0.0819035953125 0.6006229578125 0.0747549015625 0.586325571875 0.0665849671875 0.5781556375 0.064542484375 0.5771343953125 0.0819035953125 0.5710069437499999 0.094158496875 0.56181576875 0.10334967343749998 0.5607945265625001 0.1064133984375 0.5771343953125 0.120710784375 0.5822406046874999 0.1299019609375
1 0.5536458328125 0.10334967343749998 0.56181576875 0.10334967343749998 0.573049428125 0.0921160125 0.573049428125 0.0880310453125 0.5771343953125 0.0819035953125 0.5771343953125 0.0696486921875 0.573049428125 0.059436275000000004 0.5577308000000001 0.044117646875 0.549560865625 0.0400326796875 0.543433415625 0.0379901953125 0.5291360296875001 0.0379901953125 0.5281147875000001 0.041053921874999996 0.536284721875 0.05535130781249999 0.536284721875 0.06556372499999999 0.5301572718750001 0.07986111093750001 0.516881128125 0.0931372546875 0.516881128125 0.097222221875 0.5352634796875 0.097222221875 0.5536458328125 0.10334967343749998
1 0.5454758984375 0.18504902031249998 0.5577308000000001 0.1809640515625 0.5659007359375 0.1748366015625 0.5791768796875 0.15951797343750002 0.5832618468749999 0.13909313750000002 0.5812193625 0.137050653125 0.5791768796875 0.1247957515625 0.5659007359375 0.1094771234375 0.5475183828125 0.09926470625 0.5250510625 0.097222221875 0.5199448531249999 0.10028594843750001 0.5342422390625 0.12275326875 0.536284721875 0.1452205875 0.5301572718750001 0.157475490625 0.5301572718750001 0.1615604578125 0.516881128125 0.176879084375 0.5158598859375 0.17790032656250002 0.5209660953124999 0.1830065359375 0.5454758984375 0.18504902031249998
1 0.43722426406250003 0.176879084375 0.453564134375 0.18504902031249998 0.4678615203125 0.187091503125 0.469904003125 0.1891339875 0.49237132343749995 0.187091503125 0.516881128125 0.176879084375 0.5321997546875 0.157475490625 0.536284721875 0.1452205875 0.5342422390625 0.12275326875 0.5219873359375 0.104370915625 0.5005412578125 0.09109477187500001 0.4842013890625 0.08905228750000001 0.4821589046875 0.0870098046875 0.4719464875 0.0870098046875 0.44539419999999996 0.0951797390625 0.4259906046875 0.110498365625 0.4188419125 0.12581699375 0.41782067031250003 0.14930555625 0.4259906046875 0.16564542499999999 0.43722426406250003 0.176879084375