1 0.28429383124999996 0.471590909375 0.29646915625000003 0.465503246875 0.3076298703125 0.45434253281250003 0.315746753125 0.4401379875 0.315746753125 0.434050325 0.31777597343749997 0.43202110312500003 0.31777597343749997 0.409699675 0.315746753125 0.4036120125 0.2984983765625 0.38433441562500004 0.2822646109375 0.378246753125 0.268060065625 0.378246753125 0.255884740625 0.38230519531249996 0.2386363640625 0.39752434999999997 0.23051948125 0.41172889687499997 0.23051948125 0.4401379875 0.2366071421875 0.45231331093750005 0.25385551875 0.46956168906249995 0.265016234375 0.47260551875 0.27211850625 0.47362012968749995 0.27414772656249997 0.471590909375 0.28429383124999996 0.471590909375
1 0.20819805156250001 0.438108765625 0.216314934375 0.41781655781250004 0.216314934375 0.40158279218750004 0.21225649375 0.3914366890625 0.2010957796875 0.38027597343749997 0.18892045468750002 0.3741883109375 0.17877435 0.3741883109375 0.1645698046875 0.38027597343749997 0.1513798703125 0.39346590937500003 0.14529220781250002 0.405641234375 0.14529220781250002 0.421875 0.1554383109375 0.444196428125 0.16254058437500002 0.45129870156249996 0.17167207812500002 0.45434253281250003 0.186891234375 0.45535714218749995 0.19703733750000002 0.45129870156249996 0.20819805156250001 0.438108765625
1 0.8321834421875 0.333603896875 0.828125 0.33157467500000004 0.8200081171875 0.33157467500000004 0.8149350656250001 0.33867694843749996 0.8149350656250001 0.3427353890625 0.8220373375 0.3478084421875 0.8271103890625 0.34882305156250004 0.8352272734374999 0.34882305156250004 0.8352272734374999 0.33867694843749996 0.8321834421875 0.333603896875
1 0.7702922078125 0.30418019531249996 0.7652191562499999 0.3011363640625 0.7611607140625 0.3011363640625 0.7540584421875 0.30620941562500004 0.7560876624999999 0.31635551875 0.7621753250000001 0.318384740625 0.7692775968750001 0.31939934999999997 0.7723214281249999 0.31432629843750004 0.7702922078125 0.30418019531249996
1 0.7479707796875 0.2960633109375 0.7428977265625 0.290990259375 0.7368100656250001 0.290990259375 0.7317370125 0.2960633109375 0.733766234375 0.29809253281250003 0.733766234375 0.30418019531249996 0.7378246749999999 0.30620941562500004 0.7449269484375 0.30722402656250003 0.7479707796875 0.30418019531249996 0.7479707796875 0.2960633109375
1 0.7114448046875 0.2838879875 0.7043425328125 0.278814934375 0.6952110390625 0.2838879875 0.6952110390625 0.2920048703125 0.7012987015625 0.2960633109375 0.7084009734375 0.29707792187500004 0.7134740265625 0.2920048703125 0.7114448046875 0.2838879875
1 0.6911525968750001 0.28591720781249996 0.6840503250000001 0.278814934375 0.6759334421875 0.278814934375 0.6708603890625 0.2838879875 0.6708603890625 0.28997565000000003 0.6739042203125 0.29504870156249996 0.68100649375 0.2960633109375 0.6860795453125 0.29707792187500004 0.6911525968750001 0.2920048703125 0.6911525968750001 0.28591720781249996
1 0.6708603890625 0.275771103125 0.6637581171875 0.26866883124999996 0.655641234375 0.27069805156250004 0.6525974031249999 0.2737418828125 0.6525974031249999 0.281858765625 0.6586850656250001 0.28591720781249996 0.6678165578125 0.28693181874999996 0.6708603890625 0.281858765625 0.6708603890625 0.275771103125
2 0.7540584421875 0.35288149375 0.7540584421875 0.34679383124999996 0.7469561687499999 0.3356331171875 0.7347808437500001 0.32954545468749996 0.7286931812499999 0.32954545468749996 0.7195616890625 0.33664772656249997 0.7175324671875 0.34070616875000004 0.7175324671875 0.35288149375 0.7195616890625 0.35896915625000003 0.724634740625 0.36404220781249996 0.7317370125 0.36708603906250004 0.7428977265625 0.36810065000000003 0.7489853890625 0.36404220781249996 0.7540584421875 0.35288149375
2 0.4973620125 0.4939123375 0.5075081171875 0.487824675 0.5186688312500001 0.47869318125 0.52475649375 0.47057629843750004 0.5288149343749999 0.450284090625 0.5308441562499999 0.44825487031250005 0.5267857140625 0.42593344218749996 0.5186688312500001 0.41375811718750005 0.5115665578125 0.40665584375 0.487215909375 0.396509740625 0.46489448125 0.39853896093749996 0.450689934375 0.40665584375 0.4375 0.421875 0.4314123375 0.43607954531250004 0.4314123375 0.45434253281250003 0.43344155781250004 0.456371753125 0.43344155781250004 0.462459415625 0.4375 0.46651785781250005 0.43952922031249997 0.47260551875 0.45474837656249995 0.48985389687499997 0.46996753281250003 0.49492694843749996 0.48924512968749995 0.49594155781250004 0.49127435 0.4939123375 0.4973620125 0.4939123375
2 0.5531655843750001 0.31229707812499996 0.5511363640625 0.300121753125 0.5420048703125 0.290990259375 0.531858765625 0.28693181874999996 0.5176542203125 0.290990259375 0.5105519484375 0.30215097343749997 0.5105519484375 0.31635551875 0.5196834421875 0.327516234375 0.52475649375 0.32853084374999997 0.5359172078125 0.32954545468749996 0.5440340906250001 0.3254870125 0.5531655843750001 0.31229707812499996
2 0.3776379875 0.35592532499999996 0.38169642812500004 0.3518668828125 0.38778409062499997 0.34983766250000004 0.3948863640625 0.34070616875000004 0.39691558437499996 0.32447240312500003 0.3928571421875 0.31432629843750004 0.38778409062499997 0.309253246875 0.37966720781249996 0.30519480468750004 0.359375 0.30519480468750004 0.3421266234375 0.32041396093749996 0.3421266234375 0.34070616875000004 0.3553165578125 0.35592532499999996 0.3583603890625 0.356939934375 0.369521103125 0.35795454531250004 0.37155032499999996 0.35592532499999996 0.3776379875 0.35592532499999996
2 0.34009740312500003 0.33867694843749996 0.3421266234375 0.33258928593750003 0.3421266234375 0.32041396093749996 0.34415584374999997 0.318384740625 0.34009740312500003 0.3102678578125 0.3329951296875 0.30316558437499996 0.32284902656250003 0.2991071421875 0.306615259375 0.30316558437499996 0.29545454531250004 0.31432629843750004 0.291396103125 0.32447240312500003 0.29545454531250004 0.34070616875000004 0.30255681874999996 0.3478084421875 0.30965909062499997 0.35085227343750003 0.324878246875 0.34983766250000004 0.3329951296875 0.34577922031249997 0.34009740312500003 0.33867694843749996
2 0.255884740625 0.38230519531249996 0.26603084374999997 0.378246753125 0.27820616875000004 0.378246753125 0.28125 0.37520292187500004 0.27922077968750003 0.356939934375 0.268060065625 0.34375 0.25994318125000004 0.3396915578125 0.2457386359375 0.3396915578125 0.2396509734375 0.34375 0.2355925328125 0.34375 0.2203733765625 0.35896915625000003 0.2203733765625 0.36302759687499997 0.216314934375 0.369115259375 0.216314934375 0.38940746718749997 0.22747565 0.402597403125 0.23051948125 0.4036120125 0.2335633109375 0.40462662343750005 0.249797078125 0.3863636359375 0.255884740625 0.38230519531249996
2 0 0.66010551875 0.010349026562499999 0.6704545453125 0.021509740625000003 0.6755275968750001 0.0387581171875 0.6765422078125 0.0448457796875 0.6745129875 0.0580357140625 0.6633522734375 0.06818181875 0.6390016234375 0.06818181875 0.6105925328125 0.0641233765625 0.6004464281249999 0.0641233765625 0.594358765625 0.0478896109375 0.5679788968749999 0.030641234375 0.5547889609375 0.012378246875 0.552759740625 0 0.5589488640625 0 0.66010551875