1 0.731617646875 0.5565053109375 0.744893790625 0.5718239374999999 0.755106209375 0.5759089046875 0.7694035953125 0.5759089046875 0.7857434640625 0.5677389703125 0.79289215625 0.5585477937500001 0.7990196078125 0.5442504078125 0.7990196078125 0.523825571875 0.7877859484374999 0.50237949375 0.7755310453125001 0.4962520421875 0.7673611109375 0.4962520421875 0.765318628125 0.49420955937500005 0.758169934375 0.4952308 0.7428513078125001 0.50237949375 0.73366013125 0.513613153125 0.7275326796875 0.5299530234375001 0.7275326796875 0.5442504078125 0.731617646875 0.5565053109375
1 0.5794526140625 0.6780330875 0.590686275 0.666799428125 0.5947712421875 0.65862949375 0.5947712421875 0.640247140625 0.58353758125 0.626970996875 0.5712826796875 0.6208435453125001 0.5559640515625001 0.6218647875000001 0.5396241828125 0.6361621734375 0.535539215625 0.6443321078124999 0.535539215625 0.6606719765625 0.5375816999999999 0.666799428125 0.548815359375 0.6780330875 0.5610702609375 0.68211805625 0.5692401953124999 0.68211805625 0.5794526140625 0.6780330875
1 0.376225490625 0.7056066171875 0.3803104578125 0.6974366828125 0.3803104578125 0.6851817812500001 0.376225490625 0.6770118468749999 0.369076796875 0.669863153125 0.352736928125 0.663735703125 0.34763071874999996 0.6647569437499999 0.3384395421875 0.6678206703125 0.329248365625 0.6770118468749999 0.3272058828125 0.6953942 0.33129084999999997 0.703564134375 0.3384395421875 0.7107128265625 0.34660947656249996 0.7147977937500001 0.3649918296875 0.7147977937500001 0.376225490625 0.7056066171875
1 0.2955473859375 0.7107128265625 0.29758986875 0.7127553109375 0.30984477187500004 0.7107128265625 0.32107843125 0.6974366828125 0.323120915625 0.6831392968750001 0.3169934640625 0.6729268796875 0.3078022875 0.663735703125 0.299632353125 0.6596507359375 0.286356209375 0.6606719765625 0.279207515625 0.663735703125 0.2720588234375 0.6708843953125 0.270016340625 0.6749693625 0.270016340625 0.693351715625 0.2720588234375 0.6974366828125 0.2873774515625 0.7107128265625 0.2955473859375 0.7107128265625
1 0.19138071875 0.7045853765625 0.20567810468749997 0.7045853765625 0.21180555625 0.7025428921875 0.2189542484375 0.693351715625 0.2169117640625 0.6892667484375 0.2169117640625 0.666799428125 0.2036356203125 0.65556576875 0.1975081703125 0.6535232843750001 0.18831699375 0.6545445265625001 0.1791258171875 0.6596507359375 0.1740196078125 0.6688419125 0.1740196078125 0.6749693625 0.1719771234375 0.6770118468749999 0.1740196078125 0.6872242640625 0.1760620921875 0.69130923125 0.19138071875 0.7045853765625
1 0.0443218953125 0.6310559640625 0.052491829687500005 0.63514093125 0.066789215625 0.63514093125 0.07291666718749999 0.6310559640625 0.080065359375 0.6218647875000001 0.0780228765625 0.6096098859375 0.0759803921875 0.6075674015625 0.0780228765625 0.57897263125 0.07495915 0.5718239374999999 0.066789215625 0.5677389703125 0.053513071875 0.566717728125 0.0463643796875 0.5677389703125 0.040236928125 0.5718239374999999 0.0330882359375 0.5810151140625 0.02900326875 0.603482434375 0.03513071875 0.6198223046875 0.0443218953125 0.6310559640625
1 0.0596405234375 0.301194853125 0.052491829687500005 0.30221609531250004 0.0361519609375 0.3103860296875 0.0208333328125 0.32570465625 0.0126633984375 0.337959559375 0.0065359484374999995 0.35634191249999997 0.0024509796875 0.3624693625 0.0024509796875 0.40127655156250003 0.010620915625000001 0.4217013890625 0.025939542187499998 0.43702001562500004 0.0443218953125 0.4431474671875 0.06474673125 0.441104984375 0.0790441171875 0.4349775328125 0.1004901953125 0.4114889703125 0.10866013125 0.397191584375 0.11478758124999999 0.37880923125 0.11478758124999999 0.34000204218749996 0.106617646875 0.3216196890625 0.0974264703125 0.3103860296875 0.08517156875000001 0.30221609531250004 0.077001634375 0.30221609531250004 0.07495915 0.3001736109375 0.0596405234375 0.301194853125
0 0.1178513078125 0.6412683828125 0.12806372500000002 0.63514093125 0.13521241875 0.6259497546875 0.1372549015625 0.6198223046875 0.1372549015625 0.5993974671875 0.1311274515625 0.58510008125 0.11580882343750001 0.5697814546875 0.109681371875 0.5677389703125 0.10253267968749999 0.5687602125 0.08721405156249999 0.5759089046875 0.0780228765625 0.587142565625 0.0759803921875 0.6096098859375 0.08210784374999999 0.6259497546875 0.093341503125 0.637183415625 0.1015114375 0.6412683828125 0.1178513078125 0.6412683828125
0 0.6448120921875 0.6126736109375 0.6509395421875 0.616758578125 0.665236928125 0.6188010625 0.68361928125 0.6126736109375 0.696895425 0.5993974671875 0.7030228765625 0.587142565625 0.7030228765625 0.5687602125 0.696895425 0.5565053109375 0.6856617640625 0.54527165 0.6734068625 0.5411866828125 0.6560457515625 0.542207925 0.646854575 0.54527165 0.63357843125 0.5605902781250001 0.6294934640625 0.5728451796875 0.6294934640625 0.587142565625 0.6376633984375 0.60552491875 0.6448120921875 0.6126736109375
0 0.25265522812499996 0.6576082515625 0.2485702609375 0.65556576875 0.23120915000000003 0.656587009375 0.22099673125 0.6647569437499999 0.2169117640625 0.6729268796875 0.2169117640625 0.6892667484375 0.23223039218750002 0.706627859375 0.2506127453125 0.7086703437499999 0.265931371875 0.6953942 0.26797385625 0.69130923125 0.26797385625 0.6770118468749999 0.2638888890625 0.6688419125 0.25265522812499996 0.6576082515625
0 0.23018790781249998 0.7045853765625 0.219975490625 0.6943729578125 0.2189542484375 0.6953942 0.21486928125000002 0.6994791671875 0.21486928125000002 0.7076491015624999 0.22099673125 0.7178615203125001 0.22814542499999999 0.722967728125 0.2424428109375 0.7250102125 0.25367647031249996 0.7178615203125001 0.2557189546875 0.7137765515625001 0.2546977125 0.706627859375 0.23835784375000002 0.7086703437499999 0.23018790781249998 0.7045853765625
0 0.29146241875 0.7107128265625 0.2904411765625 0.7137765515625001 0.2955473859375 0.7188827609375 0.3037173203125 0.722967728125 0.3139297390625 0.722967728125 0.3200571890625 0.7209252453125 0.329248365625 0.71173406875 0.33129084999999997 0.70152165 0.3272058828125 0.6953942 0.32516339843750003 0.6831392968750001 0.32107843125 0.6831392968750001 0.32107843125 0.6974366828125 0.3190359484375 0.70152165 0.3078022875 0.7107128265625 0.3016748359375 0.7107128265625 0.299632353125 0.7127553109375 0.29146241875 0.7107128265625