2 0.45986421718750004 0.31589456875 0.451876996875 0.3198881796875 0.44089456875 0.3328674125 0.44089456875 0.3528354625 0.44988019218749997 0.363817890625 0.461861021875 0.36980830625 0.47484025625 0.3688099046875 0.48382587812500005 0.365814696875 0.49081469687499996 0.35682907343750003 0.49480830625000005 0.348841853125 0.49480830625000005 0.3348642171875 0.49081469687499996 0.326876996875 0.48182907343750003 0.3178913734375 0.4758386578125 0.31589456875 0.45986421718750004 0.31589456875
2 0.3450479234375 0.316892971875 0.34305111875 0.31289936093750004 0.3340654953125 0.30591054375 0.3220846640625 0.30591054375 0.3111022359375 0.314896165625 0.30910543125 0.3288738015625 0.31409744375000004 0.337859425 0.3220846640625 0.34185303437500003 0.3310702875 0.3408546328125 0.34305111875 0.33087060625000003 0.3450479234375 0.316892971875
2 0.23522364218749997 0.338857828125 0.242212459375 0.343849840625 0.25319488749999997 0.34285143749999997 0.261182109375 0.3328674125 0.261182109375 0.3248801921875 0.2581869015625 0.3198881796875 0.24620607031250002 0.31589456875 0.23522364218749997 0.3248801921875 0.23522364218749997 0.338857828125
2 0.2691693296875 0.314896165625 0.26717252343750003 0.31090255624999996 0.2621805109375 0.3079073484375 0.254193290625 0.3079073484375 0.2472044734375 0.314896165625 0.25019968125 0.3178913734375 0.259185303125 0.32088658125 0.261182109375 0.3328674125 0.2631789140625 0.3328674125 0.2691693296875 0.3248801921875 0.2691693296875 0.314896165625
2 0.3350638984375 0.304912140625 0.337060703125 0.29892172499999997 0.332068690625 0.2899361015625 0.320087859375 0.287939296875 0.30910543125 0.2969249203125 0.3071086265625 0.3029153359375 0.30910543125 0.304912140625 0.30910543125 0.31090255624999996 0.315095846875 0.31090255624999996 0.320087859375 0.30591054375 0.3350638984375 0.304912140625
2 0.1533546328125 0.382787540625 0.149361021875 0.37480031875 0.1423722046875 0.37180511250000003 0.1363817890625 0.3738019171875 0.129392971875 0.380790734375 0.129392971875 0.3947683703125 0.1313897765625 0.39876198125 0.1363817890625 0.40175718906249996 0.14536741250000002 0.4007587859375 0.1533546328125 0.3887779546875 0.1533546328125 0.382787540625
2 0.046525559375 0.45966453749999997 0.041533546875 0.46465655000000006 0.037539935937500005 0.474640575 0.039536740625 0.4886182109375 0.046525559375 0.49560702812499996 0.055511182812500004 0.49460862656250004 0.061501596874999995 0.48662140625 0.063498403125 0.4726437703125 0.0585063890625 0.4616613421875 0.046525559375 0.45966453749999997
1 0.3460463265625 0.31589456875 0.3500399359375 0.3178913734375 0.3550319484375 0.316892971875 0.3600239609375 0.31589456875 0.3670127796875 0.3089057515625 0.369009584375 0.3029153359375 0.369009584375 0.294928115625 0.3620207671875 0.2859424921875 0.34804313124999997 0.2859424921875 0.34404952031249997 0.287939296875 0.337060703125 0.29892172499999997 0.337060703125 0.3069089453125 0.3460463265625 0.31589456875
1 0.3510383390625 0.2849440890625 0.354033546875 0.2859424921875 0.35802715625000003 0.28394568750000004 0.3620207671875 0.2859424921875 0.369009584375 0.2969249203125 0.369009584375 0.3029153359375 0.3710063890625 0.3029153359375 0.37699680468749996 0.2969249203125 0.37699680468749996 0.2869408953125 0.375 0.282947284375 0.3700079875 0.277955271875 0.364017571875 0.277955271875 0.3620207671875 0.2759584671875 0.354033546875 0.2799520765625 0.3510383390625 0.2849440890625
1 0.6285942484375 0.2789536734375 0.6345846640625 0.272963259375 0.6365814703125 0.26697284374999997 0.6345846640625 0.2549920125 0.6236022359375 0.2480031953125 0.615615015625 0.2480031953125 0.605630990625 0.2539936109375 0.6026357828125 0.2589856234375 0.6026357828125 0.2649760390625 0.60662939375 0.272963259375 0.6136182109375 0.2799520765625 0.6285942484375 0.2789536734375
1 0.7464057515625 0.28095047968750003 0.7503993609374999 0.2749600640625 0.7503993609374999 0.26697284374999997 0.7414137375000001 0.255990415625 0.737420128125 0.2539936109375 0.7274361015624999 0.2539936109375 0.7204472843749999 0.2589856234375 0.7184504796875 0.270966453125 0.7234424921875 0.2759584671875 0.7334265171875 0.2759584671875 0.7414137375000001 0.28194888125 0.7464057515625 0.28095047968750003
1 0.769369009375 0.255990415625 0.7573881796874999 0.255990415625 0.7503993609374999 0.260982428125 0.7503993609374999 0.2749600640625 0.75339456875 0.277955271875 0.754392971875 0.27695686875000003 0.7563897765625 0.26896964843750004 0.76337859375 0.26198083125 0.7723642171875 0.260982428125 0.769369009375 0.255990415625
2 0.708466453125 0.2909345046875 0.710463259375 0.3029153359375 0.7194488812500001 0.3138977640625 0.7274361015624999 0.3178913734375 0.7384185296875 0.316892971875 0.7414137375000001 0.31589456875 0.7484025562500001 0.3069089453125 0.7503993609374999 0.3009185296875 0.7484025562500001 0.2889377 0.74341054375 0.28194888125 0.7334265171875 0.2759584671875 0.7214456874999999 0.2759584671875 0.7124600640625001 0.282947284375 0.708466453125 0.2909345046875
2 0.7883386578125 0.28095047968750003 0.7843450484375001 0.26896964843750004 0.775359425 0.26198083125 0.76337859375 0.26198083125 0.754392971875 0.272963259375 0.754392971875 0.27695686875000003 0.7603833859375 0.2889377 0.769369009375 0.2939297125 0.7803514375 0.292931309375 0.7863418531249999 0.2869408953125 0.7883386578125 0.28095047968750003