2 0.5651097203125001 0 0.5625243484375 0.0095161359375 0.5655916171875 0.024765943749999998 0.5762662984375 0.040124378125 0.586926253125 0.045246309375 0.5956512125 0.0450971828125 0.6067180484375 0.040474187499999995 0.6154816703125 0.0330490421875 0.61842095625 0 0.5651097203125001 0
1 0.6307490328124999 0 0.6254512125 0.0106870734375 0.6196941 0.02049828125 0.6220801625 0.034461162499999996 0.6268117828124999 0.046883046875 0.631972378125 0.0537245640625 0.64127544375 0.058290485937500004 0.6506042843750001 0.061009785937500005 0.663508534375 0.05638863125 0.6734099546875 0.0493188171875 0.6796917796875 0.03862204375 0.6839833765625001 0.0245376484375 0.6851985015625 0.012883503125000001 0.681184909375 0.0036632875 0.679375465625 0 0.6307490328124999 0
1 0.5094713359374999 0 0.50744685625 0.0024326015625 0.5044729921875 0.009375274999999999 0.5031965984375 0.0283208640625 0.5060710421875 0.0366912546875 0.5100119734375 0.047382303125000004 0.5174731312499999 0.054693362499999995 0.5267749187499999 0.059542815625 0.5379276296875 0.0603859375 0.5439255468749999 0.05929408125 0.5509038171875 0.0545475546875 0.5551228578125 0.052355265625 0.5601284125 0.0448537953125 0.5637118953125 0.0387272234375 0.5643764703125 0.0339805640625 0.5663081609375 0.0262956765625 0.5637299078125 0.0188791203125 0.5614578515625 0.0114239671875 0.56146814375 0.006316345312500001 0.56117995625 0.0016950421875 0.560389203125 0 0.5094713359374999 0
2 0.60126905 0.7202210953125 0.5977088937499999 0.72697004375 0.597088971875 0.733904671875 0.59686015625 0.740947496875 0.5968104453125 0.746413471875 0.5977871140625 0.7531397546874999 0.6033283843749999 0.7582899203125 0.60810864375 0.7635190374999999 0.61499795 0.7673248234375001 0.6222739749999999 0.76872110625 0.6300098234375 0.7690098671875 0.6365942859375 0.7669922015624999 0.6454340015625 0.7633852578125 0.65027274375 0.75649960625 0.6557591875 0.74989394375 0.6577607703125 0.743732753125 0.6574997890625001 0.736306134375 0.6552657359375 0.728298340625 0.6519746015625 0.7224631921875 0.647162175 0.71576103125 0.640202690625 0.71235000625 0.6345122875 0.7094857984375 0.6315764374999999 0.70889585 0.6260527125 0.7083526890625 0.62196766875 0.7085456828125001 0.6144686765625 0.7103411140625 0.6078886015625 0.7135130875 0.60126905 0.7202210953125
2 0.532783371875 0.9770968484375 0.536523365625 0.9825555109374999 0.5396617125 0.986402234375 0.5433834296875 0.98943896875 0.549130853125 0.9912702187500001 0.5529300593750001 0.993870521875 0.559731640625 0.9932184359375 0.568024540625 0.9897138390625001 0.575062978125 0.9841177390625001 0.5800581625000001 0.977506228125 0.57910635 0.957709709375 0.5788980046875001 0.9506778515625 0.577865778125 0.933920259375 0.5759394921875 0.9304646406250001 0.56984409375 0.9270996703125001 0.563015465625 0.9223164875000001 0.5555559484375 0.9216994906249999 0.5500095609375 0.9216994906249999 0.5462951546875 0.9229415234375 0.5443454765625 0.924139696875 0.53761041875 0.9276340609375 0.53454590625 0.932152609375 0.5296508734375001 0.9393080109374999 0.5280126171874999 0.9476009109374999 0.527441675 0.9527116 0.5269993984375 0.961442390625 0.5284607421875 0.9669288359375001 0.5287239171875 0.9684515875 0.5301019234375001 0.9715000171874999 0.532783371875 0.9770968484375
1 0.63496374375 1 0.6361821703125 0.9984709468749999 0.639978453125 0.9907022031249999 0.6417256359375 0.9841309 0.6421657203125 0.9778066859375001 0.6408498515625001 0.968444278125 0.6391034015625 0.9623408390625 0.635774253125 0.954539196875 0.6328647187499999 0.947660125 0.6283841859375 0.9435970140625001 0.6233392890625 0.939183734375 0.6171452015625001 0.9366229078125 0.6148950656250001 0.936228146875 0.6096820296875001 0.9360497734375001 0.6031297328125 0.9368093234374999 0.5964297671875001 0.9403468171875 0.59079126875 0.9458880875 0.5862354359374999 0.95200249375 0.58534649375 0.9578866218750001 0.5850058312499999 0.966109340625 0.5834889249999999 0.975634040625 0.5848333046875 0.983296784375 0.5882114328125 0.9903615390624999 0.5922913578125 0.9955694562499999 0.5963752890625 1 0.63496374375 1
1 0.49457437656250003 0.9231620609375 0.48899412656249996 0.926370359375 0.48352294687499997 0.929048396875 0.4788812171875 0.9338755015625001 0.4748003578125 0.94055464375 0.47139116249999996 0.9496846281250001 0.471649828125 0.9592577921875 0.4717714 0.9670866968749999 0.47375018124999996 0.974700046875 0.47706108281250004 0.9805342187500001 0.48074359843750003 0.9853061421874999 0.48402216875 0.9886498078124999 0.49036892656250003 0.9928608625 0.4963910625 0.9944279359375001 0.5024248359375 0.995015534375 0.507762803125 0.9940235578125 0.5136504328125 0.99120153125 0.5172212921875 0.9876746437499999 0.52066885625 0.9832889921874999 0.5227398953125 0.9786726984375 0.5261891828125 0.9734795828125 0.527804540625 0.9699699390625 0.5278614453125 0.9663197578125 0.52611416875 0.96251739375 0.52639654375 0.95881763125 0.5264698328125 0.9543336874999999 0.52662589375 0.9529748375 0.5263366203125 0.9478252640625 0.526651759375 0.9455498796875 0.5263137718750001 0.9426261125 0.5249665625 0.939186309375 0.52277610625 0.936113809375 0.521412084375 0.93361295625 0.5188556203125 0.9314914796875 0.516895375 0.9298006765625001 0.51188289375 0.9251205796875 0.5081262265625 0.9242174109375 0.5049209453125 0.9233608 0.500734896875 0.9231965484375 0.49457437656250003 0.9231620609375
3 0.6140625 0.0359375 0.1578125 0.071875
3 0.6109375 0.25625 0.1421875 0.1015625
3 0.5984375 0.5 0.1640625 0.1
3 0.5875 0.7453125 0.15625 0.0875
3 0.58125 0.953125 0.15 0.09375