0 0.025 0.6179047125 0.016803278125 0.6220030734375 0.012704918749999999 0.6301997953125 0.012704918749999999 0.6424948765625 0.016803278125 0.652740778125 0.026024590625 0.661962090625 0.038319671875 0.6640112703125001 0.045491803125 0.6588883203125 0.0495901640625 0.6506915984375 0.0495901640625 0.638396515625 0.038319671875 0.618929303125 0.0342213109375 0.6168801234375 0.025 0.6179047125
0 0.17151639375 0.729585040625 0.18176229531250002 0.729585040625 0.18893442656249998 0.722412909375 0.18893442656249998 0.7080686468749999 0.184836065625 0.70192110625 0.177663934375 0.6967981562500001 0.1643442625 0.6978227453125 0.158196721875 0.7060194671875 0.158196721875 0.71626536875 0.16024590156250001 0.7203637296875 0.17151639375 0.729585040625
0 0.7299180328125 0.5359375 0.7360655734375 0.5523309421875 0.7452868859375 0.5615522546875 0.75348360625 0.5656506140625 0.7637295078124999 0.5656506140625 0.7657786890625 0.5676997953125 0.76782786875 0.5656506140625 0.7801229515625 0.563601434375 0.7913934421875 0.5543801234375 0.7995901640625 0.5400358609375 0.80163934375 0.515445696875 0.795491803125 0.501101434375 0.788319671875 0.493929303125 0.7780737703125 0.48778176249999994 0.7698770484375 0.48778176249999994 0.76782786875 0.48573258125 0.7606557375 0.486757171875 0.7432377046875 0.4918801234375 0.7360655734375 0.501101434375 0.7299180328125 0.5174948765625 0.7299180328125 0.5359375
0 0.906147540625 0.458068646875 0.9040983609375 0.48265881093749996 0.908196721875 0.49495389375 0.9194672125000001 0.5082735656249999 0.93586065625 0.5082735656249999 0.9430327875 0.5031506140625 0.949180328125 0.48880635312500004 0.949180328125 0.4642161890625 0.93586065625 0.44679815625 0.9245901640625 0.4437243859375 0.9194672125000001 0.444748975 0.906147540625 0.458068646875
0 0.9573770484375 0.49700307343750005 0.9532786890624999 0.486757171875 0.949180328125 0.486757171875 0.9471311468750001 0.49700307343750005 0.939959015625 0.5062243859375 0.93586065625 0.5082735656249999 0.9256147546875001 0.5082735656249999 0.9225409843750001 0.5113473359375 0.9245901640625 0.5195440578125 0.93586065625 0.52876536875 0.9440573765625 0.52876536875 0.9502049187500001 0.5246670078125 0.9573770484375 0.5113473359375 0.9573770484375 0.49700307343750005
0 0.9963114750000001 0.4355276640625 0.9942622953125 0.4293801234375 0.98913934375 0.42630635312500004 0.9788934421875 0.4140112703125 0.9778688531249999 0.4150358609375 0.9840163937499999 0.431429303125 0.9840163937499999 0.45192110625000004 0.9799180328125001 0.460117828125 0.9717213109375 0.46831454843750003 0.9747950812499999 0.47138832031250005 0.9829918031249999 0.47138832031250005 0.9870901640625 0.4693391390625 0.9942622953125 0.460117828125 0.9963114750000001 0.45397028749999996 0.9963114750000001 0.4355276640625
1 1 0.3674948765625 0.997336065625 0.3648309421875 0.9840163937499999 0.3658555328125 0.975819671875 0.3781506140625 0.975819671875 0.402740778125 0.9778688531249999 0.40888832031250005 0.9840163937499999 0.42118340156249995 0.98913934375 0.42630635312500004 0.9932377046875001 0.4283555328125 1 0.4283555328125 1 0.3674948765625
1 0.9450819671874999 0.458068646875 0.9563524593749999 0.4693391390625 0.970696721875 0.4693391390625 0.9799180328125001 0.460117828125 0.9840163937499999 0.45192110625000004 0.9840163937499999 0.431429303125 0.9819672125000001 0.4293801234375 0.9819672125000001 0.42323258125 0.975819671875 0.41298667968749997 0.9665983609375 0.40581454843750003 0.9573770484375 0.40478995937500006 0.9502049187500001 0.40786372968749995 0.9430327875 0.41708504062499996 0.94098360625 0.431429303125 0.9389344265625 0.433478484375 0.94098360625 0.4478227453125 0.9450819671874999 0.45397028749999996 0.9450819671874999 0.458068646875
1 0.90717213125 0.5390112703125001 0.9143442625 0.5318391390625 0.9204918031249999 0.5113473359375 0.9102459015625 0.4990522546875 0.906147540625 0.486757171875 0.9030737703125 0.48368340156249995 0.8938524593749999 0.48265881093749996 0.886680328125 0.48368340156249995 0.877459015625 0.4929047125 0.87336065625 0.5051997953125 0.87336065625 0.5195440578125 0.877459015625 0.5318391390625 0.8846311468750001 0.5390112703125001 0.8928278687500001 0.54310963125 0.898975409375 0.54310963125 0.90717213125 0.5390112703125001
1 0.741188525 0.5984375 0.7524590156250001 0.5871670078125 0.7565573765625 0.5810194671875 0.7586065578125 0.5666752046875 0.7514344265624999 0.5615522546875 0.747336065625 0.5615522546875 0.7360655734375 0.5502817624999999 0.7288934421875 0.5308145484375 0.7155737703125 0.5318391390625 0.704303278125 0.536962090625 0.699180328125 0.542085040625 0.6930327875 0.5543801234375 0.6930327875 0.5810194671875 0.7022540984375001 0.5963883203125 0.7084016390625 0.6004866796874999 0.7268442625 0.604585040625 0.741188525 0.5984375
1 0.4645491796875 0.3443391390625 0.4389344265625 0.3453637296875 0.4194672125 0.3504866796875 0.398975409375 0.3668801234375 0.3897540984375 0.3781506140625 0.377459015625 0.4068391390625 0.377459015625 0.431429303125 0.379508196875 0.433478484375 0.379508196875 0.4416752046875 0.38360655781249997 0.4478227453125 0.38360655781249997 0.45192110625000004 0.391803278125 0.4642161890625 0.3948770484375 0.465240778125 0.4051229515625 0.4775358609375 0.4297131140625 0.4898309421875 0.46045082031250006 0.4918801234375 0.491188525 0.481634221875 0.5147540984375001 0.460117828125 0.5270491796875 0.431429303125 0.5270491796875 0.40478995937500006 0.518852459375 0.38429815624999997 0.49528688593750003 0.3586834015625 0.48913934374999996 0.354585040625 0.485040984375 0.354585040625 0.47684426249999995 0.3484375 0.4645491796875 0.3443391390625
1 0.5342213109375 0.6640112703125001 0.5424180328125 0.66810963125 0.56086065625 0.66810963125 0.567008196875 0.6660604515624999 0.5731557375 0.661962090625 0.5823770484375 0.6506915984375 0.5844262296875 0.6363473359375 0.586475409375 0.6342981562500001 0.5844262296875 0.626101434375 0.58032786875 0.6179047125 0.567008196875 0.604585040625 0.5629098359375 0.6025358609375 0.5413934421875 0.6035604515624999 0.5270491796875 0.6158555328124999 0.5209016390625 0.626101434375 0.5209016390625 0.632248975 0.518852459375 0.6342981562500001 0.5209016390625 0.64864241875 0.5342213109375 0.6640112703125001
1 0.3610655734375 0.652740778125 0.34979508125000003 0.6414702875 0.3344262296875 0.6363473359375 0.32110655781249997 0.6373719265625 0.30778688593750003 0.64864241875 0.303688525 0.6568391390625 0.303688525 0.6773309421875 0.3129098359375 0.688601434375 0.329303278125 0.6967981562500001 0.3395491796875 0.6967981562500001 0.3538934421875 0.6906506140625 0.3631147546875 0.6773309421875 0.3631147546875 0.6588883203125 0.3610655734375 0.652740778125
1 0.30163934375 0.6834784843749999 0.2913934421875 0.6957735656249999 0.2913934421875 0.710117828125 0.2934426234375 0.7142161890625001 0.3006147546875 0.7213883203125 0.308811475 0.7254866796874999 0.3190573765625 0.7254866796874999 0.3272540984375 0.7213883203125 0.336475409375 0.710117828125 0.336475409375 0.6978227453125 0.314959015625 0.6906506140625 0.3067622953125 0.68245389375 0.30163934375 0.6834784843749999
1 0.5229508203125001 0.652740778125 0.51782786875 0.63942110625 0.5086065578125 0.640445696875 0.4993852453125 0.6435194671875 0.4922131140625 0.6506915984375 0.4860655734375 0.669134221875 0.49016393437500005 0.681429303125 0.4993852453125 0.6906506140625 0.5075819671875 0.694748975 0.5219262296875 0.694748975 0.53729508125 0.6834784843749999 0.5413934421875 0.6752817624999999 0.5413934421875 0.669134221875 0.5229508203125001 0.652740778125
1 0.5834016390625 0.6783555328124999 0.5926229515625 0.669134221875 0.5967213109375 0.6609375 0.5967213109375 0.6424948765625 0.5946721312500001 0.638396515625 0.5875 0.6312243859375 0.586475409375 0.632248975 0.5844262296875 0.6445440578125 0.5782786890625 0.6568391390625 0.5731557375 0.661962090625 0.5629098359375 0.66810963125 0.545491803125 0.669134221875 0.5547131140625 0.6804047125 0.56086065625 0.68245389375 0.57520491875 0.68245389375 0.5834016390625 0.6783555328124999