1 0.515625 0.5203125 0.046875 0.046875
1 0.5171875 0.471875 0.05 0.046875
1 0.7140625 0.5265625 0.0515625 0.0515625
1 0.9 0.5328125 0.053125 0.05
1 0.9125 0.4875 0.0546875 0.0484375
2 0.1625 0.503125 0.0484375 0.0421875
2 0.1609375 0.4578125 0.05 0.0421875
2 0.334375 0.5078125 0.0484375 0.0484375
2 0.7046875 0.4765625 0.0484375 0.046875
3 0.5140625 0.48125 0.0625 0.1125
3 0.3359375 0.4796875 0.06875 0.1203125
3 0.165625 0.4671875 0.0875 0.1078125
3 0.7140625 0.4921875 0.0796875 0.1203125
3 0.9109375 0.4984375 0.0890625 0.11875