1 0.45703125 0.6572265625 0.45703125 0.6298828125 0.447265625 0.6044921875 0.4306640625 0.5859375 0.4228515625 0.580078125 0.3994140625 0.5703125 0.3759765625 0.568359375 0.3740234375 0.5703125 0.3662109375 0.5703125 0.3544921875 0.57421875 0.3505859375 0.578125 0.3408203125 0.58203125 0.33203125 0.5908203125 0.31640625 0.6181640625 0.31640625 0.6474609375 0.318359375 0.6494140625 0.3203125 0.6630859375 0.328125 0.6748046875 0.328125 0.6787109375 0.3427734375 0.6953125 0.3603515625 0.705078125 0.3720703125 0.708984375 0.3818359375 0.708984375 0.3837890625 0.7109375 0.3984375 0.7099609375 0.4072265625 0.708984375 0.4130859375 0.70703125 0.4169921875 0.703125 0.4248046875 0.701171875 0.443359375 0.6845703125 0.451171875 0.6728515625 0.451171875 0.6689453125 0.45703125 0.6572265625
1 0.330078125 0.6904296875 0.328125 0.6787109375 0.32421875 0.6748046875 0.32421875 0.6708984375 0.3203125 0.6669921875 0.318359375 0.6611328125 0.3017578125 0.64453125 0.2841796875 0.6328125 0.2802734375 0.6328125 0.2744140625 0.62890625 0.2666015625 0.62890625 0.2646484375 0.626953125 0.2509765625 0.626953125 0.2490234375 0.62890625 0.2412109375 0.62890625 0.2294921875 0.6328125 0.212890625 0.6474609375 0.203125 0.6650390625 0.19921875 0.6767578125 0.19921875 0.7021484375 0.201171875 0.7041015625 0.201171875 0.7099609375 0.212890625 0.7333984375 0.2265625 0.7490234375 0.2353515625 0.755859375 0.2392578125 0.755859375 0.2431640625 0.759765625 0.2626953125 0.767578125 0.2705078125 0.767578125 0.2724609375 0.76953125 0.283203125 0.7685546875 0.3037109375 0.763671875 0.3115234375 0.7578125 0.32421875 0.7431640625 0.330078125 0.7255859375 0.330078125 0.7158203125 0.33203125 0.7138671875 0.33203125 0.6923828125 0.330078125 0.6904296875
1 0.1240234375 0.6953125 0.1083984375 0.701171875 0.099609375 0.7099609375 0.091796875 0.7294921875 0.091796875 0.7431640625 0.09375 0.7451171875 0.09375 0.7529296875 0.095703125 0.7548828125 0.09765625 0.7666015625 0.1044921875 0.779296875 0.1083984375 0.78125 0.203125 0.7802734375 0.205078125 0.7783203125 0.205078125 0.7666015625 0.1953125 0.7412109375 0.1796875 0.7197265625 0.1650390625 0.70703125 0.1513671875 0.69921875 0.1396484375 0.6953125 0.1240234375 0.6953125
1 0.2529296875 0.4296875 0.2431640625 0.43359375 0.2265625 0.4521484375 0.2265625 0.4638671875 0.224609375 0.4658203125 0.2265625 0.4814453125 0.23046875 0.4892578125 0.2412109375 0.5 0.2490234375 0.50390625 0.26953125 0.5029296875 0.2763671875 0.5 0.287109375 0.4912109375 0.29296875 0.4755859375 0.29296875 0.4560546875 0.2890625 0.4462890625 0.2763671875 0.43359375 0.2666015625 0.4296875 0.2529296875 0.4296875
1 0.2783203125 0.375 0.29296875 0.3740234375 0.302734375 0.3623046875 0.30078125 0.3447265625 0.2939453125 0.33984375 0.2822265625 0.33984375 0.2734375 0.3466796875 0.26953125 0.3544921875 0.26953125 0.3642578125 0.2783203125 0.375
1 0.302734375 0.3623046875 0.3134765625 0.373046875 0.318359375 0.3740234375 0.322265625 0.3720703125 0.32421875 0.3662109375 0.32421875 0.3486328125 0.326171875 0.3466796875 0.3251953125 0.333984375 0.3076171875 0.33984375 0.30078125 0.3486328125 0.302734375 0.3623046875
1 0.3251953125 0.333984375 0.326171875 0.3291015625 0.3134765625 0.328125 0.3095703125 0.330078125 0.302734375 0.3369140625 0.30078125 0.3427734375 0.3046875 0.3427734375 0.3251953125 0.333984375
1 0.45703125 0.3076171875 0.45703125 0.3193359375 0.458984375 0.3232421875 0.4677734375 0.33203125 0.474609375 0.3330078125 0.4833984375 0.33203125 0.490234375 0.3251953125 0.48828125 0.3193359375 0.490234375 0.3037109375 0.4853515625 0.298828125 0.4794921875 0.296875 0.4658203125 0.298828125 0.45703125 0.3076171875
1 0.43359375 0.3310546875 0.443359375 0.3310546875 0.4482421875 0.330078125 0.45703125 0.3193359375 0.45703125 0.3076171875 0.4482421875 0.298828125 0.4326171875 0.296875 0.431640625 0.3095703125 0.43359375 0.3115234375 0.43359375 0.3310546875
1 0.740234375 0.3271484375 0.736328125 0.3349609375 0.73828125 0.3505859375 0.7490234375 0.365234375 0.7587890625 0.369140625 0.76953125 0.3681640625 0.779296875 0.3583984375 0.783203125 0.3505859375 0.78125 0.3369140625 0.77734375 0.3291015625 0.7685546875 0.322265625 0.7646484375 0.3203125 0.7490234375 0.3203125 0.740234375 0.3271484375
1 0.984375 0.5087890625 0.982421875 0.4951171875 0.9765625 0.4853515625 0.9677734375 0.4765625 0.9599609375 0.47265625 0.9482421875 0.47265625 0.9384765625 0.4765625 0.92578125 0.4892578125 0.919921875 0.5009765625 0.91796875 0.5068359375 0.91796875 0.5361328125 0.92578125 0.5537109375 0.9384765625 0.56640625 0.9423828125 0.568359375 0.95703125 0.5673828125 0.9658203125 0.564453125 0.9765625 0.5537109375 0.978515625 0.5478515625 0.982421875 0.5439453125 0.984375 0.5302734375 0.986328125 0.5283203125 0.986328125 0.5107421875 0.984375 0.5087890625
0 0.904296875 0.4150390625 0.8984375 0.4267578125 0.8984375 0.4345703125 0.896484375 0.4365234375 0.8984375 0.4521484375 0.9091796875 0.47265625 0.9150390625 0.4765625 0.93359375 0.4755859375 0.9365234375 0.474609375 0.94921875 0.4599609375 0.951171875 0.4541015625 0.951171875 0.4306640625 0.9384765625 0.412109375 0.9267578125 0.40625 0.9169921875 0.40625 0.904296875 0.4150390625
0 0.9384765625 0.412109375 0.943359375 0.4169921875 0.9501953125 0.4296875 0.955078125 0.4287109375 0.962890625 0.4189453125 0.962890625 0.4052734375 0.958984375 0.3935546875 0.9482421875 0.380859375 0.9365234375 0.37890625 0.92578125 0.3876953125 0.921875 0.4033203125 0.9384765625 0.412109375
0 0.794921875 0.3408203125 0.794921875 0.3447265625 0.8076171875 0.345703125 0.8232421875 0.353515625 0.830078125 0.3623046875 0.830078125 0.3720703125 0.83203125 0.3720703125 0.8359375 0.3681640625 0.8359375 0.3525390625 0.833984375 0.3466796875 0.8232421875 0.3359375 0.8154296875 0.33203125 0.8056640625 0.33203125 0.8017578125 0.333984375 0.794921875 0.3408203125
0 0.8056640625 0.345703125 0.7919921875 0.345703125 0.787109375 0.3486328125 0.779296875 0.3603515625 0.78125 0.3759765625 0.7939453125 0.39453125 0.8037109375 0.3984375 0.814453125 0.3974609375 0.8173828125 0.396484375 0.830078125 0.3818359375 0.830078125 0.3662109375 0.828125 0.3603515625 0.8232421875 0.357421875 0.8212890625 0.353515625 0.8134765625 0.3515625 0.8056640625 0.345703125
0 0.490234375 0.3251953125 0.5029296875 0.333984375 0.513671875 0.3330078125 0.525390625 0.3232421875 0.52734375 0.3115234375 0.5185546875 0.298828125 0.5146484375 0.296875 0.5009765625 0.296875 0.490234375 0.3056640625 0.48828125 0.3115234375 0.490234375 0.3251953125
0 0.544921875 0.3173828125 0.546875 0.3291015625 0.5517578125 0.3359375 0.5615234375 0.341796875 0.576171875 0.3408203125 0.5830078125 0.3359375 0.587890625 0.3291015625 0.587890625 0.3154296875 0.5771484375 0.302734375 0.5732421875 0.30078125 0.5595703125 0.30078125 0.546875 0.3115234375 0.544921875 0.3173828125
0 0.3515625 0.3544921875 0.3544921875 0.357421875 0.359375 0.3564453125 0.3662109375 0.35546875 0.3720703125 0.3515625 0.376953125 0.3447265625 0.376953125 0.3291015625 0.3701171875 0.322265625 0.3642578125 0.322265625 0.35546875 0.3349609375 0.3515625 0.3544921875
2 0.958984375 0.3955078125 0.962890625 0.4052734375 0.9609375 0.4306640625 0.9716796875 0.439453125 0.98046875 0.4384765625 0.9833984375 0.4375 0.990234375 0.4287109375 0.9921875 0.4130859375 0.986328125 0.3974609375 0.9794921875 0.390625 0.9716796875 0.38671875 0.9619140625 0.390625 0.958984375 0.3955078125