1 0.570390365625 0.285299003125 0.5662375421875 0.29152823906249997 0.5600083062500001 0.29152823906249997 0.5506644515625 0.3029485046875 0.548588040625 0.3195598 0.5527408640625 0.3299418609375 0.55793189375 0.335132890625 0.5620847171875 0.335132890625 0.570390365625 0.3413621265625 0.5786960140625 0.3413621265625 0.591154484375 0.3372093015625 0.596345515625 0.332018271875 0.5973837203125 0.3185215953125 0.5984219265624999 0.29671926875 0.5849252484374999 0.285299003125 0.570390365625 0.285299003125
1 0.640988371875 0.29568106250000004 0.632682725 0.29360465156250004 0.6285299 0.297757475 0.6264534890625 0.29360465156250004 0.620224253125 0.29360465156250004 0.6139950171875 0.29568106250000004 0.6025747515625001 0.307101328125 0.6025747515625001 0.31333056406250004 0.6004983390625 0.3154069765625 0.6004983390625 0.334094684375 0.6098421921875 0.34551495 0.6139950171875 0.3475913625 0.6223006640625 0.3475913625 0.6243770765625001 0.34343853750000003 0.6285299 0.3475913625 0.6347591359375 0.3475913625 0.6524086375 0.332018271875 0.6534468437500001 0.3289036546875 0.65448505 0.31333056406250004 0.6503322265625 0.3050249171875 0.640988371875 0.29568106250000004
1 0.6015365453125 0.721345515625 0.5859634546875 0.7348421921875 0.5859634546875 0.763911959375 0.593230896875 0.7732558140625 0.5994601328125 0.7753322265625 0.6119186046875 0.7753322265625 0.6139950171875 0.7732558140625 0.617109634375 0.7763704312499999 0.6160714281249999 0.7774086375 0.6046511625 0.7784468437500001 0.6098421921875 0.7857142859375 0.6139950171875 0.77948505 0.620224253125 0.77948505 0.6243770765625001 0.7753322265625 0.6306063125 0.7753322265625 0.638911959375 0.7628737546875 0.639950165625 0.7431478406250001 0.6285299 0.7234219265624999 0.6015365453125 0.721345515625
2 0.6306063125 0.5074750828125 0.6098421921875 0.505398671875 0.5994601328125 0.51162790625 0.596345515625 0.5168189375 0.596345515625 0.5313538203125 0.5984219265624999 0.53550664375 0.594269103125 0.53965946875 0.594269103125 0.5458887046875 0.6098421921875 0.5593853828124999 0.6264534890625 0.5593853828124999 0.6347591359375 0.5552325578125 0.6420265781250001 0.547965115625 0.644102990625 0.5417358796875 0.6420265781250001 0.53965946875 0.6451411953124999 0.5365448500000001 0.6461794015625 0.5230481734375 0.6347591359375 0.5095514953125 0.6306063125 0.5074750828125
2 0.5807724249999999 0.49916943593749996 0.5745431890625 0.49709302343750006 0.5620847171875 0.49709302343750006 0.55793189375 0.49916943593749996 0.544435215625 0.5105897015624999 0.5402823921875 0.5188953484375001 0.5402823921875 0.529277409375 0.544435215625 0.5334302328125 0.5423588046875001 0.53758305625 0.544435215625 0.5417358796875 0.5600083062500001 0.5531561468749999 0.5745431890625 0.5531561468749999 0.5849252484374999 0.549003321875 0.5880398671875 0.5438122921875 0.5880398671875 0.53758305625 0.5859634546875 0.53550664375 0.5890780734375001 0.5323920265625001 0.5901162796875 0.5126661125 0.5880398671875 0.5064368765625 0.5807724249999999 0.49916943593749996
1 0.6472176078125 0.0755813953125 0.6306063125 0.0755813953125 0.615033221875 0.0870016609375 0.6067275750000001 0.10568936874999998 0.6067275750000001 0.116071428125 0.6108803984375 0.1264534890625 0.620224253125 0.1357973421875 0.6243770765625001 0.13787375468750002 0.638911959375 0.13787375468750002 0.6472176078125 0.1337209296875 0.6627906984374999 0.116071428125 0.663828903125 0.10465116249999999 0.664867109375 0.1015365453125 0.6534468437500001 0.07973421875 0.6472176078125 0.0755813953125
2 0.5714285718750001 0.9445598000000001 0.5714285718750001 0.9279485046874999 0.5693521593749999 0.92379568125 0.5641611296875 0.9186046515624999 0.55793189375 0.9165282390625 0.543397009375 0.9165282390625 0.5371677734375 0.9186046515624999 0.5278239203124999 0.9300249171875 0.523671096875 0.9404069765624999 0.5257475078125 0.9445598000000001 0.523671096875 0.9466362125 0.523671096875 0.959094684375 0.5299003328125 0.97155315625 0.5350913625 0.9767441859374999 0.547549834375 0.9829734218749999 0.5537790703125001 0.9829734218749999 0.5641611296875 0.9788205984375 0.5714285718750001 0.97155315625 0.572466778125 0.9642857140625001 0.5714285718750001 0.9507890359375001 0.5693521593749999 0.948712625 0.5714285718750001 0.9445598000000001
2 0.6186270140625 1 0.6274916937499999 0.9923172750000001 0.6306063125 0.985049834375 0.63164451875 0.961171096875 0.6233388703125 0.9507890359375001 0.6233388703125 0.9466362125 0.60776578125 0.937292359375 0.593230896875 0.937292359375 0.5859634546875 0.9445598000000001 0.5859634546875 0.948712625 0.58181063125 0.9507890359375001 0.5755813953125 0.9674003328125 0.5755813953125 0.9798588046875001 0.58181063125 0.9923172750000001 0.58949335625 1 0.6186270140625 1
1 0.523671096875 0.9466362125 0.519518271875 0.9445598000000001 0.519518271875 0.9383305640625 0.5164036546874999 0.9352159468749999 0.5101744187499999 0.933139534375 0.50809800625 0.9289867109375001 0.49148671093749996 0.9269102984375 0.4800664453125 0.936254153125 0.47383720937499996 0.9466362125 0.47176079687500005 0.9674003328125 0.47799003281249997 0.984011628125 0.48318106250000004 0.9892026578124999 0.49356312343750003 0.99543189375 0.5039451828125 0.99543189375 0.519518271875 0.984011628125 0.5247093015625001 0.9746677734375 0.5257475078125 0.9549418609375 0.523671096875 0.9528654484375 0.523671096875 0.9466362125
2 0.5392441859375 0.29152823906249997 0.5350913625 0.29360465156250004 0.53301495 0.2894518265625 0.5288621265625 0.287375415625 0.5164036546874999 0.2894518265625 0.5029069765624999 0.30087209375 0.5008305640625 0.3050249171875 0.498754153125 0.3195598 0.5049833890625 0.334094684375 0.5205564781249999 0.34343853750000003 0.53301495 0.34343853750000003 0.5350913625 0.33928571406249997 0.5371677734375 0.3413621265625 0.5413205984375 0.33928571406249997 0.5496262453125 0.3268272421875 0.5506644515625 0.3050249171875 0.544435215625 0.2946428578125 0.5392441859375 0.29152823906249997
1 0.5423588046875001 0.5313538203125 0.5423588046875001 0.5230481734375 0.5402823921875 0.5168189375 0.53301495 0.5095514953125 0.5288621265625 0.5074750828125 0.5267857140625 0.5095514953125 0.522632890625 0.505398671875 0.50809800625 0.505398671875 0.5039451828125 0.5074750828125 0.494601328125 0.5168189375 0.4904485046875 0.525124584375 0.4904485046875 0.53758305625 0.494601328125 0.547965115625 0.49979235937500005 0.5531561468749999 0.5143272421875 0.5593853828124999 0.5205564781249999 0.5593853828124999 0.5267857140625 0.5552325578125 0.5309385375 0.5552325578125 0.5423588046875001 0.5438122921875 0.543397009375 0.5386212625 0.544435215625 0.53758305625 0.5402823921875 0.5334302328125 0.5423588046875001 0.5313538203125
3 0.5984375 0.1140625 0.11875 0.084375
3 0.5984375 0.3125 0.128125 0.0765625
3 0.5859375 0.5296875 0.1453125 0.096875
3 0.58125 0.74375 0.1484375 0.0890625
3 0.5703125 0.95 0.1375 0.090625