1 0.7587859421875 0.5557108625 0.762779553125 0.54373003125 0.762779553125 0.521765175 0.7567891375 0.505790734375 0.745806709375 0.4928115015625 0.72983226875 0.4828274765625 0.7078674125 0.4808306703125 0.70587060625 0.4828274765625 0.6978833859375 0.4828274765625 0.689896165625 0.4868210859375 0.6878993609374999 0.49081469687499996 0.6789137375000001 0.4978035140625 0.6709265171875 0.5097843453124999 0.6689297125 0.5237619812500001 0.6669329078125 0.5257587859374999 0.6689297125 0.5477236421875 0.6829073484375 0.571685303125 0.689896165625 0.578674121875 0.6988817890625 0.583666134375 0.7258386578125 0.5846645374999999 0.7418130984375 0.576677315625 0.7587859421875 0.5557108625
1 0.423322684375 0.47783546250000003 0.42731629375 0.4698482421875 0.4313099046875 0.4578674125 0.4313099046875 0.4378993609375 0.4293130984375 0.43190894531249996 0.423322684375 0.419928115625 0.41234025625 0.4089456875 0.406349840625 0.40694888125000006 0.4023562296875 0.40295527187499997 0.39636581406250004 0.40095846718750006 0.3763977640625 0.40095846718750006 0.3744009578125 0.40295527187499997 0.36841054375 0.40295527187499997 0.3524361015625 0.41293929687500003 0.34345047968750003 0.4219249203125 0.33945686875000003 0.42991214062500005 0.3374600640625 0.44388977656249995 0.335463259375 0.44588658125 0.3374600640625 0.461861021875 0.345447284375 0.47783546250000003 0.35842651718749996 0.49081469687499996 0.367412140625 0.49580670937500004 0.39037540000000004 0.4968051125 0.40834664531250003 0.49081469687499996 0.423322684375 0.47783546250000003
1 0 0.46944888125000006 0.0019968046875 0.4718450484375 0.010982428125 0.47284344999999994 0.020966453125 0.466853034375 0.027955271875 0.4578674125 0.029952076562500003 0.44588658125 0.03194888125 0.44388977656249995 0.03194888125 0.43190894531249996 0.029952076562500003 0.42991214062500005 0.027955271875 0.417931309375 0.01697284375 0.4109424921875 0.0069888171875 0.4109424921875 0 0.4188631515625 0 0.46944888125000006
1 0.0539137375 0.4159345046875 0.059904153125000005 0.3999600640625 0.06589456875000001 0.39396964843750004 0.060902556249999996 0.38698083125 0.0569089453125 0.384984025 0.0469249203125 0.384984025 0.042931309375 0.38698083125 0.03194888125 0.397963259375 0.027955271875 0.40595047968750003 0.027955271875 0.419928115625 0.03194888125 0.42991214062500005 0.03194888125 0.43590255625 0.0369408953125 0.44289137343749996 0.0399361015625 0.44388977656249995 0.050918529687500005 0.4448881796875 0.05591054375 0.44189297187500004 0.0539137375 0.4159345046875
1 0.1058306703125 0.419928115625 0.1058306703125 0.40794728437499994 0.1018370609375 0.397963259375 0.0928514375 0.3889776359375 0.086861021875 0.38698083125 0.07088658125 0.3889776359375 0.059904153125000005 0.3999600640625 0.0539137375 0.41393769999999996 0.0539137375 0.4339057515625 0.05790734843749999 0.44189297187500004 0.066892971875 0.45087859375 0.07388178906250001 0.4538738015625 0.0828674125 0.45287540000000004 0.0958466453125 0.44588658125 0.1058306703125 0.419928115625
1 0.23162939374999997 0.3720047921875 0.23362619843750002 0.3660143765625 0.23362619843750002 0.3500399359375 0.2226437703125 0.337060703125 0.218650159375 0.3350638984375 0.20467252343750003 0.3350638984375 0.1946884984375 0.3390575078125 0.1896964859375 0.34404952031249997 0.1837060703125 0.35603035156249996 0.181709265625 0.3660143765625 0.1837060703125 0.3680111828125 0.1837060703125 0.374001596875 0.19668530312500002 0.3889776359375 0.1996805109375 0.3899760390625 0.21066293906250003 0.39097444062500003 0.21665335468750002 0.3889776359375 0.23162939374999997 0.3720047921875
1 0.4293130984375 0.30411341875 0.4203274765625 0.29113418593749996 0.41633386562499997 0.2891373796875 0.4023562296875 0.2891373796875 0.3913738015625 0.298123003125 0.389376996875 0.3021166140625 0.389376996875 0.3160942484375 0.399361021875 0.32607827500000003 0.4143370609375 0.3270766765625 0.42731629375 0.3160942484375 0.4293130984375 0.30411341875
1 0.3873801921875 0.3160942484375 0.3873801921875 0.30411341875 0.3853833859375 0.298123003125 0.3803913734375 0.29313099062500003 0.3744009578125 0.29113418593749996 0.3604233234375 0.29113418593749996 0.3474440890625 0.3021166140625 0.3474440890625 0.320087859375 0.35443290781250003 0.32907348281250004 0.357428115625 0.330071884375 0.372404153125 0.3310702875 0.3853833859375 0.320087859375 0.3873801921875 0.3160942484375
1 0.3055111828125 0.320087859375 0.3055111828125 0.308107028125 0.3035143765625 0.30411341875 0.2925319484375 0.2951277953125 0.284544728125 0.2951277953125 0.274560703125 0.29912140625 0.2655750796875 0.310103834375 0.2655750796875 0.3240814703125 0.27056709218749997 0.32907348281250004 0.28055111875 0.3310702875 0.28554313124999997 0.3360623 0.29053514375 0.337060703125 0.2945287546875 0.3350638984375 0.3055111828125 0.320087859375
0 0.2875399359375 0.3700079875 0.291533546875 0.3620207671875 0.291533546875 0.3460463265625 0.2875399359375 0.3380591046875 0.2765575078125 0.32907348281250004 0.2585862625 0.32907348281250004 0.2505990421875 0.33306709218749997 0.24161341875 0.342052715625 0.23761980781249997 0.3500399359375 0.2396166140625 0.3680111828125 0.2436102234375 0.375998403125 0.2535942484375 0.3839856234375 0.2645766765625 0.384984025 0.274560703125 0.380990415625 0.2875399359375 0.3700079875
0 0.6729233234375 0.3720047921875 0.6729233234375 0.35802715625000003 0.6709265171875 0.354033546875 0.6559504796875 0.34105431249999996 0.6399760390625 0.34105431249999996 0.630990415625 0.34804313124999997 0.6269968046875001 0.35603035156249996 0.6269968046875001 0.3700079875 0.630990415625 0.3779952078125 0.640974440625 0.385982428125 0.6559504796875 0.38698083125 0.6619408953125 0.384984025 0.6729233234375 0.3720047921875
0 0.345447284375 0.320087859375 0.3474440890625 0.308107028125 0.34345047968750003 0.3001198078125 0.3364616609375 0.2951277953125 0.322484025 0.29313099062500003 0.3164936109375 0.2951277953125 0.3055111828125 0.308107028125 0.3055111828125 0.3220846640625 0.31449680468749996 0.33306709218749997 0.3174920125 0.3340654953125 0.3264776359375 0.3350638984375 0.3364616609375 0.3310702875 0.345447284375 0.320087859375
1 0.5890575078125 0.3360623 0.5910543125000001 0.330071884375 0.5870607031249999 0.3180910546875 0.576078275 0.30910543125 0.560103834375 0.30910543125 0.553115015625 0.31409744375000004 0.54912140625 0.320087859375 0.54912140625 0.3340654953125 0.5511182109375 0.3380591046875 0.5630990421875001 0.34804313124999997 0.5740814703125 0.3490415328125 0.582068690625 0.3450479234375 0.5890575078125 0.3360623