1 0.441521515625 0.8516393437499999 0.430251025 0.8629098359375 0.4261526640625 0.8711065578125 0.4261526640625 0.8915983609374999 0.430251025 0.89979508125 0.443570696875 0.9110655734374999 0.4599641390625 0.9110655734374999 0.4640625 0.90901639375 0.4753329921875 0.895696721875 0.4753329921875 0.879303278125 0.47123463125000004 0.8752049187500001 0.4753329921875 0.8711065578125 0.4743084015625 0.86598360625 0.4732838109375 0.8588114750000001 0.4640625 0.8516393437499999 0.45791495937500004 0.8495901640625 0.4456198765625 0.8495901640625 0.441521515625 0.8516393437499999
1 0.48352971250000004 0.8752049187500001 0.4804559421875 0.8762295078125 0.477382171875 0.881352459375 0.479431353125 0.8854508203125 0.479431353125 0.895696721875 0.48557889374999996 0.9059426234375 0.49889856562499996 0.915163934375 0.5173411890625 0.9131147546875 0.5265625 0.9038934421875 0.5327100406249999 0.8915983609374999 0.5316854515625 0.872131146875 0.5173411890625 0.8557377046875001 0.5070952875 0.8516393437499999 0.50504610625 0.8536885249999999 0.49480020468749997 0.8536885249999999 0.4814805328125 0.8690573765625 0.48352971250000004 0.8752049187500001
1 0.42820184375 0.6948770484375 0.4394723359375 0.708196721875 0.443570696875 0.708196721875 0.44971823750000006 0.71229508125 0.4681608609375 0.708196721875 0.4753329921875 0.701024590625 0.47635758125 0.677459015625 0.4732838109375 0.6620901640625 0.4681608609375 0.6569672125 0.46201332031250003 0.6549180328124999 0.4456198765625 0.6549180328124999 0.441521515625 0.65901639375 0.43742315625000006 0.65901639375 0.430251025 0.6702868859375 0.42820184375 0.6948770484375
1 0.5265625 0.6641393437499999 0.5265625 0.6600409843749999 0.5214395484375001 0.6549180328124999 0.511193646875 0.650819671875 0.50504610625 0.652868853125 0.49889856562499996 0.650819671875 0.49070184375 0.6549180328124999 0.48557889374999996 0.6600409843749999 0.48762807343750003 0.666188525 0.48250512343749996 0.6672131140625 0.479431353125 0.6702868859375 0.479431353125 0.6887295078125 0.49070184375 0.7040983609375 0.49889856562499996 0.708196721875 0.513242828125 0.708196721875 0.5214395484375001 0.7040983609375 0.5306608609375 0.6948770484375 0.534759221875 0.686680328125 0.53373463125 0.6692622953125 0.5316854515625 0.665163934375 0.5265625 0.6641393437499999
1 0.43742315625000006 0.43770491875 0.43230020468749997 0.44282786874999996 0.42820184375 0.451024590625 0.42820184375 0.4674180328125 0.43230020468749997 0.4756147546875 0.4456198765625 0.4868852453125 0.4640625 0.4868852453125 0.4753329921875 0.4797131140625 0.4753329921875 0.4756147546875 0.4814805328125 0.46536885312500004 0.4804559421875 0.45 0.472259221875 0.43770491875 0.4681608609375 0.43770491875 0.45791495937500004 0.43155737656250004 0.45176741875 0.43155737656250004 0.441521515625 0.4397540984375 0.43742315625000006 0.43770491875
2 0.43952727031250005 0 0.43371360000000003 0.01356523125 0.43371360000000003 0.021761953125 0.4357627796875 0.0238111328125 0.43371360000000003 0.0258603125 0.43371360000000003 0.0320078546875 0.4378119609375 0.04225375625 0.44703327187499997 0.0514750671875 0.4572791734375 0.057622607812500004 0.475721796875 0.053524246875 0.48289392812500004 0.044302935937499996 0.48289392812500004 0.027909493749999997 0.4849431078125 0.0258603125 0.48391851875 0.0063931000000000005 0.48289392812500004 0.0012701484375 0.481623778125 0 0.43952727031250005 0
2 0.51939036875 0.0073770484375 0.513242828125 0.0073770484375 0.511193646875 0.0094262296875 0.5070952875 0.0073770484375 0.492751025 0.015573770312499999 0.48762807343750003 0.0227459015625 0.4896772546875 0.0288934421875 0.48352971250000004 0.032991803125000004 0.48352971250000004 0.0514344265625 0.491726434375 0.06577868906249999 0.50504610625 0.0729508203125 0.51939036875 0.0729508203125 0.5234887296874999 0.0709016390625 0.534759221875 0.059631146875 0.53885758125 0.0493852453125 0.53885758125 0.0370901640625 0.5368084015625 0.035040984375 0.53885758125 0.0309426234375 0.5378329921875 0.025819671875 0.534759221875 0.020696721874999997 0.51939036875 0.0073770484375
2 0.479431353125 0.47151639375 0.479431353125 0.48586065625 0.48352971250000004 0.48995901562500005 0.48557889374999996 0.4961065578125 0.4968493859375 0.5032786890625001 0.5152920078125 0.5032786890625001 0.5214395484375001 0.5012295078125 0.534759221875 0.483811475 0.53373463125 0.4684426234375 0.5286116796875 0.45922131093749996 0.51939036875 0.45204917968749997 0.513242828125 0.45 0.4968493859375 0.45 0.492751025 0.45204917968749997 0.4814805328125 0.46536885312500004 0.479431353125 0.47151639375
2 0.4107838109375 0.652868853125 0.39643954843749996 0.652868853125 0.3902920078125 0.6549180328124999 0.381070696875 0.6620901640625 0.37492315625 0.6723360656249999 0.37287397499999997 0.6907786890625001 0.3769723359375 0.698975409375 0.386193646875 0.708196721875 0.39643954843749996 0.71229508125 0.4107838109375 0.7102459015625 0.414882171875 0.706147540625 0.42102971250000004 0.7040983609375 0.42820184375 0.69282786875 0.430251025 0.686680328125 0.429226434375 0.671311475 0.42410348437499995 0.6682377046875 0.4261526640625 0.666188525 0.42410348437499995 0.6620901640625 0.4107838109375 0.652868853125
1 0.38742315625 0 0.381070696875 0.006352459374999999 0.37492315625 0.0227459015625 0.3769723359375 0.03913934375 0.3831198765625 0.0514344265625 0.39643954843749996 0.06270491875 0.4107838109375 0.06270491875 0.4189805328125 0.054508196875000005 0.42307889374999996 0.054508196875000005 0.42820184375 0.0493852453125 0.4343493859375 0.0370901640625 0.4333247953125 0.027868853125 0.42820184375 0.0227459015625 0.430251025 0.020696721874999997 0.430251025 0.0145491796875 0.4261526640625 0.0084016390625 0.42307889374999996 0.00532786875 0.4189805328125 0.00532786875 0.41517491093750003 0 0.38742315625 0
2 0.416931353125 0.45204917968749997 0.4128329921875 0.4540983609375 0.40668545156249997 0.44795082031250005 0.400537909375 0.44795082031250005 0.388242828125 0.45204917968749997 0.3769723359375 0.463319671875 0.37492315625 0.4694672125 0.37492315625 0.483811475 0.3769723359375 0.48995901562500005 0.388242828125 0.5012295078125 0.39848872968750004 0.50532786875 0.40873463125000004 0.50532786875 0.4128329921875 0.5012295078125 0.4189805328125 0.5012295078125 0.4261526640625 0.49405737656250004 0.4261526640625 0.48995901562500005 0.430251025 0.4879098359375 0.43230020468749997 0.48176229531250003 0.4312756140625 0.472540984375 0.42820184375 0.463319671875 0.416931353125 0.45204917968749997
3 0.475 0.8875 0.1328125 0.1015625
3 0.4734375 0.6828125 0.13125 0.0859375
3 0.4734375 0.46875 0.134375 0.0796875
3 0.4765625 0.2515625 0.13125 0.0890625
3 0.478125 0.04375 0.1359375 0.0875