2 0.421875 0.6671875 0.0515625 0.05
2 0.41875 0.4875 0.04375 0.0453125
2 0.4078125 0.284375 0.04375 0.05
1 0.45625 0.2984375 0.0421875 0.05
2 0.396875 0.096875 0.046875 0.05625
1 0.4484375 0.0859375 0.0453125 0.0578125
1 0.4640625 0.484375 0.046875 0.0484375
2 0.4703125 0.678125 0.04375 0.0453125
1 0.49931185312500004 0.68174603125 0.5042721703125 0.68075396875 0.5052642328125 0.6757936515625 0.5072483609375 0.6857142859375001 0.5211372484375 0.6857142859375001 0.525105503125 0.683730159375 0.532049946875 0.6767857140625 0.5360182015625 0.66884920625 0.5360182015625 0.652976190625 0.5231213765625 0.6380952375 0.5112166140625 0.6361111109375 0.5052642328125 0.6380952375 0.50328010625 0.65 0.5012959796875001 0.6440476187499999 0.4953435984375 0.6440476187499999 0.49038328125 0.6490079359375 0.4893912171875 0.6539682546875001 0.48839915468750006 0.6668650796875 0.49038328125 0.6728174609375001 0.49931185312500004 0.68174603125
2 0.48829365156250004 0.3007936515625 0.4922619046875 0.3007936515625 0.49623015937500004 0.3047619046875 0.5081349203125 0.3047619046875 0.512103175 0.302777778125 0.525 0.28789682499999997 0.5269841265624999 0.277976190625 0.525 0.2759920640625 0.5230158734375 0.262103175 0.516071428125 0.25515872968750003 0.5081349203125 0.25119047656250004 0.49623015937500004 0.25119047656250004 0.4922619046875 0.253174603125 0.490277778125 0.2611111109375 0.48829365156250004 0.25515872968750003 0.48134920625 0.262103175 0.48134920625 0.26805555625 0.478373015625 0.2710317453125 0.47738095312500006 0.2859126984375 0.47936507968750003 0.29186507968750003 0.48829365156250004 0.3007936515625
3 0.4640625 0.84375 0.115625 0.078125
3 0.45 0.6671875 0.1296875 0.0796875
3 0.44375 0.4828125 0.125 0.0640625
3 0.4375 0.2890625 0.14375 0.078125
3 0.4296875 0.09375 0.128125 0.0953125