2 0.6042358796875 0.493147840625 0.590739203125 0.48380398593749996 0.57828073125 0.48380398593749996 0.57620431875 0.49833887031249996 0.5751661125 0.491071428125 0.5720514953125 0.4879568109375 0.5637458468750001 0.490033221875 0.5585548171875 0.4973006640625 0.5595930234375001 0.5211794015625 0.567898671875 0.52948505 0.57412790625 0.5274086375 0.5751661125 0.5325996671875 0.57828073125 0.5357142859375 0.5969684390625 0.5315614625 0.6083887046875 0.518064784375 0.6083887046875 0.5014534890625 0.6042358796875 0.493147840625
1 0.5793189375 0.3415697671875 0.5845099671875 0.346760796875 0.5969684390625 0.346760796875 0.610465115625 0.33741694375 0.6166943515625001 0.32288205937500003 0.6166943515625001 0.3166528234375 0.612541528125 0.3062707640625 0.6052740859375 0.299003321875 0.5969684390625 0.2948504984375 0.586586378125 0.2948504984375 0.5803571421875 0.30315614687500003 0.57620431875 0.301079734375 0.5689368765625 0.3083471765625 0.564784053125 0.3187292359375 0.565822259375 0.325996678125 0.5689368765625 0.33534053125 0.57412790625 0.33845515000000004 0.57828073125 0.33637873749999997 0.5813953484375001 0.33949335625 0.5793189375 0.3415697671875
1 0.54375 0.30625 0.04375 0.0453125
1 0.5484375 0.134375 0.0421875 0.053125
1 0.5359375 0.50625 0.040625 0.05
1 0.4875 0.5109375 0.0453125 0.05
2 0.478125 0.71875 0.046875 0.0546875
2 0.528125 0.7078125 0.04375 0.0484375
2 0.496875 0.3203125 0.0421875 0.0484375
2 0.503125 0.1265625 0.0421875 0.0546875
1 0.4703125 0.91875 0.0546875 0.0578125
2 0.521875 0.915625 0.0484375 0.059375
3 0.5421875 0.1265625 0.1203125 0.078125
3 0.5359375 0.3109375 0.1296875 0.0796875
3 0.5171875 0.5078125 0.134375 0.08125
3 0.515625 0.7125 0.1203125 0.0734375
3 0.5046875 0.9203125 0.1234375 0.09375