2 0.1484375 0.4625 0.059375 0.0484375
2 0.3203125 0.453125 0.053125 0.0484375
2 0.509375 0.4484375 0.0546875 0.04375
2 0.7109375 0.4359375 0.0578125 0.05
1 0.6984375 0.4859375 0.0515625 0.05
1 0.5171875 0.4921875 0.05 0.05
1 0.3359375 0.496875 0.0484375 0.0453125
2 0.29444444375 0.5398809531250001 0.296428571875 0.553769840625 0.30337301562499996 0.5626984125 0.309325396875 0.5666666671875 0.3232142859375 0.56865079375 0.33313492031249997 0.5646825390625 0.3420634921875 0.55575396875 0.3460317453125 0.5478174609375001 0.3460317453125 0.537896825 0.34007936562499996 0.533928571875 0.3420634921875 0.5299603171875 0.335119046875 0.5230158734375 0.3261904765625 0.5200396828125 0.315277778125 0.5190476187499999 0.3053571421875 0.5230158734375 0.29444444375 0.5398809531250001
2 0.4978174609375 0.5170634921875 0.49384920625 0.5170634921875 0.4888888890625 0.5240079359375 0.4888888890625 0.527976190625 0.49087301562499996 0.5299603171875 0.48293650781249997 0.5319444437499999 0.48293650781249997 0.5478174609375001 0.484920634375 0.5498015875 0.484920634375 0.5517857140625 0.49384920625 0.5607142859375001 0.49583333281249997 0.5607142859375001 0.4978174609375 0.5626984125 0.5136904765625 0.5626984125 0.515674603125 0.5607142859375001 0.5196428578125001 0.5607142859375001 0.528571428125 0.5517857140625 0.528571428125 0.5498015875 0.5305555562500001 0.5478174609375001 0.5305555562500001 0.5319444437499999 0.528571428125 0.5299603171875 0.528571428125 0.5259920640625 0.5265873015625 0.5240079359375 0.5265873015625 0.522023809375 0.5236111109375 0.5190476187499999 0.5176587296874999 0.5190476187499999 0.5126984125 0.516071428125 0.5117063484375 0.515079365625 0.49980158750000003 0.515079365625 0.4978174609375 0.5170634921875
1 0.9046875 0.428125 0.0640625 0.053125
3 0.1484375 0.4859375 0.0734375 0.1234375
3 0.3265625 0.4828125 0.0796875 0.1234375
3 0.50625 0.478125 0.0859375 0.1171875
3 0.70625 0.4703125 0.0859375 0.1265625
3 0.909375 0.453125 0.0953125 0.1234375