2 0.212890625 0.6240234375 0.2080078125 0.626953125 0.201171875 0.6357421875 0.201171875 0.6533203125 0.2099609375 0.666015625 0.2177734375 0.669921875 0.2314453125 0.669921875 0.2353515625 0.66796875 0.244140625 0.6572265625 0.244140625 0.6396484375 0.2314453125 0.625 0.2275390625 0.623046875 0.212890625 0.6240234375
2 0.685546875 0.6376953125 0.6806640625 0.638671875 0.673828125 0.6455078125 0.671875 0.6494140625 0.671875 0.6611328125 0.6767578125 0.66796875 0.6884765625 0.671875 0.701171875 0.6630859375 0.703125 0.6591796875 0.703125 0.6474609375 0.6962890625 0.638671875 0.6923828125 0.63671875 0.685546875 0.6376953125
2 0.5673828125 0.71484375 0.5791015625 0.71484375 0.5830078125 0.712890625 0.5859375 0.7099609375 0.5859375 0.6962890625 0.5791015625 0.689453125 0.56640625 0.6904296875 0.560546875 0.6962890625 0.55859375 0.7021484375 0.560546875 0.7099609375 0.5673828125 0.71484375
2 0.359375 0.6865234375 0.3544921875 0.6875 0.34765625 0.6943359375 0.345703125 0.7060546875 0.3564453125 0.71875 0.3662109375 0.720703125 0.376953125 0.7138671875 0.37890625 0.7099609375 0.37890625 0.6982421875 0.376953125 0.6943359375 0.3681640625 0.6875 0.3642578125 0.685546875 0.359375 0.6865234375
2 0.36328125 0.7294921875 0.3740234375 0.736328125 0.3837890625 0.734375 0.388671875 0.7275390625 0.388671875 0.7177734375 0.3818359375 0.7109375 0.376953125 0.7119140625 0.376953125 0.7138671875 0.3701171875 0.71875 0.361328125 0.7216796875 0.36328125 0.7294921875
2 0.4453125 0.7080078125 0.4375 0.7177734375 0.439453125 0.7275390625 0.4501953125 0.734375 0.4580078125 0.732421875 0.46484375 0.7255859375 0.46484375 0.7138671875 0.4560546875 0.70703125 0.4453125 0.7080078125
2 0.4462890625 0.732421875 0.439453125 0.7255859375 0.439453125 0.7138671875 0.435546875 0.7138671875 0.431640625 0.7197265625 0.431640625 0.7294921875 0.4423828125 0.73828125 0.4501953125 0.736328125 0.451171875 0.7333984375 0.4462890625 0.732421875
2 0.048828125 0.6103515625 0.0419921875 0.59765625 0.0380859375 0.595703125 0.02734375 0.5966796875 0.021484375 0.6064453125 0.0234375 0.6240234375 0.0341796875 0.634765625 0.0419921875 0.634765625 0.048828125 0.6279296875 0.048828125 0.6103515625
2 0 0.6298828125 0.0068359375 0.63671875 0.0126953125 0.63671875 0.01953125 0.6298828125 0.01953125 0.6142578125 0.0087890625 0.60546875 0.001953125 0.6064453125 0 0.6083984375 0 0.6298828125
1 0.01953125 0.6259765625 0.017578125 0.6318359375 0.0126953125 0.63671875 0.0078125 0.6376953125 0.0107421875 0.642578125 0.0185546875 0.642578125 0.021484375 0.6396484375 0.021484375 0.6259765625 0.01953125 0.6259765625
1 0.04296875 0.6357421875 0.0322265625 0.6328125 0.0263671875 0.626953125 0.0234375 0.6279296875 0.021484375 0.6376953125 0.025390625 0.6474609375 0.0302734375 0.65234375 0.0400390625 0.65234375 0.04296875 0.6474609375 0.04296875 0.6357421875
1 0.1123046875 0.6875 0.1220703125 0.6875 0.12890625 0.6806640625 0.126953125 0.6669921875 0.123046875 0.6611328125 0.1181640625 0.658203125 0.107421875 0.6591796875 0.103515625 0.6630859375 0.1015625 0.6689453125 0.103515625 0.6787109375 0.1123046875 0.6875
1 0.32421875 0.7177734375 0.32421875 0.7255859375 0.3271484375 0.73046875 0.3349609375 0.734375 0.3408203125 0.734375 0.345703125 0.7294921875 0.3349609375 0.7265625 0.3271484375 0.716796875 0.32421875 0.7177734375
1 0.3466796875 0.73046875 0.353515625 0.7255859375 0.35546875 0.7177734375 0.34765625 0.7099609375 0.345703125 0.7021484375 0.3408203125 0.69921875 0.337890625 0.7001953125 0.328125 0.7080078125 0.326171875 0.7177734375 0.3349609375 0.7265625 0.3466796875 0.73046875
1 0.8984375 0.5849609375 0.892578125 0.5908203125 0.890625 0.5986328125 0.8955078125 0.60546875 0.9033203125 0.60546875 0.908203125 0.6005859375 0.908203125 0.5927734375 0.9013671875 0.583984375 0.8984375 0.5849609375
1 0.859375 0.6123046875 0.853515625 0.6162109375 0.8515625 0.6240234375 0.8564453125 0.62890625 0.8623046875 0.630859375 0.8671875 0.6279296875 0.869140625 0.6142578125 0.8642578125 0.611328125 0.859375 0.6123046875
1 0.8671875 0.6162109375 0.8671875 0.6240234375 0.861328125 0.6298828125 0.8623046875 0.6328125 0.8662109375 0.6328125 0.873046875 0.6259765625 0.873046875 0.6181640625 0.8701171875 0.615234375 0.8671875 0.6162109375