2 0.484375 0.875 0.046875 0.0515625
1 0.4390625 0.865625 0.0453125 0.0546875
1 0.39995874531250003 0.8535478546874999 0.38758250781250003 0.8535478546874999 0.3793316828125 0.8576732671875 0.3721122109375 0.8648927390625 0.3679867984375 0.8752062703125001 0.3679867984375 0.8917079203125 0.3721122109375 0.8999587453125001 0.3834570953125 0.9092409234375 0.3958333328125 0.9092409234375 0.40408415781249996 0.9051155109375 0.4113036296875 0.8978960390624999 0.41336633593750005 0.8937706265625 0.4113036296875 0.8917079203125 0.41542904218750004 0.8875825078125 0.41439768906249996 0.8679867984375 0.4082095703125 0.8597359734375001 0.40408415781249996 0.8576732671875 0.40202145156249997 0.8597359734375001 0.39995874531250003 0.8535478546874999
2 0.4890625 0.69375 0.05 0.0515625
1 0.4984375 0.490625 0.0484375 0.046875
1 0.4515625 0.49375 0.05 0.053125
2 0.4164603953125 0.5152640265625 0.42780528125000006 0.5018564359375 0.426773928125 0.4801980203125 0.4205858078125 0.47194719531249996 0.4123349828125 0.46988448906249997 0.4082095703125 0.4657590765625 0.3917079203125 0.4678217828125 0.3783003296875 0.48329207968750004 0.3783003296875 0.49773102343750003 0.3803630359375 0.5039191421875 0.3917079203125 0.5152640265625 0.39789603906250004 0.5173267328125 0.4164603953125 0.5152640265625
2 0.5078125 0.2875 0.0515625 0.05625
2 0.459375 0.3 0.046875 0.0515625
2 0.4185231015625 0.2491749171875 0.40408415781249996 0.2491749171875 0.39995874531250003 0.2512376234375 0.3865511546875 0.2667079203125 0.3865511546875 0.2852722765625 0.3906765671875 0.2935231015625 0.40408415781249996 0.3048679875 0.4102722765625 0.3048679875 0.4123349828125 0.30693069375 0.426773928125 0.3048679875 0.43605610625 0.2955858078125 0.44018151874999994 0.2873349828125 0.439150165625 0.2698019796875 0.43605610625 0.2667079203125 0.43605610625 0.26258250781250003 0.426773928125 0.2533003296875 0.422648515625 0.2533003296875 0.4185231015625 0.2491749171875
1 0.5171875 0.090625 0.0515625 0.0609375
1 0.46875 0.0765625 0.05 0.0625
3 0.4484375 0.871875 0.1234375 0.0921875
3 0.4625 0.6890625 0.125 0.0765625
3 0.4671875 0.4984375 0.13125 0.0703125
3 0.475 0.290625 0.134375 0.0984375
3 0.4828125 0.0890625 0.1234375 0.0953125