1 0.4501953125 0.345703125 0.4482421875 0.34765625 0.4384765625 0.34765625 0.421875 0.3623046875 0.41796875 0.3740234375 0.419921875 0.3876953125 0.423828125 0.3955078125 0.4345703125 0.404296875 0.4404296875 0.404296875 0.4423828125 0.40625 0.458984375 0.4052734375 0.4638671875 0.404296875 0.4765625 0.3896484375 0.48046875 0.3779296875 0.478515625 0.3642578125 0.4677734375 0.3515625 0.4599609375 0.34765625 0.4521484375 0.34765625 0.4501953125 0.345703125
1 0.53125 0.3505859375 0.52734375 0.3603515625 0.52734375 0.3701171875 0.53125 0.3759765625 0.53125 0.3798828125 0.5478515625 0.39453125 0.572265625 0.3935546875 0.58203125 0.3857421875 0.58984375 0.3720703125 0.58984375 0.3583984375 0.587890625 0.3525390625 0.5771484375 0.33984375 0.5654296875 0.333984375 0.5439453125 0.3359375 0.53125 0.3505859375
1 0.3154296875 0.384765625 0.3037109375 0.390625 0.296875 0.3974609375 0.291015625 0.4091796875 0.291015625 0.4150390625 0.30078125 0.4287109375 0.302734375 0.4404296875 0.3056640625 0.443359375 0.3115234375 0.447265625 0.33203125 0.4462890625 0.3388671875 0.443359375 0.34765625 0.4326171875 0.3515625 0.4228515625 0.3515625 0.4072265625 0.345703125 0.3955078125 0.3388671875 0.388671875 0.3310546875 0.384765625 0.3154296875 0.384765625
1 0.2646484375 0.39453125 0.2568359375 0.3984375 0.25 0.4052734375 0.244140625 0.4169921875 0.244140625 0.4248046875 0.24609375 0.4248046875 0.2529296875 0.416015625 0.2626953125 0.412109375 0.2802734375 0.412109375 0.2861328125 0.416015625 0.2900390625 0.416015625 0.29296875 0.4033203125 0.2802734375 0.39453125 0.2646484375 0.39453125
1 0.2861328125 0.4140625 0.2802734375 0.412109375 0.2626953125 0.412109375 0.2529296875 0.416015625 0.24609375 0.4228515625 0.240234375 0.4345703125 0.23828125 0.4541015625 0.244140625 0.4677734375 0.2509765625 0.474609375 0.2646484375 0.48046875 0.27734375 0.4794921875 0.2861328125 0.4765625 0.296875 0.4658203125 0.30078125 0.4580078125 0.30078125 0.4482421875 0.302734375 0.4462890625 0.30078125 0.4306640625 0.296875 0.4228515625 0.2861328125 0.4140625
1 0.357421875 0.3427734375 0.3515625 0.3544921875 0.3515625 0.3642578125 0.3603515625 0.376953125 0.3681640625 0.380859375 0.3828125 0.3798828125 0.3896484375 0.376953125 0.396484375 0.3681640625 0.3984375 0.3505859375 0.3896484375 0.337890625 0.3857421875 0.3359375 0.3759765625 0.3359375 0.3740234375 0.333984375 0.357421875 0.3427734375
1 0.3134765625 0.328125 0.3076171875 0.33203125 0.3046875 0.3369140625 0.30078125 0.3544921875 0.302734375 0.3564453125 0.302734375 0.3623046875 0.3095703125 0.369140625 0.3173828125 0.373046875 0.3203125 0.3720703125 0.3271484375 0.37109375 0.3359375 0.3642578125 0.33984375 0.3544921875 0.33984375 0.3486328125 0.3359375 0.3388671875 0.3291015625 0.330078125 0.3251953125 0.328125 0.3134765625 0.328125
1 0.2763671875 0.373046875 0.2802734375 0.375 0.29296875 0.3740234375 0.302734375 0.3623046875 0.30078125 0.3447265625 0.2939453125 0.33984375 0.2822265625 0.33984375 0.2734375 0.3466796875 0.26953125 0.3544921875 0.26953125 0.3623046875 0.2763671875 0.373046875
0 0.3408203125 0.349609375 0.3447265625 0.3515625 0.3515625 0.3505859375 0.357421875 0.3427734375 0.365234375 0.3369140625 0.365234375 0.3291015625 0.3564453125 0.318359375 0.3427734375 0.318359375 0.333984375 0.3251953125 0.33203125 0.3330078125 0.3408203125 0.349609375
0 0.3876953125 0.337890625 0.392578125 0.3369140625 0.4033203125 0.32421875 0.416015625 0.3212890625 0.4072265625 0.310546875 0.3935546875 0.310546875 0.3828125 0.3193359375 0.380859375 0.3232421875 0.380859375 0.3330078125 0.3876953125 0.337890625
0 0.4013671875 0.32421875 0.39453125 0.3310546875 0.392578125 0.3408203125 0.3984375 0.3505859375 0.3984375 0.3603515625 0.4091796875 0.3671875 0.41796875 0.3662109375 0.4208984375 0.365234375 0.42578125 0.3564453125 0.43359375 0.3505859375 0.43359375 0.3349609375 0.431640625 0.3310546875 0.4228515625 0.32421875 0.4072265625 0.322265625 0.4013671875 0.32421875
0 0.44140625 0.3447265625 0.4443359375 0.34765625 0.4501953125 0.345703125 0.4521484375 0.34765625 0.4599609375 0.34765625 0.4677734375 0.3515625 0.4755859375 0.359375 0.4765625 0.3583984375 0.478515625 0.3447265625 0.486328125 0.3330078125 0.4794921875 0.32421875 0.4755859375 0.322265625 0.4619140625 0.322265625 0.4560546875 0.32421875 0.4453125 0.3330078125 0.44140625 0.3447265625
0 0.4873046875 0.33203125 0.478515625 0.3447265625 0.478515625 0.3642578125 0.48046875 0.3681640625 0.4892578125 0.376953125 0.4970703125 0.380859375 0.517578125 0.3798828125 0.5205078125 0.37890625 0.52734375 0.3701171875 0.52734375 0.3603515625 0.53125 0.3525390625 0.529296875 0.3408203125 0.5205078125 0.33203125 0.5048828125 0.326171875 0.4873046875 0.33203125
0 0.4951171875 0.328125 0.5126953125 0.328125 0.5205078125 0.33203125 0.529296875 0.3408203125 0.53125 0.3466796875 0.53515625 0.3466796875 0.5390625 0.3369140625 0.537109375 0.3349609375 0.537109375 0.3291015625 0.5263671875 0.31640625 0.5224609375 0.314453125 0.5048828125 0.314453125 0.494140625 0.3232421875 0.4951171875 0.328125
0 0.6142578125 0.32421875 0.6015625 0.3349609375 0.59765625 0.3427734375 0.59765625 0.3564453125 0.599609375 0.3623046875 0.6142578125 0.376953125 0.6201171875 0.37890625 0.6328125 0.3779296875 0.6435546875 0.373046875 0.650390625 0.3642578125 0.65234375 0.3583984375 0.65234375 0.3447265625 0.650390625 0.3388671875 0.6416015625 0.328125 0.6298828125 0.322265625 0.6142578125 0.32421875
1 0.541015625 0.3330078125 0.5419921875 0.33984375 0.5595703125 0.333984375 0.5751953125 0.33984375 0.5810546875 0.34375 0.5849609375 0.349609375 0.587890625 0.3486328125 0.591796875 0.3408203125 0.58984375 0.3271484375 0.5830078125 0.318359375 0.5712890625 0.3125 0.5556640625 0.314453125 0.5498046875 0.318359375 0.54296875 0.3271484375 0.541015625 0.3330078125
0 0.7421875 0.3271484375 0.73828125 0.3349609375 0.740234375 0.3525390625 0.7548828125 0.3671875 0.7607421875 0.369140625 0.76953125 0.3681640625 0.7724609375 0.3671875 0.783203125 0.3544921875 0.783203125 0.3388671875 0.779296875 0.3310546875 0.7724609375 0.32421875 0.7646484375 0.3203125 0.7509765625 0.3203125 0.7421875 0.3271484375
0 0.8388671875 0.35546875 0.8349609375 0.357421875 0.82421875 0.3701171875 0.82421875 0.3896484375 0.826171875 0.3955078125 0.8388671875 0.41015625 0.8427734375 0.412109375 0.857421875 0.4111328125 0.8642578125 0.408203125 0.869140625 0.4013671875 0.873046875 0.3935546875 0.873046875 0.3798828125 0.869140625 0.3701171875 0.8603515625 0.359375 0.8525390625 0.35546875 0.8388671875 0.35546875
0 0.923828125 0.3916015625 0.921875 0.4091796875 0.9296875 0.4267578125 0.9345703125 0.431640625 0.9384765625 0.43359375 0.94921875 0.4326171875 0.958984375 0.4267578125 0.962890625 0.4169921875 0.962890625 0.4052734375 0.955078125 0.3876953125 0.9443359375 0.37890625 0.9365234375 0.37890625 0.9326171875 0.380859375 0.923828125 0.3916015625
2 0.958984375 0.3955078125 0.962890625 0.4052734375 0.962890625 0.4169921875 0.958984375 0.4267578125 0.9677734375 0.4375 0.9716796875 0.439453125 0.98046875 0.4384765625 0.9833984375 0.4375 0.990234375 0.4287109375 0.9921875 0.4150390625 0.986328125 0.3974609375 0.9794921875 0.390625 0.9716796875 0.38671875 0.9619140625 0.390625 0.958984375 0.3955078125
1 0.4619140625 0.314453125 0.4794921875 0.32421875 0.4853515625 0.330078125 0.4921875 0.3291015625 0.49609375 0.3212890625 0.49609375 0.3154296875 0.494140625 0.3115234375 0.4873046875 0.306640625 0.4755859375 0.302734375 0.4658203125 0.306640625 0.4609375 0.3115234375 0.4619140625 0.314453125
1 0.427734375 0.3056640625 0.427734375 0.3193359375 0.4326171875 0.32421875 0.435546875 0.3232421875 0.4443359375 0.314453125 0.4580078125 0.3125 0.4609375 0.3095703125 0.458984375 0.3037109375 0.4521484375 0.296875 0.4404296875 0.294921875 0.4326171875 0.298828125 0.427734375 0.3056640625