1 0.50674603125 0.9001984125 0.49384920625 0.8932539687500001 0.4859126984375 0.8932539687500001 0.4799603171875 0.897222221875 0.47599206406250005 0.897222221875 0.465079365625 0.912103175 0.4630952375 0.91805555625 0.4630952375 0.93194444375 0.46904761875 0.9458333328125 0.48194444374999995 0.9547619046875001 0.49583333281249997 0.9547619046875001 0.508730159375 0.94384920625 0.5097222218749999 0.940873015625 0.5107142859375 0.916071428125 0.508730159375 0.9140873015625001 0.50674603125 0.9001984125
1 0.5543650796875 0.8982142859375 0.5583333328125 0.8922619046875001 0.5543650796875 0.8882936515625 0.552380953125 0.8803571421875 0.5494047625 0.8773809531250001 0.5255952374999999 0.8793650796874999 0.51865079375 0.884325396875 0.51865079375 0.890277778125 0.5146825390624999 0.89424603125 0.5126984125 0.9001984125 0.5126984125 0.9240079359375001 0.5236111109375 0.9369047625 0.5275793656250001 0.9388888890624999 0.5454365078125 0.9388888890624999 0.5583333328125 0.927976190625 0.5613095234375 0.91904761875 0.5623015875 0.9041666671874999 0.559325396875 0.8992063484375 0.5543650796875 0.8982142859375
2 0.49880952343749996 0.69384920625 0.49384920625 0.6888888890625 0.472023809375 0.6888888890625 0.4700396828125 0.690873015625 0.4640873015625 0.690873015625 0.4611111109375 0.69384920625 0.4551587296875 0.7037698406249999 0.4551587296875 0.7196428578125 0.4571428578125 0.7255952375 0.46805555625000006 0.7365079359375 0.4859126984375 0.7384920640625 0.49980158750000003 0.7265873015625 0.5007936515625 0.7017857140625 0.49880952343749996 0.6998015875 0.49880952343749996 0.69384920625
1 0.5355158734375001 0.696825396875 0.521626984375 0.696825396875 0.515674603125 0.6988095234375 0.5047619046875 0.7117063484374999 0.5047619046875 0.7335317453125 0.5107142859375 0.7394841265625 0.5107142859375 0.74345238125 0.5176587296874999 0.7484126984375 0.53154761875 0.7503968249999999 0.5375 0.7484126984375 0.550396825 0.7394841265625 0.550396825 0.7355158734375 0.553373015625 0.7325396828125 0.5543650796875 0.715674603125 0.552380953125 0.7117063484374999 0.5355158734375001 0.696825396875
1 0.4928571421875 0.5073412703125 0.489880953125 0.5023809531250001 0.46805555625000006 0.5003968249999999 0.453174603125 0.5113095234375 0.4511904765625 0.515277778125 0.4511904765625 0.537103175 0.46210317500000003 0.5460317453125 0.46805555625000006 0.5480158734375 0.4700396828125 0.5460317453125 0.487896825 0.5460317453125 0.4928571421875 0.54305555625 0.49384920625 0.5361111109375 0.4948412703125 0.51924603125 0.4928571421875 0.5172619046875 0.4928571421875 0.5073412703125
1 0.5335317453124999 0.5003968249999999 0.5077380953125 0.5003968249999999 0.49880952343749996 0.509325396875 0.4948412703125 0.5172619046875 0.4948412703125 0.5331349203125 0.5077380953125 0.54404761875 0.5335317453124999 0.54404761875 0.54444444375 0.53115079375 0.5454365078125 0.5261904765625001 0.54444444375 0.5113095234375 0.5384920640625 0.5073412703125 0.5335317453124999 0.5003968249999999
2 0.5196428578125001 0.3178571421875 0.5077380953125 0.3178571421875 0.50575396875 0.315873015625 0.49980158750000003 0.3178571421875 0.4888888890625 0.32876984062500003 0.48690476250000003 0.346626984375 0.4888888890625 0.352579365625 0.4978174609375 0.3615079359375 0.50575396875 0.3634920640625 0.5077380953125 0.3615079359375 0.5136904765625 0.3615079359375 0.5196428578125001 0.3634920640625 0.5305555562500001 0.3545634921875 0.5335317453124999 0.34960317500000004 0.534523809375 0.3327380953125 0.5236111109375 0.3198412703125 0.5196428578125001 0.3178571421875
2 0.4769841265625 0.1422619046875 0.46607142812499996 0.13333333281249998 0.45416666718750004 0.13333333281249998 0.4501984125 0.1353174609375 0.43730158750000003 0.1501984125 0.43730158750000003 0.17003968281249998 0.44325396875 0.1799603171875 0.4482142859375 0.18095238125 0.45416666718750004 0.18690476250000002 0.46011904687499994 0.1888888890625 0.46210317500000003 0.18690476250000002 0.4700396828125 0.18690476250000002 0.4769841265625 0.1799603171875 0.477976190625 0.175 0.47896825468750004 0.1501984125 0.475 0.146230159375 0.4769841265625 0.1422619046875
2 0.5097222218749999 0.1392857140625 0.49583333281249997 0.1392857140625 0.49087301562499996 0.1422619046875 0.49087301562499996 0.146230159375 0.487896825 0.1492063484375 0.48293650781249997 0.1521825390625 0.48293650781249997 0.16805555625 0.48095238125 0.17003968281249998 0.48293650781249997 0.172023809375 0.48293650781249997 0.177976190625 0.4978174609375 0.190873015625 0.49980158750000003 0.1888888890625 0.5117063484375 0.1888888890625 0.5206349203125 0.18194444375000002 0.5255952374999999 0.1730158734375 0.5265873015625 0.15615079375000002 0.5176587296874999 0.14325396875000002 0.5097222218749999 0.1392857140625
3 0.48125 0.165625 0.1109375 0.090625
3 0.484375 0.34375 0.1234375 0.071875
3 0.4890625 0.5234375 0.1125 0.0703125
3 0.496875 0.7265625 0.1140625 0.06875
3 0.50625 0.9203125 0.125 0.0890625