0 0.7101190468749999 0.5623015875 0.69325396875 0.5791666671875 0.6873015875 0.5890873015625 0.6853174609375 0.6109126984375 0.6873015875 0.612896825 0.6892857140624999 0.6248015875 0.70615079375 0.6416666671875 0.712103175 0.6416666671875 0.7140873015625 0.64365079375 0.733928571875 0.64365079375 0.739880953125 0.6416666671875 0.758730159375 0.6248015875 0.7646825390624999 0.612896825 0.7646825390624999 0.591071428125 0.758730159375 0.5771825390624999 0.7478174609375 0.566269840625 0.739880953125 0.5623015875 0.7309523812500001 0.5613095234375 0.7200396828125 0.5603174609375 0.7180555562500001 0.5623015875 0.7101190468749999 0.5623015875
0 0.6198412703125 0.6228174609375 0.6138888890625 0.6386904765625 0.6138888890625 0.6486111109375 0.6198412703125 0.6625 0.6267857140624999 0.66944444375 0.6386904765625 0.675396825 0.65654761875 0.675396825 0.6684523812500001 0.66944444375 0.677380953125 0.6625 0.6833333328125 0.6505952374999999 0.6853174609375 0.63075396875 0.6833333328125 0.6248015875 0.6763888890625 0.615873015625 0.659523809375 0.60694444375 0.6426587296874999 0.6059523812500001 0.63075396875 0.6119047625 0.6198412703125 0.6228174609375
0 0.546428571875 0.6109126984375 0.546428571875 0.6267857140624999 0.540476190625 0.640674603125 0.540476190625 0.65654761875 0.5494047625 0.6674603171875 0.5573412703125 0.671428571875 0.56924603125 0.671428571875 0.571230159375 0.6734126984375 0.5732142859375 0.671428571875 0.5831349203125 0.671428571875 0.591071428125 0.6674603171875 0.6019841265625 0.65654761875 0.6079365078125 0.6446428578125001 0.6079365078125 0.6327380953125 0.6019841265625 0.6168650796875 0.591071428125 0.6059523812500001 0.5801587296874999 0.6009920640625 0.5632936515625 0.6 0.5513888890625 0.6059523812500001 0.546428571875 0.6109126984375
0 0.4730158734375 0.597023809375 0.46904761875 0.6049603171875 0.4670634921875 0.6248015875 0.475 0.6446428578125001 0.4799603171875 0.649603175 0.49583333281249997 0.6575396828125 0.5136904765625 0.659523809375 0.5275793656250001 0.653571428125 0.540476190625 0.640674603125 0.546428571875 0.6267857140624999 0.546428571875 0.6109126984375 0.5384920640625 0.5950396828125 0.53154761875 0.5880952374999999 0.5166666671875 0.58115079375 0.49583333281249997 0.5801587296874999 0.487896825 0.584126984375 0.4730158734375 0.597023809375
0 0.5136904765625 0.659523809375 0.503769840625 0.659523809375 0.4859126984375 0.653571428125 0.4799603171875 0.6476190468749999 0.475 0.6486111109375 0.47896825468750004 0.6605158734375001 0.4859126984375 0.66944444375 0.49384920625 0.675396825 0.503769840625 0.6793650796875 0.515674603125 0.6793650796875 0.5295634921875 0.6734126984375 0.5384920640625 0.6644841265625 0.540476190625 0.6525793656250001 0.5384920640625 0.6486111109375 0.5335317453124999 0.6476190468749999 0.5236111109375 0.6555555562500001 0.5136904765625 0.659523809375
0 0.58115079375 0.671428571875 0.5573412703125 0.671428571875 0.5434523812500001 0.6615079359375 0.5384920640625 0.6644841265625 0.5384920640625 0.6684523812500001 0.5424603171875 0.6763888890625 0.5494047625 0.6833333328125 0.5553571421875 0.6853174609375 0.559325396875 0.6892857140624999 0.571230159375 0.691269840625 0.587103175 0.6853174609375 0.5980158734375001 0.6744047625 0.6 0.6625 0.597023809375 0.6615079359375 0.591071428125 0.6674603171875 0.58115079375 0.671428571875
0 0.6 0.6704365078125 0.5980158734375001 0.672420634375 0.6 0.6823412703125 0.6049603171875 0.6892857140624999 0.6109126984375 0.69325396875 0.6228174609375 0.6972222218749999 0.63075396875 0.6972222218749999 0.6446428578125001 0.691269840625 0.6515873015625 0.684325396875 0.653571428125 0.6763888890625 0.6446428578125001 0.675396825 0.6426587296874999 0.677380953125 0.6267857140624999 0.66944444375 0.6198412703125 0.6625 0.6138888890625 0.6505952374999999 0.6138888890625 0.6446428578125001 0.6079365078125 0.6446428578125001 0.6019841265625 0.65654761875 0.6 0.6704365078125
0 0.68134920625 0.65654761875 0.6744047625 0.665476190625 0.659523809375 0.6744047625 0.659523809375 0.678373015625 0.6644841265625 0.6833333328125 0.6803571421875 0.6892857140624999 0.6922619046875 0.6873015875 0.7001984125 0.6833333328125 0.7150793656250001 0.6664682546875 0.7150793656250001 0.6486111109375 0.7130952374999999 0.6446428578125001 0.7001984125 0.6376984125 0.6892857140624999 0.6267857140624999 0.6853174609375 0.6267857140624999 0.6853174609375 0.6446428578125001 0.68134920625 0.65654761875
0 0.6763888890625 0.7011904765625 0.6734126984375 0.7041666671875 0.675396825 0.7180555562500001 0.6882936515625 0.7269841265625 0.7041666671875 0.725 0.7130952374999999 0.716071428125 0.7170634921875 0.7081349203125 0.7150793656250001 0.696230159375 0.7081349203125 0.6952380953125 0.70615079375 0.6972222218749999 0.6763888890625 0.7011904765625
0 0.7696428578125001 0.6833333328125 0.758730159375 0.696230159375 0.75674603125 0.70615079375 0.758730159375 0.7081349203125 0.758730159375 0.7140873015625 0.7696428578125001 0.7230158734375001 0.78154761875 0.7210317453124999 0.79444444375 0.7081349203125 0.79444444375 0.6922619046875 0.7865079359375 0.6823412703125 0.7775793656250001 0.68134920625 0.7755952374999999 0.6833333328125 0.7696428578125001 0.6833333328125
0 0.81825396875 0.6823412703125 0.81825396875 0.6982142859375 0.8232142859374999 0.7051587296874999 0.8271825390625 0.7071428578125001 0.837103175 0.7071428578125001 0.841071428125 0.7051587296874999 0.85 0.696230159375 0.8539682546874999 0.6882936515625 0.8539682546874999 0.678373015625 0.85 0.6704365078125 0.84404761875 0.6664682546875 0.837103175 0.665476190625 0.8271825390625 0.66944444375 0.81825396875 0.6823412703125
2 0.95615079375 0.621825396875 0.9511904765624999 0.6267857140624999 0.9492063484375001 0.63075396875 0.9492063484375001 0.6486111109375 0.95615079375 0.6555555562500001 0.966071428125 0.6555555562500001 0.9700396828125 0.653571428125 0.9769841265625001 0.6446428578125001 0.9789682546874999 0.63075396875 0.9809523812500001 0.628769840625 0.9789682546874999 0.6208333328125 0.9740079359375 0.6198412703125 0.966071428125 0.6238095234375 0.95615079375 0.621825396875
2 1 0.616600528125 0.9978174609374999 0.615873015625 0.99384920625 0.6198412703125 0.9789682546874999 0.6208333328125 0.9789682546874999 0.6386904765625 0.9769841265625001 0.6426587296874999 0.98194444375 0.6476190468749999 0.9918650796874999 0.6456349203125 0.9988095234375001 0.6367063484375 1 0.6331349203125 1 0.616600528125
2 1 0.5980880234375 0.98194444375 0.6079365078125 0.9769841265625001 0.614880953125 0.98194444375 0.6198412703125 0.99384920625 0.6198412703125 1 0.6136904765625 1 0.5980880234375
2 0.9581349203125 0.6238095234375 0.9700396828125 0.6238095234375 0.9789682546874999 0.612896825 0.972023809375 0.6119047625 0.9551587296875 0.6208333328125 0.9581349203125 0.6238095234375