2 0.60625 0.646875 0.046875 0.046875
2 0.559375 0.6515625 0.040625 0.0453125
2 0.509375 0.65 0.0515625 0.0484375
2 0.5875 0.240625 0.046875 0.053125
2 0.540625 0.2640625 0.0421875 0.0484375
2 0.4921875 0.2484375 0.046875 0.0515625
1 0.4859375 0.0515625 0.0453125 0.0546875
1 0.5015625 0.453125 0.0484375 0.046875
1 0.5484375 0.4578125 0.0453125 0.0453125
1 0.51875 0.83125 0.046875 0.0515625
1 0.5609375 0.8328125 0.046875 0.05
1 0.609375 0.83125 0.0421875 0.0515625
3 0.5453125 0.8296875 0.121875 0.0859375
3 0.540625 0.6546875 0.128125 0.0765625
3 0.5390625 0.459375 0.128125 0.06875
3 0.53125 0.253125 0.1359375 0.08125
3 0.515625 0.0484375 0.13125 0.0953125