1 0.436475409375 0.29029200781250003 0.436475409375 0.31078381093749996 0.44364754062499995 0.3179559421875 0.4538934421875 0.322054303125 0.45696721250000005 0.3210297125 0.4682377046875 0.3200051234375 0.479508196875 0.30463627031249996 0.479508196875 0.29439036875 0.47745901562500004 0.29029200781250003 0.47336065625 0.2841444671875 0.466188525 0.279021515625 0.4518442625 0.279021515625 0.44364754062499995 0.2831198765625 0.436475409375 0.29029200781250003
1 0.4067622953125 0.3200051234375 0.41495901562500004 0.32410348437500003 0.42622950781249996 0.32307889375 0.436475409375 0.314882171875 0.436475409375 0.30463627031249996 0.4344262296875 0.302587090625 0.436475409375 0.29029200781250003 0.42520491875 0.28107069687499997 0.41086065625 0.2831198765625 0.40163934375 0.2923411890625 0.397540984375 0.30053790937499997 0.397540984375 0.30873463125 0.4067622953125 0.3200051234375
1 0.3565573765625 0.314882171875 0.3606557375 0.302587090625 0.36987704843749997 0.293365778125 0.37397540937499996 0.293365778125 0.3770491796875 0.29029200781250003 0.37602459062500004 0.2872182375 0.3637295078125 0.2831198765625 0.35040983593749997 0.29439036875 0.34836065625 0.30668545156250004 0.35040983593749997 0.31078381093749996 0.3555327875 0.3159067625 0.3565573765625 0.314882171875
1 0.37602459062500004 0.27492315624999997 0.368852459375 0.28004610625000004 0.36987704843749997 0.2851690578125 0.37397540937499996 0.2851690578125 0.3780737703125 0.28926741875 0.383196721875 0.288242828125 0.3913934421875 0.28004610625000004 0.39036885312499997 0.2769723359375 0.3862704921875 0.27492315624999997 0.37602459062500004 0.27492315624999997
1 0.4836065578125 0.2636526640625 0.4836065578125 0.26160348437500003 0.47848360625 0.2585297125 0.4682377046875 0.2585297125 0.45901639375 0.26570184375 0.47233606562499997 0.2769723359375 0.47336065625 0.2759477453125 0.4836065578125 0.2636526640625
1 0.21516393437499998 0.316931353125 0.21516393437499998 0.32307889375 0.22131147499999998 0.32307889375 0.2356557375 0.316931353125 0.23258196718750002 0.309759221875 0.22233606562500002 0.309759221875 0.21516393437499998 0.316931353125
1 0.1434426234375 0.3497182375 0.1434426234375 0.355865778125 0.14754098437500002 0.355865778125 0.16188524531249998 0.3476690578125 0.1547131140625 0.34254610625000004 0.14856557343750001 0.34254610625000004 0.1434426234375 0.3497182375
1 0.138319671875 0.3548411890625 0.1352459015625 0.3599641390625 0.1393442625 0.3599641390625 0.14651639375 0.35689036875 0.14754098437500002 0.3538165984375 0.1424180328125 0.35279200781250003 0.138319671875 0.3548411890625
1 0.08913934375 0.3896772546875 0.0922131140625 0.384554303125 0.0922131140625 0.3825051234375 0.08504098437499999 0.377382171875 0.07581967187500001 0.384554303125 0.07581967187500001 0.39275102500000003 0.0819672125 0.39275102500000003 0.08913934375 0.3896772546875
2 0.3657786890625 0.3466444671875 0.36987704843749997 0.34869364687500004 0.38729508125 0.3476690578125 0.395491803125 0.34357069687499997 0.40163934375 0.3312756140625 0.40163934375 0.316931353125 0.3924180328125 0.3056608609375 0.3780737703125 0.3015625 0.36782786875 0.3056608609375 0.3586065578125 0.3128329921875 0.354508196875 0.329226434375 0.3586065578125 0.3394723359375 0.3657786890625 0.3466444671875
2 0.38012295156250003 0.3015625 0.39651639375 0.307710040625 0.397540984375 0.30053790937499997 0.39036885312499997 0.293365778125 0.37602459062500004 0.2913165984375 0.36987704843749997 0.293365778125 0.3606557375 0.302587090625 0.3586065578125 0.31078381093749996 0.36270491875 0.31078381093749996 0.36782786875 0.3056608609375 0.38012295156250003 0.3015625
2 0.34836065625 0.31078381093749996 0.34836065625 0.30053790937499997 0.33709016406250003 0.2913165984375 0.32479508125 0.293365778125 0.3155737703125 0.302587090625 0.3155737703125 0.314882171875 0.31762295156250003 0.3189805328125 0.3268442625 0.3261526640625 0.3319672125 0.3251280734375 0.33709016406250003 0.32410348437500003 0.34836065625 0.31078381093749996
2 0.41188524531250004 0.2820952875 0.408811475 0.2769723359375 0.3944672125 0.2769723359375 0.39036885312499997 0.279021515625 0.383196721875 0.288242828125 0.383196721875 0.29029200781250003 0.3924180328125 0.2974641390625 0.39651639375 0.2995133203125 0.39959016406250003 0.2984887296875 0.40163934375 0.2923411890625 0.41188524531250004 0.2820952875
2 0.417008196875 0.2687756140625 0.40983606562499997 0.2759477453125 0.40983606562499997 0.28004610625000004 0.41290983593749997 0.2831198765625 0.417008196875 0.28107069687499997 0.43032786874999995 0.2820952875 0.43032786874999995 0.28004610625000004 0.438524590625 0.27389856562500003 0.43135245937500005 0.2687756140625 0.417008196875 0.2687756140625
2 0.4538934421875 0.272873975 0.4375 0.272873975 0.43032786874999995 0.28004610625000004 0.43032786874999995 0.2841444671875 0.4334016390625 0.2872182375 0.438524590625 0.288242828125 0.44774590156249994 0.28107069687499997 0.457991803125 0.279021515625 0.45901639375 0.2759477453125 0.4538934421875 0.272873975
2 0.4969262296875 0.2687756140625 0.48872950781249996 0.2687756140625 0.484631146875 0.2708247953125 0.48053278749999995 0.2769723359375 0.47643442656249996 0.2769723359375 0.47336065625 0.28004610625000004 0.47336065625 0.2841444671875 0.479508196875 0.29439036875 0.479508196875 0.302587090625 0.48872950781249996 0.309759221875 0.49385245937500005 0.30873463125 0.5010245906249999 0.307710040625 0.508196721875 0.302587090625 0.51229508125 0.29439036875 0.51229508125 0.2820952875 0.5051229515625 0.272873975 0.4969262296875 0.2687756140625
2 0.46209016406250003 0.266726434375 0.45594262343749997 0.2646772546875 0.445696721875 0.266726434375 0.438524590625 0.2718493859375 0.4415983609375 0.27492315624999997 0.44979508125 0.272873975 0.45594262343749997 0.2769723359375 0.4682377046875 0.28107069687499997 0.471311475 0.28004610625000004 0.471311475 0.2759477453125 0.46209016406250003 0.266726434375
2 0.47848360625 0.27492315624999997 0.48053278749999995 0.2708247953125 0.486680328125 0.2687756140625 0.498975409375 0.2687756140625 0.5030737703125 0.2708247953125 0.5092213109375 0.279021515625 0.51229508125 0.2779969265625 0.51229508125 0.2718493859375 0.5030737703125 0.2626280734375 0.4969262296875 0.26057889375 0.484631146875 0.2626280734375 0.47848360625 0.266726434375 0.47540983593749997 0.2718493859375 0.47540983593749997 0.27389856562500003 0.47848360625 0.27492315624999997