0 0.44548722031250004 0.2783546328125 0.44748402499999995 0.28035143749999997 0.4774361015625 0.2783546328125 0.50339456875 0.26837060625000003 0.5173722046875 0.25838658125 0.5303514375 0.24540734843749998 0.5443290734375 0.225439296875 0.5433306703125 0.21845047968750003 0.35662939374999997 0.21944888125 0.3546325875 0.225439296875 0.3626198078125 0.23941693281249998 0.38158945625 0.25838658125 0.3935702875 0.2663738015625 0.41154153281249994 0.274361021875 0.41753194843749997 0.274361021875 0.42751597500000005 0.2783546328125 0.44548722031250004 0.2783546328125
0 0.729033546875 0.6118210859375 0.7210463265625 0.6078274765625 0.7140575078125 0.6008386578125 0.7100638984375001 0.5908546328125001 0.7040734828125 0.5908546328125001 0.6920926515625 0.60483226875 0.690095846875 0.6228035140625 0.6990814703125 0.635782746875 0.707068690625 0.6397763578125 0.7190495203125 0.6397763578125 0.7320287546875 0.630790734375 0.73801916875 0.6188099046875 0.73801916875 0.61481629375 0.7350239609375 0.6118210859375 0.729033546875 0.6118210859375
0 0.3975638984375 0.6557507984375001 0.4135383390625 0.6497603828125 0.42052715625000003 0.642771565625 0.426517571875 0.6287939296875 0.426517571875 0.61481629375 0.42052715625000003 0.6008386578125 0.40954472812500003 0.5898562296875001 0.3975638984375 0.5838658140625 0.382587859375 0.5848642171875 0.37160543125 0.5898562296875001 0.360623003125 0.6028354625000001 0.35662939374999997 0.6128194890625001 0.35662939374999997 0.6267971250000001 0.3626198078125 0.6407747609375 0.37160543125 0.6497603828125 0.3795926515625 0.65375399375 0.3975638984375 0.6557507984375001
0 0.504392971875 0.620806709375 0.5003993609374999 0.610822684375 0.4914137375 0.59984025625 0.47543929687500003 0.5918530343749999 0.4624600640625 0.5928514375 0.4514776359375 0.5978434499999999 0.44049520781249996 0.608825878125 0.438498403125 0.620806709375 0.436501596875 0.6228035140625 0.436501596875 0.6407747609375 0.4554712453125 0.657747603125 0.47543929687500003 0.659744409375 0.4964057515625 0.6487619812500001 0.504392971875 0.632787540625 0.504392971875 0.620806709375
0 0 0.4734424921875 0.01018370625 0.4700479234375 0.031150159375000003 0.4470846640625 0.0391373796875 0.42511980781250003 0.0411341859375 0.3971645375 0.0391373796875 0.39516773125000004 0.0391373796875 0.389177315625 0.036142171875000004 0.386182109375 0.028154951562500002 0.386182109375 0.018170926562500002 0.3821884984375 0.0071884984375 0.373202875 0.00019968124999999998 0.362220446875 0 0.3622489734375 0 0.4734424921875
0 0.0660942484375 0.5419329078125 0.080071884375 0.5479233234375 0.0940495203125 0.5479233234375 0.10203674062500001 0.5439297125 0.119009584375 0.5269568687499999 0.1230031953125 0.5189696484375 0.1230031953125 0.5129792328125 0.10303514375 0.499001596875 0.0910543125 0.477036740625 0.087060703125 0.451078275 0.0790734828125 0.451078275 0.07008785937499999 0.4520766765625 0.06409744375000001 0.45607028749999995 0.053115015625 0.46904952031249997 0.0471246 0.48302715625000003 0.0471246 0.5109824281249999 0.0571086265625 0.5329472843749999 0.0660942484375 0.5419329078125
0 0.07308306718749999 0.620806709375 0.07507987187500001 0.6228035140625 0.07507987187500001 0.6287939296875 0.0810702875 0.6407747609375 0.092052715625 0.6497603828125 0.10802715624999999 0.6497603828125 0.11301916875 0.6447683703125 0.115015975 0.6387779546875 0.11202076718750001 0.637779553125 0.1010383390625 0.62480031875 0.0990415328125 0.6128194890625001 0.09704472812500001 0.610822684375 0.0990415328125 0.5988418531249999 0.09604632656249999 0.5958466453125 0.0890575078125 0.5968450484375001 0.0810702875 0.6028354625000001 0.0790734828125 0.608825878125 0.07507987187500001 0.6128194890625001 0.07507987187500001 0.6188099046875 0.07308306718749999 0.620806709375
0 0.729033546875 0.6118210859375 0.7450079875 0.6118210859375 0.7529952078125 0.6078274765625 0.759984025 0.6008386578125 0.765974440625 0.586861021875 0.765974440625 0.57088658125 0.7549920125 0.55591054375 0.7410143765625 0.549920128125 0.734025559375 0.5509185296875 0.7250399359374999 0.5539137375000001 0.7180511187499999 0.5609025562500001 0.7160543125000001 0.566892971875 0.7120607031249999 0.57088658125 0.7100638984375001 0.5908546328125001 0.7140575078125 0.6008386578125 0.7250399359374999 0.60982428125 0.729033546875 0.6118210859375
1 0.8358626203125 0.451078275 0.8378594250000001 0.4530750796875 0.8398562296875 0.46705271562500006 0.84784345 0.48103035156249996 0.8548322687500001 0.48801916875 0.8708067093749999 0.494009584375 0.8728035140625 0.49201277968749996 0.8807907343749999 0.49201277968749996 0.89376996875 0.48302715625000003 0.9017571890625 0.46705271562500006 0.90375399375 0.4490814703125 0.9017571890625 0.4470846640625 0.8997603828124999 0.43310702812499996 0.8917731625 0.41912939375 0.8787939296875 0.4101437703125 0.8728035140625 0.408146965625 0.8638178906249999 0.40914536718749994 0.8508386578125 0.41413737968750003 0.843849840625 0.4211261984375 0.8398562296875 0.42711661406249996 0.8358626203125 0.451078275
1 0.8258785937500001 0.5609025562500001 0.831869009375 0.542931309375 0.831869009375 0.5329472843749999 0.8258785937500001 0.520966453125 0.8188897765625001 0.5139776359375 0.804912140625 0.5079872203125 0.799920128125 0.5089856234375 0.7869408953125 0.5139776359375 0.7819488812500001 0.5189696484375 0.7759584671875001 0.5309504796875 0.7759584671875001 0.554912140625 0.7799520765625 0.5628993609374999 0.7889377 0.571884984375 0.8029153359375 0.57587859375 0.816892971875 0.5698881796874999 0.8258785937500001 0.5609025562500001
1 0.44049520781249996 0.66873003125 0.44049520781249996 0.6727236421875 0.42951277968749996 0.6837060703125 0.41653354687500005 0.6886980828125 0.4235223640625 0.69768370625 0.42751597500000005 0.6996805109374999 0.443490415625 0.6996805109374999 0.4514776359375 0.6956869015625 0.45846645312499995 0.6867012781249999 0.460463259375 0.676717253125 0.44748402499999995 0.6717252390625 0.443490415625 0.6677316296875 0.44049520781249996 0.66873003125
0 0.5343450484375001 0.6807108625 0.5363418531249999 0.676717253125 0.5363418531249999 0.6627396171875 0.5293530343749999 0.6517571890625 0.5233626203124999 0.6497603828125 0.519369009375 0.6457667734375 0.5103833859375 0.646765175 0.5123801921875 0.652755590625 0.5123801921875 0.6667332265625 0.5063897765625 0.676717253125 0.4964057515625 0.6847044734375001 0.4964057515625 0.6886980828125 0.5053913734375 0.6936900953125 0.5173722046875 0.6936900953125 0.5233626203124999 0.691693290625 0.5343450484375001 0.6807108625
0 0.19089456875 0.5968450484375001 0.1839057515625 0.57587859375 0.1599440890625 0.5778754 0.157947284375 0.57587859375 0.14896166093750002 0.5748801921875 0.1429712453125 0.5848642171875 0.1449680515625 0.6008386578125 0.1509584671875 0.6128194890625001 0.1619408953125 0.6238019171875 0.16992811562500001 0.6277955265624999 0.18789936093749998 0.6277955265624999 0.19588658125 0.6238019171875 0.2048722046875 0.61481629375 0.2048722046875 0.610822684375 0.19089456875 0.5968450484375001
1 0.0710862625 0.63678115 0.07008785937499999 0.6277955265624999 0.060103834375 0.635782746875 0.048123003125 0.635782746875 0.04412939375 0.6337859421875 0.0341453671875 0.6218051124999999 0.033146965625000004 0.6228035140625 0.037140574999999995 0.6387779546875 0.0521166140625 0.6517571890625 0.060103834375 0.6497603828125 0.0710862625 0.63678115
1 0.0710862625 0.62480031875 0.0710862625 0.6188099046875 0.07308306718749999 0.6168130984375 0.0710862625 0.6008386578125 0.0621006390625 0.5838658140625 0.056110223437499995 0.5798722046875 0.043130990625 0.58087060625 0.0351437703125 0.586861021875 0.031150159375000003 0.5948482421875 0.031150159375000003 0.61481629375 0.0351437703125 0.62480031875 0.04412939375 0.6337859421875 0.048123003125 0.635782746875 0.060103834375 0.635782746875 0.06409744375000001 0.6337859421875 0.0710862625 0.62480031875
1 0.1100239609375 0.635782746875 0.1220047921875 0.6417731625 0.1339856234375 0.6417731625 0.14896166093750002 0.630790734375 0.1509584671875 0.6267971250000001 0.1509584671875 0.6128194890625001 0.14696485625 0.6068290734375 0.1429712453125 0.588857828125 0.1389776359375 0.5828674125 0.1319888171875 0.5778754 0.12100638906250001 0.576876996875 0.1160143765625 0.5778754 0.1050319484375 0.586861021875 0.0990415328125 0.5968450484375001 0.09704472812500001 0.608825878125 0.0990415328125 0.610822684375 0.1010383390625 0.62480031875 0.1100239609375 0.635782746875
1 0.18091054374999999 0.632787540625 0.1769169328125 0.6407747609375 0.1769169328125 0.646765175 0.1669329078125 0.6627396171875 0.1669329078125 0.66873003125 0.1719249203125 0.67571885 0.1819089453125 0.681709265625 0.1938897765625 0.681709265625 0.2048722046875 0.674720446875 0.20886581406250002 0.6667332265625 0.20886581406250002 0.6567492015624999 0.18590255625000002 0.6317891375 0.18091054374999999 0.632787540625
1 0.27376198125 0.6936900953125 0.2807507984375 0.6867012781249999 0.284744409375 0.676717253125 0.284744409375 0.66873003125 0.2807507984375 0.65874600625 0.27376198125 0.6517571890625 0.2707667734375 0.652755590625 0.2707667734375 0.664736421875 0.2667731625 0.6727236421875 0.2597843453125 0.679712459375 0.24780351406249998 0.681709265625 0.24480830625 0.6847044734375001 0.24980031875000003 0.691693290625 0.2537939296875 0.691693290625 0.2597843453125 0.6956869015625 0.27376198125 0.6936900953125
1 0.262779553125 0.586861021875 0.262779553125 0.5928514375 0.2547923328125 0.60483226875 0.24780351406249998 0.60982428125 0.2428115015625 0.6168130984375 0.2488019171875 0.6287939296875 0.255790734375 0.635782746875 0.26178115 0.637779553125 0.26577476093749997 0.6417731625 0.2877396171875 0.64376996875 0.2957268375 0.6397763578125 0.3087060703125 0.6267971250000001 0.31269968125 0.6168130984375 0.31269968125 0.5968450484375001 0.304712459375 0.5828674125 0.289736421875 0.5678913734375 0.27176517499999997 0.56589456875 0.2697683703125 0.5638977640625 0.2667731625 0.564896165625 0.26477635781250003 0.566892971875 0.26477635781250003 0.5848642171875 0.262779553125 0.586861021875
1 0.1539536734375 0.51198083125 0.125998403125 0.5139776359375 0.1230031953125 0.5189696484375 0.1230031953125 0.5389377 0.125 0.5409345046875 0.125 0.5469249203125 0.130990415625 0.5589057515625 0.1389776359375 0.5688897765625 0.1439696484375 0.5698881796874999 0.147963259375 0.5738817890625 0.1599440890625 0.5778754 0.1719249203125 0.5778754 0.1839057515625 0.5738817890625 0.189896165625 0.5698881796874999 0.2048722046875 0.5529153359375 0.206869009375 0.5409345046875 0.20886581406250002 0.5389377 0.206869009375 0.5189696484375 0.196884984375 0.49700479218750004 0.18789936093749998 0.48801916875 0.184904153125 0.489017571875 0.1719249203125 0.5019968046875001 0.1539536734375 0.51198083125
1 0.0890575078125 0.44508785937499995 0.0890575078125 0.46705271562500006 0.0950479234375 0.48502396093750005 0.0990415328125 0.489017571875 0.1010383390625 0.4950079875 0.11202076718750001 0.505990415625 0.12400159687500001 0.51198083125 0.1399760390625 0.5139776359375 0.14197284375000002 0.51198083125 0.15195686875 0.51198083125 0.167931309375 0.5039936109375 0.1759185296875 0.4980031953125 0.184904153125 0.4870207671875 0.1928913734375 0.4650559109375 0.1928913734375 0.4410942484375 0.1829073484375 0.4171325875 0.167931309375 0.40015974375 0.1539536734375 0.3941693296875 0.13298722031250002 0.39516773125000004 0.1160143765625 0.40215655000000006 0.0990415328125 0.4211261984375 0.0890575078125 0.44508785937499995
1 0 0.35483226874999996 0.0011980828125 0.36321885 0.016174121875 0.38019169375 0.0241613421875 0.384185303125 0.038138978125 0.386182109375 0.0521166140625 0.38019169375 0.058107028125 0.38019169375 0.0740814703125 0.3702076671875 0.09305111875 0.34924121406249997 0.10702875468749999 0.3212859421875 0.109025559375 0.301317890625 0.11102236406249999 0.2993210859375 0.11102236406249999 0.281349840625 0.1050319484375 0.26337859375 0.092052715625 0.24840255625 0.0740814703125 0.2404153359375 0.06709265156250001 0.2414137375 0.056110223437499995 0.24440894531250001 0.0011980828125 0.2993210859375 0.0011980828125 0.30730830625 0 0.3103035140625 0 0.35483226874999996
1 0.333666134375 0.68769968125 0.34564696562499997 0.68769968125 0.35662939374999997 0.6807108625 0.3586261984375 0.6727236421875 0.35563099062500003 0.6717252390625 0.3426517578125 0.6567492015624999 0.34065495156250003 0.6507587859374999 0.34065495156250003 0.63678115 0.3426517578125 0.632787540625 0.33765974375 0.6297923328125 0.33266773125000004 0.630790734375 0.323682109375 0.6337859421875 0.31269968125 0.6447683703125 0.3087060703125 0.652755590625 0.3087060703125 0.6607428109375 0.31269968125 0.6727236421875 0.323682109375 0.6837060703125 0.333666134375 0.68769968125
2 0.6531549515624999 0.4760383390625 0.6771166140625 0.48801916875 0.695087859375 0.48801916875 0.7130591046875 0.4820287546875 0.73801916875 0.4590654953125 0.744009584375 0.4410942484375 0.744009584375 0.42911341875 0.734025559375 0.40714856250000003 0.7210463265625 0.39217252343750003 0.6890974437499999 0.37420127812500004 0.67412140625 0.37519968125 0.661142171875 0.37819488749999997 0.6491613421875 0.384185303125 0.6381789140625 0.39516773125000004 0.6321884984375 0.40914536718749994 0.63019169375 0.43310702812499996 0.6421725234375 0.4650559109375 0.6531549515624999 0.4760383390625
0 0.777955271875 0.2414137375 0.7649760390625 0.242412140625 0.7470047921875 0.252396165625 0.73801916875 0.2613817890625 0.7300319484375 0.2833466453125 0.734025559375 0.3192891375 0.7420127796875 0.3372603828125 0.7649760390625 0.362220446875 0.7769568687499999 0.3682108625 0.794928115625 0.37220447343749996 0.7969249203125 0.37420127812500004 0.816892971875 0.37220447343749996 0.8308706062500001 0.364217253125 0.843849840625 0.347244409375 0.843849840625 0.34125399375 0.84784345 0.33126996875 0.84784345 0.30930511250000003 0.8458466453125 0.30730830625 0.8458466453125 0.301317890625 0.8378594250000001 0.281349840625 0.8298722046875 0.26936900937499997 0.814896165625 0.254392971875 0.792931309375 0.242412140625 0.7869408953125 0.2404153359375 0.777955271875 0.2414137375
0 0.35563099062500003 0.7096645374999999 0.3696086265625 0.7096645374999999 0.37659744375000004 0.70267571875 0.3736022359375 0.6996805109374999 0.365615015625 0.69768370625 0.35563099062500003 0.6857028749999999 0.348642171875 0.6867012781249999 0.34065495156250003 0.6946884984375 0.34065495156250003 0.698682109375 0.3476437703125 0.7056709265625 0.35563099062500003 0.7096645374999999
1 0.42951277968749996 0.6837060703125 0.44049520781249996 0.6707268375 0.44049520781249996 0.664736421875 0.43450479218750004 0.652755590625 0.43450479218750004 0.642771565625 0.42751597500000005 0.637779553125 0.42252396093750005 0.6387779546875 0.4135383390625 0.6497603828125 0.40455271562500006 0.654752396875 0.4025559109375 0.6607428109375 0.3905750796875 0.6727236421875 0.392571884375 0.6787140578125 0.4015575078125 0.6857028749999999 0.4075479234375 0.68769968125 0.42551916875 0.6857028749999999 0.42951277968749996 0.6837060703125
1 0.4355031953125 0.6996805109374999 0.42551916875 0.69768370625 0.41553514375 0.68769968125 0.4025559109375 0.6867012781249999 0.3985623 0.6946884984375 0.4005591046875 0.698682109375 0.4135383390625 0.7096645374999999 0.4235223640625 0.7116613421875 0.436501596875 0.70267571875 0.4355031953125 0.6996805109374999
2 0.5123801921875 0.6667332265625 0.5123801921875 0.652755590625 0.5073881796874999 0.64376996875 0.50339456875 0.6417731625 0.5003993609374999 0.642771565625 0.4964057515625 0.646765175 0.49440894531249996 0.6567492015624999 0.4884185296875 0.6667332265625 0.47943290781250003 0.6737220453125 0.4674520765625 0.67571885 0.4674520765625 0.681709265625 0.4774361015625 0.6857028749999999 0.49341054375000004 0.6857028749999999 0.5063897765625 0.676717253125 0.5123801921875 0.6667332265625
2 0.49241214062500005 0.6627396171875 0.49440894531249996 0.6567492015624999 0.49341054375000004 0.6517571890625 0.47543929687500003 0.659744409375 0.46345846718750006 0.659744409375 0.4514776359375 0.6557507984375001 0.44049520781249996 0.642771565625 0.4375 0.6397763578125 0.436501596875 0.6407747609375 0.43450479218750004 0.642771565625 0.436501596875 0.65874600625 0.44049520781249996 0.664736421875 0.4514776359375 0.6737220453125 0.45746805156250003 0.67571885 0.47543929687500003 0.67571885 0.48342651718749996 0.6717252390625 0.49241214062500005 0.6627396171875
2 0.2667731625 0.6447683703125 0.257787540625 0.635782746875 0.2468051125 0.630790734375 0.233825878125 0.647763578125 0.218849840625 0.652755590625 0.218849840625 0.6607428109375 0.22484025624999998 0.6727236421875 0.2318290734375 0.679712459375 0.24380990468750002 0.6837060703125 0.2597843453125 0.679712459375 0.2667731625 0.6727236421875 0.2707667734375 0.664736421875 0.2707667734375 0.652755590625 0.2667731625 0.6447683703125
2 0.206869009375 0.6128194890625001 0.1998801921875 0.6218051124999999 0.1869009578125 0.6287939296875 0.1888977640625 0.63678115 0.1978833859375 0.6457667734375 0.20786741250000002 0.6517571890625 0.2258386578125 0.6517571890625 0.233825878125 0.647763578125 0.2428115015625 0.63678115 0.24480830625 0.6188099046875 0.24181309843749998 0.615814696875 0.2218450484375 0.6178115015625 0.206869009375 0.6128194890625001
2 0.184904153125 0.5748801921875 0.184904153125 0.5788738015625 0.1869009578125 0.58087060625 0.1888977640625 0.5928514375 0.20387380156249998 0.60982428125 0.213857828125 0.615814696875 0.233825878125 0.6178115015625 0.24980031875000003 0.60982428125 0.260782746875 0.5968450484375001 0.26477635781250003 0.5848642171875 0.26477635781250003 0.566892971875 0.2587859421875 0.5529153359375 0.245806709375 0.5379392968750001 0.22983226874999999 0.5319488812500001 0.212859425 0.5329472843749999 0.20886581406250002 0.5369408953125 0.20886581406250002 0.542931309375 0.2028754 0.5569089453125 0.1988817890625 0.5628993609374999 0.184904153125 0.5748801921875
2 0.4025559109375 0.6607428109375 0.4015575078125 0.65375399375 0.3975638984375 0.6557507984375001 0.387579871875 0.6557507984375001 0.37160543125 0.6497603828125 0.3626198078125 0.6407747609375 0.35662939374999997 0.6287939296875 0.35662939374999997 0.6228035140625 0.350638978125 0.6228035140625 0.3426517578125 0.632787540625 0.34065495156250003 0.6487619812500001 0.3466453671875 0.6627396171875 0.35363418593749996 0.669728434375 0.3676118203125 0.67571885 0.3795926515625 0.67571885 0.3935702875 0.669728434375 0.4025559109375 0.6607428109375
2 0.3975638984375 0.6837060703125 0.3895766765625 0.6737220453125 0.3835862625 0.6737220453125 0.38158945625 0.67571885 0.360623003125 0.674720446875 0.3546325875 0.6847044734375001 0.35662939374999997 0.6886980828125 0.3696086265625 0.6996805109374999 0.3755990421875 0.6996805109374999 0.377595846875 0.701677315625 0.3895766765625 0.6996805109374999 0.3975638984375 0.6936900953125 0.4005591046875 0.6886980828125 0.4005591046875 0.6847044734375001 0.3975638984375 0.6837060703125
2 0.304712459375 0.65874600625 0.30071885 0.6627396171875 0.30071885 0.6807108625 0.31170127812500004 0.6936900953125 0.3196884984375 0.69768370625 0.3356629390625 0.69768370625 0.34464856250000003 0.6906948875000001 0.343650159375 0.68769968125 0.3316693296875 0.68769968125 0.323682109375 0.6837060703125 0.31269968125 0.6727236421875 0.3087060703125 0.65874600625 0.304712459375 0.65874600625
2 0.3027156546875 0.6607428109375 0.299720446875 0.657747603125 0.29073482500000003 0.65874600625 0.284744409375 0.6627396171875 0.284744409375 0.676717253125 0.27875399375 0.6906948875000001 0.28374600625 0.69768370625 0.29373003125 0.703674121875 0.3077076671875 0.703674121875 0.316693290625 0.696685303125 0.3027156546875 0.6847044734375001 0.30071885 0.6787140578125 0.30071885 0.6627396171875 0.3027156546875 0.6607428109375
2 0.140974440625 0.63678115 0.1339856234375 0.6417731625 0.1220047921875 0.6417731625 0.1180111828125 0.6397763578125 0.11102236406249999 0.646765175 0.11301916875 0.6567492015624999 0.1220047921875 0.665734825 0.1279952078125 0.6677316296875 0.130990415625 0.664736421875 0.134984025 0.654752396875 0.14696485625 0.6387779546875 0.145966453125 0.635782746875 0.140974440625 0.63678115
2 0.0880591046875 0.647763578125 0.0790734828125 0.63678115 0.07507987187500001 0.62480031875 0.0710862625 0.62480031875 0.0710862625 0.6387779546875 0.07507987187500001 0.646765175 0.08606230000000001 0.657747603125 0.0940495203125 0.659744409375 0.10702875468749999 0.6507587859374999 0.0880591046875 0.647763578125