2 0.7112138265625 0.5506430875 0.707194534375 0.5526527328124999 0.698151125 0.5616961421875 0.698151125 0.565715434375 0.700160771875 0.5697347265625 0.6961414796875001 0.57375401875 0.6961414796875001 0.5797829578125 0.698151125 0.5817926046874999 0.698151125 0.585811896875 0.7092041796874999 0.5968649515625 0.717242765625 0.60088424375 0.7333199359375 0.60088424375 0.737339228125 0.5988745984375 0.7463826359375 0.5918408359375 0.7463826359375 0.5898311890625 0.7504019296875 0.585811896875 0.7504019296875 0.5797829578125 0.752411575 0.5777733125 0.752411575 0.5717443734375001 0.7463826359375 0.565715434375 0.7483922828125 0.5637057875 0.7463826359375 0.5596864953125 0.7413585203124999 0.5546623796875 0.7333199359375 0.5546623796875 0.7313102890625001 0.5506430875 0.7282958203125001 0.5496382640624999 0.717242765625 0.548633440625 0.71523311875 0.5506430875 0.7112138265625 0.5506430875
1 0.9061495171875 0.5446141484375 0.9051446953125 0.5576768484375 0.900120578125 0.56069131875 0.8961012859374999 0.56069131875 0.8930868171874999 0.5637057875 0.8930868171874999 0.57375401875 0.8950964625 0.575763665625 0.8950964625 0.5797829578125 0.9101688109375001 0.592845659375 0.914188103125 0.592845659375 0.9161977484375001 0.5948553046875 0.9342845656250001 0.5948553046875 0.9362942125 0.592845659375 0.9403135046875001 0.592845659375 0.951366559375 0.5817926046874999 0.95337620625 0.5777733125 0.95337620625 0.5717443734375001 0.9553858515625 0.5677250796875 0.95337620625 0.565715434375 0.95337620625 0.5616961421875 0.9403135046875001 0.54662379375 0.9312700968750001 0.543609325 0.91217845625 0.5426045015625001 0.9101688109375001 0.5446141484375 0.9061495171875 0.5446141484375
2 0.903125 0.521875 0.05625 0.0421875
2 0.703125 0.53125 0.046875 0.0375
2 0.715625 0.484375 0.0484375 0.040625
1 0.9140625 0.46875 0.05625 0.053125
1 0.5171875 0.4890625 0.05 0.0484375
1 0.5125 0.5390625 0.05 0.04375
1 0.1453125 0.503125 0.0515625 0.0453125
1 0.146875 0.55 0.05 0.04375
2 0.325 0.5 0.0484375 0.0484375
2 0.3234375 0.5453125 0.046875 0.0453125
3 0.15 0.5390625 0.0828125 0.128125
3 0.321875 0.5390625 0.075 0.1234375
3 0.5140625 0.525 0.0671875 0.1296875
3 0.709375 0.5125 0.08125 0.13125
3 0.909375 0.5046875 0.0984375 0.1234375