0 0.5371677734375 0.4651162796875 0.5257475078125 0.4765365453125 0.5174418609375 0.491071428125 0.5132890359375 0.513911959375 0.521594684375 0.538828903125 0.5371677734375 0.5564784046875 0.5537790703125001 0.564784053125 0.5786960140625 0.566860465625 0.60361295625 0.5564784046875 0.6212624578125 0.538828903125 0.6274916937499999 0.5242940203125 0.62956810625 0.5097591359375 0.6274916937499999 0.507682725 0.6274916937499999 0.4993770765625 0.6254152828125 0.4973006640625 0.6233388703125 0.4848421921875 0.6015365453125 0.4609634546875 0.5807724249999999 0.4526578078125 0.5693521593749999 0.4516196015625 0.55793189375 0.4526578078125 0.5496262453125 0.45681063125000004 0.5371677734375 0.4651162796875
0 0.46553156093750003 0.6862541531249999 0.46553156093750003 0.6966362125 0.4696843859375 0.707018271875 0.4769518265625 0.7142857140625 0.4873338875 0.7184385375 0.5039451828125 0.7163621265625 0.5101744187499999 0.7122093015625001 0.5153654484375 0.707018271875 0.519518271875 0.6945598000000001 0.5153654484375 0.6800249171875 0.5039451828125 0.6686046515624999 0.498754153125 0.6675664453125 0.48318106250000004 0.6665282390625 0.46760797343749994 0.6800249171875 0.46553156093750003 0.6862541531249999
0 0.43230897031250004 0.6945598000000001 0.4302325578125 0.7007890359375 0.4302325578125 0.707018271875 0.4343853828125 0.7174003328125 0.44788205937500003 0.7267441859375 0.46241694375 0.7267441859375 0.475913621875 0.7153239203124999 0.46760797343749994 0.7028654484375 0.46553156093750003 0.6883305640625 0.4613787375 0.684177740625 0.4458056484375 0.683139534375 0.4416528234375 0.685215946875 0.43230897031250004 0.6945598000000001
0 0.46553156093750003 0.731935215625 0.4790282390625 0.74335548125 0.49356312343750003 0.74335548125 0.497715946875 0.7412790703125001 0.5049833890625 0.734011628125 0.5070598000000001 0.7277823921875 0.5049833890625 0.71947674375 0.5018687703125 0.7163621265625 0.497715946875 0.7184385375 0.4873338875 0.7184385375 0.4800664453125 0.7153239203124999 0.4769518265625 0.7142857140625 0.46553156093750003 0.7257059796875 0.46553156093750003 0.731935215625
0 0.5049833890625 0.734011628125 0.5091362125 0.7485465109375 0.5184800671875001 0.755813953125 0.5309385375 0.755813953125 0.5350913625 0.7537375421875 0.5402823921875 0.7485465109375 0.5423588046875001 0.742317275 0.5423588046875001 0.731935215625 0.5402823921875 0.7277823921875 0.53301495 0.72051495 0.5257475078125 0.71947674375 0.5205564781249999 0.7184385375 0.5101744187499999 0.7246677734375 0.5049833890625 0.734011628125
0 0.5651993359375 0.742317275 0.5651993359375 0.7526993359375 0.5745431890625 0.7641196015625 0.591154484375 0.7641196015625 0.5984219265624999 0.7568521593749999 0.5901162796875 0.7402408640625 0.5901162796875 0.731935215625 0.5766196015625 0.730897009375 0.5693521593749999 0.736088040625 0.5651993359375 0.742317275
0 0.5901162796875 0.736088040625 0.592192690625 0.7485465109375 0.5994601328125 0.755813953125 0.6139950171875 0.757890365625 0.620224253125 0.755813953125 0.62956810625 0.7443936875 0.63164451875 0.7381644515625 0.6274916937499999 0.7277823921875 0.617109634375 0.71947674375 0.60568936875 0.7184385375 0.594269103125 0.7277823921875 0.5901162796875 0.736088040625
0 0.6804401999999999 0.7475083062500001 0.67940199375 0.754775746875 0.6814784046875 0.7589285718750001 0.6887458468750001 0.7641196015625 0.69912790625 0.7641196015625 0.7074335546875 0.759966778125 0.714700996875 0.7506229234374999 0.714700996875 0.7402408640625 0.712624584375 0.7381644515625 0.7095099671875 0.7371262453125 0.6970514953125 0.7475083062500001 0.6804401999999999 0.7475083062500001
0 0.6690199328124999 0.734011628125 0.6804401999999999 0.7475083062500001 0.6970514953125 0.7475083062500001 0.7084717609375 0.7381644515625 0.70328073125 0.730897009375 0.690822259375 0.7329734218749999 0.6845930234375001 0.730897009375 0.67524916875 0.7236295687500001 0.6731727578125 0.71947674375 0.6710963453125001 0.71947674375 0.6690199328124999 0.7236295687500001 0.6690199328124999 0.734011628125
0 0.7676495015625 0.730897009375 0.7655730890625 0.7329734218749999 0.763496678125 0.730897009375 0.7572674421875 0.730897009375 0.7541528234375 0.736088040625 0.7562292359375 0.7464701 0.7676495015625 0.7537375421875 0.7738787375 0.7537375421875 0.7821843859375 0.7495847171875 0.7894518265625 0.7402408640625 0.7894518265625 0.7277823921875 0.785299003125 0.7236295687500001 0.784260796875 0.7225913625 0.7738787375 0.730897009375 0.7676495015625 0.730897009375
0 0.833056478125 0.6883305640625 0.8309800671875 0.7007890359375 0.833056478125 0.707018271875 0.8444767437499999 0.7163621265625 0.856935215625 0.7163621265625 0.8610880406250001 0.7142857140625 0.87250830625 0.7007890359375 0.8745847171875001 0.6883305640625 0.87250830625 0.682101328125 0.8673172750000001 0.6748338875 0.860049834375 0.67171926875 0.8507059796875 0.6706810625 0.84655315625 0.6727574749999999 0.833056478125 0.6883305640625
0 0.9472591359375 0.6509551499999999 0.9493355484375 0.6696428578125 0.9545265781250001 0.6769102984375001 0.9586794015625 0.6789867109375 0.9711378734375 0.6769102984375001 0.978405315625 0.6696428578125 0.9825581390625 0.661337209375 0.9825581390625 0.6551079734374999 0.9742524921875001 0.6509551499999999 0.9700996671875 0.6426495015625 0.9680232562500001 0.6322674421875 0.9649086375 0.6312292359375 0.956602990625 0.635382059375 0.9472591359375 0.6509551499999999
1 0.4375 0.44850498281249995 0.41881229218750005 0.45888704375 0.4053156140625 0.47446013281250005 0.399086378125 0.493147840625 0.40116279062500004 0.5201411953124999 0.40739202656250006 0.5325996671875 0.42504152812499996 0.5481727578125 0.4458056484375 0.5564784046875 0.470722590625 0.55440199375 0.48941029843750006 0.5440199328124999 0.498754153125 0.5346760796875001 0.5091362125 0.5097591359375 0.5091362125 0.48899501718750005 0.5008305640625 0.470307309375 0.48941029843750006 0.45888704375 0.4769518265625 0.4505813953125 0.46345515 0.447466778125 0.4458056484375 0.446428571875 0.4437292359375 0.44850498281249995 0.4375 0.44850498281249995
1 0.37416943593749996 0.5284468437500001 0.3679402 0.5450581390625 0.3700166109375 0.5637458468750001 0.37624584687499996 0.57620431875 0.39597176093750003 0.5938538203125 0.4063538203125 0.59800664375 0.42504152812499996 0.59800664375 0.4416528234375 0.589700996875 0.4530730890625 0.57828073125 0.4613787375 0.5616694359375 0.4613787375 0.5575166109375 0.4437292359375 0.5564784046875 0.42088870468749995 0.5460963453125001 0.40739202656250006 0.5325996671875 0.399086378125 0.5118355484375 0.39389534843749996 0.5107973421875001 0.38351328906250004 0.5170265781250001 0.37416943593749996 0.5284468437500001
1 0.259966778125 0.567898671875 0.259966778125 0.57620431875 0.257890365625 0.57828073125 0.2620431890625 0.5969684390625 0.26619601406250004 0.603197675 0.2734634546875 0.610465115625 0.28592192656250004 0.6166943515625001 0.302533221875 0.6166943515625001 0.3108388703125 0.612541528125 0.3222591359375 0.6011212625 0.3243355484375 0.588662790625 0.326411959375 0.586586378125 0.3243355484375 0.57412790625 0.3181063125 0.5595930234375001 0.3087624578125 0.55024916875 0.2994186046875 0.5471345515625 0.28384551562500004 0.5460963453125001 0.26931063125 0.5523255812500001 0.259966778125 0.567898671875
1 0.46345515 0.5824335546875 0.46345515 0.588662790625 0.459302325 0.5948920265625001 0.459302325 0.613579734375 0.46345515 0.6198089703125 0.46345515 0.62396179375 0.4790282390625 0.639534884375 0.49563953437499997 0.6457641203125 0.5060215953125 0.6457641203125 0.522632890625 0.639534884375 0.5340531562499999 0.6301910296875 0.5423588046875001 0.6156561468749999 0.5423588046875001 0.5969684390625 0.5382059796875 0.586586378125 0.5267857140625 0.5730897015624999 0.5184800671875001 0.566860465625 0.5091362125 0.5637458468750001 0.49148671093749996 0.562707640625 0.48525747499999994 0.564784053125 0.46345515 0.5824335546875
1 0.3845514953125 0.6862541531249999 0.3845514953125 0.7007890359375 0.39389534843749996 0.7122093015625001 0.402200996875 0.7163621265625 0.4167358796875 0.7163621265625 0.428156146875 0.707018271875 0.4302325578125 0.7028654484375 0.4302325578125 0.6883305640625 0.428156146875 0.684177740625 0.4167358796875 0.6727574749999999 0.41154485 0.67171926875 0.402200996875 0.6706810625 0.39389534843749996 0.6748338875 0.3845514953125 0.6862541531249999
1 0.38870431875 0.7277823921875 0.39389534843749996 0.735049834375 0.4084302328125 0.7412790703125001 0.41050664374999996 0.7392026578124999 0.4167358796875 0.7392026578124999 0.424003321875 0.731935215625 0.424003321875 0.7174003328125 0.42088870468749995 0.7142857140625 0.4167358796875 0.7163621265625 0.402200996875 0.7163621265625 0.3970099671875 0.7132475078125 0.39181893749999996 0.7122093015625001 0.38870431875 0.7174003328125 0.38870431875 0.7277823921875
1 0.49979235937500005 0.757890365625 0.51225083125 0.759966778125 0.519518271875 0.754775746875 0.5091362125 0.7485465109375 0.5049833890625 0.7381644515625 0.49148671093749996 0.74335548125 0.4904485046875 0.7485465109375 0.49979235937500005 0.757890365625
1 0.53197674375 0.754775746875 0.5371677734375 0.7620431890625 0.5517026578124999 0.7620431890625 0.5631229234374999 0.7526993359375 0.5651993359375 0.7443936875 0.5610465109375 0.736088040625 0.5527408640625 0.7298588046875001 0.5423588046875001 0.7298588046875001 0.5402823921875 0.7485465109375 0.53197674375 0.754775746875
1 0.6710963453125001 0.7132475078125 0.67524916875 0.7236295687500001 0.6804401999999999 0.7288205984375 0.690822259375 0.7329734218749999 0.69912790625 0.7329734218749999 0.7095099671875 0.7288205984375 0.7188538203125 0.71947674375 0.72300664375 0.709094684375 0.7209302328125 0.6966362125 0.715739203125 0.6893687703125 0.7063953484375001 0.684177740625 0.690822259375 0.683139534375 0.67524916875 0.6966362125 0.6710963453125001 0.7132475078125
1 0.716777409375 0.7215531562499999 0.7063953484375001 0.7298588046875001 0.7095099671875 0.7371262453125 0.713662790625 0.7392026578124999 0.728197675 0.7392026578124999 0.736503321875 0.735049834375 0.7437707640625 0.7257059796875 0.7458471765625 0.7215531562499999 0.7458471765625 0.711171096875 0.7437707640625 0.7049418609375 0.7333887046875 0.6966362125 0.7209302328125 0.6966362125 0.72300664375 0.709094684375 0.716777409375 0.7215531562499999
1 0.7458471765625 0.7174003328125 0.7572674421875 0.730897009375 0.7738787375 0.730897009375 0.787375415625 0.71947674375 0.7894518265625 0.7153239203124999 0.7915282390625 0.7028654484375 0.7894518265625 0.6966362125 0.77699335625 0.6862541531249999 0.761420265625 0.685215946875 0.7458471765625 0.7028654484375 0.7458471765625 0.7174003328125
1 0.8683554812500001 0.7174003328125 0.87043189375 0.7298588046875001 0.8797757468749999 0.7371262453125 0.8880813953125 0.735049834375 0.8995016609375 0.7215531562499999 0.8995016609375 0.709094684375 0.8963870437500001 0.7039036546874999 0.8932724249999999 0.7028654484375 0.8839285718750001 0.7018272421875 0.8776993359375 0.7039036546874999 0.8683554812500001 0.7174003328125
2 0.7178156140625 0.7392026578124999 0.714700996875 0.742317275 0.714700996875 0.7485465109375 0.7105481734375 0.754775746875 0.7105481734375 0.7589285718750001 0.715739203125 0.7641196015625 0.7302740859375 0.7641196015625 0.739617940625 0.7568521593749999 0.7416943515625001 0.7526993359375 0.7416943515625001 0.742317275 0.737541528125 0.736088040625 0.7344269109375 0.735049834375 0.728197675 0.7392026578124999 0.7178156140625 0.7392026578124999
2 0.7894518265625 0.7381644515625 0.7894518265625 0.7506229234374999 0.79879568125 0.757890365625 0.811254153125 0.755813953125 0.82059800625 0.742317275 0.82059800625 0.734011628125 0.8102159468749999 0.7257059796875 0.8050249171875 0.7246677734375 0.79671926875 0.7288205984375 0.7894518265625 0.7381644515625
2 0.82475083125 0.7215531562499999 0.82475083125 0.734011628125 0.8299418609375 0.7412790703125001 0.834094684375 0.74335548125 0.8444767437499999 0.74335548125 0.8538205984375 0.736088040625 0.8579734218749999 0.7257059796875 0.8579734218749999 0.71947674375 0.8548588046875001 0.7163621265625 0.8444767437499999 0.7163621265625 0.8392857140625001 0.7132475078125 0.834094684375 0.7122093015625001 0.8289036546874999 0.7153239203124999 0.82475083125 0.7215531562499999
2 0.8579734218749999 0.7236295687500001 0.855897009375 0.7257059796875 0.855897009375 0.731935215625 0.8475913625 0.7402408640625 0.8507059796875 0.74543189375 0.8631644515625 0.74543189375 0.8683554812500001 0.7402408640625 0.87043189375 0.7277823921875 0.8662790703125 0.7153239203124999 0.8610880406250001 0.7142857140625 0.855897009375 0.7174003328125 0.8579734218749999 0.7236295687500001
2 0.8891196015625 0.67587209375 0.8870431890624999 0.6924833890625 0.8963870437500001 0.7039036546874999 0.9109219265625 0.7039036546874999 0.92026578125 0.6966362125 0.9244186046875 0.6904069765624999 0.9264950171875 0.67379568125 0.9171511625000001 0.662375415625 0.9140365453125 0.661337209375 0.906769103125 0.660299003125 0.9005398671875 0.662375415625 0.8891196015625 0.67587209375
2 0.9244186046875 0.6675664453125 0.9264950171875 0.67379568125 0.9264950171875 0.6883305640625 0.9337624578125 0.69559800625 0.9462209296875 0.6935215953125 0.955564784375 0.684177740625 0.955564784375 0.6779485046875 0.9514119593749999 0.67379568125 0.9472591359375 0.663413621875 0.9472591359375 0.6530315609375 0.94206810625 0.65199335625 0.9337624578125 0.6561461796875 0.9244186046875 0.6675664453125
2 1 0.6459717609375 0.99190199375 0.6540697671875 0.9867109640624999 0.6551079734374999 0.9898255812500001 0.660299003125 0.9939784046875 0.662375415625 1 0.662375415625 1 0.6459717609375
2 1 0.62465393125 0.9950166109374999 0.6218853828124999 0.9908637875 0.6052740859375 0.98774916875 0.6042358796875 0.976328903125 0.611503321875 0.9700996671875 0.6218853828124999 0.9700996671875 0.6281146171875001 0.9680232562500001 0.6301910296875 0.9700996671875 0.6447259140625 0.979443521875 0.6540697671875 0.99190199375 0.6540697671875 0.9960548171875001 0.65199335625 1 0.6471714656249999 1 0.62465393125