2 0.55 0.8671875 0.04375 0.0515625
2 0.553125 0.696875 0.053125 0.0515625
2 0.565625 0.5078125 0.0453125 0.046875
2 0.575 0.296875 0.0453125 0.0515625
1 0.5109375 0.684375 0.0421875 0.04375
1 0.515625 0.4984375 0.04375 0.0515625
1 0.5265625 0.309375 0.04375 0.0515625
1 0.503125 0.871875 0.04375 0.05
2 0.4516307734375 0.8429383109374999 0.4455431109375 0.8469967531249999 0.43844083749999996 0.8561282468750001 0.4364116171875 0.8622159093749999 0.4364116171875 0.878449675 0.43844083749999996 0.8825081171875 0.44960155156250003 0.89366883125 0.4556892140625 0.8956980515625 0.46583531875000006 0.89366883125 0.46887914999999997 0.8865665578125 0.475981421875 0.8855519484375 0.479025253125 0.8804788968749999 0.4800398640625 0.8551136359375 0.479025253125 0.8520698046874999 0.4739522015625 0.8469967531249999 0.47192298125 0.8490259734375 0.46583531875000006 0.8409090906250001 0.4516307734375 0.8429383109374999
2 0.5828125 0.1125 0.0515625 0.059375
1 0.534375 0.1 0.05 0.0546875
3 0.515625 0.8703125 0.11875 0.0859375
3 0.521875 0.6953125 0.1265625 0.0796875
3 0.5390625 0.503125 0.128125 0.08125
3 0.5453125 0.2984375 0.128125 0.0875
3 0.5609375 0.0984375 0.1296875 0.10625