0 0.5639204546875 0.8051948046874999 0.5700081171875 0.8051948046874999 0.5842126624999999 0.7970779218749999 0.5933441562499999 0.7879464281249999 0.5974025968750001 0.7798295453125 0.5994318187500001 0.7737418828125 0.5994318187500001 0.7534496749999999 0.5974025968750001 0.7473620125 0.5842126624999999 0.7321428578125 0.5700081171875 0.7240259734375 0.5415990265625 0.7240259734375 0.5334821421875 0.7280844156249999 0.516233765625 0.7453327921875 0.5101461031250001 0.7575081171875 0.5111607140625 0.7808441562499999 0.516233765625 0.7920048703125 0.5334821421875 0.8051948046874999 0.5395698046875 0.8072240265625 0.561891234375 0.8072240265625 0.5639204546875 0.8051948046874999
0 0.31432629843750004 0.253246753125 0.3082386359375 0.2491883109375 0.29403409062499997 0.2491883109375 0.2920048703125 0.247159090625 0.28997565000000003 0.2491883109375 0.2737418828125 0.2491883109375 0.265625 0.253246753125 0.25344967500000004 0.25527597343749997 0.2290990265625 0.27353896093749996 0.21185065 0.296875 0.2077922078125 0.3151379875 0.2057629875 0.31716720781249996 0.206777596875 0.35064934999999997 0.20982142812500001 0.36383928593750003 0.215909090625 0.36992694843749996 0.2240259734375 0.38413149375 0.24127435 0.39732142812500004 0.25953733749999996 0.403409090625 0.28794642812500004 0.403409090625 0.2960633109375 0.39935065000000003 0.30215097343749997 0.39935065000000003 0.31229707812499996 0.3932629875 0.31635551875 0.3932629875 0.32447240312500003 0.38717532499999996 0.3478084421875 0.361810065625 0.353896103125 0.349634740625 0.35795454531250004 0.33745941562500004 0.35795454531250004 0.32934253281250003 0.359983765625 0.3273133109375 0.359983765625 0.307021103125 0.35795454531250004 0.3049918828125 0.35795454531250004 0.29890422031249997 0.34577922031249997 0.27455357187499996 0.33461850625 0.2633928578125 0.32853084374999997 0.2613636359375 0.318384740625 0.253246753125 0.31432629843750004 0.253246753125
0 0.6521915578125 0.41456980468750004 0.6501623375000001 0.412540584375 0.6501623375000001 0.406452921875 0.6369724031249999 0.391233765625 0.6247970781250001 0.38717532499999996 0.6146509734375 0.38717532499999996 0.5974025968750001 0.39833603906250004 0.5913149343749999 0.41051136406250005 0.5923295453125 0.42370129843750004 0.5953733765625 0.43283279218750004 0.6024756499999999 0.439935065625 0.6166801953125 0.44602272656249997 0.62885551875 0.44602272656249997 0.6410308437500001 0.439935065625 0.6461038968749999 0.4348620125 0.6501623375000001 0.42674512968749995 0.6521915578125 0.41456980468750004
0 0.6501623375000001 0.42674512968749995 0.6461038968749999 0.4348620125 0.6349431812499999 0.44399350625 0.6227678578125 0.44602272656249997 0.6227678578125 0.44805194843749996 0.6247970781250001 0.45211038906249995 0.6329139609375 0.45616883125 0.6491477265625 0.45616883125 0.6603084421875 0.44906655781250004 0.6663961031250001 0.436891234375 0.6663961031250001 0.42674512968749995 0.6623376624999999 0.41659902656250003 0.6532061687499999 0.40746753281250003 0.6501623375000001 0.40848214218749995 0.6501623375000001 0.42674512968749995
0 0.6704545453125 0.469358765625 0.6734983765625 0.48051948125 0.68364448125 0.478490259375 0.6927759734375 0.46732954531250004 0.6927759734375 0.45515422031249997 0.6887175328125 0.4470373375 0.6795860390625 0.439935065625 0.66538149375 0.439935065625 0.6542207796875 0.45515422031249997 0.6552353890625 0.45819805156250004 0.6592938312500001 0.45819805156250004 0.6704545453125 0.469358765625
0 0.6988636359375 0.5241477265625 0.6988636359375 0.5160308437500001 0.6948051953125 0.505884740625 0.6856737015625 0.49878246718749997 0.6846590906250001 0.5160308437500001 0.6765422078125 0.5282061687499999 0.6775568187500001 0.53125 0.6806006499999999 0.5383522734375 0.6856737015625 0.5393668828125 0.6948051953125 0.5322646109375 0.6988636359375 0.5241477265625
0 0.6674107140625 0.5292207796875 0.6603084421875 0.5383522734375 0.6491477265625 0.547483765625 0.6329139609375 0.5495129875 0.6329139609375 0.5596590906250001 0.6359577921875 0.5667613640625 0.6430600656250001 0.5738636359375 0.6511769484375 0.5779220781250001 0.66538149375 0.5779220781250001 0.6755275968750001 0.5718344156249999 0.6826298703125 0.5627029218749999 0.6846590906250001 0.5464691562499999 0.6806006499999999 0.5363230515625 0.6734983765625 0.5292207796875 0.6674107140625 0.5292207796875
0 0.66538149375 0.5068993500000001 0.6684253250000001 0.5140016234375 0.6663961031250001 0.5241477265625 0.6734983765625 0.5292207796875 0.6806006499999999 0.52211850625 0.6806006499999999 0.5180600656250001 0.6846590906250001 0.5119724031249999 0.6846590906250001 0.5018262984375 0.6775568187500001 0.490665584375 0.672483765625 0.48965097343749997 0.6684253250000001 0.499797078125 0.6643668828125 0.50385551875 0.66538149375 0.5068993500000001
0 0.6369724031249999 0.3567370125 0.6410308437500001 0.3567370125 0.6542207796875 0.36586850625 0.6582792203125 0.37195616875000004 0.6603084421875 0.388189934375 0.6633522734375 0.38920454531250004 0.6704545453125 0.3760146109375 0.6704545453125 0.36586850625 0.6684253250000001 0.361810065625 0.6572646109375 0.35064934999999997 0.6410308437500001 0.35064934999999997 0.6359577921875 0.35369318125000004 0.6369724031249999 0.3567370125
0 0.6268262984375 0.33644480468750004 0.6278409093749999 0.3415178578125 0.6390016234375 0.35064934999999997 0.6572646109375 0.35064934999999997 0.6663961031250001 0.3415178578125 0.6663961031250001 0.33543019531249996 0.6684253250000001 0.33340097343749997 0.6643668828125 0.32122565000000003 0.6552353890625 0.3141233765625 0.6390016234375 0.31209415625000003 0.6278409093749999 0.32122565000000003 0.6258116890625 0.32528409062499997 0.6268262984375 0.33644480468750004
0 0.6785714281249999 0.34354707812499996 0.6785714281249999 0.33340097343749997 0.6765422078125 0.32934253281250003 0.6674107140625 0.322240259375 0.6663961031250001 0.3394886359375 0.6582792203125 0.349634740625 0.6592938312500001 0.35267857187499996 0.6613230515625 0.35470779218750004 0.6694399343749999 0.35470779218750004 0.6745129875 0.35166396093749996 0.6785714281249999 0.34354707812499996
0 0.6694399343749999 0.35470779218750004 0.6674107140625 0.35470779218750004 0.6643668828125 0.3577516234375 0.66538149375 0.358766234375 0.6785714281249999 0.3739853890625 0.6806006499999999 0.38007305156250004 0.68364448125 0.38108766250000004 0.6846590906250001 0.36789772656249997 0.6826298703125 0.36383928593750003 0.6694399343749999 0.35470779218750004
1 0.5791396109375 0.1203327921875 0.5700081171875 0.109172078125 0.561891234375 0.10714285781249999 0.5588474031249999 0.1203327921875 0.5517451296875 0.12540584375 0.5395698046875 0.127435065625 0.5395698046875 0.13149350625 0.5497159093749999 0.1396103890625 0.5679788968749999 0.1396103890625 0.5771103890625 0.1325081171875 0.5791396109375 0.1203327921875
1 0.5152191562499999 0.11323051875000001 0.5233360390625 0.1233766234375 0.5355113640625 0.127435065625 0.543628246875 0.127435065625 0.5568181812499999 0.1223620125 0.5608766234375 0.11221590937499999 0.5608766234375 0.106128246875 0.5517451296875 0.0949675328125 0.543628246875 0.090909090625 0.52739448125 0.090909090625 0.5182629875 0.0959821421875 0.5142045453125 0.1040990265625 0.5152191562499999 0.11323051875000001
1 0.516233765625 0.0797483765625 0.5142045453125 0.08380681875 0.5152191562499999 0.090909090625 0.5172483765625 0.0949675328125 0.5213068187500001 0.0949675328125 0.52739448125 0.090909090625 0.5456574671875 0.090909090625 0.5537743500000001 0.096996753125 0.5568181812499999 0.093952921875 0.5568181812499999 0.08380681875 0.5476866890625 0.074675325 0.5415990265625 0.072646103125 0.52739448125 0.072646103125 0.516233765625 0.0797483765625
1 0.578125 0.17004870156250002 0.5730519484375 0.1771509734375 0.5720373375000001 0.184253246875 0.5730519484375 0.19135551875 0.5821834421875 0.2004870125 0.5882711031250001 0.202516234375 0.6004464281249999 0.202516234375 0.6085633109375 0.19845779218749998 0.6136363640625 0.18932629843749998 0.6116071421875 0.1791801953125 0.6004464281249999 0.16801948125 0.594358765625 0.16801948125 0.5923295453125 0.165990259375 0.578125 0.17004870156250002
1 0.612621753125 0.25527597343749997 0.6247970781250001 0.25730519531249996 0.630884740625 0.25527597343749997 0.640016234375 0.24614448125 0.640016234375 0.2359983765625 0.62885551875 0.2228084421875 0.6166801953125 0.2207792203125 0.603490259375 0.22788149375 0.6014610390625 0.231939934375 0.6024756499999999 0.2451298703125 0.603490259375 0.2481737015625 0.612621753125 0.25527597343749997
1 0.6532061687499999 0.28977272656249997 0.6369724031249999 0.29180194843749996 0.6298701296875 0.3009334421875 0.630884740625 0.310064934375 0.6329139609375 0.3141233765625 0.6491477265625 0.31209415625000003 0.6633522734375 0.32021103906250004 0.6684253250000001 0.31107954531250004 0.6643668828125 0.29890422031249997 0.6532061687499999 0.28977272656249997
1 0.5750811687499999 0.2928165578125 0.5629058437500001 0.3049918828125 0.5639204546875 0.30803571406249997 0.5740665578125 0.3141233765625 0.594358765625 0.3141233765625 0.6024756499999999 0.310064934375 0.6095779218749999 0.30296266250000004 0.6136363640625 0.2928165578125 0.6136363640625 0.28267045468749996 0.6075487015625 0.2704951296875 0.5923295453125 0.25933441562500004 0.578125 0.25730519531249996 0.5791396109375 0.28267045468749996 0.5750811687499999 0.2928165578125
1 0.5791396109375 0.2664366890625 0.5730519484375 0.2542613640625 0.5639204546875 0.2451298703125 0.5497159093749999 0.2390422078125 0.5314529218749999 0.2390422078125 0.5213068187500001 0.24310065 0.5101461031250001 0.2542613640625 0.5040584421875 0.26846590937500003 0.5050730515625 0.2796266234375 0.5060876624999999 0.286728896875 0.5152191562499999 0.29991883124999996 0.5334821421875 0.30803571406249997 0.5537743500000001 0.30803571406249997 0.5639204546875 0.30397727343750003 0.5750811687499999 0.2928165578125 0.5791396109375 0.28267045468749996 0.5791396109375 0.2664366890625
1 0.441152596875 0.38210227343750003 0.45434253281250003 0.39529220781249996 0.474634740625 0.403409090625 0.48883928593750003 0.40543831093750005 0.49086850625 0.403409090625 0.5050730515625 0.40137987031250005 0.5172483765625 0.39529220781249996 0.5243506499999999 0.388189934375 0.5324675328125 0.3760146109375 0.5365259734375 0.36383928593750003 0.5365259734375 0.34354707812499996 0.5263798703125 0.3232548703125 0.5152191562499999 0.31209415625000003 0.49695616875 0.30397727343750003 0.480722403125 0.30194805156250004 0.456371753125 0.310064934375 0.44318181875 0.3232548703125 0.435064934375 0.33745941562500004 0.435064934375 0.34760551875 0.43303571406249997 0.349634740625 0.434050325 0.36282467500000004 0.435064934375 0.36992694843749996 0.441152596875 0.38210227343750003
1 0.65625 0.36789772656249997 0.6450892859375 0.358766234375 0.6390016234375 0.3567370125 0.6268262984375 0.3567370125 0.6187094156249999 0.36079545468749996 0.6095779218749999 0.37195616875000004 0.6085633109375 0.3831168828125 0.6105925328125 0.38920454531250004 0.6146509734375 0.38717532499999996 0.6329139609375 0.38920454531250004 0.64711850625 0.40137987031250005 0.6511769484375 0.40137987031250005 0.6603084421875 0.39021915625000003 0.6603084421875 0.37804383124999996 0.65625 0.37195616875000004 0.65625 0.36789772656249997
1 0.6826298703125 0.39630681874999996 0.6826298703125 0.38007305156250004 0.6734983765625 0.3709415578125 0.6684253250000001 0.37804383124999996 0.6684253250000001 0.38210227343750003 0.6521915578125 0.400365259375 0.6532061687499999 0.40543831093750005 0.66538149375 0.409496753125 0.6755275968750001 0.40543831093750005 0.6806006499999999 0.400365259375 0.6826298703125 0.39630681874999996
1 0.6704545453125 0.469358765625 0.6552353890625 0.45616883125 0.6390016234375 0.45616883125 0.630884740625 0.46022727343750003 0.621753246875 0.469358765625 0.6197240265625 0.47341720781249996 0.6207386359375 0.490665584375 0.6247970781250001 0.49269480468750004 0.630884740625 0.48863636406250005 0.6410308437500001 0.48660714218749995 0.6552353890625 0.49269480468750004 0.6623376624999999 0.5018262984375 0.66538149375 0.5028409093749999 0.672483765625 0.49168019531249996 0.672483765625 0.475446428125 0.6704545453125 0.469358765625
1 0.6623376624999999 0.499797078125 0.6552353890625 0.49269480468750004 0.64711850625 0.48863636406250005 0.630884740625 0.48863636406250005 0.6156655843750001 0.49776785781250005 0.6095779218749999 0.5099431812499999 0.6085633109375 0.5211038968749999 0.6116071421875 0.5342938312500001 0.6207386359375 0.5434253250000001 0.6329139609375 0.5495129875 0.6410308437500001 0.5495129875 0.6511769484375 0.5454545453125 0.6623376624999999 0.5363230515625 0.6663961031250001 0.5282061687499999 0.6663961031250001 0.5079139609375 0.6623376624999999 0.499797078125
1 0.6542207796875 0.6682224031249999 0.6542207796875 0.6499594156249999 0.6501623375000001 0.6418425328125 0.6369724031249999 0.6306818187500001 0.6247970781250001 0.6286525968750001 0.6227678578125 0.6266233765625 0.6105925328125 0.6286525968750001 0.6024756499999999 0.6327110390625 0.5892857140625 0.6459009734375 0.5852272734375 0.6560470781250001 0.5862418828125 0.671266234375 0.5913149343749999 0.6824269484375 0.6024756499999999 0.6915584421875 0.612621753125 0.6956168828125 0.6247970781250001 0.6956168828125 0.6390016234375 0.6895292203125 0.6501623375000001 0.67836850625 0.6542207796875 0.6682224031249999
2 0.6067370125 1 0.6095779218749999 0.9928977265625001 0.6075487015625 0.9868100656250001 0.5963879875 0.9776785718750001 0.5760957796875 0.9776785718750001 0.5659496749999999 0.9817370125 0.5568181812499999 0.99086850625 0.5547889609375 0.9949269484375 0.5553526328125 1 0.6067370125 1