2 0.9359375 0.659375 0.05625 0.0515625
1 0.91875 0.6296875 0.046875 0.040625
2 0.984375 0.6578125 0.03125 0.05
1 0.5484375 0.70625 0.05625 0.0609375
1 0.640625 0.61875 0.0375 0.0375
1 0.353125 0.740625 0.071875 0.075
1 0.221875 0.675 0.065625 0.053125
1 0.8265625 0.5890625 0.0328125 0.025
1 0.6703125 0.5578125 0.021875 0.0203125
1 0.559375 0.5546875 0.01875 0.01875
3 0.9328125 0.5875 0.0578125 0.06875
3 0.7625 0.5796875 0.0515625 0.05625
3 0.490625 0.521875 0.025 0.0421875
3 0.4734375 0.528125 0.0296875 0.0484375