2 0.80231629375 0.4171325875 0.80231629375 0.4031549515625 0.798322684375 0.39516773125000004 0.7893370609375 0.386182109375 0.7853434499999999 0.384185303125 0.7733626203124999 0.384185303125 0.7603833859375 0.39516773125000004 0.7563897765625 0.40714856250000003 0.75838658125 0.40914536718749994 0.75838658125 0.4171325875 0.764376996875 0.42711661406249996 0.7733626203124999 0.43410543125 0.7803514375 0.435103834375 0.7893370609375 0.43410543125 0.796325878125 0.42911341875 0.80231629375 0.4171325875
2 0.666533546875 0.41912939375 0.67052715625 0.411142171875 0.67052715625 0.39516773125000004 0.664536740625 0.3811900953125 0.6555511187499999 0.37220447343749996 0.6455670921875 0.3682108625 0.627595846875 0.3682108625 0.6196086265625 0.37220447343749996 0.6126198078125 0.379193290625 0.622603834375 0.3871805109375 0.632587859375 0.4031549515625 0.6345846640625 0.42511980781250003 0.632587859375 0.43111022343750005 0.6475638984375001 0.43210862656250004 0.6575479234375 0.428115015625 0.666533546875 0.41912939375
2 0.5806709265625 0.3372603828125 0.5636980828125 0.3222843453125 0.5457268375 0.3222843453125 0.534744409375 0.33126996875 0.5387380187499999 0.3392571890625 0.556709265625 0.3552316296875 0.5587060703125 0.3612220453125 0.5617012781249999 0.362220446875 0.58266773125 0.3432507984375 0.5806709265625 0.3372603828125
2 0.5387380187499999 0.3392571890625 0.5367412140625001 0.3332667734375 0.5257587859374999 0.32428115 0.505790734375 0.32428115 0.49480830625000005 0.33126996875 0.5027955265624999 0.347244409375 0.505790734375 0.3482428109375 0.517771565625 0.340255590625 0.5387380187499999 0.3392571890625
2 0.5607028749999999 0.3652156546875 0.556709265625 0.3552316296875 0.5457268375 0.3442492015625 0.5377396171875 0.340255590625 0.517771565625 0.340255590625 0.5097843453124999 0.3442492015625 0.5027955265624999 0.35123801875 0.5037939296875 0.364217253125 0.521765175 0.35623003125 0.529752396875 0.35623003125 0.5477236421875 0.362220446875 0.556709265625 0.3712060703125 0.5577076671875 0.37220447343749996 0.5607028749999999 0.369209265625 0.5607028749999999 0.3652156546875
2 0.5427316296875 0.4171325875 0.5587060703125 0.4031549515625 0.5607028749999999 0.3971645375 0.5646964859375 0.39317092656249997 0.5646964859375 0.38518370625 0.5607028749999999 0.37519968125 0.5457268375 0.36022364218749997 0.53374600625 0.3582268375 0.5317492015624999 0.35623003125 0.521765175 0.35623003125 0.5037939296875 0.364217253125 0.49480830625000005 0.37519968125 0.49081469687499996 0.38518370625 0.49081469687499996 0.401158146875 0.4968051125 0.41513578281249996 0.507787540625 0.42412140625 0.5207667734375 0.42911341875 0.529752396875 0.4301118203125 0.5357428109375 0.428115015625 0.5427316296875 0.4171325875
2 0.5007987218750001 0.367212459375 0.5027955265624999 0.3612220453125 0.5027955265624999 0.347244409375 0.4988019171875 0.3372603828125 0.48981629375 0.32827476093749997 0.473841853125 0.320287540625 0.4578674125 0.320287540625 0.44588658125 0.3262779546875 0.43690095781249993 0.335263578125 0.43091054375000004 0.34924121406249997 0.43091054375000004 0.3552316296875 0.45087859375 0.373202875 0.45487220468749995 0.38518370625 0.4578674125 0.3881789140625 0.462859425 0.389177315625 0.4698482421875 0.39017571875 0.48182907343750003 0.386182109375 0.5007987218750001 0.367212459375
2 0.41393769999999996 0.43410543125 0.42991214062500005 0.4261182109375 0.43590255625 0.4261182109375 0.4388977640625 0.423123003125 0.4388977640625 0.41912939375 0.434904153125 0.413138978125 0.4259185296875 0.40415335468749997 0.40595047968750003 0.3941693296875 0.39396964843750004 0.39217252343750003 0.39197284374999997 0.3941693296875 0.3799920125 0.396166134375 0.35902555937499997 0.41513578281249996 0.3510383390625 0.42911341875 0.3510383390625 0.44309105468750004 0.3570287546875 0.4590654953125 0.3700079875 0.47204472812500003 0.3789936109375 0.477036740625 0.3889776359375 0.477036740625 0.39696485625 0.4530750796875 0.41393769999999996 0.43410543125
2 0.1593450484375 0.4410942484375 0.1593450484375 0.42511980781250003 0.1553514375 0.41513578281249996 0.144369009375 0.40215655000000006 0.1363817890625 0.3981629390625 0.1303913734375 0.3981629390625 0.12839456875 0.396166134375 0.11242012812499999 0.40215655000000006 0.09744408906249999 0.41912939375 0.0934504796875 0.42711661406249996 0.0934504796875 0.435103834375 0.0964456875 0.4361022359375 0.1024361015625 0.43210862656250004 0.11841054375 0.43210862656250004 0.1303913734375 0.43809904218750007 0.14536741250000002 0.455071884375 0.1483626203125 0.45607028749999995 0.1553514375 0.451078275 0.1593450484375 0.4410942484375
2 0.063498403125 0.5369408953125 0.0804712453125 0.52196485625 0.0984424921875 0.5179712453125 0.1014377 0.5149760390625 0.095447284375 0.500998403125 0.0824680515625 0.48801916875 0.0704872203125 0.4820287546875 0.056509584375 0.4820287546875 0.04053514375 0.49001597500000005 0.0315495203125 0.500998403125 0.0235623 0.520966453125 0.0235623 0.544928115625 0.0255591046875 0.5469249203125 0.0275559109375 0.5589057515625 0.039536740625 0.5788738015625 0.0475239609375 0.5848642171875 0.051517571875 0.5848642171875 0.0535143765625 0.5609025562500001 0.063498403125 0.5369408953125
2 0.18430511249999998 0.7595846640625 0.193290734375 0.7505990421875001 0.2032747609375 0.7326277953125 0.2032747609375 0.7166533546875 0.2012779546875 0.7146565500000001 0.2012779546875 0.7046725234375 0.19928115 0.70267571875 0.19928115 0.6827076671875 0.2012779546875 0.6787140578125 0.18730031875 0.6487619812500001 0.1743210859375 0.6337859421875 0.16633386562500002 0.6277955265624999 0.1423722046875 0.615814696875 0.11441693281250001 0.615814696875 0.11242012812499999 0.6178115015625 0.1064297125 0.6178115015625 0.0964456875 0.6238019171875 0.0774760390625 0.6447683703125 0.0714856234375 0.6627396171875 0.0714856234375 0.6727236421875 0.0694888171875 0.674720446875 0.0714856234375 0.6787140578125 0.0714856234375 0.6946884984375 0.073482428125 0.696685303125 0.073482428125 0.7066693296875 0.0774760390625 0.71265974375 0.0774760390625 0.7166533546875 0.08945686875 0.73662140625 0.1084265171875 0.7555910546875 0.11441693281250001 0.757587859375 0.1244009578125 0.7655750796875 0.139376996875 0.7685702875 0.16234025624999998 0.769568690625 0.1743210859375 0.7655750796875 0.18430511249999998 0.7595846640625
2 0.31210063906249996 0.7775559109375 0.3280750796875 0.769568690625 0.3450479234375 0.75658945625 0.3570287546875 0.7386182109375 0.3610223640625 0.7266373796875001 0.3610223640625 0.7166533546875 0.36301916875 0.7146565500000001 0.36301916875 0.6867012781249999 0.3570287546875 0.66873003125 0.3490415328125 0.654752396875 0.3340654953125 0.637779553125 0.3240814703125 0.6297923328125 0.31409744375000004 0.6257987218750001 0.310103834375 0.6218051124999999 0.2921325875 0.615814696875 0.26018370625 0.613817890625 0.2581869015625 0.615814696875 0.24620607031250002 0.6178115015625 0.22623801875 0.6297923328125 0.21126198125 0.646765175 0.2012779546875 0.676717253125 0.2012779546875 0.7106629390625 0.2132587859375 0.7386182109375 0.2362220453125 0.763578275 0.2521964859375 0.7735623 0.2561900953125 0.7735623 0.26817092656249997 0.7795527156250001 0.287140575 0.7805511187499999 0.29412939374999997 0.7815495203125 0.30411341875 0.7775559109375 0.31210063906249996 0.7775559109375
0 0.1044329078125 0.6178115015625 0.11841054375 0.615814696875 0.1204073484375 0.613817890625 0.1363817890625 0.613817890625 0.14037539999999998 0.615814696875 0.1463658140625 0.613817890625 0.151357828125 0.6068290734375 0.151357828125 0.57088658125 0.149361021875 0.5688897765625 0.14736421718749998 0.5509185296875 0.134384984375 0.5319488812500001 0.1263977640625 0.5259584671875001 0.1084265171875 0.5179712453125 0.08646166093749999 0.5199680515625 0.072484025 0.527955271875 0.061501596874999995 0.5409345046875 0.0535143765625 0.5628993609374999 0.0535143765625 0.5948482421875 0.055511182812500004 0.6008386578125 0.063498403125 0.6168130984375 0.072484025 0.6277955265624999 0.07947284375 0.632787540625 0.08446485625 0.6337859421875 0.09444888125 0.6238019171875 0.1044329078125 0.6178115015625
0 0.2242412140625 0.613817890625 0.2362220453125 0.60982428125 0.2452076671875 0.6008386578125 0.2472044734375 0.5948482421875 0.249201278125 0.57088658125 0.2511980828125 0.5688897765625 0.25319488749999997 0.5569089453125 0.261182109375 0.542931309375 0.261182109375 0.5309504796875 0.25319488749999997 0.51697284375 0.23821884999999998 0.5019968046875001 0.2242412140625 0.494009584375 0.2182507984375 0.494009584375 0.21625399375 0.49201277968749996 0.19428913750000001 0.49201277968749996 0.1803115015625 0.4980031953125 0.161341853125 0.5149760390625 0.151357828125 0.5349440890625 0.149361021875 0.554912140625 0.151357828125 0.5569089453125 0.1533546328125 0.5748801921875 0.15734824218750001 0.58087060625 0.15734824218750001 0.5848642171875 0.16733226875 0.5988418531249999 0.1803115015625 0.6118210859375 0.18730031875 0.61481629375 0.21425718906250002 0.615814696875 0.21625399375 0.613817890625 0.2242412140625 0.613817890625
0 0.3710063890625 0.632787540625 0.380990415625 0.6168130984375 0.384984025 0.60483226875 0.384984025 0.5968450484375001 0.38698083125 0.5948482421875 0.38698083125 0.5748801921875 0.384984025 0.5728833859375 0.3829872203125 0.5609025562500001 0.37699680468749996 0.5529153359375 0.37699680468749996 0.548921725 0.37300319531250004 0.542931309375 0.352036740625 0.5239616609375 0.34804313124999997 0.5239616609375 0.3380591046875 0.5179712453125 0.32607827500000003 0.515974440625 0.3240814703125 0.5139776359375 0.3061102234375 0.5139776359375 0.30411341875 0.515974440625 0.2921325875 0.5179712453125 0.288138978125 0.52196485625 0.28214856250000003 0.5239616609375 0.26517571875 0.5389377 0.25519169375 0.554912140625 0.2511980828125 0.5728833859375 0.249201278125 0.5748801921875 0.249201278125 0.5948482421875 0.25319488749999997 0.6068290734375 0.2581869015625 0.613817890625 0.286142171875 0.613817890625 0.31210063906249996 0.6218051124999999 0.32607827500000003 0.6297923328125 0.3450479234375 0.646765175 0.352036740625 0.647763578125 0.3600239609375 0.64376996875 0.3710063890625 0.632787540625
0 0.2721645375 0.39017571875 0.2741613421875 0.3881789140625 0.288138978125 0.39017571875 0.3021166140625 0.396166134375 0.3051118203125 0.39317092656249997 0.3071086265625 0.3831869015625 0.303115015625 0.37519968125 0.2921325875 0.3662140578125 0.2841453671875 0.362220446875 0.26817092656249997 0.362220446875 0.2521964859375 0.3702076671875 0.2412140578125 0.3831869015625 0.23722044687500002 0.3971645375 0.2412140578125 0.4031549515625 0.242212459375 0.40415335468749997 0.2581869015625 0.39217252343750003 0.2721645375 0.39017571875
0 0.3829872203125 0.3712060703125 0.380990415625 0.36321885 0.3720047921875 0.3502396171875 0.35802715625000003 0.34225239687500003 0.34404952031249997 0.34225239687500003 0.330071884375 0.3482428109375 0.31908945625 0.35922523906250003 0.315095846875 0.369209265625 0.315095846875 0.373202875 0.3180910546875 0.37420127812500004 0.332068690625 0.3662140578125 0.354033546875 0.3662140578125 0.364017571875 0.3702076671875 0.375 0.379193290625 0.375998403125 0.38019169375 0.380990415625 0.37519968125 0.3829872203125 0.3712060703125
0 0.40595047968750003 0.35623003125 0.4159345046875 0.35623003125 0.419928115625 0.3542332265625 0.4219249203125 0.35623003125 0.4279153359375 0.35623003125 0.43091054375000004 0.35323482500000003 0.43091054375000004 0.34125399375 0.41393769999999996 0.3322683703125 0.40595047968750003 0.3322683703125 0.3879792328125 0.340255590625 0.37699680468749996 0.35323482500000003 0.3829872203125 0.367212459375 0.385982428125 0.3682108625 0.395966453125 0.36022364218749997 0.40595047968750003 0.35623003125
0 0.593650159375 0.37819488749999997 0.5956469656250001 0.3761980828125 0.6076277953125 0.37819488749999997 0.6096246 0.38019169375 0.620607028125 0.369209265625 0.6186102234375 0.36321885 0.6096246 0.352236421875 0.6036341859375 0.3482428109375 0.5976437703124999 0.34624600625 0.5816693296875 0.34624600625 0.573682109375 0.3502396171875 0.566693290625 0.35722843437499996 0.5607028749999999 0.367212459375 0.5607028749999999 0.37519968125 0.5646964859375 0.38518370625 0.5696884984375 0.386182109375 0.583666134375 0.37819488749999997 0.593650159375 0.37819488749999997
0 0.6345846640625 0.411142171875 0.6305910546875 0.3991613421875 0.615615015625 0.3821884984375 0.6076277953125 0.37819488749999997 0.5856629390625 0.37819488749999997 0.5756789140625 0.3821884984375 0.5646964859375 0.39317092656249997 0.5607028749999999 0.3991613421875 0.5636980828125 0.40215655000000006 0.56769169375 0.40015974375 0.58765974375 0.40015974375 0.6076277953125 0.4101437703125 0.6186102234375 0.423123003125 0.622603834375 0.43111022343750005 0.622603834375 0.4371006390625 0.627595846875 0.43809904218750007 0.632587859375 0.42911341875 0.6345846640625 0.411142171875
0 0.67052715625 0.3612220453125 0.67052715625 0.3552316296875 0.666533546875 0.34524760312499997 0.6555511187499999 0.33426517499999997 0.6495607031249999 0.3322683703125 0.6395766765625 0.3322683703125 0.6295926515625 0.33626198125 0.6265974437499999 0.34125399375 0.6345846640625 0.3552316296875 0.6345846640625 0.367212459375 0.6515575078125 0.3702076671875 0.6585463265625 0.37519968125 0.6635383390625 0.3761980828125 0.666533546875 0.373202875 0.67052715625 0.3612220453125
0 0.6835063890625 0.3542332265625 0.6894968046875001 0.3502396171875 0.6984824281249999 0.34924121406249997 0.6914936109375 0.340255590625 0.6875 0.33825878593750003 0.6735223640625 0.33825878593750003 0.666533546875 0.3432507984375 0.67052715625 0.35922523906250003 0.666533546875 0.369209265625 0.666533546875 0.3811900953125 0.6745207671875 0.3811900953125 0.6765175718750001 0.3612220453125 0.6835063890625 0.3542332265625
0 0.842252396875 0.44309105468750004 0.8442492015624999 0.4371006390625 0.8442492015624999 0.42711661406249996 0.8402555906250001 0.4171325875 0.83126996875 0.408146965625 0.8232827468749999 0.40415335468749997 0.8172923328125 0.40415335468749997 0.8093051125 0.408146965625 0.80231629375 0.41513578281249996 0.8003194890625001 0.4211261984375 0.8003194890625001 0.43111022343750005 0.8063099046875 0.4490814703125 0.813298721875 0.45407348281250004 0.8182907343749999 0.455071884375 0.8272763578125 0.45607028749999995 0.835263578125 0.4520766765625 0.842252396875 0.44309105468750004
1 0.7224440890625 0.38518370625 0.7224440890625 0.369209265625 0.7184504796875 0.3612220453125 0.7134584671875001 0.35623003125 0.69948083125 0.3502396171875 0.6894968046875001 0.3502396171875 0.6835063890625 0.3542332265625 0.6785143765625 0.35922523906250003 0.6745207671875 0.369209265625 0.6745207671875 0.3811900953125 0.6805111828125 0.39516773125000004 0.6904952078125 0.3991613421875 0.7054712453125 0.40015974375 0.7114616609375 0.3981629390625 0.7224440890625 0.38518370625
1 0.6395766765625 0.3322683703125 0.6515575078125 0.3322683703125 0.6535543125000001 0.33426517499999997 0.6545527156250001 0.33126996875 0.6515575078125 0.3262779546875 0.6435702875 0.3222843453125 0.637579871875 0.3222843453125 0.6355830671875 0.320287540625 0.6335862624999999 0.3222843453125 0.627595846875 0.3222843453125 0.61661341875 0.33126996875 0.622603834375 0.3392571890625 0.6255990421875001 0.340255590625 0.6295926515625 0.33626198125 0.6395766765625 0.3322683703125
1 0.599640575 0.33426517499999997 0.61162140625 0.33426517499999997 0.615615015625 0.33626198125 0.61661341875 0.33126996875 0.61162140625 0.3262779546875 0.6016373796875001 0.3222843453125 0.5896565500000001 0.3222843453125 0.578674121875 0.3292731625 0.578674121875 0.335263578125 0.58266773125 0.3432507984375 0.58765974375 0.34225239687500003 0.593650159375 0.33626198125 0.599640575 0.33426517499999997
1 0.6345846640625 0.367212459375 0.6345846640625 0.3552316296875 0.6305910546875 0.347244409375 0.62160543125 0.33825878593750003 0.6136182109375 0.33426517499999997 0.599640575 0.33426517499999997 0.5896565500000001 0.33825878593750003 0.5846645374999999 0.3432507984375 0.58765974375 0.34624600625 0.5976437703124999 0.34624600625 0.6096246 0.352236421875 0.61661341875 0.35922523906250003 0.6186102234375 0.369209265625 0.6236022359375 0.3702076671875 0.6255990421875001 0.3682108625 0.6345846640625 0.367212459375
1 0.6126198078125 0.47304313125 0.622603834375 0.457068690625 0.622603834375 0.43111022343750005 0.6186102234375 0.423123003125 0.6076277953125 0.4101437703125 0.58765974375 0.40015974375 0.56769169375 0.40015974375 0.5617012781249999 0.40215655000000006 0.540734825 0.4211261984375 0.5367412140625001 0.42911341875 0.5367412140625001 0.4590654953125 0.5387380187499999 0.4630591046875 0.551717253125 0.47803514375 0.5597044734375001 0.484025559375 0.5746805109374999 0.489017571875 0.5856629390625 0.48801916875 0.605630990625 0.48003194843749997 0.6126198078125 0.47304313125
1 0.45487220468749995 0.3991613421875 0.45487220468749995 0.38518370625 0.4488817890625 0.3712060703125 0.439896165625 0.362220446875 0.4339057515625 0.36022364218749997 0.42991214062500005 0.35623003125 0.4159345046875 0.3542332265625 0.41393769999999996 0.35623003125 0.40595047968750003 0.35623003125 0.395966453125 0.36022364218749997 0.3829872203125 0.373202875 0.3789936109375 0.3811900953125 0.3789936109375 0.38518370625 0.3829872203125 0.391174121875 0.385982428125 0.3941693296875 0.3899760390625 0.39217252343750003 0.3999600640625 0.39217252343750003 0.4119408953125 0.396166134375 0.423921725 0.40215655000000006 0.4388977640625 0.4171325875 0.44388977656249995 0.41813099062500003 0.4488817890625 0.413138978125 0.45487220468749995 0.3991613421875
1 0.34804313124999997 0.44408945624999996 0.3510383390625 0.42911341875 0.35902555937499997 0.41513578281249996 0.3680111828125 0.40415335468749997 0.380990415625 0.39516773125000004 0.380990415625 0.3871805109375 0.3680111828125 0.37220447343749996 0.354033546875 0.3662140578125 0.332068690625 0.3662140578125 0.320087859375 0.37220447343749996 0.3071086265625 0.3871805109375 0.3051118203125 0.3991613421875 0.315095846875 0.41513578281249996 0.31908945625 0.43909744375 0.3270766765625 0.44508785937499995 0.3380591046875 0.4460862625 0.3400559109375 0.44408945624999996 0.34804313124999997 0.44408945624999996
1 0.30910543125 0.4590654953125 0.3170926515625 0.44309105468750004 0.3170926515625 0.423123003125 0.3130990421875 0.411142171875 0.3001198078125 0.396166134375 0.29412939374999997 0.39217252343750003 0.288138978125 0.39217252343750003 0.286142171875 0.39017571875 0.264177315625 0.39017571875 0.24620607031250002 0.40015974375 0.2332268375 0.41912939375 0.2332268375 0.42511980781250003 0.23123003125000002 0.42711661406249996 0.23123003125000002 0.4470846640625 0.23722044687500002 0.46106230000000004 0.242212459375 0.46805111874999994 0.2631789140625 0.47903354687500005 0.2801517578125 0.48003194843749997 0.2901357828125 0.4760383390625 0.30910543125 0.4590654953125
1 0.2242412140625 0.46206070312499997 0.23123003125000002 0.4530750796875 0.22923322656249998 0.43909744375 0.23123003125000002 0.4371006390625 0.23123003125000002 0.423123003125 0.23522364218749997 0.413138978125 0.2412140578125 0.4051517578125 0.228234825 0.39017571875 0.22024760312499997 0.386182109375 0.2042731625 0.384185303125 0.1922923328125 0.3881789140625 0.1753194890625 0.4031549515625 0.171325878125 0.40914536718749994 0.1693290734375 0.423123003125 0.16733226875 0.42511980781250003 0.1693290734375 0.44309105468750004 0.1813099046875 0.46106230000000004 0.189297125 0.46705271562500006 0.21026357812500002 0.46805111874999994 0.21625399375 0.4660543125 0.2242412140625 0.46206070312499997
1 0.5007987218750001 0.4870207671875 0.4988019171875 0.4630591046875 0.4928115015625 0.4490814703125 0.473841853125 0.43210862656250004 0.461861021875 0.4261182109375 0.4538738015625 0.4261182109375 0.451876996875 0.42412140625 0.42991214062500005 0.4261182109375 0.40794728437499994 0.440095846875 0.39696485625 0.4530750796875 0.3889776359375 0.477036740625 0.39097444062500003 0.489017571875 0.39396964843750004 0.494009584375 0.397963259375 0.494009584375 0.417931309375 0.484025559375 0.4538738015625 0.4820287546875 0.47783546250000003 0.49201277968749996 0.49081469687499996 0.5029952078125 0.4918130984375 0.5039936109375 0.4968051125 0.499001596875 0.5007987218750001 0.4870207671875
1 0.4928115015625 0.586861021875 0.5007987218750001 0.5728833859375 0.5047923328125 0.5609025562500001 0.5047923328125 0.5329472843749999 0.49480830625000005 0.5089856234375 0.473841853125 0.49001597500000005 0.451876996875 0.4820287546875 0.419928115625 0.484025559375 0.4039536734375 0.49001597500000005 0.3889776359375 0.5029952078125 0.37699680468749996 0.5269568687499999 0.37699680468749996 0.5369408953125 0.375 0.5409345046875 0.37699680468749996 0.542931309375 0.37699680468749996 0.548921725 0.384984025 0.5628993609374999 0.384984025 0.5688897765625 0.3889776359375 0.5788738015625 0.4099440890625 0.603833865625 0.424920128125 0.610822684375 0.451876996875 0.6118210859375 0.4758386578125 0.6018370609375 0.4928115015625 0.586861021875
1 0.1593450484375 0.51697284375 0.176317890625 0.5 0.18230830625 0.49600638906250005 0.193290734375 0.4930111828125 0.193290734375 0.4870207671875 0.18730031875 0.4750399359375 0.17232428125000002 0.46206070312499997 0.1583466453125 0.45607028749999995 0.14037539999999998 0.45607028749999995 0.1244009578125 0.4640575078125 0.10742811562500001 0.48302715625000003 0.1034345046875 0.4950079875 0.1014377 0.5149760390625 0.1044329078125 0.5179712453125 0.11641373749999999 0.5199680515625 0.12839456875 0.5259584671875001 0.1423722046875 0.5419329078125 0.14536741250000002 0.542931309375 0.149361021875 0.542931309375 0.1553514375 0.522963259375 0.1593450484375 0.51697284375
1 0.1034345046875 0.4950079875 0.111421725 0.477036740625 0.1263977640625 0.46206070312499997 0.13837859375 0.45806709218749997 0.14137380156249998 0.455071884375 0.139376996875 0.4470846640625 0.1323881796875 0.440095846875 0.11841054375 0.43210862656250004 0.1044329078125 0.43210862656250004 0.0884584671875 0.440095846875 0.0774760390625 0.4530750796875 0.0694888171875 0.47304313125 0.0714856234375 0.48302715625000003 0.08646166093749999 0.49001597500000005 0.0994408953125 0.5069888171875 0.1014377 0.5069888171875 0.1034345046875 0.5029952078125 0.1034345046875 0.4950079875
1 0.0774760390625 0.4530750796875 0.08945686875 0.43909744375 0.0874600640625 0.43310702812499996 0.078474440625 0.42412140625 0.068490415625 0.42012779531250005 0.0605031953125 0.42012779531250005 0.050519168749999996 0.42412140625 0.039536740625 0.435103834375 0.0335463265625 0.4470846640625 0.0335463265625 0.455071884375 0.0425319484375 0.45607028749999995 0.0545127796875 0.4640575078125 0.061501596874999995 0.47304313125 0.063498403125 0.47903354687500005 0.0694888171875 0.47903354687500005 0.0694888171875 0.4710463265625 0.0774760390625 0.4530750796875
1 0 0.5021964859375 0.00159744375 0.5069888171875 0.013578275 0.51697284375 0.019568690625 0.5249600640625001 0.0235623 0.5249600640625001 0.0255591046875 0.5129792328125 0.0335463265625 0.49700479218750004 0.046525559375 0.4860223640625 0.0605031953125 0.4820287546875 0.063498403125 0.47903354687500005 0.0595047921875 0.4710463265625 0.046525559375 0.45806709218749997 0.04053514375 0.45607028749999995 0.0265575078125 0.45607028749999995 0.018570287499999998 0.4600638984375 0.0115814703125 0.46705271562500006 0.0035942484375 0.48103035156249996 0.00159744375 0.499001596875 0 0.5005990421875001 0 0.5021964859375
1 0 0.6113160125 0.0085862625 0.6118210859375 0.016573482812500002 0.6058306703125 0.0215654953125 0.6008386578125 0.0275559109375 0.5828674125 0.0275559109375 0.5569089453125 0.0235623 0.5469249203125 0.0215654953125 0.5309504796875 0.017571884375 0.522963259375 0 0.507241046875 0 0.6113160125