1 0.5140625 0.075 0.0453125 0.05
1 0.4828125 0.49375 0.0484375 0.046875
1 0.5359375 0.6859375 0.0453125 0.0515625
1 0.4640625 0.09375 0.053125 0.0546875
2 0.53125 0.490625 0.040625 0.05
2 0.4765625 0.2859375 0.0484375 0.0515625
2 0.5234375 0.2984375 0.046875 0.0515625
2 0.4984375 0.8671875 0.04375 0.05625
1 0.5609236484375 0.6801045593749999 0.5629661328125 0.6821470421875 0.5629661328125 0.6923594609375 0.570114825 0.6974656703125001 0.578284759375 0.6974656703125001 0.58032724375 0.7015506375 0.5905396625 0.7015506375 0.6007520796875 0.6974656703125001 0.60994325625 0.6862320093750001 0.60994325625 0.669892140625 0.6058582890624999 0.66172220625 0.598709596875 0.6545735125000001 0.588497178125 0.6504885453125 0.58032724375 0.6504885453125 0.5772635187499999 0.653552271875 0.5762422765624999 0.6586584796875 0.570114825 0.6586584796875 0.565008615625 0.6637646890625 0.561944890625 0.6709133828125 0.5609236484375 0.6739771078125 0.5629661328125 0.6760195921875 0.5609236484375 0.6801045593749999
1 0.5591376234375 0.5030686578125 0.5642438328125 0.5081748671875 0.5683288 0.5081748671875 0.5764987359375 0.51430231875 0.5846686703125 0.51430231875 0.5928386046874999 0.5102173515625 0.599987296875 0.5030686578125 0.60202978125 0.4969412078125 0.60202978125 0.47855885468750003 0.5979448140625 0.47038892031249996 0.5907961203125 0.4632402265625 0.5826261859375 0.459155259375 0.5693500421875 0.4601765015625 0.5683288 0.47345264531250003 0.567307559375 0.466303953125 0.56220135 0.4652827109375 0.557095140625 0.47038892031249996 0.5560738984375 0.4836650640625 0.55505265625 0.49081375625 0.5591376234375 0.4969412078125 0.5591376234375 0.5030686578125
2 0.4921875 0.6828125 0.04375 0.0453125
2 0.5431056671875 0.2930111296875 0.5513158828125 0.30095538125 0.56746576875 0.3057997140625 0.582000659375 0.30095538125 0.592125275 0.2930111296875 0.592125275 0.2889261625 0.5941677578125 0.28688367812500004 0.5941677578125 0.27871374375 0.5962102421875 0.2746287765625 0.5941677578125 0.2725862921875 0.5941677578125 0.2664588421875 0.590082790625 0.25828890625 0.5808916140625 0.24909772968750002 0.5686367125 0.24705524687499997 0.566594228125 0.24909772968750002 0.55842429375 0.2511402140625 0.5553605687500001 0.2542039390625 0.5543393265625001 0.2593101484375 0.5492331171875 0.260331390625 0.5431056671875 0.2725862921875 0.542084425 0.28177746875 0.5410631828125 0.28484119375 0.5431056671875 0.28688367812500004 0.5431056671875 0.2930111296875
3 0.53125 0.8640625 0.125 0.0875
3 0.5234375 0.684375 0.125 0.075
3 0.51875 0.4921875 0.125 0.0765625
3 0.509375 0.2921875 0.140625 0.0890625
3 0.4984375 0.0875 0.14375 0.096875