1 0.4624600640625 0.29053514375 0.4624600640625 0.28055111875 0.453474440625 0.2715654953125 0.4394968046875 0.2715654953125 0.4305111828125 0.2825479234375 0.4325079875 0.2925319484375 0.4375 0.2995207671875 0.44049520781249996 0.30051916875 0.4514776359375 0.301517571875 0.460463259375 0.2945287546875 0.4624600640625 0.29053514375
0 0.41653354687500005 0.2765575078125 0.41154153281249994 0.2715654953125 0.39556709218749997 0.269568690625 0.3865814703125 0.2765575078125 0.3845846640625 0.2885383390625 0.392571884375 0.2985223640625 0.40555111874999994 0.2995207671875 0.41653354687500005 0.29053514375 0.41653354687500005 0.2765575078125
1 0.34464856250000003 0.274560703125 0.33765974375 0.2655750796875 0.32767571875 0.26357827500000003 0.3146964859375 0.274560703125 0.3146964859375 0.284544728125 0.3206869015625 0.2925319484375 0.333666134375 0.29353035156249996 0.3426517578125 0.2865415328125 0.34464856250000003 0.274560703125
1 0.26777156562500004 0.40535143749999997 0.28274760312499997 0.3923722046875 0.28873801875 0.3803913734375 0.28873801875 0.3704073484375 0.29073482500000003 0.3664137375 0.28873801875 0.3644169328125 0.28873801875 0.35842651718749996 0.284744409375 0.350439296875 0.277755590625 0.34345047968750003 0.2697683703125 0.33945686875000003 0.251797125 0.33945686875000003 0.23981629375 0.345447284375 0.22683706093749997 0.362420128125 0.22484025624999998 0.3803913734375 0.22683706093749997 0.3863817890625 0.23083067031249999 0.39436900937499997 0.2468051125 0.40834664531250003 0.2537939296875 0.4093450484375 0.255790734375 0.4073482421875 0.26777156562500004 0.40535143749999997
1 0.14696485625 0.362420128125 0.152955271875 0.350439296875 0.152955271875 0.3364616609375 0.1439696484375 0.3254792328125 0.1319888171875 0.323482428125 0.12400159687500001 0.3274760390625 0.11701277968749998 0.33446485625 0.11301916875 0.3424520765625 0.11301916875 0.35842651718749996 0.1230031953125 0.3704073484375 0.1339856234375 0.3714057515625 0.14197284375000002 0.367412140625 0.14696485625 0.362420128125
1 0.1339856234375 0.323482428125 0.1439696484375 0.3254792328125 0.14696485625 0.322484025 0.14696485625 0.3125 0.1429712453125 0.306509584375 0.1379792328125 0.3035143765625 0.1279952078125 0.3035143765625 0.12400159687500001 0.3055111828125 0.11701277968749998 0.3125 0.115015975 0.32448083125 0.11701277968749998 0.3304712453125 0.1200079875 0.33146964843750004 0.12400159687500001 0.3274760390625 0.1339856234375 0.323482428125
1 0.2028754 0.3045127796875 0.2028754 0.29652555937499997 0.19588658125 0.2875399359375 0.1819089453125 0.2875399359375 0.174920128125 0.2925319484375 0.1769169328125 0.3085063890625 0.1888977640625 0.3164936109375 0.1938897765625 0.3174920125 0.1988817890625 0.3125 0.2028754 0.3045127796875
1 0.22683706093749997 0.29652555937499997 0.22484025624999998 0.284544728125 0.21785143749999997 0.279552715625 0.20587060625000003 0.28154952031249997 0.1988817890625 0.29053514375 0.2028754 0.2985223640625 0.2028754 0.306509584375 0.206869009375 0.31050319531250004 0.21186102187500003 0.311501596875 0.21785143749999997 0.3095047921875 0.22683706093749997 0.29652555937499997
0 0.19089456875 0.3424520765625 0.1948881796875 0.33446485625 0.1948881796875 0.32847444062500003 0.19089456875 0.318490415625 0.1819089453125 0.311501596875 0.16992811562500001 0.311501596875 0.16593450468749998 0.313498403125 0.15694888125 0.322484025 0.152955271875 0.3304712453125 0.1549520765625 0.34644568750000004 0.1649361015625 0.35443290781250003 0.1759185296875 0.355431309375 0.179912140625 0.3534345046875 0.19089456875 0.3424520765625
0 0.173921725 0.311501596875 0.1769169328125 0.3085063890625 0.1769169328125 0.302515975 0.1719249203125 0.29552715625000003 0.1559504796875 0.29552715625000003 0.14896166093750002 0.302515975 0.14696485625 0.306509584375 0.14696485625 0.3204872203125 0.1509584671875 0.3264776359375 0.1539536734375 0.3274760390625 0.16593450468749998 0.313498403125 0.173921725 0.311501596875
0 0.1200079875 0.3095047921875 0.1289936109375 0.302515975 0.125998403125 0.2995207671875 0.1160143765625 0.2995207671875 0.109025559375 0.306509584375 0.1050319484375 0.31449680468749996 0.1050319484375 0.3264776359375 0.11102236406249999 0.3304712453125 0.11701277968749998 0.3304712453125 0.11701277968749998 0.31449680468749996 0.1200079875 0.3095047921875
1 0.0950479234375 0.4143370609375 0.1010383390625 0.4023562296875 0.10303514375 0.39037540000000004 0.1010383390625 0.38837859375 0.1010383390625 0.3803913734375 0.0940495203125 0.3694089453125 0.08606230000000001 0.3654153359375 0.0780750796875 0.3654153359375 0.0680910546875 0.3694089453125 0.05910543124999999 0.3803913734375 0.055111820312500004 0.39037540000000004 0.055111820312500004 0.40834664531250003 0.0571086265625 0.41034344999999994 0.0571086265625 0.41633386562499997 0.06908945625 0.42631789062500003 0.076078275 0.42731629375 0.08606230000000001 0.423322684375 0.0950479234375 0.4143370609375
1 0.0451277953125 0.41633386562499997 0.0471246 0.4143370609375 0.0471246 0.4023562296875 0.043130990625 0.3923722046875 0.036142171875000004 0.3853833859375 0.0221645375 0.3853833859375 0.011182109375 0.39436900937499997 0.0071884984375 0.406349840625 0.014177315625 0.4073482421875 0.0231629390625 0.4143370609375 0.0291533546875 0.43230830625000005 0.0291533546875 0.438298721875 0.0341453671875 0.43929712500000007 0.043130990625 0.42831469687499996 0.0451277953125 0.41633386562499997
1 0 0.47517305624999995 0.00019968124999999998 0.47523961718749996 0.014177315625 0.46924920156249994 0.0231629390625 0.460263578125 0.0291533546875 0.44628594218749995 0.0291533546875 0.4303115015625 0.02515974375 0.4183306703125 0.02016773125 0.411341853125 0.014177315625 0.4073482421875 0.004193290625 0.4073482421875 0.00019968124999999998 0.4093450484375 0 0.40954472812500003 0 0.47517305624999995
1 0.0890575078125 0.5281549515624999 0.0990415328125 0.5021964859375 0.0990415328125 0.4862220453125 0.09305111875 0.46825079843750006 0.082068690625 0.45527156562500004 0.0720846640625 0.44928115 0.054113418749999996 0.44928115 0.0401357828125 0.45726837031249995 0.033146965625000004 0.46625399375 0.02515974375 0.4862220453125 0.02715655 0.5121805109374999 0.0351437703125 0.5301517578125 0.0421325875 0.537140575 0.055111820312500004 0.54412939375 0.06409744375000001 0.5451277953125 0.0780750796875 0.5391373796875001 0.0890575078125 0.5281549515624999
0 0.958666134375 0.6829073484375 0.968650159375 0.6769169328125 0.9776357828125001 0.6659345046875 0.9836261984375 0.6519568687499999 0.9836261984375 0.645966453125 0.985623003125 0.6439696484375 0.985623003125 0.6200079875 0.9816293937499999 0.6140175718750001 0.9816293937499999 0.6100239609375 0.9726437703125 0.6010383390625 0.958666134375 0.6010383390625 0.9546725234375 0.60303514375 0.9436900953125 0.6140175718750001 0.9337060703125 0.6339856234375 0.9337060703125 0.64197284375 0.9317092656250001 0.6439696484375 0.9317092656250001 0.6659345046875 0.93769968125 0.6779153359375 0.9456869015624999 0.6839057515625 0.9506789140624999 0.684904153125 0.9526757187499999 0.6829073484375 0.958666134375 0.6829073484375