1 0.5908203125 0.35546875 0.5791015625 0.359375 0.5625 0.3740234375 0.556640625 0.3896484375 0.556640625 0.4033203125 0.560546875 0.4150390625 0.5751953125 0.431640625 0.5869140625 0.439453125 0.5947265625 0.439453125 0.5966796875 0.44140625 0.603515625 0.4404296875 0.6220703125 0.435546875 0.6328125 0.4248046875 0.640625 0.4091796875 0.640625 0.3876953125 0.6328125 0.3720703125 0.6220703125 0.36328125 0.6103515625 0.357421875 0.5908203125 0.35546875
1 0.6455078125 0.33203125 0.6318359375 0.337890625 0.625 0.3447265625 0.619140625 0.3564453125 0.619140625 0.3603515625 0.6279296875 0.3671875 0.63671875 0.3779296875 0.640625 0.3876953125 0.640625 0.3955078125 0.6455078125 0.400390625 0.662109375 0.3994140625 0.6708984375 0.396484375 0.681640625 0.3837890625 0.6875 0.3720703125 0.6875 0.3583984375 0.681640625 0.3466796875 0.6728515625 0.337890625 0.6591796875 0.33203125 0.6455078125 0.33203125
2 0.4993918375 0.44236583906250004 0.4935324625 0.43064708906250004 0.478884025 0.41599865156250004 0.459352775 0.40818615156250004 0.4456809 0.40818615156250004 0.42614965 0.41599865156250004 0.4154074625 0.42478771406250004 0.4056418375 0.44236583906250004 0.4056418375 0.44822521406250004 0.4036887125 0.45017833906250004 0.4036887125 0.46775646406250004 0.4134543375 0.48728771406250004 0.42614965 0.49998302656250004 0.439821525 0.5058424015625 0.4544699625 0.5068189640625 0.463259025 0.5058424015625 0.48083715 0.49802990156250004 0.4915793375 0.48728771406250004 0.4974387125 0.47752208906250004 0.4993918375 0.45799083906250004 0.5013449624999999 0.45603771406250004 0.4993918375 0.45408458906250004 0.4993918375 0.44236583906250004
2 0.5576171875 0.322265625 0.5498046875 0.326171875 0.541015625 0.3349609375 0.537109375 0.3427734375 0.537109375 0.3603515625 0.541015625 0.3681640625 0.5478515625 0.376953125 0.5556640625 0.380859375 0.55859375 0.3798828125 0.5751953125 0.361328125 0.5888671875 0.35546875 0.599609375 0.3544921875 0.599609375 0.3447265625 0.595703125 0.3369140625 0.5849609375 0.326171875 0.5771484375 0.322265625 0.5576171875 0.322265625
2 0.443359375 0.3154296875 0.4375 0.3271484375 0.4453125 0.3349609375 0.44921875 0.3447265625 0.44921875 0.3525390625 0.4521484375 0.35546875 0.4560546875 0.357421875 0.46875 0.3564453125 0.4755859375 0.353515625 0.482421875 0.3466796875 0.486328125 0.3388671875 0.486328125 0.3232421875 0.4775390625 0.3125 0.4697265625 0.30859375 0.4541015625 0.30859375 0.443359375 0.3154296875
2 0.4287109375 0.32421875 0.4169921875 0.32421875 0.4072265625 0.328125 0.396484375 0.3388671875 0.392578125 0.3525390625 0.396484375 0.3642578125 0.4052734375 0.373046875 0.4130859375 0.376953125 0.423828125 0.3759765625 0.4365234375 0.373046875 0.44140625 0.3681640625 0.447265625 0.3583984375 0.44921875 0.3486328125 0.447265625 0.3466796875 0.4453125 0.3349609375 0.4384765625 0.328125 0.4287109375 0.32421875
2 0.2353515625 0.359375 0.2275390625 0.36328125 0.220703125 0.3720703125 0.21875 0.3779296875 0.21875 0.3916015625 0.2275390625 0.40234375 0.2314453125 0.404296875 0.2421875 0.4033203125 0.2490234375 0.400390625 0.25390625 0.3955078125 0.2578125 0.3876953125 0.2578125 0.3740234375 0.255859375 0.3681640625 0.2490234375 0.361328125 0.2451171875 0.359375 0.2353515625 0.359375
2 0.044921875 0.4833984375 0.044921875 0.4951171875 0.048828125 0.5048828125 0.0556640625 0.51171875 0.064453125 0.5107421875 0.072265625 0.5048828125 0.076171875 0.4970703125 0.076171875 0.4814453125 0.07421875 0.4755859375 0.0673828125 0.46875 0.0595703125 0.466796875 0.048828125 0.4755859375 0.044921875 0.4833984375
1 0.017578125 0.4697265625 0.015625 0.4599609375 0.0126953125 0.45703125 0.00390625 0.4619140625 0.00390625 0.4736328125 0.0087890625 0.478515625 0.01171875 0.4775390625 0.017578125 0.4697265625
1 0.029296875 0.4541015625 0.029296875 0.4462890625 0.0244140625 0.44140625 0.017578125 0.4462890625 0.017578125 0.4560546875 0.0224609375 0.4609375 0.0234375 0.4599609375 0.029296875 0.4541015625
1 0.048828125 0.4384765625 0.0517578125 0.4375 0.056640625 0.4306640625 0.056640625 0.4228515625 0.0517578125 0.41796875 0.0478515625 0.41796875 0.041015625 0.4248046875 0.04296875 0.4365234375 0.048828125 0.4384765625
1 0.0654296875 0.4296875 0.0703125 0.4287109375 0.076171875 0.4248046875 0.076171875 0.4189453125 0.078125 0.4169921875 0.0712890625 0.408203125 0.0654296875 0.41015625 0.060546875 0.4189453125 0.0625 0.4267578125 0.0654296875 0.4296875
1 0.0791015625 0.416015625 0.080078125 0.4150390625 0.087890625 0.4091796875 0.087890625 0.3974609375 0.0830078125 0.39453125 0.0791015625 0.39453125 0.07421875 0.3994140625 0.072265625 0.4052734375 0.07421875 0.4111328125 0.0791015625 0.416015625
2 0.75 0.4677734375 0.75 0.4619140625 0.74609375 0.4580078125 0.744140625 0.4521484375 0.7275390625 0.435546875 0.7197265625 0.431640625 0.7138671875 0.431640625 0.7080078125 0.427734375 0.6962890625 0.42578125 0.6943359375 0.427734375 0.6845703125 0.427734375 0.6728515625 0.43359375 0.65625 0.4482421875 0.646484375 0.4716796875 0.646484375 0.4912109375 0.65625 0.5146484375 0.6689453125 0.52734375 0.6767578125 0.533203125 0.6865234375 0.537109375 0.6923828125 0.537109375 0.6943359375 0.5390625 0.708984375 0.5380859375 0.7216796875 0.53515625 0.7255859375 0.53125 0.7314453125 0.529296875 0.744140625 0.5146484375 0.744140625 0.5107421875 0.751953125 0.4951171875 0.751953125 0.4697265625 0.75 0.4677734375