1 0.22991803281249998 0.46242315625 0.2165983609375 0.447054303125 0.206352459375 0.4429559421875 0.19200819687499998 0.4429559421875 0.1756147546875 0.4511526640625 0.1684426234375 0.460373975 0.16229508125 0.47471823750000003 0.16229508125 0.49521004062499996 0.1735655734375 0.516726434375 0.18586065624999998 0.522873975 0.1940573765625 0.522873975 0.1961065578125 0.5249231562500001 0.20327868906250002 0.5238985656249999 0.218647540625 0.516726434375 0.227868853125 0.5054559421875 0.23401639375 0.4890625 0.23401639375 0.47471823750000003 0.22991803281249998 0.46242315625
1 0.38258196718750004 0.3404969265625 0.371311475 0.35176741875 0.3672131140625 0.3599641390625 0.3672131140625 0.3784067625 0.37848360625 0.391726434375 0.3907786890625 0.397873975 0.40614754062499997 0.3968493859375 0.422540984375 0.3825051234375 0.42663934374999996 0.3743084015625 0.42663934374999996 0.357914959375 0.4245901640625 0.35176741875 0.41331967187499996 0.3404969265625 0.40102459062499995 0.33639856562500003 0.39282786875000003 0.33639856562500003 0.38258196718750004 0.3404969265625
1 0.586475409375 0.3128329921875 0.5823770484375 0.3210297125 0.5823770484375 0.3333247953125 0.586475409375 0.341521515625 0.5936475406249999 0.34869364687500004 0.610040984375 0.3548411890625 0.615163934375 0.3538165984375 0.6243852453125001 0.350742828125 0.6336065578125 0.341521515625 0.6356557375 0.32307889375 0.6315573765625 0.314882171875 0.6243852453125001 0.307710040625 0.616188525 0.3036116796875 0.5977459015625 0.3036116796875 0.586475409375 0.3128329921875
1 0.6674180328125 0.307710040625 0.665368853125 0.3056608609375 0.6530737703125 0.307710040625 0.641803278125 0.3210297125 0.6397540984375001 0.335373975 0.6459016390625 0.3456198765625 0.6551229515625 0.3548411890625 0.663319671875 0.3589395484375 0.67663934375 0.357914959375 0.683811475 0.3548411890625 0.69098360625 0.3476690578125 0.6930327875 0.34357069687499997 0.6930327875 0.3251280734375 0.69098360625 0.3210297125 0.6756147546875 0.307710040625 0.6674180328125 0.307710040625
1 0.7719262296875 0.31385758125 0.7575819671875 0.31385758125 0.7514344265624999 0.3159067625 0.7442622953125 0.3251280734375 0.746311475 0.329226434375 0.746311475 0.35176741875 0.759631146875 0.36303790937499997 0.7657786890625 0.365087090625 0.775 0.3640625 0.7842213109375 0.3589395484375 0.7893442625 0.3497182375 0.7893442625 0.34357069687499997 0.7913934421875 0.341521515625 0.7893442625 0.3312756140625 0.78729508125 0.3271772546875 0.7719262296875 0.31385758125
1 0.9194672125000001 0.3876280734375 0.9112704921875 0.3835297125 0.8969262296875 0.3835297125 0.8907786890624999 0.3876280734375 0.8836065578125 0.3968493859375 0.8856557374999999 0.4091444671875 0.8877049187500001 0.411193646875 0.8856557374999999 0.439882171875 0.8887295078124999 0.447054303125 0.8969262296875 0.4511526640625 0.9102459015625 0.4521772546875 0.9174180328125001 0.4511526640625 0.9235655734374999 0.447054303125 0.9307377046875001 0.43783299218750005 0.934836065625 0.4152920078125 0.9286885249999999 0.39889856562500003 0.9194672125000001 0.3876280734375
1 0.9040983609375 0.718570696875 0.9112704921875 0.71754610625 0.927663934375 0.7093493859375 0.9430327875 0.6939805328124999 0.9512295078124999 0.6816854515624999 0.9573770484375 0.663242828125 0.961475409375 0.6570952875 0.961475409375 0.6181608609375 0.9532786890624999 0.5976690578125 0.9379098359375 0.5823002046875 0.9194672125000001 0.5761526640625 0.898975409375 0.5782018437499999 0.8846311468750001 0.5843493859375 0.8631147546875001 0.6079149593750001 0.8549180328125001 0.622259221875 0.8487704921875 0.6407018437499999 0.8487704921875 0.6796362703125001 0.8569672125000001 0.69807889375 0.8661885249999999 0.7093493859375 0.87848360625 0.71754610625 0.886680328125 0.71754610625 0.8887295078124999 0.7195952875 0.9040983609375 0.718570696875
0 0.845696721875 0.377382171875 0.8354508203125001 0.3835297125 0.8282786890624999 0.39275102500000003 0.8262295078124999 0.39889856562500003 0.8262295078124999 0.41939036874999996 0.8323770484375 0.43373463125 0.8477459015625 0.449103484375 0.8538934421875 0.4511526640625 0.8610655734374999 0.45012807343750005 0.8764344265625 0.4429559421875 0.8856557374999999 0.4316854515625 0.8877049187500001 0.4091444671875 0.8815573765625 0.39275102500000003 0.8702868859375 0.3814805328125 0.8620901640625 0.377382171875 0.845696721875 0.377382171875
0 0.317008196875 0.40607069687499997 0.31086065625 0.4019723359375 0.29651639375 0.39992315624999997 0.27807377031249997 0.40607069687499997 0.2647540984375 0.41939036874999996 0.25860655781249997 0.4316854515625 0.25860655781249997 0.45012807343750005 0.2647540984375 0.46242315625 0.276024590625 0.473693646875 0.28831967187499996 0.4777920078125 0.3057377046875 0.47676741875 0.314959015625 0.473693646875 0.3282786890625 0.45832479531250003 0.3323770484375 0.4460297125 0.3323770484375 0.4316854515625 0.32418032812500003 0.413242828125 0.317008196875 0.40607069687499997
0 0.7104508203125001 0.3609887296875 0.7145491796875 0.36303790937499997 0.7319672125000001 0.3620133203125 0.7422131140625 0.3538165984375 0.746311475 0.3456198765625 0.746311475 0.329226434375 0.7309426234374999 0.3118084015625 0.7125 0.309759221875 0.697131146875 0.32307889375 0.6950819671875 0.3271772546875 0.6950819671875 0.341521515625 0.699180328125 0.3497182375 0.7104508203125001 0.3609887296875
0 0.732991803125 0.31385758125 0.7432377046875 0.32410348437500003 0.7442622953125 0.32307889375 0.74836065625 0.3189805328125 0.74836065625 0.31078381093749996 0.7422131140625 0.30053790937499997 0.735040984375 0.295414959375 0.720696721875 0.293365778125 0.7094262296875 0.30053790937499997 0.7073770484375 0.30463627031249996 0.7084016390625 0.3118084015625 0.72479508125 0.309759221875 0.732991803125 0.31385758125
0 0.6715163937499999 0.307710040625 0.672540984375 0.30463627031249996 0.6674180328125 0.2995133203125 0.6592213109375 0.295414959375 0.648975409375 0.295414959375 0.64282786875 0.2974641390625 0.6336065578125 0.30668545156250004 0.6315573765625 0.316931353125 0.6356557375 0.32307889375 0.63770491875 0.335373975 0.641803278125 0.335373975 0.641803278125 0.3210297125 0.643852459375 0.316931353125 0.6551229515625 0.307710040625 0.6612704921875 0.307710040625 0.663319671875 0.3056608609375 0.6715163937499999 0.307710040625