0 0.7209677421875 0.750151209375 0.716935484375 0.7199092734375 0.7048387093749999 0.6977318546875 0.6917338703125 0.6846270156250001 0.6756048390625 0.6745463703125 0.6574596781250001 0.668497984375 0.6191532265624999 0.668497984375 0.6110887093749999 0.6725302421875 0.605040321875 0.6725302421875 0.588911290625 0.6805947578125 0.582862903125 0.6866431453125 0.5747983875 0.690675403125 0.557661290625 0.7078125 0.5475806453125001 0.7239415328125001 0.5395161296875 0.74813508125 0.5395161296875 0.7763608875 0.5435483875 0.7803931453125 0.6877016125 0.781401209375 0.69375 0.77938508125 0.6957661296875 0.781401209375 0.7058467734375 0.781401209375 0.7118951609375 0.77938508125 0.716935484375 0.7723286296875 0.7189516125 0.7521673390625 0.7209677421875 0.750151209375
0 0.7875 0.4134576609375 0.7895161296875 0.3953125 0.7854838703125 0.38321572656249997 0.776411290625 0.37414314531250004 0.764314515625 0.3680947578125 0.7461693546875 0.3701108875 0.7370967734375 0.37918346718749996 0.733064515625 0.38724798437499997 0.733064515625 0.40942540312500003 0.7350806453125001 0.415473790625 0.7441532265624999 0.4265625 0.7512096781250001 0.42958669374999997 0.770362903125 0.4305947578125 0.7814516125 0.42152217812500004 0.7875 0.4134576609375
0 0.7350806453125001 0.381199596875 0.742137096875 0.372127015625 0.7522177421875 0.3680947578125 0.7713709671875 0.369102821875 0.7673387093749999 0.36103830625 0.7602822578125 0.3539818546875 0.7522177421875 0.349949596875 0.7381048390625 0.349949596875 0.7229838703125 0.3630544359375 0.7209677421875 0.37918346718749996 0.7290322578125 0.3953125 0.730040321875 0.3963205640625 0.733064515625 0.3932963703125 0.7350806453125001 0.381199596875
0 0.8167338703125001 0.34793346718749996 0.8177419359375 0.3449092734375 0.8086693546875001 0.33583669375 0.79657258125 0.3338205640625 0.7895161296875 0.3388608875 0.7875 0.34289314531250004 0.7875 0.352973790625 0.79657258125 0.35196572656249997 0.8026209671875 0.34793346718749996 0.8167338703125001 0.34793346718749996
0 0.7189516125 0.318699596875 0.7118951609375 0.3076108875 0.701814515625 0.3015625 0.6897177421875 0.3015625 0.682661290625 0.306602821875 0.679637096875 0.3136592734375 0.6957661296875 0.3136592734375 0.6997983875 0.31567540312500003 0.7088709671875 0.32474798437499997 0.7129032265624999 0.3328125 0.71592741875 0.3338205640625 0.7189516125 0.3287802421875 0.7189516125 0.318699596875
0 0.685685484375 0.327772178125 0.710887096875 0.3287802421875 0.6997983875 0.31567540312500003 0.6957661296875 0.3136592734375 0.679637096875 0.3136592734375 0.670564515625 0.32071572656249997 0.6685483875 0.32474798437499997 0.6685483875 0.3287802421875 0.6725806453125001 0.3328125 0.6756048390625 0.3338205640625 0.679637096875 0.32978830625 0.685685484375 0.327772178125
0 0.761290321875 0.340877015625 0.761290321875 0.3267641125 0.7592741937499999 0.3227318546875 0.7502016125 0.3136592734375 0.7441532265624999 0.31164314531250004 0.73407258125 0.3136592734375 0.725 0.32474798437499997 0.7270161296875 0.3388608875 0.7350806453125001 0.3489415328125 0.7522177421875 0.349949596875 0.7592741937499999 0.3449092734375 0.761290321875 0.340877015625
0 0.876209678125 0.3953125 0.8741935484375001 0.3892641125 0.8671370968750001 0.3801915328125 0.8631048390625 0.37817540312500003 0.8510080640625001 0.37817540312500003 0.8459677421875 0.381199596875 0.841935484375 0.38724798437499997 0.8399193546875001 0.3973286296875 0.841935484375 0.3993447578125 0.8439516125000001 0.4114415328125 0.8530241937499999 0.4205141125 0.858064515625 0.42152217812500004 0.8671370968750001 0.4205141125 0.8741935484375001 0.4134576609375 0.876209678125 0.3953125
0 0.8671370968750001 0.3680947578125 0.8631048390625 0.3660786296875 0.8530241937499999 0.3660786296875 0.8459677421875 0.37313508125 0.84697580625 0.38220766093749997 0.8530241937499999 0.37817540312500003 0.8610887093749999 0.37817540312500003 0.8691532265624999 0.38220766093749997 0.870161290625 0.3852318546875 0.876209678125 0.3852318546875 0.8741935484375001 0.3771673390625 0.8671370968750001 0.3680947578125
0 0.40947580625 0.40640120937499996 0.420564515625 0.3953125 0.426612903125 0.38321572656249997 0.42862903281250003 0.3711189515625 0.426612903125 0.369102821875 0.426612903125 0.36103830625 0.4225806453125 0.35498991874999997 0.4225806453125 0.35095766093749997 0.40342741875000004 0.3338205640625 0.39737903281250003 0.3338205640625 0.395362903125 0.3318044359375 0.3752016125 0.3318044359375 0.3691532265625 0.3338205640625 0.35 0.35095766093749997 0.35 0.35498991874999997 0.3459677421875 0.36103830625 0.3439516125 0.37918346718749996 0.3459677421875 0.381199596875 0.3459677421875 0.3892641125 0.35907258125 0.40640120937499996 0.376209678125 0.4134576609375 0.3872983875 0.41446572656249997 0.3993951609375 0.4084173390625 0.40947580625 0.40640120937499996
0 0.5637096781250001 0.3086189515625 0.56572580625 0.3025705640625 0.5586693546875 0.29349798437499997 0.5405241937499999 0.28543346718749996 0.53447580625 0.2773689515625 0.5304435484375001 0.2773689515625 0.5213709671875 0.28442540312500003 0.5193548390625 0.28845766093749997 0.5193548390625 0.30458669375 0.5223790328125 0.3076108875 0.5324596781250001 0.309627015625 0.545564515625 0.32071572656249997 0.5485887093749999 0.321723790625 0.554637096875 0.3176915328125 0.5637096781250001 0.3086189515625
1 0.5475806453125001 0.35498991874999997 0.5475806453125001 0.3489415328125 0.5495967734375 0.34692540312500003 0.5495967734375 0.3328125 0.5435483875 0.318699596875 0.5324596781250001 0.309627015625 0.526411290625 0.3076108875 0.5042338703125 0.3076108875 0.49112903281250003 0.31668346718749996 0.483064515625 0.3328125 0.483064515625 0.34692540312500003 0.49112903281250003 0.36103830625 0.498185484375 0.3680947578125 0.5133064515625 0.37313508125 0.5183467734375 0.37414314531250004 0.53447580625 0.3680947578125 0.5475806453125001 0.35498991874999997
1 0.6685483875 0.3630544359375 0.6745967734375 0.35095766093749997 0.6745967734375 0.3368447578125 0.6725806453125001 0.3328125 0.65342741875 0.31567540312500003 0.6352822578125 0.31567540312500003 0.63125 0.3176915328125 0.62217741875 0.3267641125 0.6181451609375 0.3348286296875 0.6181451609375 0.35095766093749997 0.62217741875 0.359022178125 0.6292338703125 0.3680947578125 0.636290321875 0.3711189515625 0.65342741875 0.372127015625 0.65947580625 0.3701108875 0.6685483875 0.3630544359375
1 0.713911290625 0.3801915328125 0.7229838703125 0.36708669375 0.7229838703125 0.34692540312500003 0.707862903125 0.32978830625 0.7038306453125001 0.327772178125 0.679637096875 0.32978830625 0.6745967734375 0.3368447578125 0.6725806453125001 0.3650705640625 0.676612903125 0.37313508125 0.6836693546875 0.3801915328125 0.6927419359375 0.38321572656249997 0.7038306453125001 0.384223790625 0.7098790328125 0.3801915328125 0.713911290625 0.3801915328125
1 0.764314515625 0.5858366937499999 0.7774193546875 0.5727318546875 0.7895161296875 0.5505544359375001 0.7895161296875 0.5263608875 0.7814516125 0.5041834671875 0.770362903125 0.4910786296875 0.7622983875 0.4850302421875 0.7522177421875 0.48099798437499997 0.7280241937499999 0.48099798437499997 0.713911290625 0.4870463703125 0.6967741937499999 0.500151209375 0.6866935484375001 0.5203125 0.68467741875 0.546522178125 0.6887096781250001 0.5545866937499999 0.6887096781250001 0.56063508125 0.698790321875 0.574747984375 0.7098790328125 0.5858366937499999 0.725 0.5908770156250001 0.7502016125 0.59188508125 0.7602822578125 0.5858366937499999 0.764314515625 0.5858366937499999
1 0.8903225812500001 0.5505544359375001 0.8983870968750001 0.5303931453125 0.8963709671875 0.5061995968749999 0.8883064515625 0.49007056406249994 0.8792338703125001 0.4830141125 0.8691532265624999 0.4789818546875 0.8590725812500001 0.4789818546875 0.8429435484375001 0.4870463703125 0.8338709671875 0.49813508124999994 0.8298387093749999 0.5102318546875 0.8298387093749999 0.5384576609375 0.8318548390625 0.5445060484375001 0.8358870968750001 0.5525705640624999 0.8429435484375001 0.5596270156250001 0.8489919359375 0.5636592734375 0.8560483874999999 0.5646673390625 0.8711693546875001 0.565675403125 0.8792338703125001 0.5616431453125 0.8903225812500001 0.5505544359375001
1 0.8983870968750001 0.48200604843750006 0.8983870968750001 0.465877015625 0.8923387093749999 0.44974798437499997 0.8792338703125001 0.4386592734375 0.8671370968750001 0.43664314531250004 0.8610887093749999 0.4386592734375 0.8479838703125001 0.4537802421875 0.8459677421875 0.4598286296875 0.8459677421875 0.48200604843750006 0.8489919359375 0.4830141125 0.8590725812500001 0.4789818546875 0.8691532265624999 0.4789818546875 0.8832661296875 0.4850302421875 0.8883064515625 0.49208669374999997 0.8913306453125 0.4930947578125 0.8963709671875 0.48805443593750003 0.8983870968750001 0.48200604843750006
1 0.9508064515625 0.4618447578125 0.9508064515625 0.443699596875 0.9467741937499999 0.43563508124999994 0.9377016125000001 0.4285786296875 0.9296370968750001 0.4305947578125 0.9225806453125 0.4396673390625 0.9225806453125 0.4598286296875 0.9266129031249999 0.46789314531250004 0.932661290625 0.47192540312500003 0.9397177421875 0.47293346718749996 0.94375 0.4709173390625 0.9508064515625 0.4618447578125
1 0.9891129031249999 0.48805443593750003 0.9850806453125 0.477973790625 0.980040321875 0.47293346718749996 0.9679435484375001 0.47293346718749996 0.9608870968750001 0.48402217812500004 0.9608870968750001 0.5041834671875 0.9629032265624999 0.5102318546875 0.9689516125000001 0.5162802421875 0.980040321875 0.51728830625 0.9870967734375 0.5082157265625 0.9891129031249999 0.48805443593750003
1 0.9004032265624999 0.4114415328125 0.8983870968750001 0.3973286296875 0.8872983874999999 0.384223790625 0.8772177421875 0.384223790625 0.8741935484375001 0.38724798437499997 0.876209678125 0.4074092734375 0.87217741875 0.41748991875 0.87822580625 0.42353830625000005 0.889314515625 0.4245463703125 0.8933467734375 0.4225302421875 0.9004032265624999 0.4114415328125
1 0.823790321875 0.415473790625 0.8278225812500001 0.4074092734375 0.8278225812500001 0.3932963703125 0.823790321875 0.38321572656249997 0.8086693546875001 0.3701108875 0.7945564515625 0.3701108875 0.7854838703125 0.37918346718749996 0.7895161296875 0.4013608875 0.7875 0.403377015625 0.7875 0.4134576609375 0.7854838703125 0.415473790625 0.795564515625 0.42353830625000005 0.8127016125000001 0.4245463703125 0.8167338703125001 0.4225302421875 0.823790321875 0.415473790625
2 0.20887096718749998 0.312651209375 0.2129032265625 0.30458669375 0.2129032265625 0.290473790625 0.20786290312500003 0.2834173390625 0.20181451562500002 0.27938508125 0.18568548437500002 0.27938508125 0.1725806453125 0.290473790625 0.170564515625 0.296522178125 0.170564515625 0.312651209375 0.1776209671875 0.321723790625 0.1806451609375 0.3227318546875 0.1957661296875 0.32373991874999997 0.1997983875 0.321723790625 0.20887096718749998 0.312651209375
0 0.792540321875 0.372127015625 0.7945564515625 0.372127015625 0.79657258125 0.3701108875 0.8086693546875001 0.3701108875 0.810685484375 0.372127015625 0.8147177421875 0.372127015625 0.8177419359375 0.369102821875 0.8177419359375 0.3650705640625 0.8086693546875001 0.35599798437499997 0.8066532265624999 0.35599798437499997 0.8046370968750001 0.3539818546875 0.8006048390625 0.3539818546875 0.7985887093749999 0.35196572656249997 0.7945564515625 0.35196572656249997 0.792540321875 0.3539818546875 0.7905241937499999 0.3539818546875 0.7854838703125 0.359022178125 0.7854838703125 0.36103830625 0.7834677421875 0.3630544359375 0.7834677421875 0.3771673390625 0.78447580625 0.37817540312500003 0.7864919359375 0.37817540312500003 0.792540321875 0.372127015625
1 0.8278225812500001 0.381199596875 0.8278225812500001 0.37918346718749996 0.8298387093749999 0.3771673390625 0.8298387093749999 0.3630544359375 0.8278225812500001 0.36103830625 0.8278225812500001 0.359022178125 0.8258064515625 0.3570060484375 0.8258064515625 0.35498991874999997 0.8207661296875 0.349949596875 0.81875 0.349949596875 0.8167338703125001 0.34793346718749996 0.8026209671875 0.34793346718749996 0.8016129031249999 0.3489415328125 0.8016129031249999 0.352973790625 0.8026209671875 0.3539818546875 0.8066532265624999 0.3539818546875 0.810685484375 0.3580141125 0.8127016125000001 0.3580141125 0.81572580625 0.36103830625 0.81572580625 0.3630544359375 0.8177419359375 0.3650705640625 0.8177419359375 0.375151209375 0.823790321875 0.381199596875 0.8247983874999999 0.38220766093749997 0.826814515625 0.38220766093749997 0.8278225812500001 0.381199596875
2 0.11008064531249999 0.32474798437499997 0.11008064531249999 0.31063508125 0.10302419375 0.3015625 0.0929435484375 0.2995463703125 0.0848790328125 0.3035786296875 0.0758064515625 0.3146673390625 0.073790321875 0.3287802421875 0.0758064515625 0.3348286296875 0.08185483906249999 0.340877015625 0.09697580624999999 0.34188508125 0.10604838750000001 0.3328125 0.11008064531249999 0.32474798437499997
2 0.0536290328125 0.37313508125 0.05766129062499999 0.3650705640625 0.05766129062499999 0.3449092734375 0.0445564515625 0.3338205640625 0.032459678125 0.337852821875 0.0254032265625 0.3449092734375 0.0213709671875 0.352973790625 0.0193548390625 0.369102821875 0.0213709671875 0.375151209375 0.0314516125 0.38321572656249997 0.04052419375 0.384223790625 0.0445564515625 0.38220766093749997 0.0536290328125 0.37313508125
2 0.032459678125 0.337852821875 0.042540321874999995 0.3338205640625 0.0445564515625 0.33583669375 0.047580645312499996 0.3348286296875 0.047580645312499996 0.3287802421875 0.042540321874999995 0.32373991874999997 0.030443548437500002 0.32373991874999997 0.0213709671875 0.3328125 0.017338709375 0.34289314531250004 0.017338709375 0.35498991874999997 0.0193548390625 0.3570060484375 0.0213709671875 0.3570060484375 0.0254032265625 0.3449092734375 0.032459678125 0.337852821875