2 0.44879032187499995 0.6974294359375001 0.4558467734375 0.7105342734375 0.46391129062500003 0.7145665328125 0.47197580625 0.7145665328125 0.47802419374999994 0.7125504031250001 0.4850806453125 0.7054939515624999 0.4870967734375 0.70146169375 0.4870967734375 0.68936491875 0.483064515625 0.6813004031250001 0.47903225781250003 0.6792842734375 0.46189516093750005 0.678276209375 0.4508064515625 0.687348790625 0.44879032187499995 0.6974294359375001
2 0.49314516093750005 0.7196068546875 0.49314516093750005 0.7256552421875 0.50625 0.7367439515624999 0.514314515625 0.7367439515624999 0.5213709671875 0.7317036296875 0.5254032265624999 0.7256552421875 0.523387096875 0.7135584671874999 0.51532258125 0.7075100812499999 0.5022177421875 0.706502015625 0.49516129062500003 0.7135584671874999 0.49314516093750005 0.7196068546875
2 0.2270161296875 0.5946068546875 0.225 0.6006552421875 0.2290322578125 0.6188004031250001 0.23407258125000002 0.6258568546875 0.2441532265625 0.6319052421875 0.25625 0.6319052421875 0.26532258125 0.624848790625 0.2713709671875 0.6147681453125 0.2713709671875 0.6046875 0.26733870937500004 0.5925907265625 0.2572580640625 0.584526209375 0.24012096718749998 0.5835181453125 0.236088709375 0.5855342734375 0.2270161296875 0.5946068546875
2 0.11008064531249999 0.5885584671874999 0.11209677343749999 0.590574596875 0.114112903125 0.6026713703125 0.1252016125 0.6117439515624999 0.13125 0.609727821875 0.13830645156250002 0.6026713703125 0.13830645156250002 0.5865423390625 0.1302419359375 0.57646169375 0.1191532265625 0.5754536296875 0.11209677343749999 0.5825100812499999 0.11008064531249999 0.5885584671874999
2 0.1040322578125 0.612752015625 0.111088709375 0.621824596875 0.12116935468750001 0.621824596875 0.126209678125 0.6167842734375 0.126209678125 0.612752015625 0.11209677343749999 0.6006552421875 0.11209677343749999 0.5966229843749999 0.10907258125 0.59561491875 0.1040322578125 0.6006552421875 0.1040322578125 0.612752015625
2 0.047580645312499996 0.5724294359375001 0.0526209671875 0.581502015625 0.06471774218750001 0.581502015625 0.0697580640625 0.5724294359375001 0.0697580640625 0.5663810484375 0.063709678125 0.5563004031250001 0.0526209671875 0.5552923390625 0.047580645312499996 0.562348790625 0.047580645312499996 0.5724294359375001
2 0.060685484375 0.5835181453125 0.05564516093750001 0.584526209375 0.060685484375 0.5915826609375 0.06875 0.5915826609375 0.07177419375 0.5885584671874999 0.073790321875 0.584526209375 0.073790321875 0.5744455640624999 0.07177419375 0.5704133062500001 0.06875 0.5694052421875 0.0677419359375 0.57646169375 0.060685484375 0.5835181453125
1 0.1302419359375 0.624848790625 0.1352822578125 0.6298891125 0.1493951609375 0.6298891125 0.1564516125 0.6167842734375 0.1524193546875 0.6067036296875 0.1443548390625 0.6006552421875 0.1413306453125 0.599647178125 0.12822580625 0.612752015625 0.1302419359375 0.624848790625
1 0.136290321875 0.630897178125 0.145362903125 0.6399697578125 0.1554435484375 0.6379536296875 0.15846774218749998 0.6349294359375001 0.15846774218749998 0.6188004031250001 0.15443548437500002 0.6188004031250001 0.151411290625 0.6278729843749999 0.136290321875 0.630897178125
1 0.35403225781250003 0.7075100812499999 0.3631048390625 0.7145665328125 0.3752016125 0.7145665328125 0.3822580640625 0.7075100812499999 0.3822580640625 0.6954133062500001 0.3772177421875 0.6883568546875 0.37419354843749997 0.687348790625 0.36108870937500004 0.6863407265625 0.3520161296875 0.6974294359375001 0.35403225781250003 0.7075100812499999
1 0.47197580625 0.7145665328125 0.46391129062500003 0.7145665328125 0.46189516093750005 0.7125504031250001 0.4588709671875 0.715574596875 0.4588709671875 0.7256552421875 0.46995967812500006 0.734727821875 0.4820564515625 0.73271169375 0.489112903125 0.7256552421875 0.489112903125 0.715574596875 0.4850806453125 0.709526209375 0.4820564515625 0.7085181453125 0.47802419374999994 0.7125504031250001 0.47197580625 0.7145665328125
1 0.489112903125 0.7317036296875 0.5002016125 0.740776209375 0.5082661296875 0.7387600812499999 0.5082661296875 0.734727821875 0.5002016125 0.73271169375 0.49516129062500003 0.7276713703125 0.49314516093750005 0.7175907265625 0.49213709687499996 0.7165826609375 0.489112903125 0.7196068546875 0.489112903125 0.7317036296875