1 0.2310231015625 0.4548267328125 0.2268976890625 0.4672029703125 0.2268976890625 0.4898927390625 0.2330858078125 0.5063943890625 0.24443069374999998 0.5198019796875 0.26093234375 0.5301155109375 0.28362211249999997 0.5321782171875 0.28568481874999996 0.5301155109375 0.29393564375 0.5301155109375 0.30218646875 0.5259900984375 0.304249175 0.5218646859375 0.313531353125 0.5146452140625 0.321782178125 0.5022689765624999 0.32384488437500003 0.48783003281250004 0.325907590625 0.48576732656250005 0.32384488437500003 0.46307755781250004 0.309405940625 0.4383250828125 0.30218646875 0.43110561093750005 0.292904290625 0.4259488453125 0.26505775625 0.4249174921875 0.24855610625 0.43316831718750004 0.2310231015625 0.4548267328125
1 0.5775577562499999 0.5352722765625 0.57343234375 0.5435231015624999 0.56930693125 0.555899340625 0.56930693125 0.576526403125 0.5713696374999999 0.5827145218750001 0.5775577562499999 0.595090759375 0.588902640625 0.60643564375 0.595090759375 0.60849835 0.599216171875 0.6126237625 0.605404290625 0.61468646875 0.6260313531249999 0.61468646875 0.628094059375 0.6126237625 0.634282178125 0.6126237625 0.650783828125 0.6023102312499999 0.66006600625 0.5930280531250001 0.66419141875 0.584777228125 0.666254125 0.570338284375 0.6683168312500001 0.568275578125 0.666254125 0.551773928125 0.6580033000000001 0.5352722765625 0.644595709375 0.5218646859375 0.63531353125 0.5167079203125 0.611592409375 0.5156765671875 0.5930280531250001 0.5218646859375 0.5775577562499999 0.5352722765625
1 1 0.542533003125 0.9931930687499999 0.5466171609375 0.985973596875 0.555899340625 0.983910890625 0.568275578125 0.981848184375 0.570338284375 0.981848184375 0.5827145218750001 0.983910890625 0.584777228125 0.985973596875 0.597153465625 0.99731848125 0.6043729375 1 0.6043729375 1 0.542533003125
1 0.959158415625 0.599216171875 0.952970296875 0.615717821875 0.9467821781250001 0.621905940625 0.9519389437499999 0.6291254125 0.95606435625 0.63118811875 0.9663778875 0.63118811875 0.9705033000000001 0.6291254125 0.981848184375 0.6177805281250001 0.985973596875 0.609529703125 0.985973596875 0.595090759375 0.981848184375 0.584777228125 0.981848184375 0.578589109375 0.97669141875 0.5713696374999999 0.973597359375 0.570338284375 0.962252475 0.56930693125 0.957095709375 0.572400990625 0.959158415625 0.599216171875
1 0.9055280531250001 0.595090759375 0.9055280531250001 0.607466996875 0.909653465625 0.6177805281250001 0.91893564375 0.62706270625 0.9251237625 0.6291254125 0.9416254125 0.62706270625 0.952970296875 0.615717821875 0.959158415625 0.601278878125 0.959158415625 0.580651815625 0.9550330031250001 0.572400990625 0.945750825 0.5631188125000001 0.938531353125 0.560024753125 0.929249175 0.56105610625 0.915841584375 0.568275578125 0.9055280531250001 0.595090759375
1 0.7755775578125 0.644595709375 0.7735148515625 0.650783828125 0.7735148515625 0.6672854781249999 0.7848597359375 0.68069306875 0.7889851484375 0.6827557750000001 0.8034240921875 0.6827557750000001 0.8137376234374999 0.6786303625000001 0.8188943890625 0.673473596875 0.8250825078125 0.661097359375 0.8271452140625 0.650783828125 0.8250825078125 0.648721121875 0.8250825078125 0.642533003125 0.8116749171875 0.62706270625 0.8085808578125 0.6260313531249999 0.7972359734375 0.625 0.7910478546874999 0.62706270625 0.7755775578125 0.644595709375
1 0.5713696374999999 0.7147277234375 0.580651815625 0.7281353140625 0.584777228125 0.7301980203125 0.599216171875 0.7301980203125 0.61056105625 0.7209158421875 0.6126237625 0.7167904296875001 0.6126237625 0.7023514843750001 0.6023102312499999 0.692037953125 0.586839934375 0.6910065999999999 0.57343234375 0.7023514843750001 0.5713696374999999 0.7147277234375
1 0.61468646875 0.7023514843750001 0.61468646875 0.7147277234375 0.616749175 0.7209158421875 0.621905940625 0.7260726078124999 0.628094059375 0.7281353140625 0.642533003125 0.7281353140625 0.65594059375 0.7167904296875001 0.65594059375 0.698226071875 0.648721121875 0.68894389375 0.6456270625 0.687912540625 0.630156765625 0.6868811874999999 0.616749175 0.698226071875 0.61468646875 0.7023514843750001
1 0.699257425 0.698226071875 0.699257425 0.7106023109375 0.7013201312499999 0.7147277234375 0.7126650171875 0.7240099015625 0.7209158421875 0.7240099015625 0.7312293734375 0.7198844890625 0.7405115515625 0.7085396046875 0.7405115515625 0.694100659375 0.7353547859375 0.68894389375 0.7250412546875 0.6868811874999999 0.7198844890625 0.681724421875 0.7147277234375 0.68069306875 0.7106023109375 0.6827557750000001 0.699257425 0.698226071875
0 0.7178217828125 0.6466584156249999 0.7136963703125 0.654909240625 0.7136963703125 0.671410890625 0.7178217828125 0.679661715625 0.7291666671875 0.68894389375 0.7477310234375001 0.68894389375 0.7559818484374999 0.68481848125 0.7652640265625 0.675536303125 0.7693894390625 0.6672854781249999 0.7673267328125 0.648721121875 0.7632013203125 0.640470296875 0.7528877890625 0.6322194718749999 0.7415429046875001 0.63118811875 0.7312293734375 0.63531353125 0.7178217828125 0.6466584156249999
0 0.319719471875 0.644595709375 0.319719471875 0.659034653125 0.321782178125 0.663160065625 0.337252475 0.67656765625 0.353754125 0.67656765625 0.363036303125 0.669348184375 0.367161715625 0.661097359375 0.367161715625 0.6466584156249999 0.363036303125 0.638407590625 0.352722771875 0.630156765625 0.337252475 0.6291254125 0.33106435625 0.63118811875 0.319719471875 0.644595709375
0 0.6580033000000001 0.698226071875 0.65594059375 0.7106023109375 0.66006600625 0.7188531359375 0.6672854781249999 0.7240099015625 0.681724421875 0.7260726078124999 0.687912540625 0.7240099015625 0.699257425 0.7106023109375 0.699257425 0.696163365625 0.689975246875 0.68481848125 0.6868811874999999 0.683787128125 0.677599009375 0.6827557750000001 0.6672854781249999 0.6868811874999999 0.6580033000000001 0.698226071875
1 0.4063531359375 0.681724421875 0.4042904296875 0.687912540625 0.40841584218750004 0.700288778125 0.41976072656249996 0.7095709578125 0.4362623765625 0.7095709578125 0.44348184843749994 0.7044141921875 0.4476072609375 0.698226071875 0.4476072609375 0.683787128125 0.4455445546875 0.679661715625 0.43316831718750004 0.669348184375 0.4218234328125 0.6683168312500001 0.4135726078125 0.6724422437500001 0.4063531359375 0.681724421875