2 0.484375 0.1453125 0.040625 0.05
2 0.4796875 0.321875 0.0421875 0.046875
2 0.5296875 0.309375 0.04375 0.0453125
2 0.51875 0.503125 0.05 0.05
2 0.503125 0.90625 0.046875 0.0546875
1 0.4546875 0.90625 0.0515625 0.053125
1 0.5125 0.7 0.046875 0.05
1 0.4609375 0.7078125 0.05 0.0515625
1 0.4703125 0.5109375 0.0453125 0.04375
1 0.53125 0.13125 0.04375 0.0546875
3 0.5125 0.1328125 0.1046875 0.084375
3 0.50625 0.3203125 0.1203125 0.059375
3 0.50625 0.5046875 0.1265625 0.05625
3 0.5015625 0.7078125 0.1078125 0.078125
3 0.49375 0.903125 0.1203125 0.0625