2 0.431209415625 0.85633116875 0.43932629843750004 0.85633116875 0.449472403125 0.8522727265625001 0.45860389687499997 0.8431412343750001 0.45758928593750003 0.8279220781250001 0.449472403125 0.8177759734375 0.44135551875 0.8137175328125 0.42918019531249996 0.8116883109374999 0.41193181875 0.8208198046874999 0.40787337656249995 0.8289366890625001 0.40787337656249995 0.8370535718750001 0.41193181875 0.8451704546875 0.419034090625 0.8522727265625001 0.431209415625 0.85633116875
2 0.41091720781249996 0.6818181812499999 0.3987418828125 0.67573051875 0.39265422031249997 0.6696428578125 0.38859577968750003 0.6696428578125 0.38453733749999996 0.6716720781250001 0.38149350625 0.6767451296875 0.37946428593750003 0.6828327921875 0.37946428593750003 0.6970373375000001 0.38352272656249997 0.7071834421875 0.3987418828125 0.7203733765625 0.40482954531250004 0.7224025968750001 0.42106331093750005 0.7224025968750001 0.43323863593749995 0.7163149343749999 0.440340909375 0.7071834421875 0.440340909375 0.7010957796875 0.44237012968749995 0.6990665578125 0.44135551875 0.6858766234375 0.43932629843750004 0.6797889609375 0.43323863593749995 0.6818181812499999 0.41091720781249996 0.6818181812499999
2 0.3571428578125 0.6442775968750001 0.36120129843750004 0.6321022734375 0.36830357187499996 0.6270292203125 0.3733766234375 0.6219561687499999 0.3723620125 0.6209415578125 0.36221590937500003 0.6168831171875 0.35004058437499996 0.6047077921875 0.34395292187500004 0.6026785718750001 0.33989448125 0.6026785718750001 0.33279220781249996 0.6138392859375 0.33279220781249996 0.6280438312500001 0.33482142812500004 0.6321022734375 0.35004058437499996 0.6452922078125 0.3571428578125 0.6442775968750001
2 0.34902597343749997 0.5752840906250001 0.3551136359375 0.5691964281249999 0.35409902656250003 0.5641233765625 0.33989448125 0.5620941562499999 0.33279220781249996 0.5691964281249999 0.3307629875 0.5752840906250001 0.3307629875 0.5854301953125 0.33482142812500004 0.5935470781250001 0.3388798703125 0.599634740625 0.3459821421875 0.6047077921875 0.34902597343749997 0.6036931812499999 0.346996753125 0.581371753125 0.34902597343749997 0.5752840906250001
2 0.346996753125 0.59760551875 0.34902597343749997 0.6036931812499999 0.36627434999999997 0.6189123375000001 0.380478896875 0.6209415578125 0.380478896875 0.6168831171875 0.36728896093749996 0.6057224031249999 0.36323051875 0.59760551875 0.36120129843750004 0.5915178578125 0.36120129843750004 0.5773133109375 0.365259740625 0.5651379875 0.3601866890625 0.5641233765625 0.35308441562500004 0.5691964281249999 0.346996753125 0.5793425328125 0.346996753125 0.59760551875
2 0.38859577968750003 0.5499188312500001 0.37844967500000004 0.5539772734375 0.365259740625 0.5651379875 0.36120129843750004 0.5773133109375 0.36120129843750004 0.5935470781250001 0.365259740625 0.6036931812499999 0.37844967500000004 0.6168831171875 0.390625 0.6189123375000001 0.39265422031249997 0.6209415578125 0.40178571406249997 0.6138392859375 0.409902596875 0.59760551875 0.41700487031250005 0.590503246875 0.42715097343749997 0.5864448046875 0.43019480468750004 0.5834009734375 0.42918019531249996 0.5803571421875 0.42613636406250005 0.5691964281249999 0.41497565 0.55600649375 0.3987418828125 0.5499188312500001 0.38859577968750003 0.5499188312500001
2 0.322646103125 0.5245535718750001 0.322646103125 0.5346996749999999 0.328733765625 0.5489042203125 0.33989448125 0.5600649343749999 0.35004058437499996 0.5641233765625 0.3642451296875 0.5641233765625 0.380478896875 0.5519480515625 0.38758116875000004 0.5407873375000001 0.3865665578125 0.5174512984375 0.37033279218750004 0.5133928578125 0.36221590937500003 0.5073051953125 0.35409902656250003 0.497159090625 0.35004058437499996 0.497159090625 0.33583603906250004 0.503246753125 0.32670454531250004 0.512378246875 0.322646103125 0.5245535718750001
2 0.38149350625 0.44744318125 0.38149350625 0.46367694843749996 0.38758116875000004 0.47179383125 0.3916396109375 0.481939934375 0.402800325 0.49310065 0.4088879875 0.49310065 0.409902596875 0.481939934375 0.41396103906250004 0.46976461093750005 0.42918019531249996 0.452516234375 0.443384740625 0.44439935 0.45150162343750005 0.44237012968749995 0.456574675 0.437297078125 0.455560065625 0.43628246718749997 0.44135551875 0.42004870156249996 0.425121753125 0.41396103906250004 0.41497565 0.41396103906250004 0.3896103890625 0.431209415625 0.38149350625 0.44744318125
2 0.38453733749999996 0.2333603890625 0.39671266250000004 0.2353896109375 0.3987418828125 0.23741883125 0.41396103906250004 0.2323457796875 0.412946428125 0.21915584375 0.40584415625 0.2140827921875 0.39569805156250004 0.1978490265625 0.39366883124999996 0.1917613640625 0.39569805156250004 0.1734983765625 0.39265422031249997 0.172483765625 0.3733766234375 0.18770292187499998 0.36728896093749996 0.2019074671875 0.36931818125000004 0.218141234375 0.38453733749999996 0.2333603890625
2 0.5083198046875 0.103490259375 0.494115259375 0.097402596875 0.46570616875 0.097402596875 0.45961850625 0.09943181875 0.44541396093749996 0.1075487015625 0.43831168906249995 0.1146509734375 0.43019480468750004 0.13494318125 0.43222402656250003 0.1491477265625 0.43831168906249995 0.15929383125000002 0.44744318125 0.16842532500000001 0.45961850625 0.172483765625 0.46063311718750005 0.15929383125000002 0.46469155781250004 0.15320616874999998 0.46469155781250004 0.1491477265625 0.47788149375 0.133928571875 0.488027596875 0.1298701296875 0.49614448125 0.1237824671875 0.5204951296875 0.121753246875 0.5204951296875 0.115665584375 0.51948051875 0.112621753125 0.5083198046875 0.103490259375
2 0.6138392859375 0.2516233765625 0.6280438312500001 0.2516233765625 0.6300730515625 0.24959415625 0.6321022734375 0.2516233765625 0.6463068187500001 0.2516233765625 0.6544237015625 0.247564934375 0.6554383109375 0.244521103125 0.6615259734375 0.2404626625 0.6716720781250001 0.222199675 0.6737012984375 0.2161120125 0.6726866890625 0.1927759734375 0.6655844156249999 0.17146915625 0.6463068187500001 0.15016233750000002 0.6260146109375 0.140016234375 0.6016639609375 0.13595779218749998 0.599634740625 0.1379870125 0.5834009734375 0.1379870125 0.5773133109375 0.140016234375 0.5549918828125 0.1521915578125 0.5397727265625 0.17146915625 0.5397727265625 0.175527596875 0.5357142859375 0.181615259375 0.5336850656250001 0.1958198046875 0.5357142859375 0.1978490265625 0.5357142859375 0.21002435 0.5397727265625 0.222199675 0.5478896109375 0.234375 0.5671672078125 0.2516233765625 0.5854301953125 0.259740259375 0.5955762984375 0.259740259375 0.599634740625 0.25568181874999996 0.6118100656250001 0.25365259687499997 0.6138392859375 0.2516233765625
2 0.69399350625 0.36830357187499996 0.7000811687499999 0.356128246875 0.7000811687499999 0.35206980468750004 0.7041396109375 0.3459821421875 0.7051542203125 0.3206168828125 0.7021103890625 0.30336850625 0.6919642859375 0.28307629843750004 0.668628246875 0.26176948125 0.6422483765625 0.2516233765625 0.6138392859375 0.2516233765625 0.5894886359375 0.26176948125 0.581371753125 0.2678571421875 0.5620941562499999 0.28916396093749996 0.55600649375 0.30133928593750003 0.5539772734375 0.31554383124999996 0.5519480515625 0.31757305156250004 0.5539772734375 0.31960227343750003 0.5539772734375 0.33583603906250004 0.5661525968750001 0.3642451296875 0.5854301953125 0.38555194843749996 0.59760551875 0.39366883124999996 0.6178977265625 0.40178571406249997 0.6442775968750001 0.40178571406249997 0.6463068187500001 0.39975649375 0.65239448125 0.39975649375 0.6787743500000001 0.38555194843749996 0.69399350625 0.36830357187499996
0 0.53774350625 0.1734983765625 0.5438311687499999 0.1633522734375 0.5600649343749999 0.14711850625 0.5590503250000001 0.14204545468750002 0.5489042203125 0.13189935 0.5245535718750001 0.121753246875 0.5042613640625 0.121753246875 0.49817370156249996 0.1258116890625 0.494115259375 0.1258116890625 0.47585227343750003 0.13595779218749998 0.46469155781250004 0.1491477265625 0.46063311718750005 0.1613230515625 0.46063311718750005 0.17958603906249998 0.4626623375 0.181615259375 0.4626623375 0.18770292187499998 0.47077922031249997 0.199878246875 0.47585227343750003 0.202922078125 0.47991071406249997 0.209009740625 0.488027596875 0.21306818125000002 0.5103490265625 0.215097403125 0.512378246875 0.21306818125000002 0.5265827921875 0.2110389609375 0.5336850656250001 0.2019074671875 0.5336850656250001 0.18770292187499998 0.5357142859375 0.18567370156250002 0.53774350625 0.1734983765625
0 0.5438311687499999 0.2323457796875 0.5438311687499999 0.2303165578125 0.5326704546875 0.221185065625 0.5184659093749999 0.21915584375 0.5164366890625 0.2171266234375 0.49208603906250004 0.2171266234375 0.47179383125 0.2272727265625 0.46063311718750005 0.2404626625 0.4504870125 0.26278409062499997 0.4504870125 0.2769886359375 0.46063311718750005 0.299310065625 0.47585227343750003 0.31452922031249997 0.488027596875 0.3206168828125 0.494115259375 0.3206168828125 0.5022321421875 0.3125 0.5164366890625 0.3043831171875 0.5286120125 0.302353896875 0.530641234375 0.30032467500000004 0.5529626624999999 0.29829545468749996 0.5661525968750001 0.28104707812499996 0.5651379875 0.25365259687499997 0.5438311687499999 0.2323457796875
0 0.5509334421875 0.42410714218749995 0.5651379875 0.422077921875 0.5732548703125 0.41801948125 0.5925324671875 0.3987418828125 0.5915178578125 0.3896103890625 0.5854301953125 0.38758116875000004 0.57426948125 0.37642045468749996 0.5600649343749999 0.356128246875 0.5519480515625 0.3297483765625 0.5519480515625 0.30742694843749996 0.5539772734375 0.30539772656249997 0.5509334421875 0.30032467500000004 0.5346996749999999 0.30032467500000004 0.5103490265625 0.3084415578125 0.48904220781249996 0.325689934375 0.480925325 0.33989448125 0.47686688281249995 0.35206980468750004 0.47686688281249995 0.374391234375 0.484983765625 0.38859577968750003 0.48904220781249996 0.40077110312500003 0.5022321421875 0.41396103906250004 0.512378246875 0.41801948125 0.5164366890625 0.422077921875 0.5326704546875 0.42410714218749995 0.5346996749999999 0.42613636406250005 0.5489042203125 0.42613636406250005 0.5509334421875 0.42410714218749995
0 0.34902597343749997 0.34395292187500004 0.346996753125 0.3459821421875 0.34902597343749997 0.35815746718749997 0.35308441562500004 0.36627434999999997 0.3642451296875 0.377435065625 0.374391234375 0.377435065625 0.37946428593750003 0.3723620125 0.3733766234375 0.3642451296875 0.36931818125000004 0.34192370156249996 0.37134740312500003 0.33989448125 0.3733766234375 0.32771915625000003 0.38149350625 0.31757305156250004 0.380478896875 0.31452922031249997 0.374391234375 0.3125 0.36221590937500003 0.31858766250000004 0.3551136359375 0.325689934375 0.34902597343749997 0.337865259375 0.34902597343749997 0.34395292187500004
0 0.34496753281250003 0.39671266250000004 0.33685065000000003 0.41091720781249996 0.33685065000000003 0.42918019531249996 0.34090909062499997 0.437297078125 0.35004058437499996 0.446428571875 0.35815746718749997 0.4504870125 0.36627434999999997 0.4504870125 0.37134740312500003 0.44541396093749996 0.37033279218750004 0.44237012968749995 0.36323051875 0.43526785781250005 0.3551136359375 0.419034090625 0.3551136359375 0.40482954531250004 0.3571428578125 0.402800325 0.35917207812499996 0.390625 0.35409902656250003 0.3896103890625 0.34496753281250003 0.39671266250000004
0 0.34192370156249996 0.49918831093750005 0.35308441562500004 0.49614448125 0.35105519531249996 0.47585227343750003 0.35308441562500004 0.47382305156250004 0.35308441562500004 0.46773538906249995 0.36120129843750004 0.455560065625 0.3601866890625 0.452516234375 0.35409902656250003 0.44845779218750004 0.35004058437499996 0.44845779218750004 0.3459821421875 0.4504870125 0.33482142812500004 0.46367694843749996 0.3307629875 0.47991071406249997 0.33279220781249996 0.481939934375 0.33279220781249996 0.488027596875 0.34192370156249996 0.49918831093750005
0 0.3896103890625 0.6665990265625 0.38352272656249997 0.6544237015625 0.38352272656249997 0.6381899343749999 0.3896103890625 0.6260146109375 0.38859577968750003 0.6209415578125 0.37642045468749996 0.6209415578125 0.3723620125 0.6229707796875 0.36120129843750004 0.6321022734375 0.3571428578125 0.6402191562499999 0.3571428578125 0.6544237015625 0.36120129843750004 0.6645698046875 0.37642045468749996 0.677759740625 0.380478896875 0.677759740625 0.3896103890625 0.6665990265625
0 0.40178571406249997 0.6361607140625 0.39975649375 0.6239853890625 0.39671266250000004 0.6209415578125 0.3896103890625 0.6239853890625 0.38352272656249997 0.6381899343749999 0.38352272656249997 0.6544237015625 0.38758116875000004 0.6645698046875 0.3987418828125 0.67573051875 0.41091720781249996 0.6818181812499999 0.431209415625 0.6818181812499999 0.443384740625 0.67573051875 0.44845779218750004 0.6706574671875 0.44744318125 0.6655844156249999 0.44541396093749996 0.6676136359375 0.43323863593749995 0.6655844156249999 0.419034090625 0.659496753125 0.40787337656249995 0.6483360390625 0.40178571406249997 0.6361607140625
0 0.35105519531249996 0.7173295453125 0.3551136359375 0.7234172078125 0.36221590937500003 0.728490259375 0.36830357187499996 0.73051948125 0.38453733749999996 0.73051948125 0.39569805156250004 0.719358765625 0.3946834421875 0.7183441562499999 0.38352272656249997 0.7071834421875 0.38149350625 0.6990665578125 0.37844967500000004 0.6960227265625 0.3642451296875 0.69399350625 0.35815746718749997 0.6899350656250001 0.35105519531249996 0.6970373375000001 0.34902597343749997 0.703125 0.35105519531249996 0.7173295453125
0 0.39265422031249997 0.728490259375 0.3865665578125 0.728490259375 0.38453733749999996 0.73051948125 0.36830357187499996 0.73051948125 0.36221590937500003 0.728490259375 0.3571428578125 0.7396509734375 0.35917207812499996 0.7518262984375 0.37033279218750004 0.7609577921875 0.3733766234375 0.7457386359375 0.380478896875 0.7386363640625 0.39265422031249997 0.7345779218749999 0.39265422031249997 0.728490259375
0 0.43019480468750004 0.871550325 0.434253246875 0.8816964281249999 0.443384740625 0.8908279218749999 0.45150162343750005 0.8948863640625 0.46570616875 0.8948863640625 0.47382305156250004 0.8908279218749999 0.480925325 0.88372565 0.48295454531250004 0.8796672078125001 0.481939934375 0.86850649375 0.47585227343750003 0.8583603890625 0.46570616875 0.8543019484375 0.45353084375 0.8543019484375 0.45150162343750005 0.8522727265625001 0.43932629843750004 0.85633116875 0.43222402656250003 0.8654626625 0.43019480468750004 0.871550325
1 0.37540584374999997 0.7700892859375 0.3825081171875 0.7771915578125 0.390625 0.78125 0.40482954531250004 0.78125 0.415990259375 0.7741477265625 0.42004870156249996 0.7660308437500001 0.419034090625 0.7528409093749999 0.412946428125 0.7406655843750001 0.39671266250000004 0.7345779218749999 0.390625 0.7345779218749999 0.38859577968750003 0.7366071421875 0.3825081171875 0.7366071421875 0.37134740312500003 0.7477678578125 0.36931818125000004 0.75385551875 0.37540584374999997 0.7700892859375
1 0.34902597343749997 0.703125 0.3571428578125 0.6909496749999999 0.356128246875 0.6879058437500001 0.35206980468750004 0.6838474031249999 0.3480113640625 0.6838474031249999 0.3388798703125 0.6970373375000001 0.3388798703125 0.7051542203125 0.3429383109375 0.7132711031250001 0.346996753125 0.719358765625 0.35206980468750004 0.7224025968750001 0.35308441562500004 0.7173295453125 0.34902597343749997 0.7092126624999999 0.34902597343749997 0.703125
1 0.35105519531249996 0.6787743500000001 0.34902597343749997 0.6767451296875 0.34902597343749997 0.6665990265625 0.346996753125 0.6645698046875 0.34902597343749997 0.6584821421875 0.3551136359375 0.65239448125 0.35409902656250003 0.6452922078125 0.3480113640625 0.6432629875 0.34395292187500004 0.6452922078125 0.3388798703125 0.650365259375 0.33685065000000003 0.6564529218749999 0.33685065000000003 0.668628246875 0.3429383109375 0.6787743500000001 0.35004058437499996 0.6838474031249999 0.35105519531249996 0.6787743500000001
1 0.36120129843750004 0.6645698046875 0.356128246875 0.6513798703125 0.35105519531249996 0.6544237015625 0.346996753125 0.6625405843750001 0.346996753125 0.6706574671875 0.356128246875 0.6879058437500001 0.36627434999999997 0.69399350625 0.37844967500000004 0.69399350625 0.37844967500000004 0.677759740625 0.3723620125 0.67573051875 0.36120129843750004 0.6645698046875
1 0.40584415625 0.6036931812499999 0.39975649375 0.6199269484375 0.39975649375 0.6300730515625 0.40787337656249995 0.6483360390625 0.419034090625 0.659496753125 0.431209415625 0.6655844156249999 0.44541396093749996 0.6676136359375 0.46367694843749996 0.6615259734375 0.47889610312500003 0.6463068187500001 0.484983765625 0.6280438312500001 0.48396915625 0.6168831171875 0.47686688281249995 0.6016639609375 0.45758928593750003 0.5864448046875 0.45150162343750005 0.5844155843750001 0.43323863593749995 0.5844155843750001 0.42106331093750005 0.5884740265625 0.40584415625 0.6036931812499999
1 0.48904220781249996 0.530641234375 0.488027596875 0.5275974031249999 0.47585227343750003 0.521509740625 0.46469155781250004 0.5103490265625 0.456574675 0.494115259375 0.452516234375 0.46976461093750005 0.45454545468749996 0.46773538906249995 0.45454545468749996 0.45758928593750003 0.456574675 0.455560065625 0.45860389687499997 0.443384740625 0.449472403125 0.44237012968749995 0.425121753125 0.456574675 0.41396103906250004 0.47179383125 0.41193181875 0.48396915625 0.409902596875 0.48599837656249995 0.409902596875 0.5042613640625 0.41801948125 0.5204951296875 0.43526785781250005 0.53774350625 0.44541396093749996 0.5418019484375 0.455560065625 0.5418019484375 0.45758928593750003 0.5438311687499999 0.46367694843749996 0.5438311687499999 0.481939934375 0.53774350625 0.48904220781249996 0.530641234375
1 0.5641233765625 0.443384740625 0.5489042203125 0.43019480468750004 0.5245535718750001 0.42613636406250005 0.5042613640625 0.415990259375 0.494115259375 0.415990259375 0.47382305156250004 0.42613636406250005 0.45860389687499997 0.443384740625 0.45454545468749996 0.455560065625 0.45454545468749996 0.488027596875 0.4626623375 0.5022321421875 0.46469155781250004 0.5103490265625 0.481939934375 0.5255681812499999 0.5002029218749999 0.5296266234375 0.5022321421875 0.5316558437500001 0.5225243500000001 0.5316558437500001 0.5407873375000001 0.5235389609375 0.5600649343749999 0.5062905843750001 0.5681818187500001 0.488027596875 0.5681818187500001 0.47991071406249997 0.5702110390625 0.47788149375 0.5691964281249999 0.46063311718750005 0.5641233765625 0.443384740625
1 0.3896103890625 0.47585227343750003 0.38555194843749996 0.47179383125 0.38149350625 0.46367694843749996 0.38149350625 0.449472403125 0.37844967500000004 0.446428571875 0.36830357187499996 0.44845779218750004 0.3571428578125 0.45961850625 0.35105519531249996 0.47585227343750003 0.35105519531249996 0.488027596875 0.3571428578125 0.5002029218749999 0.37033279218750004 0.5133928578125 0.3825081171875 0.5154220781250001 0.38453733749999996 0.5174512984375 0.390625 0.5174512984375 0.40077110312500003 0.5133928578125 0.409902596875 0.5062905843750001 0.4088879875 0.5012175328125 0.40787337656249995 0.49614448125 0.39366883124999996 0.48599837656249995 0.3896103890625 0.47585227343750003
1 0.37642045468749996 0.37540584374999997 0.36120129843750004 0.38859577968750003 0.3551136359375 0.40482954531250004 0.3551136359375 0.41700487031250005 0.36323051875 0.43526785781250005 0.37033279218750004 0.44237012968749995 0.380478896875 0.446428571875 0.3896103890625 0.431209415625 0.402800325 0.42004870156249996 0.412946428125 0.41396103906250004 0.42309253281250003 0.41396103906250004 0.428165584375 0.406858765625 0.42715097343749997 0.39975649375 0.42613636406250005 0.3946834421875 0.419034090625 0.38555194843749996 0.40482954531250004 0.38555194843749996 0.3825081171875 0.37540584374999997 0.37642045468749996 0.37540584374999997
1 0.425121753125 0.3043831171875 0.40077110312500003 0.3043831171875 0.3946834421875 0.30641233749999996 0.377435065625 0.32163149375 0.37134740312500003 0.33380681874999996 0.36931818125000004 0.3459821421875 0.37134740312500003 0.3480113640625 0.3733766234375 0.36221590937500003 0.37946428593750003 0.3723620125 0.38859577968750003 0.37946428593750003 0.39265422031249997 0.37946428593750003 0.3987418828125 0.38352272656249997 0.42106331093750005 0.38352272656249997 0.43323863593749995 0.377435065625 0.446428571875 0.36221590937500003 0.452516234375 0.35004058437499996 0.45150162343750005 0.3307629875 0.446428571875 0.325689934375 0.440340909375 0.3135146109375 0.425121753125 0.3043831171875
1 0.412946428125 0.2455357140625 0.390625 0.2455357140625 0.37844967500000004 0.2516233765625 0.36931818125000004 0.2607548703125 0.36323051875 0.27293019531249996 0.36120129843750004 0.287134740625 0.36931818125000004 0.30539772656249997 0.3825081171875 0.31452922031249997 0.3946834421875 0.30641233749999996 0.4088879875 0.3043831171875 0.41091720781249996 0.302353896875 0.425121753125 0.302353896875 0.431209415625 0.29829545468749996 0.43628246718749997 0.28916396093749996 0.43628246718749997 0.2790178578125 0.43831168906249995 0.2769886359375 0.437297078125 0.2698863640625 0.434253246875 0.2607548703125 0.42106331093750005 0.24959415625 0.412946428125 0.2455357140625
1 0.46063311718750005 0.17958603906249998 0.45150162343750005 0.178571428125 0.437297078125 0.18465909062500002 0.422077921875 0.1978490265625 0.415990259375 0.2140827921875 0.415990259375 0.234375 0.41801948125 0.2404626625 0.431209415625 0.25771103906250004 0.437297078125 0.26176948125 0.449472403125 0.26379870156249996 0.452516234375 0.2607548703125 0.452516234375 0.25466720781249996 0.4626623375 0.2364042203125 0.47382305156250004 0.22524350625 0.48599837656249995 0.21915584375 0.48904220781249996 0.2161120125 0.488027596875 0.215097403125 0.47077922031249997 0.2019074671875 0.46469155781250004 0.19379058437500002 0.46063311718750005 0.17958603906249998
1 0.412946428125 0.1542207796875 0.39975649375 0.16741071406250002 0.39366883124999996 0.18567370156250002 0.39569805156250004 0.1978490265625 0.39975649375 0.205965909375 0.41091720781249996 0.2171266234375 0.41497565 0.2171266234375 0.42004870156249996 0.199878246875 0.43932629843750004 0.1826298703125 0.45758928593750003 0.178571428125 0.45758928593750003 0.172483765625 0.45353084375 0.172483765625 0.44744318125 0.16842532500000001 0.43628246718749997 0.1572646109375 0.431209415625 0.1481331171875 0.425121753125 0.1481331171875 0.412946428125 0.1542207796875
1 0.38352272656249997 0.1511769484375 0.39671266250000004 0.166396103125 0.40077110312500003 0.166396103125 0.412946428125 0.1542207796875 0.425121753125 0.1481331171875 0.42918019531249996 0.1481331171875 0.42918019531249996 0.1379870125 0.42309253281250003 0.13595779218749998 0.41193181875 0.124797078125 0.409902596875 0.1146509734375 0.40482954531250004 0.11160714218750001 0.3946834421875 0.1176948046875 0.38555194843749996 0.12885551875 0.38352272656249997 0.13291396093750002 0.38352272656249997 0.1511769484375
1 0.41396103906250004 0.09232954531250001 0.409902596875 0.100446428125 0.409902596875 0.1207386359375 0.42309253281250003 0.13595779218749998 0.42918019531249996 0.1379870125 0.43222402656250003 0.13291396093750002 0.434253246875 0.1207386359375 0.43831168906249995 0.1146509734375 0.44744318125 0.10551948124999999 0.45961850625 0.09943181875 0.46367694843749996 0.09943181875 0.46773538906249995 0.097402596875 0.46773538906249995 0.0953733765625 0.46164772656249997 0.091314934375 0.44744318125 0.07508116875000001 0.43323863593749995 0.07711038906249999 0.42309253281250003 0.0831980515625 0.41396103906250004 0.09232954531250001
1 0.5204951296875 0.0324675328125 0.5022321421875 0.026379870312499998 0.488027596875 0.026379870312499998 0.48599837656249995 0.028409090625 0.47585227343750003 0.028409090625 0.46570616875 0.0324675328125 0.4504870125 0.0456574671875 0.446428571875 0.055803571875 0.446428571875 0.07203733749999999 0.4504870125 0.0801542203125 0.46570616875 0.09334415625 0.48396915625 0.0953733765625 0.48599837656249995 0.097402596875 0.5022321421875 0.097402596875 0.5265827921875 0.0892857140625 0.5357142859375 0.0801542203125 0.5397727265625 0.07203733749999999 0.5418019484375 0.065949675 0.5407873375000001 0.058847403124999996 0.5336850656250001 0.0415990265625 0.5204951296875 0.0324675328125