2 0.4531765671875 0.3378712875 0.4469884484375 0.3378712875 0.44492574218750003 0.33580858125 0.4242986796875 0.3378712875 0.4088283828125 0.35127887812499997 0.4047029703125 0.359529703125 0.4047029703125 0.365717821875 0.40264026406250003 0.367780528125 0.4047029703125 0.382219471875 0.41089108906250005 0.392533003125 0.4242986796875 0.40181518125000004 0.4304867984375 0.40387788750000003 0.4500825078125 0.40284653437499995 0.46452145156249997 0.392533003125 0.4727722765625 0.378094059375 0.4727722765625 0.36365511562499997 0.4707095703125 0.357466996875 0.46452145156249997 0.347153465625 0.4531765671875 0.3378712875
2 0.536716171875 0.2852722765625 0.532590759375 0.2955858078125 0.53568481875 0.300742575 0.547029703125 0.299711221875 0.5583745875 0.2904290421875 0.5748762375 0.2904290421875 0.575907590625 0.2873349828125 0.5625 0.2759900984375 0.54806105625 0.2759900984375 0.536716171875 0.2852722765625
2 0.7780528046875 0.328589109375 0.7790841578125 0.33580858125 0.801773928125 0.33580858125 0.8079620468750001 0.33993399375 0.81105610625 0.33890264062500003 0.818275578125 0.33168316875000003 0.822400990625 0.33168316875000003 0.8234323437500001 0.328589109375 0.8213696374999999 0.324463696875 0.810024753125 0.31518151875 0.8038366343750001 0.31518151875 0.801773928125 0.3131188125 0.7914603953125 0.31518151875 0.7873349828125 0.317244225 0.7780528046875 0.328589109375
2 0.8234323437500001 0.369843234375 0.8234323437500001 0.359529703125 0.8172442249999999 0.347153465625 0.801773928125 0.33580858125 0.7914603953125 0.33580858125 0.7893976890625 0.333745875 0.7873349828125 0.33580858125 0.7790841578125 0.33580858125 0.7728960390624999 0.33993399375 0.7636138609375 0.35334158437499996 0.7636138609375 0.373968646875 0.7656765671875 0.380156765625 0.7811468640625 0.39768976875 0.7852722765625 0.399752475 0.7883663359375 0.39872112187500003 0.7945544546875001 0.384282178125 0.8038366343750001 0.375 0.818275578125 0.36881188125 0.8203382843749999 0.3708745875 0.8234323437500001 0.369843234375
2 0.8708745875 0.359529703125 0.876031353125 0.3543729375 0.883250825 0.35127887812499997 0.8811881187499999 0.343028053125 0.871905940625 0.333745875 0.8636551156250001 0.3296204625 0.851278878125 0.3296204625 0.847153465625 0.33168316875000003 0.8461221125 0.33683993437500004 0.85231023125 0.343028053125 0.85643564375 0.355404290625 0.8657178218749999 0.36056105625 0.8708745875 0.359529703125
2 0.832714521875 0.37293729375 0.8409653468749999 0.375 0.85231023125 0.38634488437500003 0.8605610562500001 0.404909240625 0.8605610562500001 0.415222771875 0.8636551156250001 0.41831683125 0.8646864687500001 0.417285478125 0.8729372937500001 0.409034653125 0.8811881187499999 0.38634488437500003 0.8770627062499999 0.371905940625 0.869843234375 0.3626237625 0.8574669968749999 0.35643564375 0.838902640625 0.35643564375 0.8296204625 0.365717821875 0.8296204625 0.369843234375 0.832714521875 0.37293729375
2 0.9306930687499999 0.388407590625 0.9327557750000001 0.384282178125 0.9327557750000001 0.369843234375 0.92450495 0.35334158437499996 0.911097359375 0.34405940625000003 0.898721121875 0.34612211249999997 0.8956270625 0.35127887812499997 0.9100660062499999 0.361592409375 0.91419141875 0.367780528125 0.91419141875 0.371905940625 0.9203795375 0.380156765625 0.9296617156250001 0.38943894375 0.9306930687499999 0.388407590625
2 0.8863448843749999 0.42244224375000006 0.898721121875 0.41831683125 0.9203795375 0.425536303125 0.9327557750000001 0.409034653125 0.9327557750000001 0.39665841562500004 0.92450495 0.382219471875 0.915222771875 0.375 0.896658415625 0.37293729375 0.8863448843749999 0.3791254125 0.8791254125 0.390470296875 0.8770627062499999 0.39665841562500004 0.8791254125 0.419348184375 0.8822194718749999 0.42244224375000006 0.8863448843749999 0.42244224375000006
2 1 0.4507388234375 0.9956683171874999 0.44719471874999994 0.9915429046875 0.44513201249999995 0.9791666671874999 0.44513201249999995 0.9678217828125 0.452351484375 0.9595709578125 0.4667904296875 0.9575082515625001 0.47297854843750003 0.9575082515625001 0.49773102343750003 0.9636963703125 0.5162953796875 0.9729785484375 0.5276402640625 0.9812293734375 0.5317656765625001 0.9925742578125 0.5307343234374999 0.9997937296874999 0.5276402640625 1 0.527370525 1 0.4507388234375
0 1 0.6272689765624999 0.9966996703125 0.6338696374999999 0.9905115515625 0.65243399375 0.9884488453125 0.6751237625 0.9905115515625 0.67718646875 0.9905115515625 0.68543729375 0.9925742578125 0.68956270625 0.9956683171874999 0.692656765625 0.9966996703125 0.6916254125 1 0.6883250828125 1 0.6272689765624999
0 0.9544141921874999 0.40387788750000003 0.939975246875 0.40387788750000003 0.9286303625000001 0.41316006562499996 0.92450495 0.421410890625 0.92450495 0.429661715625 0.9306930687499999 0.437912540625 0.9368811875 0.452351484375 0.9368811875 0.4750412546875 0.944100659375 0.4801980203125 0.9502887781249999 0.48226072656249996 0.9554455453124999 0.48122937343750005 0.9657590765625 0.4544141921875 0.9781353140625001 0.444100659375 0.9781353140625001 0.437912540625 0.9760726078124999 0.435849834375 0.9760726078124999 0.429661715625 0.9647277234375 0.41006600625 0.9544141921874999 0.40387788750000003
0 1 0.42656765625000004 0.9915429046875 0.42656765625000004 0.9874174921875 0.42863036250000003 0.9801980203125 0.435849834375 0.9801980203125 0.444100659375 0.9915429046875 0.44513201249999995 0.9997937296874999 0.449257425 1 0.449463696875 1 0.42656765625000004
0 0.9327557750000001 0.442037953125 0.919348184375 0.42656765625000004 0.9131600656250001 0.42450495000000005 0.9090346531250001 0.4203795375 0.890470296875 0.4203795375 0.8842821781250001 0.42244224375000006 0.8688118812500001 0.439975246875 0.8770627062499999 0.4564768984375 0.8770627062499999 0.48535478593750003 0.875 0.4874174921875 0.875 0.49773102343750003 0.880156765625 0.5049504953125 0.8925330031250001 0.5111386140625 0.898721121875 0.5132013203125 0.9059405937499999 0.5121699671875 0.921410890625 0.5049504953125 0.9327557750000001 0.49154290468750006 0.9368811875 0.4791666671875 0.9368811875 0.4544141921875 0.9327557750000001 0.442037953125
0 0.8770627062499999 0.4585396046875 0.8646864687500001 0.435849834375 0.851278878125 0.42450495000000005 0.8409653468749999 0.4203795375 0.818275578125 0.4203795375 0.8079620468750001 0.42656765625000004 0.7945544546875001 0.442037953125 0.7904290421875 0.4544141921875 0.7904290421875 0.4647277234375 0.7883663359375 0.4667904296875 0.7904290421875 0.48535478593750003 0.7986798687500001 0.5018564359375 0.8162128718749999 0.5193894390625 0.826526403125 0.5235148515625 0.83580858125 0.5224834984375 0.855404290625 0.5152640265625 0.8636551156250001 0.5090759078125 0.8708745875 0.4997937296875 0.8770627062499999 0.48535478593750003 0.8770627062499999 0.4585396046875
0 0.7068894390625 0.3543729375 0.6955445546875 0.36365511562499997 0.6893564359375 0.373968646875 0.6872937296875 0.380156765625 0.6872937296875 0.40284653437499995 0.6934818484374999 0.415222771875 0.7068894390625 0.42863036250000003 0.7213283828125 0.43481848125000006 0.7326732671875 0.433787128125 0.7419554453125 0.43069306875 0.7574257421875 0.417285478125 0.7636138609375 0.40078382812499996 0.7615511546875 0.380156765625 0.7574257421875 0.371905940625 0.7440181515625001 0.35849834999999997 0.7316419140625 0.35231023125 0.7068894390625 0.3543729375
0 0.8430280531250001 0.3543729375 0.85643564375 0.35334158437499996 0.85231023125 0.343028053125 0.8430280531250001 0.333745875 0.832714521875 0.3296204625 0.818275578125 0.33168316875000003 0.81105610625 0.33890264062500003 0.8213696374999999 0.35334158437499996 0.82549505 0.367780528125 0.82755775625 0.367780528125 0.834777228125 0.35849834999999997 0.8430280531250001 0.3543729375
0 0.55218646875 0.30693069375 0.559405940625 0.316212871875 0.5614686468750001 0.322400990625 0.5614686468750001 0.332714521875 0.559405940625 0.33683993437500004 0.5625 0.33993399375 0.580033003125 0.33890264062500003 0.590346534375 0.330651815625 0.5944719468749999 0.322400990625 0.5944719468749999 0.307962046875 0.592409240625 0.30383663437499997 0.57693894375 0.2904290421875 0.5583745875 0.2904290421875 0.547029703125 0.299711221875 0.547029703125 0.30383663437499997 0.55218646875 0.30693069375
0 0.507838284375 0.312087459375 0.503712871875 0.320338284375 0.503712871875 0.334777228125 0.507838284375 0.343028053125 0.5171204625 0.35231023125 0.5253712875 0.35643564375 0.538778878125 0.355404290625 0.54599835 0.35231023125 0.559405940625 0.33890264062500003 0.559405940625 0.332714521875 0.5614686468750001 0.330651815625 0.559405940625 0.316212871875 0.5418729375 0.300742575 0.52330858125 0.300742575 0.5171204625 0.30280528125 0.507838284375 0.312087459375
0 0.4201732671875 0.33993399375 0.4304867984375 0.33580858125 0.4469884484375 0.33580858125 0.45523927343750004 0.33993399375 0.4583333328125 0.33890264062500003 0.46452145156249997 0.32652640312500003 0.46452145156249997 0.316212871875 0.45523927343750004 0.30280528125 0.4469884484375 0.29867986874999997 0.4304867984375 0.29867986874999997 0.4170792078125 0.310024753125 0.41295379531250004 0.322400990625 0.41501650156250003 0.324463696875 0.4170792078125 0.33683993437500004 0.4201732671875 0.33993399375
0 0.3562293734375 0.34199670000000004 0.3479785484375 0.34612211249999997 0.3366336640625 0.357466996875 0.3325082515625 0.365717821875 0.3325082515625 0.380156765625 0.3479785484375 0.3873762375 0.3593234328125 0.39872112187500003 0.36241749218749997 0.40594059375 0.3737623765625 0.404909240625 0.3809818484375 0.40181518125000004 0.3923267328125 0.390470296875 0.3964521453125 0.380156765625 0.3964521453125 0.36365511562499997 0.39026402656250003 0.35127887812499997 0.3830445546875 0.34612211249999997 0.3747937296875 0.34199670000000004 0.3562293734375 0.34199670000000004
0 0 0.6781765671875 0.004537953125 0.68543729375 0.0179455453125 0.6988448843749999 0.0220709578125 0.700907590625 0.0396039609375 0.6998762375 0.0519801984375 0.6916254125 0.056105610937499995 0.68131188125 0.056105610937499995 0.64830858125 0.0519801984375 0.63593234375 0.0416666671875 0.61943069375 0.0323844890625 0.6101485156249999 0.0179455453125 0.6039603953125 0.0035066 0.6060231015624999 0 0.609529703125 0 0.6781765671875
1 0.20358910937500002 0.44513201249999995 0.189150165625 0.43688118749999993 0.172648515625 0.43688118749999993 0.1623349828125 0.44100659999999997 0.1489273921875 0.4564768984375 0.1448019796875 0.4688531359375 0.1448019796875 0.48535478593750003 0.1530528046875 0.5059818484374999 0.1623349828125 0.5152640265625 0.174711221875 0.5193894390625 0.192244225 0.5183580859375 0.199463696875 0.5152640265625 0.20874587500000003 0.5059818484374999 0.21493399375000002 0.49360561093750005 0.21699670000000001 0.47297854843750003 0.21493399375000002 0.47091584218750004 0.2128712875 0.4585396046875 0.20358910937500002 0.44513201249999995
1 0.3479785484375 0.3873762375 0.33560231093750004 0.38118811875 0.32116336562500003 0.38118811875 0.306724421875 0.3873762375 0.2953795375 0.39665841562500004 0.2871287125 0.41109735937499997 0.2871287125 0.433787128125 0.29331683124999997 0.448226071875 0.312912540625 0.46163366406249995 0.319100659375 0.4636963703125 0.32632013125000003 0.4626650171875 0.33560231093750004 0.46163366406249995 0.3438531359375 0.45750825156249997 0.3593234328125 0.439975246875 0.3634488453125 0.427599009375 0.3634488453125 0.41109735937499997 0.35726072656249996 0.39665841562500004 0.3479785484375 0.3873762375
1 0.2376237625 0.36365511562499997 0.23349835 0.371905940625 0.23349835 0.388407590625 0.23556105624999998 0.394595709375 0.246905940625 0.40594059375 0.251031353125 0.4080033 0.26650165000000003 0.406971946875 0.27681518125000004 0.40078382812499996 0.28506600625 0.384282178125 0.28506600625 0.371905940625 0.28094059374999997 0.361592409375 0.27165841562500004 0.3543729375 0.267533003125 0.35231023125 0.253094059375 0.35231023125 0.244843234375 0.35643564375 0.2376237625 0.36365511562499997
1 0.828589109375 0.41831683125 0.8409653468749999 0.4203795375 0.853341584375 0.42656765625000004 0.85849835 0.425536303125 0.8605610562500001 0.421410890625 0.8605610562500001 0.406971946875 0.85643564375 0.394595709375 0.850247525 0.384282178125 0.8409653468749999 0.375 0.830651815625 0.3708745875 0.812087459375 0.3708745875 0.8038366343750001 0.375 0.7945544546875001 0.384282178125 0.7883663359375 0.40078382812499996 0.7883663359375 0.41109735937499997 0.7904290421875 0.41316006562499996 0.7904290421875 0.421410890625 0.7945544546875001 0.431724421875 0.8007425749999999 0.431724421875 0.818275578125 0.4203795375 0.826526403125 0.4203795375 0.828589109375 0.41831683125
1 0.7698019796875 0.324463696875 0.7718646859375 0.33683993437500004 0.7780528046875 0.33683993437500004 0.7780528046875 0.330651815625 0.7873349828125 0.317244225 0.7914603953125 0.31518151875 0.81105610625 0.314150165625 0.801773928125 0.30280528125 0.7976485156249999 0.300742575 0.7811468640625 0.300742575 0.7739273921875001 0.305899340625 0.7698019796875 0.312087459375 0.7677392734375 0.322400990625 0.7698019796875 0.324463696875
1 0.916254125 0.373968646875 0.9100660062499999 0.361592409375 0.894595709375 0.350247525 0.8842821781250001 0.350247525 0.876031353125 0.3543729375 0.8708745875 0.361592409375 0.8791254125 0.376031353125 0.8791254125 0.380156765625 0.8822194718749999 0.383250825 0.8853135312499999 0.382219471875 0.896658415625 0.37293729375 0.916254125 0.373968646875
1 0.9925742578125 0.419348184375 0.9863861390625001 0.404909240625 0.9791666671874999 0.39768976875 0.9709158421874999 0.39356435625 0.9564768984375001 0.3956270625 0.9513201312499999 0.40284653437499995 0.9606023109375 0.4080033 0.9698844890625 0.417285478125 0.9760726078124999 0.435849834375 0.9801980203125 0.435849834375 0.9925742578125 0.425536303125 0.9925742578125 0.419348184375
1 1 0.5338125171875 0.9987623765625001 0.5348597359375 0.9925742578125 0.5472359734375 0.9905115515625 0.5596122109375 0.9884488453125 0.5616749171875 0.9884488453125 0.5761138609375 0.9863861390625001 0.5781765671875 0.9863861390625001 0.5864273921875001 0.9884488453125 0.5884900984375 0.9905115515625 0.6008663359375 0.9987623765625001 0.6173679875 1 0.6173679875 1 0.5338125171875