2 0.1515625 0.5625 0.053125 0.05
2 0.3328125 0.56875 0.0453125 0.0484375
2 0.5078125 0.5765625 0.053125 0.046875
2 0.709375 0.5890625 0.05 0.05
2 0.890625 0.59375 0.0578125 0.053125
2 0.3203125 0.5265625 0.05 0.046875
1 0.5140625 0.5328125 0.05 0.0484375
1 0.6953125 0.540625 0.05 0.0484375
1 0.3173828125 0.490234375 0.314453125 0.4931640625 0.3232421875 0.501953125 0.3310546875 0.505859375 0.345703125 0.5048828125 0.3486328125 0.50390625 0.353515625 0.4970703125 0.3505859375 0.4921875 0.3349609375 0.4921875 0.3330078125 0.490234375 0.3251953125 0.4921875 0.3232421875 0.490234375 0.3173828125 0.490234375
1 0.3125 0.4736328125 0.3134765625 0.48828125 0.359375 0.4892578125 0.361328125 0.4873046875 0.359375 0.4833984375 0.359375 0.4736328125 0.357421875 0.4697265625 0.3447265625 0.458984375 0.3291015625 0.458984375 0.3212890625 0.462890625 0.3125 0.4736328125
1 0.3173828125 0.490234375 0.314453125 0.4931640625 0.3232421875 0.501953125 0.3310546875 0.505859375 0.345703125 0.5048828125 0.3486328125 0.50390625 0.353515625 0.4970703125 0.3505859375 0.4921875 0.3349609375 0.4921875 0.3330078125 0.490234375 0.3251953125 0.4921875 0.3232421875 0.490234375 0.3173828125 0.490234375
1 0.3125 0.4755859375 0.3134765625 0.48828125 0.359375 0.4892578125 0.361328125 0.4873046875 0.359375 0.4833984375 0.359375 0.4736328125 0.357421875 0.4697265625 0.3447265625 0.458984375 0.3291015625 0.458984375 0.3212890625 0.462890625 0.3125 0.4755859375
1 0.873046875 0.5166015625 0.8779296875 0.521484375 0.8828125 0.5205078125 0.8818359375 0.513671875 0.8759765625 0.513671875 0.873046875 0.5166015625
1 0.9033203125 0.4765625 0.8876953125 0.4765625 0.87109375 0.4873046875 0.865234375 0.5009765625 0.8701171875 0.509765625 0.8916015625 0.509765625 0.892578125 0.5107421875 0.88671875 0.5146484375 0.88671875 0.5244140625 0.8896484375 0.52734375 0.8984375 0.5263671875 0.9072265625 0.525390625 0.919921875 0.5166015625 0.919921875 0.5126953125 0.92578125 0.5068359375 0.92578125 0.4951171875 0.919921875 0.4853515625 0.9091796875 0.478515625 0.9033203125 0.4765625
1 0.8984375 0.5484375 0.059375 0.0484375
3 0.1578125 0.5375 0.08125 0.121875
3 0.3265625 0.5390625 0.0734375 0.115625
3 0.5125 0.5515625 0.06875 0.1171875
3 0.70625 0.5578125 0.084375 0.13125
3 0.896875 0.56875 0.0953125 0.1421875