2 0.5185483875 0.3615423390625 0.5165322578125 0.3817036296875 0.5225806453125 0.3917842734375 0.5276209671875 0.39480846718749996 0.5417338703125 0.39480846718749996 0.5457661296875 0.3927923390625 0.5497983875 0.396824596875 0.5558467734375 0.396824596875 0.5689516125 0.3817036296875 0.5689516125 0.365574596875 0.5649193546875 0.35751008125 0.557862903125 0.3504536296875 0.5518145156250001 0.3484375 0.5497983875 0.3504536296875 0.5467741937499999 0.3474294359375 0.5336693546875 0.3464213703125 0.5205645156250001 0.35751008125 0.5185483875 0.3615423390625
1 0.9342695390625 0.3786405390625 0.9302372812499999 0.382672796875 0.9282211515625001 0.3988018296875 0.9372937328125 0.4098905390625 0.9433421187500001 0.407874409375 0.944350184375 0.41291473281249996 0.947374378125 0.41593892656250003 0.9655195390625 0.41593892656250003 0.9816485703125 0.407874409375 0.9927372812499999 0.3967857 0.9947534093750001 0.382672796875 0.9907211515625001 0.37259215156250003 0.9745921187500001 0.360495378125 0.9514066359375001 0.3594873125 0.9362856671875001 0.37259215156250003 0.9342695390625 0.3786405390625
2 0.5135080640624999 0.40287298437499997 0.5064516125 0.415977821875 0.5064516125 0.42605846718749996 0.5125 0.4381552421875 0.5276209671875 0.44924395156249997 0.5377016125 0.44924395156249997 0.5497983875 0.44521169374999997 0.5608870968749999 0.4321068546875 0.5608870968749999 0.42605846718749996 0.5629032265625 0.4240423390625 0.5588709671875 0.40589717812500004 0.5477822578125 0.39884072656249997 0.54375 0.4008568546875 0.54072580625 0.3958165328125 0.5296370968749999 0.39480846718749996 0.52157258125 0.4008568546875 0.5135080640624999 0.40287298437499997
1 0.72517130625 0.365439678125 0.72517130625 0.37753645156250004 0.7271874359375 0.37955258125 0.72517130625 0.381568709375 0.72517130625 0.3956816125 0.736260015625 0.40475419375 0.7523890484375 0.406770321875 0.7544051781250001 0.40475419375 0.7604535640625001 0.40475419375 0.770534209375 0.39870580625 0.7755745328125 0.3916493546875 0.779606790625 0.38358483906249996 0.7775906609375001 0.37753645156250004 0.779606790625 0.375520321875 0.779606790625 0.3694719359375 0.7755745328125 0.36140741875 0.7634777578125 0.35132677343749996 0.7443245328125 0.350318709375 0.7342438875 0.356367096875 0.72517130625 0.365439678125
2 0.5296370968749999 0.44924395156249997 0.5225806453125 0.45630040312500003 0.5225806453125 0.462348790625 0.5185483875 0.46638104843750006 0.5165322578125 0.47242943593750003 0.5185483875 0.47444556406249994 0.5185483875 0.48049395156249997 0.5316532265625 0.49561491875 0.535685484375 0.49561491875 0.5377016125 0.49763104843750006 0.5518145156250001 0.49763104843750006 0.5598790328125001 0.493598790625 0.5689516125 0.48251008124999994 0.5709677421875 0.46839717812500004 0.566935484375 0.46436491875 0.566935484375 0.4583165328125 0.557862903125 0.44924395156249997 0.55282258125 0.4482358875 0.54375 0.447227821875 0.5417338703125 0.44924395156249997 0.5296370968749999 0.44924395156249997
1 0.1117026203125 0.349367946875 0.1096864921875 0.3574324625 0.11371875000000001 0.3695292375 0.13085584687500001 0.3846502046875 0.1490010078125 0.386666334375 0.1550493953125 0.3846502046875 0.168154234375 0.3755776234375 0.17218649218749998 0.3675131078125 0.1701703625 0.3513840765625 0.1570655234375 0.3362631078125 0.150009071875 0.3332389140625 0.1288397171875 0.33223085 0.11371875000000001 0.3453356890625 0.1117026203125 0.349367946875
2 0.3026032890625 0.3488882484375 0.3026032890625 0.35896889375 0.30461941718749996 0.36098502187500003 0.3026032890625 0.3630011515625 0.3026032890625 0.37509792656249996 0.3136919984375 0.3861866359375 0.325788771875 0.3882027640625 0.32780490156250003 0.39021889375 0.3419178046875 0.3861866359375 0.3530065140625 0.373081796875 0.3530065140625 0.3549366359375 0.3419178046875 0.341831796875 0.3328452234375 0.33679147343750004 0.3197403859375 0.335783409375 0.31167586875 0.3398156671875 0.3026032890625 0.3488882484375
1 0.1163306453125 0.3867439515625 0.1042338703125 0.3867439515625 0.0991935484375 0.39380040312500003 0.0991935484375 0.40186491875 0.09717741875 0.40388104843750006 0.0991935484375 0.415977821875 0.1102822578125 0.4270665328125 0.11431451562499999 0.4290826609375 0.1163306453125 0.4270665328125 0.1223790328125 0.43311491875 0.14455645156250002 0.431098790625 0.157661290625 0.415977821875 0.157661290625 0.399848790625 0.1556451609375 0.39380040312500003 0.1506048390625 0.38876008125 0.14455645156250002 0.3867439515625 0.12943548437500002 0.3857358875 0.1223790328125 0.384727821875 0.1183467734375 0.38876008125 0.1163306453125 0.3867439515625
1 0.1209666234375 0.4317535421875 0.11391017187500001 0.4367938640625 0.11391017187500001 0.4428422515625 0.1078617859375 0.446874509375 0.10584565625 0.4549390265625 0.1078617859375 0.45695515468750003 0.1078617859375 0.4630035421875 0.1098779140625 0.4670358 0.11895049531249999 0.47610838125 0.1270150109375 0.4801406390625 0.1471763015625 0.4801406390625 0.1552408171875 0.47610838125 0.16229726875 0.46905192968750004 0.16431339843749998 0.4650196703125 0.16431339843749998 0.4609874125 0.166329528125 0.458971284375 0.166329528125 0.452922896875 0.16128920468750002 0.4458664453125 0.1562488828125 0.44485838125 0.160281140625 0.4428422515625 0.160281140625 0.440826121875 0.1532246890625 0.4337696703125 0.1441521078125 0.43074547812499997 0.13306339843749998 0.4297374125 0.13104726875 0.4317535421875 0.1209666234375 0.4317535421875
1 0.3149193546875 0.40388104843750006 0.3149193546875 0.42202620937499996 0.3189516125 0.4240423390625 0.31693548437499997 0.42605846718749996 0.32197580625 0.43311491875 0.3320564515625 0.43916330625000005 0.3502016125 0.43916330625000005 0.361290321875 0.4321068546875 0.3633064515625 0.42605846718749996 0.3633064515625 0.399848790625 0.3542338703125 0.39480846718749996 0.3370967734375 0.39380040312500003 0.3239919359375 0.3927923390625 0.31693548437499997 0.399848790625 0.3149193546875 0.40388104843750006
2 0.7181451609375 0.4361391125 0.720161290625 0.4401713703125 0.7181451609375 0.4442036296875 0.7272177421875 0.4552923390625 0.7372983875 0.459324596875 0.7473790328125001 0.459324596875 0.7614919359375001 0.45327620937499996 0.7685483875 0.4462197578125 0.7685483875 0.4421875 0.7725806453125 0.4381552421875 0.7725806453125 0.4240423390625 0.7614919359375001 0.4109375 0.7584677421875 0.40992943593750003 0.73125 0.4089213703125 0.720161290625 0.41799395156249997 0.7181451609375 0.4361391125
1 0.9489919359375 0.419002015625 0.94697580625 0.42101814531250004 0.9429435484375001 0.419002015625 0.9368951609374999 0.419002015625 0.929838709375 0.4240423390625 0.929838709375 0.42605846718749996 0.9237903218750001 0.43412298437499997 0.9237903218750001 0.4462197578125 0.9258064515625 0.4482358875 0.9258064515625 0.45226814531250004 0.9348790328125001 0.46134072656249997 0.9429435484375001 0.4633568546875 0.9449596781249999 0.46537298437499997 0.967137096875 0.46537298437499997 0.9752016125 0.46134072656249997 0.9822580640625 0.4542842734375 0.9842741937499999 0.4482358875 0.9883064515625 0.4442036296875 0.9883064515625 0.43412298437499997 0.9842741937499999 0.42605846718749996 0.9772177421875 0.419002015625 0.964112903125 0.41799395156249997 0.961088709375 0.4169858875 0.9590725812500001 0.419002015625 0.9489919359375 0.419002015625
3 0.140625 0.3984375 0.0828125 0.115625
3 0.334375 0.3984375 0.084375 0.1265625
3 0.54375 0.4046875 0.084375 0.1265625
3 0.75 0.4078125 0.09375 0.13125
3 0.95 0.4171875 0.1 0.15