2 0.1640625 0.525 0.0515625 0.04375
2 0.3359375 0.53125 0.046875 0.04375
2 0.53125 0.5390625 0.046875 0.0421875
2 0.7453125 0.55 0.0515625 0.0453125
2 0.16875 0.4765625 0.046875 0.0390625
1 0.353125 0.4828125 0.04375 0.0421875
1 0.5375 0.4890625 0.0515625 0.04375
1 0.73125 0.4984375 0.0515625 0.04375
1 0.940625 0.559375 0.0484375 0.0484375
2 0.776109584375 0.4654996609375 0.774046878125 0.4634369546875 0.780234996875 0.4593115421875 0.782297703125 0.4469353046875 0.776109584375 0.4345590671875 0.76682740625 0.4273395953125 0.7606392875 0.4252768890625 0.74620034375 0.4252768890625 0.740012225 0.4273395953125 0.730730046875 0.4345590671875 0.7245419281250001 0.4448725984375 0.7245419281250001 0.4551861296875 0.730730046875 0.4593115421875 0.730730046875 0.46756236875 0.73794951875 0.47478184062500006 0.7441376375 0.47684454687500005 0.759607934375 0.47581319375 0.76270199375 0.472719134375 0.7688901125000001 0.472719134375 0.776109584375 0.4654996609375
1 0.9390625 0.5078125 0.05 0.04375
3 0.1671875 0.4921875 0.08125 0.11875
3 0.3453125 0.5015625 0.0703125 0.121875
3 0.5390625 0.5078125 0.06875 0.1234375
3 0.7453125 0.5109375 0.0921875 0.1296875
3 0.9453125 0.528125 0.10625 0.128125