1 0.5744455640624999 0.726209678125 0.5925907265625 0.7241935484375001 0.6087197578125 0.7161290328125001 0.621824596875 0.7030241937499999 0.621824596875 0.6989919359375001 0.6258568546875 0.694959678125 0.6278729843749999 0.688911290625 0.6278729843749999 0.6667338703125 0.6198084671874999 0.6506048390625 0.6067036296875 0.6395161296875 0.5925907265625 0.6334677421875 0.5724294359375001 0.6334677421875 0.5522681453125 0.6435483875 0.5411794359375001 0.6566532265625 0.5411794359375001 0.660685484375 0.53311491875 0.6747983875 0.5341229843749999 0.691935484375 0.5351310484375 0.6989919359375001 0.54521169375 0.711088709375 0.5563004031250001 0.720161290625 0.5744455640624999 0.726209678125
1 0.5425907265625 1 0.5492439515624999 0.9933467734375 0.553276209375 0.9772177421875 0.5492439515624999 0.967137096875 0.5381552421875 0.9540322578125 0.5179939515624999 0.9459677421875 0.493800403125 0.9459677421875 0.49178427343750003 0.9479838703125001 0.4857358875 0.9479838703125001 0.46557459687499997 0.9600806453124999 0.45650201562500003 0.9752016125 0.45549395156249994 0.9842741937499999 0.462550403125 0.9973790328125001 0.46575380781250003 1 0.5425907265625 1
1 0.6399697578125 0.9308467734375 0.644002015625 0.9247983874999999 0.644002015625 0.9147177421875 0.6399697578125 0.904637096875 0.6288810484375 0.8975806453124999 0.6046875 0.8975806453124999 0.5986391125 0.901612903125 0.5946068546875 0.901612903125 0.5835181453125 0.9127016125 0.5794858875 0.9247983874999999 0.5804939515624999 0.9278225812500001 0.5855342734375 0.9368951609374999 0.5925907265625 0.9439516125 0.6046875 0.9479838703125001 0.6188004031250001 0.9479838703125001 0.6329133062500001 0.941935484375 0.6399697578125 0.9348790328125001 0.6399697578125 0.9308467734375
1 0.6369455640624999 0.8633064515625 0.6188004031250001 0.8612903218750001 0.609727821875 0.8683467734375 0.60771169375 0.8743951609374999 0.6087197578125 0.8915322578125 0.612752015625 0.8955645156250001 0.6288810484375 0.8975806453124999 0.640977821875 0.9036290328125001 0.6510584671874999 0.901612903125 0.662147178125 0.8905241937499999 0.6681955640624999 0.8804435484375001 0.6661794359375001 0.8683467734375 0.6571068546875 0.8572580640625 0.6490423390625 0.8572580640625 0.6369455640624999 0.8633064515625
1 0.60771169375 0.8179435484375001 0.6016633062500001 0.8300403218750001 0.6026713703125 0.84717741875 0.612752015625 0.8572580640625 0.6228326609375 0.8633064515625 0.63896169375 0.8633064515625 0.6450100812499999 0.8612903218750001 0.662147178125 0.848185484375 0.6661794359375001 0.8401209671875 0.6661794359375001 0.82197580625 0.6641633062500001 0.8179435484375001 0.6490423390625 0.804838709375 0.62686491875 0.804838709375 0.60771169375 0.8179435484375001
0 0.6601310484375 0.6405241937499999 0.656098790625 0.648588709375 0.6571068546875 0.663709678125 0.6651713703125 0.673790321875 0.6732358875 0.67782258125 0.6913810484375 0.67782258125 0.7044858875 0.6667338703125 0.7085181453125 0.6586693546875 0.7085181453125 0.6445564515625 0.6974294359375001 0.629435484375 0.687348790625 0.6254032265625 0.6772681453125 0.6254032265625 0.6692036296875 0.629435484375 0.6601310484375 0.6405241937499999
0 0.709526209375 0.6354838703125 0.7236391125 0.6354838703125 0.734727821875 0.6223790328125001 0.734727821875 0.6082661296875 0.73271169375 0.6042338703125 0.7256552421875 0.5971774187500001 0.709526209375 0.5971774187500001 0.7054939515624999 0.5991935484375001 0.6964213703125 0.6122983875 0.6974294359375001 0.6254032265625 0.70146169375 0.6314516125 0.709526209375 0.6354838703125
0 0.6490423390625 0.3008064515625 0.6399697578125 0.31189516093749997 0.640977821875 0.325 0.6490423390625 0.33508064531250004 0.6571068546875 0.33911290312500003 0.6671875 0.33911290312500003 0.678276209375 0.3320564515625 0.6823084671874999 0.3239919359375 0.6823084671874999 0.3179435484375 0.6802923390625 0.31189516093749997 0.6692036296875 0.3008064515625 0.6651713703125 0.298790321875 0.653074596875 0.298790321875 0.6490423390625 0.3008064515625
1 0.675252015625 0.3935483875 0.678276209375 0.40262096718749996 0.687348790625 0.40967741875 0.693397178125 0.41169354843750006 0.703477821875 0.40967741875 0.7105342734375 0.40262096718749996 0.7125504031250001 0.39657258125 0.7125504031250001 0.39052419375 0.7085181453125 0.3804435484375 0.6974294359375001 0.373387096875 0.687348790625 0.373387096875 0.6762600812499999 0.38447580625 0.675252015625 0.3935483875
1 0.624848790625 0.24435483906250002 0.6198084671874999 0.251411290625 0.6188004031250001 0.2604838703125 0.621824596875 0.2695564515625 0.6349294359375001 0.2786290328125 0.6510584671874999 0.2786290328125 0.6601310484375 0.27157258125 0.662147178125 0.26552419375 0.662147178125 0.257459678125 0.65811491875 0.24939516093749997 0.653074596875 0.24435483906250002 0.6429939515624999 0.24032258125 0.6329133062500001 0.24032258125 0.624848790625 0.24435483906250002
1 0.7135584671874999 0.5971774187500001 0.715574596875 0.595161290625 0.7276713703125 0.595161290625 0.734727821875 0.586088709375 0.7367439515624999 0.57197580625 0.7256552421875 0.5588709671875 0.7115423390625 0.5588709671875 0.7075100812499999 0.5608870968749999 0.6984375 0.57197580625 0.6994455640624999 0.5850806453125 0.7075100812499999 0.595161290625 0.7135584671874999 0.5971774187500001
1 0.70146169375 0.548790321875 0.7054939515624999 0.554838709375 0.7135584671874999 0.5588709671875 0.7236391125 0.5588709671875 0.7276713703125 0.5568548390625 0.734727821875 0.5477822578125 0.734727821875 0.5336693546875 0.73271169375 0.5296370968749999 0.7236391125 0.5225806453125 0.7115423390625 0.5225806453125 0.7075100812499999 0.5245967734375 0.7004536296875 0.535685484375 0.70146169375 0.548790321875
1 0.7085181453125 0.6586693546875 0.7024697578125 0.66875 0.703477821875 0.6717741937499999 0.709526209375 0.6758064515625 0.7216229843749999 0.6758064515625 0.73271169375 0.6667338703125 0.734727821875 0.6627016125 0.734727821875 0.64657258125 0.7317036296875 0.6415322578125 0.7216229843749999 0.6354838703125 0.7135584671874999 0.6354838703125 0.706502015625 0.6405241937499999 0.7085181453125 0.6445564515625 0.7085181453125 0.6586693546875
1 0.675252015625 0.6838709671875 0.6692036296875 0.6858870968749999 0.6601310484375 0.6929435484375001 0.6520665328125 0.70907258125 0.653074596875 0.7161290328125001 0.6540826609375 0.7211693546875 0.6631552421875 0.7322580640624999 0.6712197578125 0.736290321875 0.6833165328125 0.736290321875 0.693397178125 0.7322580640624999 0.7024697578125 0.723185484375 0.706502015625 0.7070564515625 0.7024697578125 0.694959678125 0.693397178125 0.6858870968749999 0.675252015625 0.6838709671875
0 0.7256552421875 0.6375 0.734727821875 0.648588709375 0.73271169375 0.6667338703125 0.7357358875 0.6677419359375001 0.7448084671874999 0.6566532265625 0.7448084671874999 0.6445564515625 0.7357358875 0.6354838703125 0.7256552421875 0.6354838703125 0.7256552421875 0.6375