0 0.2111928109375 0.4735804734375 0.20506535937499998 0.487877859375 0.20506535937499998 0.504217728125 0.215277778125 0.5266850484375001 0.22855392187499998 0.537918709375 0.246936275 0.544046159375 0.2571486921875 0.544046159375 0.2694035953125 0.537918709375 0.27859477187500004 0.5287275328125001 0.2888071890625 0.5103451796875 0.2888071890625 0.5001327609375 0.2908496734375 0.49604779375 0.2888071890625 0.49400531093750005 0.28676470625 0.47766544062499994 0.271446078125 0.458261846875 0.2642973859375 0.4551981203125 0.234681371875 0.4541768796875 0.22242647031249999 0.46030432968749996 0.2111928109375 0.4735804734375
0 0.670751634375 0.6369791671875 0.6646241828125 0.64923406875 0.6646241828125 0.6655739374999999 0.67585784375 0.67885008125 0.684027778125 0.6829350484375001 0.6942401953124999 0.6829350484375001 0.7044526140625 0.67885008125 0.715686275 0.667616421875 0.7197712421875 0.657404003125 0.7177287578125 0.641064134375 0.710580065625 0.6318729578125 0.7013888890625 0.6267667484375 0.6881127453125 0.62574550625 0.6779003265625 0.6298304734375 0.670751634375 0.6369791671875
0 0.830065359375 0.5552798203125 0.8218954249999999 0.5736621734375 0.8218954249999999 0.5920445265625001 0.8280228765625001 0.604299428125 0.8351715687500001 0.6114481203125 0.843341503125 0.6155330875 0.8576388890625 0.6155330875 0.8678513078125001 0.6114481203125 0.877042484375 0.6022569437499999 0.8852124187499999 0.585917075 0.8852124187499999 0.5654922390625 0.8811274515624999 0.5573223046875 0.8627450984375 0.540982434375 0.8494689546874999 0.5399611921874999 0.843341503125 0.5420036765625 0.830065359375 0.5552798203125
1 0.3327205875 0.564470996875 0.31944444375000003 0.57570465625 0.31535947656249996 0.5838745921874999 0.31535947656249996 0.6022569437499999 0.321486928125 0.6165543296875 0.34089052343750004 0.6298304734375 0.3572303921875 0.6298304734375 0.3654003265625 0.62574550625 0.37254902031250003 0.6206392968750001 0.3807189546875 0.6063419125 0.3807189546875 0.585917075 0.3766339875 0.577747140625 0.36335784375 0.564470996875 0.3541666671875 0.5614072718750001 0.34701797343749996 0.5603860296875001 0.344975490625 0.5624285125 0.3327205875 0.564470996875
1 0.1111111109375 0.4102634796875 0.10498365937500001 0.42864583281249996 0.10498365937500001 0.44907067031250003 0.1111111109375 0.4654105390625 0.12030228750000001 0.47664419999999996 0.13664215625 0.484814134375 0.14685457500000001 0.484814134375 0.16319444375 0.47868668281250004 0.1744281046875 0.4674530234375 0.18464052343749998 0.44294321875 0.18464052343749998 0.424560865625 0.18055555625 0.4123059640625 0.1764705875 0.408220996875 0.1744281046875 0.4020935453125 0.165236928125 0.39290236875 0.1560457515625 0.38983864375 0.13664215625 0.3888174015625 0.122344771875 0.394944853125 0.1111111109375 0.4102634796875
1 0.5502450984375 0.6369791671875 0.544117646875 0.647191584375 0.544117646875 0.6655739374999999 0.557393790625 0.680892565625 0.5614787578125 0.6829350484375001 0.5798611109375 0.6829350484375001 0.5880310453125001 0.67885008125 0.59926470625 0.6655739374999999 0.6013071890624999 0.6553615203125001 0.59926470625 0.6533190359375001 0.597222221875 0.641064134375 0.5880310453125001 0.6318729578125 0.580882353125 0.62880923125 0.567606209375 0.627787990625 0.557393790625 0.6318729578125 0.5502450984375 0.6369791671875
1 0.6135620921875 0.6369791671875 0.60539215625 0.6512765515625001 0.607434640625 0.667616421875 0.6145833328125 0.6768075984374999 0.620710784375 0.680892565625 0.6390931375 0.6829350484375001 0.6452205875 0.680892565625 0.660539215625 0.667616421875 0.6625816999999999 0.6635314546875 0.6625816999999999 0.6451491015624999 0.65849673125 0.6369791671875 0.644199346875 0.62880923125 0.62888071875 0.627787990625 0.62275326875 0.6298304734375 0.6135620921875 0.6369791671875
1 0.7310049015625 0.6298304734375 0.7177287578125 0.641064134375 0.7197712421875 0.6594464875 0.715686275 0.667616421875 0.715686275 0.673743871875 0.7310049015625 0.6829350484375001 0.747344771875 0.680892565625 0.760620915625 0.667616421875 0.7647058828125 0.6553615203125001 0.75857843125 0.6369791671875 0.7493872546875 0.6298304734375 0.7442810453125001 0.62880923125 0.7391748359375 0.627787990625 0.737132353125 0.6298304734375 0.7310049015625 0.6298304734375
1 0.8811274515624999 0.5532373359375 0.8852124187499999 0.5654922390625 0.8852124187499999 0.5838745921874999 0.8831699343749999 0.585917075 0.8831699343749999 0.5920445265625001 0.877042484375 0.6022569437499999 0.88827614375 0.6134906046874999 0.906658496875 0.6134906046874999 0.9107434640625 0.6114481203125 0.9219771234374999 0.6002144609375 0.9281045750000001 0.585917075 0.9281045750000001 0.56957720625 0.9219771234374999 0.5552798203125 0.9148284312499999 0.548131128125 0.9056372546875 0.5450674015625 0.8964460781250001 0.544046159375 0.890318628125 0.54608864375 0.8811274515624999 0.5532373359375
0 0.6666666671875 0.6859987750000001 0.66870915 0.692126225 0.6779003265625 0.7013174015625 0.6881127453125 0.7033598859375 0.690155228125 0.7013174015625 0.6962826796875 0.7013174015625 0.707516340625 0.692126225 0.7116013078125001 0.6859987750000001 0.710580065625 0.6747651140625 0.6942401953124999 0.6829350484375001 0.684027778125 0.6829350484375001 0.670751634375 0.673743871875 0.6697303921875 0.67272263125 0.6666666671875 0.6757863562499999 0.6666666671875 0.6859987750000001
0 0.59926470625 0.6655739374999999 0.5931372546875 0.673743871875 0.5951797390625 0.6839562906250001 0.6064133984375 0.6931474671875 0.61254085 0.6931474671875 0.6145833328125 0.6951899515625 0.6329656859375 0.6890625 0.6380718953125 0.6839562906250001 0.637050653125 0.6829350484375001 0.6268382359375 0.6829350484375001 0.6145833328125 0.6768075984374999 0.607434640625 0.667616421875 0.60539215625 0.6553615203125001 0.607434640625 0.64923406875 0.604370915625 0.6482128265625 0.6013071890624999 0.6512765515625001 0.59926470625 0.6655739374999999