1 0.5125 0.084375 0.04375 0.0484375
1 0.4828125 0.484375 0.046875 0.0453125
2 0.54375 0.840625 0.040625 0.046875
1 0.465625 0.1015625 0.0515625 0.053125
2 0.5296875 0.48125 0.0390625 0.0484375
2 0.4765625 0.2859375 0.046875 0.05
2 0.521875 0.2984375 0.0453125 0.05
2 0.4984375 0.8359375 0.04375 0.04375
1 0.5367217953125001 0.08897811562499999 0.5386749203125001 0.09093124062499999 0.5386749203125001 0.10069686562499999 0.5455108578125001 0.10557967812499999 0.5533233578125001 0.10557967812499999 0.5552764828125001 0.10948592812499999 0.5650421078125001 0.10948592812499999 0.5748077328125001 0.10557967812499999 0.5835967953125001 0.09483749062499999 0.5835967953125001 0.07921249062499999 0.5796905453125001 0.07139999062499999 0.5728546078125001 0.06456405312499999 0.5630889828125001 0.060657803125 0.5552764828125001 0.060657803125 0.5523467953125001 0.06358749062499999 0.5513702328125001 0.06847030312499999 0.5455108578125001 0.06847030312499999 0.5406280453125001 0.07335311562499999 0.5376983578125001 0.08018905312499999 0.5367217953125001 0.08311874062499999 0.5386749203125001 0.08507186562499999 0.5367217953125001 0.08897811562499999
1 0.5558374625 0.4935594046875 0.560720275 0.4984422171875 0.564626525 0.4984422171875 0.572439025 0.5043015921875 0.580251525 0.5043015921875 0.588064025 0.5003953421875 0.5948999625 0.4935594046875 0.5968530875 0.4877000296875 0.5968530875 0.4701219046875 0.5929468375 0.4623094046875 0.5861109 0.4554734671875 0.5782984 0.4515672171875 0.5656030875 0.4525437796875 0.564626525 0.4652390921875 0.5636499625 0.4584031546875 0.55876715 0.4574265921875 0.5538843375 0.4623094046875 0.552907775 0.4750047171875 0.5519312125 0.4818406546875 0.5558374625 0.4877000296875 0.5558374625 0.4935594046875
2 0.4921875 0.665625 0.0421875 0.04375
1 0.540506903125 0.2926918921875 0.548357921875 0.30028858281250004 0.56380125 0.3049209765625 0.577700240625 0.30028858281250004 0.587381903125 0.2926918921875 0.587381903125 0.2887856421875 0.589335028125 0.2868325171875 0.589335028125 0.2790200171875 0.591288153125 0.2751137671875 0.589335028125 0.2731606421875 0.589335028125 0.2673012671875 0.585428778125 0.2594887671875 0.576639715625 0.2506997046875 0.564920965625 0.2487465796875 0.562967840625 0.2506997046875 0.555155340625 0.2526528296875 0.552225653125 0.2555825171875 0.551249090625 0.2604653296875 0.546366278125 0.2614418921875 0.540506903125 0.2731606421875 0.539530340625 0.2819497046875 0.538553778125 0.2848793921875 0.540506903125 0.2868325171875 0.540506903125 0.2926918921875
3 0.528125 0.8359375 0.1015625 0.0828125
3 0.521875 0.6640625 0.11875 0.06875
3 0.51875 0.484375 0.1296875 0.0734375
3 0.5046875 0.2921875 0.1265625 0.0859375
3 0.49375 0.09375 0.134375 0.0875