1 0.5695656453125 0.605542453125 0.5695656453125 0.6310927671875 0.5734964625 0.6428852203125001 0.5793926890625001 0.6546776734375 0.5941332546875 0.6694182390625001 0.6137873421875 0.6812106921875001 0.61968356875 0.6831761000000001 0.6491647015625001 0.6831761000000001 0.651130109375 0.6812106921875001 0.664887971875 0.6792452828125 0.688472878125 0.6635220125 0.6992826265625001 0.6527122640624999 0.7051788515624999 0.6409198109375 0.7091096703125 0.6232311328125 0.711075078125 0.6212657234375001 0.711075078125 0.5996462265625 0.7051788515624999 0.581957546875 0.6973172171875001 0.5681996859375 0.684542059375 0.555424528125 0.676680425 0.5495283015625 0.6629225625 0.543632075 0.65309551875 0.543632075 0.651130109375 0.5416666671875 0.6236143875 0.543632075 0.6059257078125 0.5514937109375 0.585288915625 0.57016509375 0.5793926890625001 0.5780267296875 0.571531053125 0.595715409375 0.571531053125 0.60357704375 0.5695656453125 0.605542453125
1 0.6265625 0.7529481125 0.628527909375 0.766705975 0.6344241359375 0.77653301875 0.6491647015625001 0.7912735843750001 0.6589917453125 0.7971698109375 0.6707841984375 0.8011006296875 0.7022307390625 0.8011006296875 0.7297464625 0.7893081765625001 0.7484178453125 0.7726022015625 0.758244890625 0.7568789312499999 0.766106525 0.7391902515625 0.766106525 0.7136399375 0.764141115625 0.711674528125 0.764141115625 0.70381289375 0.758244890625 0.692020440625 0.7474351421875001 0.6812106921875001 0.7238502359375001 0.6713836484375 0.7159886 0.6713836484375 0.7140231921875 0.6694182390625001 0.688472878125 0.6694182390625001 0.664887971875 0.6792452828125 0.6589917453125 0.685141509375 0.651130109375 0.6890723265625 0.6422857703125 0.699882075 0.628527909375 0.721501571875 0.6265625 0.735259434375 0.624597090625 0.7372248421875 0.624597090625 0.7509827046875001 0.6265625 0.7529481125
1 0.724832940625 0.800117925 0.724832940625 0.8040487421875 0.7169713046874999 0.8197720125 0.7150058968749999 0.8374606921875 0.7169713046874999 0.8394261000000001 0.7189367140625 0.8571147796874999 0.7336772796875 0.8738207546875 0.7435043234375 0.87971698125 0.7670892296875 0.8816823906250001 0.7690546390625 0.87971698125 0.7788816828125 0.87971698125 0.7837952046875001 0.8767688671875 0.7837952046875001 0.7588443390624999 0.780847090625 0.7558962265625 0.7670892296875 0.761792453125 0.7454697328125001 0.7755503140625 0.732694575 0.788325471875 0.724832940625 0.800117925
1 0.4359178453125 0.7588443390624999 0.4526238203125 0.77358490625 0.4762087265625 0.7755503140625 0.4899665875 0.7696540875 0.5007763359374999 0.7588443390624999 0.5047071546875 0.7509827046875001 0.50372445 0.7303459125 0.498810928125 0.7195361640625 0.491931996875 0.7126572328125 0.4762087265625 0.70676100625 0.45852004687500003 0.70676100625 0.448693003125 0.7106918234374999 0.43788325468749995 0.7195361640625 0.43002161875 0.733294025 0.43002161875 0.7470518875 0.4359178453125 0.7588443390624999
1 0.362215015625 0.6969339625 0.3710593546875 0.688089621875 0.37007665156249997 0.6713836484375 0.36909394687499997 0.668435534375 0.36024960625 0.661556603125 0.35435338125000004 0.661556603125 0.352387971875 0.6595911953125 0.342560928125 0.661556603125 0.3297857703125 0.67040094375 0.3278203609375 0.6743317609374999 0.3278203609375 0.6861242140625 0.332733884375 0.6930031453125001 0.3484571546875 0.6988993703124999 0.362215015625 0.6969339625
1 0.362215015625 0.6969339625 0.34452633593750004 0.6988993703124999 0.3396128140625 0.7057783015625 0.3396128140625 0.7175707546875 0.3464917453125 0.72641509375 0.35631878906250003 0.7303459125 0.362215015625 0.7303459125 0.3730247640625 0.72346698125 0.37499017343749996 0.7195361640625 0.37400746875 0.7087264156249999 0.3730247640625 0.7057783015625 0.362215015625 0.6969339625
1 0.30718356875 0.5416666671875 0.2983392296875 0.55051100625 0.29637382031250004 0.56033805 0.30718356875 0.5750786156250001 0.3229068390625 0.5750786156250001 0.3317511796875 0.5642688671875 0.330768475 0.5573899375 0.3297857703125 0.55051100625 0.3229068390625 0.543632075 0.318976021875 0.5416666671875 0.30718356875 0.5416666671875
1 0.309148978125 0.5416666671875 0.318976021875 0.5416666671875 0.3317511796875 0.53085691875 0.3337165875 0.5269261000000001 0.332733884375 0.522012578125 0.3317511796875 0.5151336484375 0.3248722484375 0.5082547171875 0.318976021875 0.5082547171875 0.3170106125 0.5102201265625 0.3032527515625 0.5082547171875 0.2983392296875 0.5131682390625001 0.29637382031250004 0.5269261000000001 0.2983392296875 0.5328223265625 0.3052181609375 0.5397012578125 0.309148978125 0.5416666671875
1 0.36516312968750003 0.24783805 0.36909394687499997 0.236045596875 0.3681112421875 0.2272012578125 0.3582841984375 0.2173742140625 0.35042256250000003 0.21344339687499997 0.3366647015625 0.2154088046875 0.32683765781249996 0.22130503125 0.32192413593749997 0.2281839625 0.3199587265625 0.2321147796875 0.3199587265625 0.24783805 0.32683765781249996 0.256682390625 0.3346992921875 0.26061320781249997 0.35042256250000003 0.2586477984375 0.36516312968750003 0.24783805
1 0.491931996875 0.007075471875 0.48013954375 0.012971698437500002 0.4712952046875 0.0218160375 0.4673643875 0.031643081249999996 0.4673643875 0.04540094375 0.47424331718749996 0.0562106921875 0.491931996875 0.0680031453125 0.49782822343750005 0.069968553125 0.5273093546875 0.069968553125 0.544998034375 0.06210691875 0.5558077828125 0.053262578125 0.5597386 0.043435534375 0.5587558968749999 0.036556603124999996 0.5538423734375 0.0218160375 0.544998034375 0.012971698437500002 0.5273093546875 0.0051100625 0.5076552671875 0.0031446546875000003 0.5056898578125 0.0051100625 0.491931996875 0.007075471875
0 0.4526238203125 0.044418239062499996 0.438865959375 0.050314465625000006 0.4280562109375 0.0591588046875 0.422159984375 0.0689858484375 0.422159984375 0.0807783015625 0.42609080156249995 0.0906053453125 0.43296973281250006 0.0974842765625 0.44476218593750005 0.103380503125 0.46441627343749997 0.1053459125 0.46638168281250003 0.103380503125 0.4781741359375 0.10141509374999999 0.4880011796875 0.0955188671875 0.49684551875 0.08667452812500001 0.498810928125 0.0807783015625 0.49782822343750005 0.0738993703125 0.49389740625 0.0680031453125 0.4880011796875 0.0660377359375 0.47424331718749996 0.0562106921875 0.46638168281250003 0.044418239062499996 0.4526238203125 0.044418239062499996
0 0.405454009375 0.123034590625 0.40348860000000003 0.125 0.39366155625 0.125 0.381869103125 0.1308962265625 0.37499017343749996 0.1377751578125 0.36909394687499997 0.149567609375 0.36909394687499997 0.16136006249999998 0.3730247640625 0.16922169843749998 0.3838345125 0.1780660375 0.3897307390625 0.180031446875 0.405454009375 0.180031446875 0.41724646249999997 0.1761006296875 0.43002161875 0.1672562890625 0.4359178453125 0.1554638359375 0.4349351421875 0.146619496875 0.431987028125 0.1377751578125 0.42117727968749996 0.126965409375 0.41724646249999997 0.125 0.40741941875 0.125 0.405454009375 0.123034590625
0 0.3681112421875 0.20165094374999998 0.38088639999999996 0.1908411953125 0.381869103125 0.1780660375 0.3710593546875 0.1672562890625 0.3681112421875 0.1603773578125 0.352387971875 0.1603773578125 0.34452633593750004 0.16430817656250002 0.335681996875 0.173152515625 0.3317511796875 0.182979559375 0.3317511796875 0.1888757859375 0.34059551875 0.20165094374999998 0.3484571546875 0.2055817609375 0.3582841984375 0.2055817609375 0.3681112421875 0.20165094374999998
0 0.335681996875 0.4463443390625 0.3415782234375 0.43651729531249994 0.34059551875 0.4217767296875 0.33764740625 0.4168632078125 0.328803065625 0.40998427656249997 0.31504520468749997 0.40998427656249997 0.30227004687500003 0.420794025 0.3003046390625 0.42472484218749995 0.3003046390625 0.43848270468750006 0.30227004687500003 0.442413521875 0.3130797953125 0.4512578609375 0.318976021875 0.4532232703125 0.328803065625 0.4512578609375 0.335681996875 0.4463443390625
0 0.3170106125 0.47091194999999997 0.3052181609375 0.47287735781249995 0.29637382031250004 0.48368710625 0.29637382031250004 0.49744496875 0.3052181609375 0.5082547171875 0.3111143875 0.5102201265625 0.3229068390625 0.5082547171875 0.3317511796875 0.499410378125 0.3337165875 0.4935141515625 0.332733884375 0.48466981093749995 0.3229068390625 0.47287735781249995 0.3170106125 0.47091194999999997
0 0.3539602984375 1 0.35730149375 0.9966588046875 0.35631878906250003 0.9937106921875 0.3464917453125 0.9838836484375 0.34059551875 0.9838836484375 0.328803065625 0.9779874218750001 0.325854953125 0.96914308125 0.3229068390625 0.96619496875 0.3130797953125 0.96619496875 0.3062008640625 0.9612814468750001 0.30227004687500003 0.94948899375 0.3052181609375 0.94654088125 0.31504520468749997 0.94654088125 0.31602790937499997 0.9435927671875 0.3101316828125 0.9318003140625001 0.30423545625 0.9259040875 0.30227004687500003 0.9200078609375 0.29047759375000004 0.9042845906249999 0.2885121859375 0.8983883640625001 0.282615959375 0.8944575468749999 0.27868514218749996 0.8787342765625 0.27278891562499996 0.8689072328125 0.26689268906249997 0.8256682390625001 0.25215212187499997 0.8207547171874999 0.242325078125 0.8207547171874999 0.232498034375 0.8246855343749999 0.2187401734375 0.8246855343749999 0.21775746875 0.971108490625 0.25037691562500003 1 0.3539602984375 1
0 0.415281053125 0.0719339625 0.4231426890625 0.0680031453125 0.42609080156249995 0.0611242140625 0.4339524375 0.053262578125 0.43296973281250006 0.0463836484375 0.43002161875 0.039504717187499996 0.425108096875 0.0345911953125 0.41921187031249996 0.0326257859375 0.40348860000000003 0.0326257859375 0.3897307390625 0.0385220125 0.38088639999999996 0.0473663515625 0.378920990625 0.0591588046875 0.38088639999999996 0.063089621875 0.3916961484375 0.0719339625 0.415281053125 0.0719339625
2 0.395626965625 0.036556603124999996 0.40348860000000003 0.0326257859375 0.43100432343749995 0.0345911953125 0.4398486640625 0.023781446875 0.438865959375 0.014937106250000002 0.43788325468749995 0.01198899375 0.42903891562499996 0.0051100625 0.4231426890625 0.0051100625 0.42117727968749996 0.0031446546875000003 0.405454009375 0.0051100625 0.3975923734375 0.00904088125 0.39071344375 0.0159198109375 0.388748034375 0.0198506296875 0.388748034375 0.029677673437500003 0.395626965625 0.036556603124999996
0 0.3514052671875 0.6546776734375 0.355336084375 0.6468160375 0.35435338125000004 0.632075471875 0.34452633593750004 0.622248428125 0.328803065625 0.622248428125 0.3199587265625 0.6330581765625001 0.3199587265625 0.6409198109375 0.3179933171875 0.6428852203125001 0.3179933171875 0.6546776734375 0.3199587265625 0.658608490625 0.328803065625 0.665487421875 0.3366647015625 0.665487421875 0.34452633593750004 0.661556603125 0.3514052671875 0.6546776734375