1 0.36335784375 0.2670853765625 0.351102940625 0.27117034375000004 0.3327205875 0.28138276093750003 0.3174019609375 0.298743871875 0.3071895421875 0.319168709375 0.305147059375 0.3375510625 0.303104575 0.33959354531249997 0.303104575 0.35389093125 0.305147059375 0.35593341562499997 0.3071895421875 0.3681883171875 0.31944444375000003 0.388613153125 0.33680555624999997 0.40393178125 0.36335784375 0.41414419999999996 0.3837826796875 0.41414419999999996 0.41237745156249994 0.40393178125 0.43382352968750004 0.3865706703125 0.448120915625 0.362060865625 0.448120915625 0.35593341562499997 0.45016339843750003 0.35389093125 0.45016339843750003 0.319168709375 0.437908496875 0.2946589046875 0.41646241875 0.2752553109375 0.41237745156249994 0.2752553109375 0.404207515625 0.269127859375 0.3868464046875 0.266064134375 0.3756127453125 0.2650428921875 0.3735702609375 0.2670853765625 0.36335784375 0.2670853765625
1 0.2265114375 0.2139808 0.2122140515625 0.22419321874999998 0.1989379078125 0.2374693625 0.188725490625 0.25380923125 0.18668300625 0.26402165 0.1825980390625 0.2701491015625 0.1825980390625 0.30282884062500004 0.18464052343749998 0.3048713234375 0.18464052343749998 0.310998775 0.194852940625 0.329381128125 0.20812908437500002 0.342657271875 0.218341503125 0.348784721875 0.23263888906250002 0.35082720625 0.234681371875 0.3528696890625 0.2510212421875 0.3528696890625 0.25306372499999996 0.35082720625 0.265318628125 0.348784721875 0.29391339843750003 0.33040236875 0.3071895421875 0.3150837421875 0.31535947656249996 0.30078635625 0.31535947656249996 0.2967013890625 0.31944444375000003 0.2905739375 0.321486928125 0.266064134375 0.31944444375000003 0.26402165 0.31944444375000003 0.2517667484375 0.31535947656249996 0.2435968140625 0.31535947656249996 0.2374693625 0.311274509375 0.22929942812499998 0.29391339843750003 0.2119383171875 0.27859477187500004 0.2068321078125 0.244893790625 0.205810865625 0.234681371875 0.2119383171875 0.2265114375 0.2139808
1 0.078431371875 0.20274714062500002 0.0702614375 0.22112949375 0.0702614375 0.2517667484375 0.07638888906249999 0.266064134375 0.0876225484375 0.27729779374999997 0.0998774515625 0.28138276093750003 0.122344771875 0.28138276093750003 0.13664215625 0.2752553109375 0.148897059375 0.2670853765625 0.1662581703125 0.2497242640625 0.168300653125 0.2435968140625 0.1744281046875 0.2374693625 0.18464052343749998 0.2150020421875 0.18668300625 0.1966196890625 0.18464052343749998 0.19457720625 0.08353758125 0.1935559640625 0.078431371875 0.19866217343749998 0.078431371875 0.20274714062500002
1 0.215277778125 0.49482230468750005 0.20915032656250002 0.50707720625 0.20915032656250002 0.531587009375 0.21323529375 0.5397569437499999 0.2265114375 0.5530330875 0.234681371875 0.55711805625 0.255106209375 0.55711805625 0.26327614375 0.5530330875 0.27450980468749997 0.541799428125 0.2806372546875 0.523417075 0.27859477187500004 0.50707720625 0.2724673203125 0.49277982031249995 0.261233659375 0.48358864375 0.25 0.48052491875000003 0.23876634062500002 0.47950367656250004 0.2244689546875 0.485631128125 0.215277778125 0.49482230468750005
1 0.2888071890625 0.6275837421875 0.2888071890625 0.6357536765625 0.28676470625 0.637796159375 0.2888071890625 0.63983864375 0.2888071890625 0.6459660953124999 0.29391339843750003 0.6531147875000001 0.297998365625 0.6531147875000001 0.308210784375 0.6592422390625 0.318423203125 0.6592422390625 0.3255718953125 0.648008578125 0.3276143796875 0.6357536765625 0.3235294125 0.6255412578125 0.318423203125 0.6204350484375001 0.31331699375 0.6194138078125 0.30004084999999997 0.618392565625 0.29391339843750003 0.6224775328125001 0.2888071890625 0.6275837421875
1 0.297998365625 0.66332720625 0.308210784375 0.6653696890624999 0.3174019609375 0.6602634796875 0.31638071874999996 0.6571997546875 0.3143382359375 0.6592422390625 0.3041258171875 0.6592422390625 0.29289215625 0.6500510625 0.2888071890625 0.6500510625 0.2888071890625 0.6541360296875001 0.297998365625 0.66332720625
1 0.2540849671875 0.6337111921874999 0.258169934375 0.6439236109375 0.271446078125 0.6531147875000001 0.27757352968750004 0.6531147875000001 0.28676470625 0.6459660953124999 0.28676470625 0.6337111921874999 0.2888071890625 0.631668709375 0.28676470625 0.6234987750000001 0.2765522875 0.6153288406249999 0.265318628125 0.6143075984374999 0.2540849671875 0.6275837421875 0.2540849671875 0.6337111921874999
1 0.4052287578125 0.6888582515625 0.414419934375 0.698049428125 0.424632353125 0.7000919125 0.42973856250000003 0.6970281859375 0.42973856250000003 0.694985703125 0.42258986875 0.6919219765625 0.4154411765625 0.6847732843750001 0.4154411765625 0.668433415625 0.41033496718749995 0.66945465625 0.4052287578125 0.6766033499999999 0.4052287578125 0.6888582515625
1 0.41339869218749997 0.6766033499999999 0.4154411765625 0.6847732843750001 0.4287173203125 0.6960069437499999 0.4389297390625 0.6960069437499999 0.44301470624999995 0.6939644609375 0.45016339843750003 0.6847732843750001 0.45016339843750003 0.674560865625 0.44403594843749994 0.6643484484375 0.43995097968749997 0.6623059640625 0.424632353125 0.661284721875 0.41748365937500004 0.66639093125 0.41339869218749997 0.6766033499999999
1 0.45016339843750003 0.6725183828125 0.45016339843750003 0.6847732843750001 0.46343954218750005 0.6960069437499999 0.477736928125 0.6960069437499999 0.4848856203125 0.6888582515625 0.4828431375 0.674560865625 0.4848856203125 0.668433415625 0.4797794125 0.661284721875 0.4767156859375 0.6602634796875 0.46343954218750005 0.6592422390625 0.4522058828125 0.668433415625 0.45016339843750003 0.6725183828125
0 0.4828431375 0.6806883171875 0.4848856203125 0.68681576875 0.4981617640625 0.698049428125 0.51245915 0.6960069437499999 0.51960784375 0.6909007359375 0.5216503265625 0.68681576875 0.5236928109375001 0.674560865625 0.5216503265625 0.668433415625 0.5114379078125 0.6602634796875 0.49611928125000004 0.6592422390625 0.4848856203125 0.668433415625 0.4828431375 0.6806883171875
0 0.54616013125 0.6602634796875 0.5420751640625 0.6704758984375 0.54616013125 0.6847732843750001 0.559436275 0.6939644609375 0.5696486921874999 0.6939644609375 0.577818628125 0.68987949375 0.5870098046875001 0.6786458328125 0.5870098046875001 0.6643484484375 0.5849673203125 0.6602634796875 0.57577614375 0.6510723046875 0.570669934375 0.6500510625 0.5635212421875 0.6490298203125 0.551266340625 0.6551572718750001 0.54616013125 0.6602634796875
0 0.31944444375000003 0.6602634796875 0.3265931375 0.671497140625 0.334763071875 0.6755821078124999 0.34293300625 0.6755821078124999 0.34599673124999997 0.6725183828125 0.337826796875 0.6623059640625 0.3337418296875 0.6520935453125001 0.3357843140625 0.6500510625 0.3357843140625 0.63983864375 0.3306781046875 0.6408598859375 0.3255718953125 0.6459660953124999 0.31944444375000003 0.6602634796875
0 0.3357843140625 0.658220996875 0.34701797343749996 0.671497140625 0.3572303921875 0.671497140625 0.361315359375 0.66945465625 0.3684640515625 0.6561785125 0.36642156875 0.6459660953124999 0.3541666671875 0.6357536765625 0.34089052343750004 0.634732434375 0.3357843140625 0.641881128125 0.3357843140625 0.658220996875
0 0.7708333328125 0.6173713234375 0.76879085 0.6357536765625 0.7708333328125 0.641881128125 0.7779820265625 0.6510723046875 0.7861519609375 0.6551572718750001 0.7984068625 0.6551572718750001 0.80861928125 0.6510723046875 0.8178104578125 0.641881128125 0.8218954249999999 0.6337111921874999 0.8218954249999999 0.6132863562499999 0.80861928125 0.597967728125 0.8055555562500001 0.5969464875 0.7943218953125 0.5959252453125 0.7841094765625 0.6000102125 0.7708333328125 0.6173713234375
0 0.8218954249999999 0.6153288406249999 0.8218954249999999 0.6337111921874999 0.8198529406249999 0.63983864375 0.8055555562500001 0.6520935453125001 0.8127042484375 0.661284721875 0.8310866015625 0.6592422390625 0.8423202609375 0.648008578125 0.846405228125 0.63983864375 0.8443627453125 0.6214562906250001 0.8372140515625001 0.6122651140625 0.83210784375 0.6092013890625 0.8229166671874999 0.608180146875 0.8198529406249999 0.611243871875 0.8218954249999999 0.6153288406249999
0 0.8831699343749999 0.531587009375 0.8790849671875 0.5438419125 0.8790849671875 0.5622242640625 0.8811274515624999 0.568351715625 0.8852124187499999 0.57652165 0.8984885625000001 0.5877553109375 0.9127859484374999 0.5877553109375 0.92504085 0.581627859375 0.936274509375 0.568351715625 0.9403594765625 0.5560968140625 0.9403594765625 0.5377144609375 0.9342320265625 0.523417075 0.9270833328125001 0.5162683828125 0.9138071890624999 0.5111621734375 0.9046160125 0.51014093125 0.8944035953125 0.5142258984375 0.8831699343749999 0.531587009375
0 0.936274509375 0.5826491015624999 0.936274509375 0.5969464875 0.9403594765625 0.605116421875 0.9475081703124999 0.6122651140625 0.9536356203125 0.6143075984374999 0.9577205875000001 0.6143075984374999 0.9669117640625 0.6092013890625 0.9750816999999999 0.5969464875 0.9791666671874999 0.584691584375 0.9791666671874999 0.57652165 0.9750816999999999 0.5642667484375 0.9607843140625001 0.5560968140625 0.9515931375 0.55711805625 0.9444444437499999 0.5622242640625 0.936274509375 0.5826491015624999
1 0.7463235296875 0.637796159375 0.7422385625000001 0.648008578125 0.7442810453125001 0.6643484484375 0.753472221875 0.6735396234375 0.771854575 0.6735396234375 0.7871732031249999 0.6602634796875 0.7871732031249999 0.6561785125 0.7779820265625 0.6510723046875 0.7708333328125 0.641881128125 0.76879085 0.6234987750000001 0.76164215625 0.6224775328125001 0.7575571890624999 0.624520015625 0.7463235296875 0.637796159375
1 1 0.4053615203125 0.996527778125 0.401889296875 0.9893790843750001 0.398825571875 0.9740604578125 0.3978043296875 0.9658905234375 0.401889296875 0.956699346875 0.4110804734375 0.9485294124999999 0.42946282656249996 0.9485294124999999 0.43763276093750003 0.9464869281249999 0.4396752453125 0.9485294124999999 0.4641850484375 0.9526143796875 0.4703125 0.9546568625 0.48052491875000003 0.969975490625 0.4978860296875 0.9822303921875 0.501970996875 0.9985702609375 0.4978860296875 1 0.496456290625 1 0.4053615203125
2 1 0.5549530234375 0.9975490203125 0.5520118468749999 0.986315359375 0.5509906046874999 0.9822303921875 0.5530330875 0.9750816999999999 0.5642667484375 0.9791666671874999 0.5744791671875 0.9791666671874999 0.584691584375 0.9750816999999999 0.5969464875 0.9781454249999999 0.6020526953124999 0.9822303921875 0.6040951796875 0.9924428109375001 0.6040951796875 0.9985702609375 0.6000102125 1 0.5981719765625 1 0.5549530234375