1 0.734375 0.6578125 0.0671875 0.0609375
2 0.2390625 0.6359375 0.059375 0.065625
2 0.028125 0.621875 0.05625 0.059375
2 0.2640625 0.5765625 0.059375 0.0578125
2 0.0328125 0.565625 0.065625 0.0515625
1 0.4953125 0.646875 0.0625 0.0625
1 0.4890625 0.584375 0.0609375 0.059375
1 0.7546875 0.5953125 0.0671875 0.059375
2 0 0.5365353703125 0.013263665625 0.539188103125 0.020297428125 0.5401929265625001 0.0323553046875 0.5361736328125 0.035369775 0.5331591640625 0.035369775 0.527130225 0.031350482812500004 0.5231109328125 0.0323553046875 0.522106109375 0.0424035375 0.522106109375 0.0444131828125 0.52411575625 0.050442121875 0.522106109375 0.0534565921875 0.515072346875 0.0534565921875 0.5070337625 0.047427653125000004 0.4929662375 0.040393890625 0.4859324765625 0.026326367187499998 0.4799035375 0.0042202578125 0.4799035375 0 0.4813102890625 0 0.5365353703125
2 0.2634646296875 0.5482315109375 0.27652733125 0.53717845625 0.2755225078125 0.5341639875 0.271503215625 0.532154340625 0.264469453125 0.5311495171875 0.2775321546875 0.5301446953125 0.2805466234375 0.527130225 0.2805466234375 0.5130627015625 0.27652733125 0.505024115625 0.2654742765625 0.4939710609375 0.257435690625 0.48995176875 0.239348875 0.48995176875 0.227290996875 0.49598070781250003 0.21623794218749998 0.5090434078125 0.2142282953125 0.527130225 0.21925241093749998 0.5301446953125 0.230305465625 0.5311495171875 0.22427652656250002 0.5351688109375 0.22427652656250002 0.5411977484375 0.22930064374999998 0.546221865625 0.2363344046875 0.549236334375 0.2554260453125 0.5502411578124999 0.257435690625 0.5482315109375 0.2634646296875 0.5482315109375
1 0.5176848875 0.5452170421875 0.515675240625 0.539188103125 0.52069935625 0.5381832796875 0.5237138265625 0.5351688109375 0.5237138265625 0.529139871875 0.5257234734375 0.527130225 0.5237138265625 0.515072346875 0.5176848875 0.505024115625 0.512660771875 0.5 0.50060289375 0.4939710609375 0.48452572343750006 0.4939710609375 0.478496784375 0.49598070781250003 0.46945337656249997 0.50301446875 0.461414790625 0.51708199375 0.461414790625 0.5331591640625 0.46744372968750003 0.53717845625 0.465434084375 0.539188103125 0.46744372968750003 0.5452170421875 0.4744774921875 0.552250803125 0.4825160765625 0.556270096875 0.488545015625 0.55426045 0.4915594859375 0.5572749203125 0.5046221859375 0.556270096875 0.510651125 0.552250803125 0.5176848875 0.5452170421875
1 0.760852090625 0.5572749203125 0.7628617359375001 0.549236334375 0.7668810296874999 0.5452170421875 0.7668810296874999 0.527130225 0.7648713828125 0.5231109328125 0.7578376203125 0.5140675234375001 0.74176045 0.5060289390625 0.7256832796875 0.5060289390625 0.7136254015625 0.512057878125 0.706591640625 0.519091640625 0.702572346875 0.527130225 0.702572346875 0.5452170421875 0.7086012859374999 0.549236334375 0.706591640625 0.5552652734375 0.719654340625 0.566318328125 0.72467845625 0.5673231515625 0.74176045 0.568327975 0.75180868125 0.56430868125 0.760852090625 0.5572749203125
3 0.9578125 0.625 0.084375 0.14375
3 0.9515625 0.65 0.0484375 0.090625
3 0.9578125 0.640625 0.0828125 0.1328125
3 0.746875 0.625 0.1 0.1484375
3 0.4890625 0.6109375 0.0984375 0.15625
3 0.246875 0.5890625 0.09375 0.1453125
3 0.040625 0.5875 0.08125 0.1421875