0 0.5007987218750001 0.6930910546875 0.5007987218750001 0.67911341875 0.49580670937500004 0.6721246 0.48382587812500005 0.6641373796875001 0.468849840625 0.6651357828125 0.45487220468749995 0.6771166140625 0.45287540000000004 0.6811102234375 0.45287540000000004 0.6970846640625 0.463857828125 0.7100638984375001 0.46785143749999997 0.7120607031249999 0.48182907343750003 0.7120607031249999 0.48981629375 0.7080670921875 0.4968051125 0.701078275 0.5007987218750001 0.6930910546875
0 0.507787540625 0.7160543125000001 0.51178115 0.7140575078125 0.51876996875 0.705071884375 0.51876996875 0.6890974437499999 0.512779553125 0.6811102234375 0.5037939296875 0.67412140625 0.4988019171875 0.6751198078125 0.5007987218750001 0.67911341875 0.5007987218750001 0.6930910546875 0.4988019171875 0.6990814703125 0.4878194890625 0.7100638984375001 0.4828274765625 0.7110623 0.4828274765625 0.7150559109375 0.48981629375 0.7180511187499999 0.507787540625 0.7160543125000001
0 0.45886581406250004 0.7090654953125 0.45886581406250004 0.7130591046875 0.462859425 0.7190495203125 0.473841853125 0.7260383390625 0.48382587812500005 0.7260383390625 0.49081469687499996 0.7210463265625 0.4878194890625 0.7160543125000001 0.48382587812500005 0.7160543125000001 0.47983226874999996 0.7120607031249999 0.46785143749999997 0.7120607031249999 0.461861021875 0.7080670921875 0.45886581406250004 0.7090654953125
0 0.532747603125 0.7130591046875 0.529752396875 0.7120607031249999 0.5247603828125 0.705071884375 0.5247603828125 0.6910942484375 0.51876996875 0.6890974437499999 0.51876996875 0.7030750796875 0.5167731625 0.707068690625 0.507787540625 0.7160543125000001 0.5037939296875 0.7160543125000001 0.5007987218750001 0.7190495203125 0.51178115 0.7260383390625 0.5257587859374999 0.7240415328124999 0.532747603125 0.7170527156250001 0.532747603125 0.7130591046875
0 0.56269968125 0.685103834375 0.551717253125 0.6761182109375 0.5387380187499999 0.6771166140625 0.5357428109375 0.678115015625 0.5247603828125 0.6910942484375 0.5247603828125 0.705071884375 0.52875399375 0.7110623 0.5357428109375 0.7160543125000001 0.549720446875 0.7180511187499999 0.5607028749999999 0.7110623 0.5646964859375 0.7030750796875 0.5646964859375 0.6890974437499999 0.56269968125 0.685103834375
0 0.5976437703124999 0.668130990625 0.593650159375 0.6661341859375 0.58266773125 0.6671325875 0.5706869015625 0.6771166140625 0.566693290625 0.685103834375 0.566693290625 0.695087859375 0.573682109375 0.7060702875 0.5896565500000001 0.7100638984375001 0.5956469656250001 0.7080670921875 0.60662939375 0.6990814703125 0.610623003125 0.6910942484375 0.610623003125 0.683107028125 0.5976437703124999 0.668130990625
0 0.5696884984375 0.722044728125 0.5806709265625 0.7130591046875 0.5796725234375 0.7080670921875 0.573682109375 0.7060702875 0.5656948875000001 0.6980830671875 0.5646964859375 0.6990814703125 0.56269968125 0.7090654953125 0.55071885 0.7170527156250001 0.5577076671875 0.722044728125 0.5696884984375 0.722044728125
0 0.6046325875 0.701078275 0.5956469656250001 0.7080670921875 0.5886581468750001 0.7090654953125 0.5916533546875 0.7140575078125 0.6076277953125 0.7140575078125 0.6186102234375 0.7030750796875 0.620607028125 0.6890974437499999 0.615615015625 0.6821086265625 0.610623003125 0.6811102234375 0.6086261984375 0.695087859375 0.6046325875 0.701078275
0 0.446884984375 0.7350239609375 0.4488817890625 0.7390175718750001 0.45986421718750004 0.7480031953124999 0.46585463281250006 0.7480031953124999 0.4768370609375 0.7410143765625 0.4758386578125 0.7320287546875 0.4488817890625 0.73302715625 0.446884984375 0.7350239609375
0 0.40694888125000006 0.73302715625 0.4039536734375 0.7300319484375 0.380990415625 0.729033546875 0.37699680468749996 0.73302715625 0.37699680468749996 0.7390175718750001 0.385982428125 0.75 0.3999600640625 0.75 0.40694888125000006 0.7430111828125 0.40694888125000006 0.73302715625
0 0.3380591046875 0.7460063890625 0.3500399359375 0.7480031953124999 0.3610223640625 0.7410143765625 0.3610223640625 0.729033546875 0.35802715625000003 0.7260383390625 0.33306709218749997 0.7250399359374999 0.3310702875 0.727036740625 0.3310702875 0.7350239609375 0.33306709218749997 0.7410143765625 0.3380591046875 0.7460063890625
1 0.078474440625 0.6761182109375 0.0774760390625 0.67911341875 0.0824680515625 0.6880990421875001 0.0924520765625 0.69408945625 0.0964456875 0.69408945625 0.1034345046875 0.6890974437499999 0.1034345046875 0.67911341875 0.0984424921875 0.6701277953125 0.09145367343750001 0.6711261984375 0.08646166093749999 0.6761182109375 0.078474440625 0.6761182109375
1 0.09145367343750001 0.673123003125 0.09145367343750001 0.66912939375 0.0884584671875 0.6661341859375 0.07448083125 0.662140575 0.068490415625 0.6581469656250001 0.063498403125 0.6591453671874999 0.0654952078125 0.6671325875 0.072484025 0.67412140625 0.08446485625 0.678115015625 0.09145367343750001 0.673123003125
2 0.1034345046875 0.683107028125 0.11441693281250001 0.690095846875 0.1244009578125 0.690095846875 0.13338658125 0.683107028125 0.1303913734375 0.6801118203125001 0.11242012812499999 0.67412140625 0.1064297125 0.67412140625 0.1044329078125 0.6721246 0.0994408953125 0.673123003125 0.1034345046875 0.67911341875 0.1034345046875 0.683107028125
2 0.154353034375 0.6980830671875 0.1633386578125 0.6930910546875 0.150359425 0.6861022359375 0.144369009375 0.6861022359375 0.1423722046875 0.68410543125 0.1353833859375 0.685103834375 0.1353833859375 0.6871006390625001 0.1463658140625 0.6960862624999999 0.1523562296875 0.6960862624999999 0.154353034375 0.6980830671875
2 0.16733226875 0.7130591046875 0.16733226875 0.7110623 0.15734824218750001 0.7030750796875 0.156349840625 0.6980830671875 0.144369009375 0.69408945625 0.14137380156249998 0.695087859375 0.14137380156249998 0.7030750796875 0.150359425 0.7140575078125 0.1643370609375 0.7160543125000001 0.16733226875 0.7130591046875
2 0.17731629375 0.7110623 0.1643370609375 0.6960862624999999 0.15734824218750001 0.6970846640625 0.1553514375 0.701078275 0.16034345 0.7100638984375001 0.1643370609375 0.7120607031249999 0.17731629375 0.7110623
2 0.18829872187500002 0.6980830671875 0.17831469687499998 0.69408945625 0.1653354625 0.6930910546875 0.1633386578125 0.695087859375 0.16733226875 0.7030750796875 0.176317890625 0.7100638984375001 0.19029552656249998 0.7100638984375001 0.193290734375 0.707068690625 0.18829872187500002 0.6980830671875
2 0.2132587859375 0.7170527156250001 0.21226038281249998 0.7060702875 0.193290734375 0.707068690625 0.183306709375 0.7130591046875 0.1853035140625 0.7190495203125 0.19029552656249998 0.7240415328124999 0.2042731625 0.7260383390625 0.21126198125 0.7210463265625 0.2132587859375 0.7170527156250001
2 0.215255590625 0.7210463265625 0.2242412140625 0.7300319484375 0.2362220453125 0.7320287546875 0.2472044734375 0.7230431312500001 0.24420926562499998 0.7180511187499999 0.2342252390625 0.7180511187499999 0.2242412140625 0.7120607031249999 0.22024760312499997 0.7060702875 0.215255590625 0.707068690625 0.2132587859375 0.7090654953125 0.215255590625 0.7210463265625
2 0.2402156546875 0.7100638984375001 0.2302316296875 0.7060702875 0.22124600625 0.707068690625 0.22623801875 0.7140575078125 0.2342252390625 0.7180511187499999 0.24620607031250002 0.7180511187499999 0.2511980828125 0.7130591046875 0.248202875 0.7100638984375001 0.2402156546875 0.7100638984375001
2 0.19428913750000001 0.7060702875 0.20227635781250003 0.7060702875 0.2042731625 0.7080670921875 0.21226038281249998 0.7080670921875 0.215255590625 0.705071884375 0.2042731625 0.700079871875 0.1912939296875 0.701078275 0.19428913750000001 0.7060702875
1 0.0205670921875 0.6541533546875 0.0225638984375 0.6541533546875 0.024560703125 0.6521565500000001 0.0265575078125 0.6521565500000001 0.0315495203125 0.6471645374999999 0.0315495203125 0.6431709265625 0.03055111875 0.6421725234375 0.0285543125 0.6421725234375 0.0265575078125 0.64017571875 0.024560703125 0.64017571875 0.0225638984375 0.6381789140625 0.018570287499999998 0.6381789140625 0.017571884375 0.639177315625 0.015575079687500002 0.641174121875 0.015575079687500002 0.6511581468750001 0.016573482812500002 0.6521565500000001 0.018570287499999998 0.6521565500000001 0.0205670921875 0.6541533546875