0 0.449557878125 0.08721865 0.43950964687500005 0.085209003125 0.4375 0.08721865 0.4314710609375 0.08721865 0.422427653125 0.0942524109375 0.422427653125 0.11032958125 0.43348070781250003 0.119372990625 0.44754823125 0.119372990625 0.4555868171875 0.11535369843750001 0.459606109375 0.109324759375 0.4606109328125 0.10229099687500001 0.456591640625 0.0942524109375 0.449557878125 0.08721865
0 0.381229903125 0.26004823125 0.3651527328125 0.26004823125 0.354099678125 0.269091640625 0.3520900328125 0.2731109328125 0.3520900328125 0.2851688109375 0.35912379375 0.29421221875 0.3631430875 0.296221865625 0.3792202578125 0.296221865625 0.3872588421875 0.292202571875 0.39328778125 0.2841639875 0.3942926046875 0.275120578125 0.3902733125 0.26708199375 0.381229903125 0.26004823125
0 0.3772106109375 0.2098070734375 0.369172025 0.21382636718749998 0.3621382640625 0.222869775 0.3621382640625 0.23291800624999998 0.364147909375 0.2369372984375 0.3752009640625 0.2439710609375 0.38323955 0.2439710609375 0.3993167203125 0.2339228296875 0.40032154374999995 0.220860128125 0.39328778125 0.2118167203125 0.3772106109375 0.2098070734375
0 0.371181671875 0.513263665625 0.3651527328125 0.51125401875 0.347065915625 0.5092443734375001 0.3350080390625 0.5152733125 0.3279742765625 0.5263263671875 0.3279742765625 0.550442121875 0.337017684375 0.5614951765625 0.347065915625 0.567524115625 0.3631430875 0.567524115625 0.369172025 0.56551446875 0.3842443734375 0.55245176875 0.3872588421875 0.5413987140625001 0.388263665625 0.5343649515625 0.3842443734375 0.5263263671875 0.371181671875 0.513263665625
0 0.4113745984375 0.5856109328125 0.40333601249999995 0.581591640625 0.38323955 0.57958199375 0.381229903125 0.581591640625 0.3752009640625 0.581591640625 0.364147909375 0.5886254015625 0.356109325 0.6006832796875 0.354099678125 0.6227893890625 0.356109325 0.628818328125 0.3601286171875 0.6368569125 0.371181671875 0.6479099671874999 0.3792202578125 0.6519292609375 0.3973070734375 0.6519292609375 0.40735530468750003 0.6479099671874999 0.418408359375 0.638866559375 0.42745176875 0.6258038578125 0.4284565921875 0.60671221875 0.4264469453125 0.6026929265625001 0.4113745984375 0.5856109328125
0 0.3350080390625 0.5012057875 0.3229501609375 0.5052250796875 0.313906753125 0.5142684890625 0.309887459375 0.530345659375 0.31189710625 0.5323553046875 0.31189710625 0.53838424375 0.31893086875 0.547427653125 0.3279742765625 0.550442121875 0.3279742765625 0.5263263671875 0.3350080390625 0.5152733125 0.347065915625 0.5092443734375001 0.3480707390625 0.506229903125 0.3450562703125 0.503215434375 0.3350080390625 0.5012057875
0 0.351085209375 0.6639871375 0.3450562703125 0.6619774921875 0.3289791 0.6619774921875 0.3209405140625 0.665996784375 0.3159163984375 0.6710209 0.31189710625 0.683078778125 0.31189710625 0.6911173640625 0.3179260453125 0.703175240625 0.326969453125 0.710209003125 0.337017684375 0.7142282953125 0.3490755625 0.7142282953125 0.3530948546875 0.71221865 0.3671623796875 0.6941318328125 0.368167203125 0.683078778125 0.3621382640625 0.673030546875 0.351085209375 0.6639871375
0 0.3772106109375 0.7825562703125 0.369172025 0.778536978125 0.3530948546875 0.77652733125 0.347065915625 0.778536978125 0.3360128625 0.7875803859375 0.33199356875 0.7956189703125001 0.33199356875 0.8056672031250001 0.3360128625 0.8137057875 0.3530948546875 0.828778134375 0.369172025 0.828778134375 0.37319131875 0.8267684890625 0.3822347265625 0.8197347265625 0.3892684890625 0.8086816718750001 0.3902733125 0.7976286171875 0.388263665625 0.793609325 0.3772106109375 0.7825562703125
0 0.483721865625 0.8950964625 0.47166398750000005 0.8910771703125 0.449557878125 0.8910771703125 0.4375 0.8950964625 0.422427653125 0.9081591640625 0.4163987140625 0.9222266875 0.42041800625 0.9362942125 0.4294614140625 0.9473472671875 0.4435289390625 0.9553858515625 0.45357717031250006 0.9553858515625 0.4555868171875 0.9573954984374999 0.47367363281249997 0.9553858515625 0.483721865625 0.951366559375 0.49477492031250003 0.9423231515625 0.50180868125 0.927250803125 0.5028135046875 0.91217845625 0.4987942125 0.9061495171875 0.483721865625 0.8950964625
1 0.3993167203125 0.9433279750000001 0.3892684890625 0.9413183281249999 0.38323955 0.9372990359375001 0.3792202578125 0.9372990359375001 0.3631430875 0.9453376203125 0.3581189703125 0.9523713828125 0.3581189703125 0.958400321875 0.3621382640625 0.96643890625 0.37319131875 0.975482315625 0.3792202578125 0.9774919609375001 0.39328778125 0.9774919609375001 0.40132636718750003 0.97347266875 0.408360128125 0.96643890625 0.40936495156249997 0.961414790625 0.41036977500000005 0.958400321875 0.40635048281249997 0.9503617359375 0.3993167203125 0.9433279750000001
1 0.5008038578125 0.6891077171875 0.48573151093750006 0.6780546625 0.47367363281249997 0.6740353703124999 0.45357717031250006 0.6740353703124999 0.4314710609375 0.6820739546875 0.42041800625 0.693127009375 0.412379421875 0.7092041796874999 0.412379421875 0.73532958125 0.42041800625 0.751406753125 0.43348070781250003 0.7624598078125 0.4515675234375 0.7704983921874999 0.469654340625 0.7704983921874999 0.49377009687499995 0.7604501609375001 0.50884244375 0.7453778140625 0.51587620625 0.7262861734375 0.5168810296874999 0.71523311875 0.5148713828125 0.7092041796874999 0.5008038578125 0.6891077171875
1 0.3530948546875 0.4469453375 0.3430466234375 0.4429260453125 0.3350080390625 0.4429260453125 0.3229501609375 0.448954984375 0.3159163984375 0.4600080390625 0.3159163984375 0.466036978125 0.313906753125 0.46804662343750003 0.3159163984375 0.4780948546875 0.319935690625 0.48412379375 0.337017684375 0.49316720312499995 0.3530948546875 0.4871382640625 0.3631430875 0.4750803859375 0.364147909375 0.462017684375 0.3621382640625 0.4579983921875 0.3530948546875 0.4469453375
1 0.3993167203125 0.183681671875 0.39328778125 0.183681671875 0.391278134375 0.181672025 0.3792202578125 0.18569131875 0.3701768484375 0.1967443734375 0.3701768484375 0.2047829578125 0.37319131875 0.2098070734375 0.3993167203125 0.2118167203125 0.40635048281249997 0.2067926046875 0.40735530468750003 0.20377813437499998 0.408360128125 0.1967443734375 0.40635048281249997 0.190715434375 0.3993167203125 0.183681671875
1 0.39328778125 0.149517684375 0.3802250796875 0.156551446875 0.378215434375 0.1746382640625 0.381229903125 0.1796623796875 0.3993167203125 0.183681671875 0.4113745984375 0.1796623796875 0.41338424375000005 0.1756430875 0.4143890671875 0.1645900328125 0.405345659375 0.15152733125 0.39328778125 0.149517684375
1 0.479702571875 0.06310289375 0.4756832796875 0.06109324687499999 0.4575964625 0.06109324687499999 0.45056270156249995 0.06611736406249999 0.4485530546875 0.0862138265625 0.4575964625 0.0912379421875 0.47367363281249997 0.0912379421875 0.48271704218749995 0.0862138265625 0.48573151093750006 0.0791800640625 0.486736334375 0.0741559484375 0.4847266875 0.068127009375 0.479702571875 0.06310289375
1 0.483721865625 0.040996784375 0.46563504843750003 0.04300643125 0.4586012859375 0.0500401921875 0.4586012859375 0.058078778124999994 0.46161575624999995 0.06109324687499999 0.47367363281249997 0.06109324687499999 0.48171221875 0.065112540625 0.489750803125 0.06310289375 0.4957797421875 0.055064309374999995 0.49678456562499995 0.052049839062500006 0.49477492031250003 0.048030546875 0.483721865625 0.040996784375
1 0.6163585203124999 0.0249196140625 0.60028135 0.018890675000000003 0.582194534375 0.018890675000000003 0.5761655953125 0.020900321875 0.568127009375 0.0249196140625 0.561093246875 0.033963021875 0.561093246875 0.0460209 0.565112540625 0.052049839062500006 0.5801848875 0.06310289375 0.5862138265625 0.065112540625 0.592242765625 0.065112540625 0.5942524109375 0.0671221859375 0.6203778140625 0.0671221859375 0.63143086875 0.058078778124999994 0.632435690625 0.055064309374999995 0.6334405140625 0.0440112546875 0.629421221875 0.03597266875 0.6163585203124999 0.0249196140625
1 0.7590434078125 0.109324759375 0.734927653125 0.09726688125 0.7288987140625001 0.09726688125 0.7268890671875 0.095257234375 0.69875401875 0.095257234375 0.6826768484375 0.10128617343749999 0.6696141484375 0.11434887499999999 0.6655948546875 0.12439710625 0.6655948546875 0.1424839234375 0.6676045015625001 0.1485128625 0.6776527328124999 0.168609325 0.6887057875 0.181672025 0.6967443734375001 0.1877009640625 0.7148311890625 0.197749196875 0.73291800625 0.2017684890625 0.734927653125 0.20377813437499998 0.7610530546875001 0.20377813437499998 0.775120578125 0.197749196875 0.7831591640625 0.1877009640625 0.7841639875 0.136454984375 0.7781350484375 0.126406753125 0.7590434078125 0.109324759375
1 0.7489951765625 0.051045015625 0.7439710609375 0.05606913125 0.73995176875 0.068127009375 0.7439710609375 0.0842041796875 0.752009646875 0.0982717046875 0.7660771703125 0.11434887499999999 0.777130225 0.1233922828125 0.7831591640625 0.1254019296875 0.7841639875 0.0801848875 0.755024115625 0.051045015625 0.7489951765625 0.051045015625
2 0.516278134375 1 0.5168810296874999 0.9945739546875 0.5148713828125 0.9905546624999999 0.503818328125 0.9795016078125001 0.49377009687499995 0.975482315625 0.48573151093750006 0.975482315625 0.483721865625 0.97347266875 0.459606109375 0.975482315625 0.4515675234375 0.9795016078125001 0.43850482343749997 0.9945739546875 0.439183078125 1 0.516278134375 1
2 0.38323955 0.8790192921875001 0.361133440625 0.8790192921875001 0.3520900328125 0.8860530546875 0.3480707390625 0.89208199375 0.3480707390625 0.9061495171875 0.3520900328125 0.91217845625 0.361133440625 0.921221865625 0.3752009640625 0.927250803125 0.385249196875 0.927250803125 0.39328778125 0.9232315109375 0.40333601249999995 0.9091639875 0.40434083593750003 0.9041398718749999 0.40032154374999995 0.89208199375 0.38323955 0.8790192921875001
2 0.361133440625 0.921221865625 0.3490755625 0.9071543406250001 0.3420418 0.91217845625 0.3400321546875 0.9161977484375001 0.3420418 0.9322749203124999 0.361133440625 0.9453376203125 0.3772106109375 0.9372990359375001 0.381229903125 0.9372990359375001 0.385249196875 0.9312700968750001 0.385249196875 0.927250803125 0.3752009640625 0.927250803125 0.361133440625 0.921221865625
2 0.3551045015625 0.83078778125 0.3490755625 0.828778134375 0.3329983921875 0.83078778125 0.3219453375 0.8438504828125 0.3219453375 0.8518890671875001 0.3259646296875 0.8619372984375 0.3350080390625 0.8709807078124999 0.3450562703125 0.875 0.3571141484375 0.8729903531250001 0.369172025 0.8589228296875 0.3701768484375 0.849879421875 0.36615755625 0.8418408359375 0.3551045015625 0.83078778125
2 0.351085209375 0.7142282953125 0.3350080390625 0.7142282953125 0.3289791 0.71221865 0.3249598078125 0.70819935625 0.31893086875 0.70819935625 0.309887459375 0.7192524109375 0.309887459375 0.72528135 0.3078778140625 0.727290996875 0.309887459375 0.72930064375 0.309887459375 0.737339228125 0.313906753125 0.7453778140625 0.326969453125 0.75643086875 0.3430466234375 0.75643086875 0.347065915625 0.754421221875 0.35912379375 0.7403536984375 0.3601286171875 0.72528135 0.356109325 0.717242765625 0.351085209375 0.7142282953125
1 0.44051446875 0.07013665625 0.44051446875 0.08219453437499999 0.4435289390625 0.085209003125 0.44754823125 0.08721865 0.452572346875 0.0862138265625 0.45056270156249995 0.0842041796875 0.45056270156249995 0.078175240625 0.4575964625 0.065112540625 0.4575964625 0.06310289375 0.4515675234375 0.06310289375 0.44051446875 0.07013665625