1 0.416599678125 0.8247588421875 0.4246382640625 0.828778134375 0.44071543437500005 0.83078778125 0.4527733125 0.8267684890625 0.457797428125 0.8217443734375 0.4618167203125 0.8137057875 0.460811896875 0.8006430874999999 0.4598070734375 0.7976286171875 0.4447347265625 0.784565915625 0.4387057875 0.7825562703125 0.4246382640625 0.7825562703125 0.418609325 0.784565915625 0.409565915625 0.791599678125 0.40554662343750003 0.8056672031250001 0.409565915625 0.8177250796875001 0.416599678125 0.8247588421875
0 0.3754019296875 0.7433681671875 0.38143086875 0.7554260453125 0.386454984375 0.7604501609375001 0.4005225078125 0.7664791 0.41057073906249997 0.7664791 0.418609325 0.7624598078125 0.4256430875 0.7554260453125 0.4296623796875 0.7453778140625 0.42865755625 0.7363344046875 0.4256430875 0.72930064375 0.418609325 0.72226688125 0.4005225078125 0.7162379421875 0.3985128625 0.7182475890625 0.386454984375 0.720257234375 0.377411575 0.72930064375 0.3754019296875 0.7333199359375 0.3754019296875 0.7433681671875
1 0.37439710625 0.655948553125 0.3713826359375 0.6509244375 0.362339228125 0.643890675 0.3462620578125 0.6418810296874999 0.335209003125 0.648914790625 0.3311897109375 0.6569533765625 0.3311897109375 0.6690112546875 0.3442524109375 0.6840836015625 0.3583199359375 0.686093246875 0.364348875 0.6840836015625 0.3733922828125 0.6750401921875 0.3754019296875 0.6710209 0.37439710625 0.655948553125
0 0.3563102890625 0.3524919609375 0.364348875 0.34847266875 0.3754019296875 0.333400321875 0.377411575 0.3273713828125 0.376406753125 0.31430868125 0.3663585203125 0.3002411578125 0.3583199359375 0.296221865625 0.34023311875 0.296221865625 0.325160771875 0.3072749203125 0.3191318328125 0.32134244375 0.3191318328125 0.3293810296875 0.32717041875 0.3454582 0.3342041796875 0.350482315625 0.3382234734375 0.3524919609375 0.3563102890625 0.3524919609375
1 0.332194534375 0.2901929265625 0.342242765625 0.29421221875 0.3482717046875 0.29421221875 0.36032958125 0.2901929265625 0.369372990625 0.2831591640625 0.377411575 0.26708199375 0.376406753125 0.2580385859375 0.3754019296875 0.25301446875 0.362339228125 0.23995176875 0.3462620578125 0.23794212187500002 0.332194534375 0.2439710609375 0.325160771875 0.2510048234375 0.3211414796875 0.2590434078125 0.3191318328125 0.2711012859375 0.323151125 0.2811495171875 0.332194534375 0.2901929265625
1 0.4276527328125 0.1846864953125 0.43368167187499995 0.1967443734375 0.4447347265625 0.207797428125 0.46684083593750003 0.217845659375 0.484927653125 0.217845659375 0.5130627015625 0.20578778125000002 0.52411575625 0.1967443734375 0.5301446953125 0.17865755625 0.529139871875 0.1575562703125 0.5180868171874999 0.1404742765625 0.5070337625 0.13143086875 0.4929662375 0.1254019296875 0.46885048281249997 0.1254019296875 0.450763665625 0.1334405140625 0.43569131875 0.146503215625 0.4276527328125 0.1625803859375 0.4276527328125 0.1846864953125
1 0.41961414843749995 0.1344453375 0.4256430875 0.1203778140625 0.4246382640625 0.109324759375 0.423633440625 0.1063102890625 0.40856109375000005 0.0932475890625 0.40253215468750003 0.0912379421875 0.3844453375 0.0932475890625 0.372387459375 0.0992765265625 0.3613344046875 0.112339228125 0.3613344046875 0.1284163984375 0.376406753125 0.1454983921875 0.382435690625 0.1475080390625 0.4005225078125 0.1454983921875 0.41961414843749995 0.1344453375
1 0.39449356875 0.073151125 0.4125803859375 0.073151125 0.4246382640625 0.065112540625 0.43569131875 0.0540594859375 0.43468649531250003 0.04300643125 0.43368167187499995 0.0399919609375 0.4206189703125 0.02893890625 0.40253215468750003 0.026929260937499998 0.3904742765625 0.030948553125 0.377411575 0.0420016078125 0.3754019296875 0.0460209 0.3754019296875 0.05606913125 0.386454984375 0.0711414796875 0.3924839234375 0.0711414796875 0.39449356875 0.073151125
1 0.3532958203125 0.092242765625 0.3532958203125 0.10028135 0.3573151125 0.1083199359375 0.362339228125 0.1113344046875 0.3653536984375 0.1063102890625 0.3784163984375 0.095257234375 0.3904742765625 0.0912379421875 0.40454179999999995 0.0912379421875 0.406551446875 0.0932475890625 0.41157556250000005 0.0862138265625 0.41057073906249997 0.08319935625 0.40454179999999995 0.07717041875 0.396503215625 0.073151125 0.3904742765625 0.0711414796875 0.37439710625 0.0711414796875 0.3663585203125 0.075160771875 0.3573151125 0.0842041796875 0.3532958203125 0.092242765625
1 0.3000401921875 0.3444533765625 0.2960209 0.346463021875 0.2869774921875 0.3575160765625 0.2869774921875 0.373593246875 0.2889871375 0.3796221859375 0.3000401921875 0.3866559484375 0.3161173640625 0.3846463015625 0.325160771875 0.377612540625 0.3291800640625 0.3695739546875 0.328175240625 0.3545016078125 0.3161173640625 0.3444533765625 0.3000401921875 0.3444533765625
1 0.2889871375 0.44995980781249995 0.2889871375 0.4600080390625 0.3000401921875 0.47307073906249997 0.3161173640625 0.4750803859375 0.32013665625 0.47307073906249997 0.3311897109375 0.4600080390625 0.3301848875 0.44091639843749997 0.318127009375 0.4308681671875 0.3040594859375 0.4308681671875 0.29300643125 0.43790192968749997 0.2889871375 0.44995980781249995
1 0.332194534375 0.49115755625 0.3221463015625 0.479099678125 0.3120980703125 0.4750803859375 0.3020498390625 0.479099678125 0.2970257234375 0.48412379375 0.29300643125 0.4921623796875 0.29300643125 0.5042202578125 0.3000401921875 0.5152733125 0.308078778125 0.5192926046874999 0.318127009375 0.5192926046874999 0.3311897109375 0.50823955 0.33319935625 0.5022106109375 0.332194534375 0.49115755625
0 0.318127009375 0.3866559484375 0.3000401921875 0.3866559484375 0.290996784375 0.39569935625 0.2889871375 0.4017282953125 0.2889871375 0.4157958203125 0.298030546875 0.426848875 0.30606913125 0.4308681671875 0.318127009375 0.4288585203125 0.3311897109375 0.4137861734375 0.3301848875 0.3987138265625 0.3291800640625 0.39569935625 0.318127009375 0.3866559484375
0 0.283963021875 0.370578778125 0.2769292609375 0.377612540625 0.2769292609375 0.3936897109375 0.27893890625 0.397709003125 0.287982315625 0.40273311874999995 0.2990353703125 0.387660771875 0.298030546875 0.3846463015625 0.2960209 0.3846463015625 0.2889871375 0.377612540625 0.2869774921875 0.3715836015625 0.283963021875 0.370578778125