2 0.755859375 0.3427734375 0.755859375 0.3603515625 0.7685546875 0.375 0.7724609375 0.376953125 0.787109375 0.3759765625 0.7919921875 0.373046875 0.798828125 0.3642578125 0.798828125 0.3466796875 0.7900390625 0.333984375 0.7822265625 0.330078125 0.7685546875 0.330078125 0.7646484375 0.33203125 0.755859375 0.3427734375
2 0.296875 0.3408203125 0.296875 0.3525390625 0.3037109375 0.361328125 0.3076171875 0.36328125 0.314453125 0.3623046875 0.3193359375 0.361328125 0.326171875 0.3544921875 0.328125 0.3505859375 0.328125 0.3388671875 0.3232421875 0.33203125 0.3115234375 0.328125 0.298828125 0.3369140625 0.296875 0.3408203125
2 0.4140625 0.3037109375 0.4208984375 0.310546875 0.43359375 0.3095703125 0.439453125 0.3037109375 0.44140625 0.2978515625 0.439453125 0.2900390625 0.4326171875 0.28515625 0.4208984375 0.28515625 0.4169921875 0.287109375 0.4140625 0.2900390625 0.4140625 0.3037109375
2 0.62109375 0.3017578125 0.623046875 0.3056640625 0.6318359375 0.3125 0.6357421875 0.314453125 0.640625 0.3134765625 0.6455078125 0.3125 0.65234375 0.3056640625 0.654296875 0.2939453125 0.6435546875 0.28125 0.6337890625 0.279296875 0.623046875 0.2861328125 0.62109375 0.2900390625 0.62109375 0.3017578125
2 0.611328125 0.2822265625 0.6181640625 0.2890625 0.623046875 0.2880859375 0.623046875 0.2861328125 0.6298828125 0.28125 0.638671875 0.2783203125 0.63671875 0.2705078125 0.6259765625 0.263671875 0.6162109375 0.265625 0.611328125 0.2724609375 0.611328125 0.2822265625
2 0.5546875 0.2919921875 0.5625 0.2822265625 0.560546875 0.2724609375 0.5498046875 0.265625 0.5419921875 0.267578125 0.53515625 0.2744140625 0.53515625 0.2861328125 0.5439453125 0.29296875 0.5546875 0.2919921875
2 0.560546875 0.2861328125 0.564453125 0.2861328125 0.568359375 0.2802734375 0.568359375 0.2705078125 0.5576171875 0.26171875 0.5498046875 0.263671875 0.548828125 0.2666015625 0.5537109375 0.267578125 0.560546875 0.2744140625 0.560546875 0.2861328125
2 0.9619140625 0.404296875 0.97265625 0.4033203125 0.978515625 0.3935546875 0.9765625 0.3759765625 0.9658203125 0.365234375 0.9580078125 0.365234375 0.951171875 0.3720703125 0.951171875 0.3896484375 0.9580078125 0.40234375 0.9619140625 0.404296875
2 1 0.3701171875 0.9931640625 0.36328125 0.9873046875 0.36328125 0.98046875 0.3701171875 0.98046875 0.3857421875 0.9912109375 0.39453125 0.998046875 0.3935546875 1 0.3916015625 1 0.3701171875
1 0.98046875 0.3740234375 0.982421875 0.3681640625 0.9873046875 0.36328125 0.9921875 0.3623046875 0.9892578125 0.357421875 0.9814453125 0.357421875 0.978515625 0.3603515625 0.978515625 0.3740234375 0.98046875 0.3740234375
1 0.9736328125 0.373046875 0.9765625 0.3720703125 0.978515625 0.3623046875 0.974609375 0.3525390625 0.9697265625 0.34765625 0.9599609375 0.34765625 0.95703125 0.3525390625 0.95703125 0.3642578125 0.9677734375 0.3671875 0.9736328125 0.373046875
1 0.876953125 0.3388671875 0.8818359375 0.341796875 0.892578125 0.3408203125 0.896484375 0.3369140625 0.8984375 0.3310546875 0.896484375 0.3212890625 0.8876953125 0.3125 0.8779296875 0.3125 0.87109375 0.3193359375 0.873046875 0.3330078125 0.876953125 0.3388671875
1 0.67578125 0.2822265625 0.67578125 0.2744140625 0.6728515625 0.26953125 0.6650390625 0.265625 0.6591796875 0.265625 0.654296875 0.2705078125 0.6650390625 0.2734375 0.6728515625 0.283203125 0.67578125 0.2822265625
1 0.654296875 0.2978515625 0.6591796875 0.30078125 0.662109375 0.2998046875 0.671875 0.2919921875 0.673828125 0.2822265625 0.6650390625 0.2734375 0.6533203125 0.26953125 0.646484375 0.2744140625 0.64453125 0.2822265625 0.65234375 0.2900390625 0.654296875 0.2978515625
1 0.1015625 0.4150390625 0.107421875 0.4091796875 0.109375 0.4013671875 0.1044921875 0.39453125 0.0966796875 0.39453125 0.091796875 0.3994140625 0.091796875 0.4072265625 0.0986328125 0.416015625 0.1015625 0.4150390625
1 0.140625 0.3876953125 0.146484375 0.3837890625 0.1484375 0.3759765625 0.1435546875 0.37109375 0.1376953125 0.369140625 0.1328125 0.3720703125 0.130859375 0.3857421875 0.1357421875 0.388671875 0.140625 0.3876953125
1 0.1328125 0.3837890625 0.1328125 0.3759765625 0.138671875 0.3701171875 0.1376953125 0.3671875 0.1337890625 0.3671875 0.126953125 0.3740234375 0.126953125 0.3818359375 0.1298828125 0.384765625 0.1328125 0.3837890625