1 0.5499174921875001 0.75680693125 0.5375412546875 0.7341171609375 0.5179455453124999 0.7186468640625 0.50144389375 0.7124587453125 0.4828795375 0.7124587453125 0.46018976875 0.7207095703124999 0.44471947187499994 0.7361798687500001 0.43646864687500003 0.7547442249999999 0.43853135312499997 0.7794966999999999 0.446782178125 0.79393564375 0.46431518125000004 0.809405940625 0.48494224375000006 0.817656765625 0.50556930625 0.817656765625 0.5282590765624999 0.807343234375 0.5396039609375001 0.79599835 0.5509488453125 0.774339934375 0.5519801984375 0.7650577562499999 0.5499174921875001 0.76299505 0.5499174921875001 0.75680693125
1 0.4581270625 0.9496699671875 0.44368811875 0.9434818484375 0.42306105625 0.9434818484375 0.4168729375 0.9455445546875 0.405528053125 0.9548267328125 0.403465346875 0.9589521453125001 0.403465346875 0.9733910890624999 0.405528053125 0.9775165015624999 0.41893564375 0.9888613859375001 0.43131188125 0.9909240921875 0.4333745875 0.9929867984375 0.445750825 0.9929867984375 0.45606435625 0.9888613859375001 0.469471946875 0.9775165015624999 0.4705033 0.9744224421875 0.471534653125 0.9672029703125 0.467409240625 0.9589521453125001 0.4581270625 0.9496699671875
1 0.4251237625 0.9166666671874999 0.412747525 0.9166666671874999 0.41068481874999996 0.9146039609375001 0.4044967 0.9146039609375001 0.38593234375 0.9042904296875 0.378712871875 0.9094471953125 0.376650165625 0.9135726078124999 0.376650165625 0.9280115515625 0.378712871875 0.9321369640625001 0.39005775625 0.9434818484375 0.39830858125 0.9476072609375 0.41481023125 0.9476072609375 0.4333745875 0.9393564359375001 0.43956270625 0.9331683171874999 0.44059405937499996 0.9197607265625001 0.43543729375 0.9125412546874999 0.4251237625 0.9166666671874999
1 0.4416254125 0.8671617156250001 0.42718646875 0.858910890625 0.42099834999999997 0.856848184375 0.39830858125 0.856848184375 0.382838284375 0.8702557750000001 0.380775578125 0.8743811875 0.378712871875 0.8888201312499999 0.384900990625 0.9011963703125 0.4044967 0.9146039609375001 0.4251237625 0.9166666671874999 0.43131188125 0.9146039609375001 0.4416254125 0.9084158421874999 0.4498762375 0.8981023109375 0.45090759062499997 0.8826320125 0.446782178125 0.8743811875 0.4416254125 0.8671617156250001
1 0.36117986874999997 0.7145214515625 0.3488036296875 0.7145214515625 0.34055280468750004 0.7186468640625 0.3312706265625 0.7279290421875 0.3271452140625 0.74443069375 0.3333333328125 0.7588696374999999 0.34055280468750004 0.766089109375 0.3549917484375 0.772277228125 0.36530528125 0.772277228125 0.37768151875 0.766089109375 0.38593234375 0.755775578125 0.386963696875 0.7361798687500001 0.37355610625 0.7207095703124999 0.36117986874999997 0.7145214515625
0 0.363242575 0.6526402640625 0.3488036296875 0.6505775578125 0.3426155109375 0.6526402640625 0.3343646859375 0.6567656765625001 0.32508250781250003 0.6681105609375 0.3230198015625 0.6825495046875 0.3292079203125 0.6969884484375 0.3384900984375 0.7062706265625 0.34674092343749996 0.7103960390624999 0.3673679875 0.7083333328125 0.380775578125 0.6969884484375 0.38180693125 0.6938943890625 0.382838284375 0.6763613859375 0.376650165625 0.6639851484375 0.363242575 0.6526402640625
0 0.39418316875000003 0.2710396046875 0.38180693125 0.264851484375 0.36530528125 0.2689768984375 0.3560231015625 0.27825907656250004 0.35189768906249996 0.2865099015625 0.35189768906249996 0.2968234328125 0.3539603953125 0.3009488453125 0.3673679875 0.3122937296875 0.38180693125 0.3122937296875 0.39005775625 0.3081683171875 0.39933993437500004 0.2988861390625 0.40037128749999995 0.2937293734375 0.40140264062500003 0.28444719531249996 0.39933993437500004 0.27825907656250004 0.39418316875000003 0.2710396046875
1 0.40862211249999997 0.198844884375 0.39830858125 0.198844884375 0.38799505 0.202970296875 0.380775578125 0.20812706250000002 0.376650165625 0.21637788750000003 0.376650165625 0.23081683125 0.378712871875 0.23494224375 0.3921204625 0.244224421875 0.41068481874999996 0.242161715625 0.42409240937500003 0.23081683125 0.4251237625 0.22772277187499998 0.426155115625 0.21637788750000003 0.42202970312500004 0.20606435625000002 0.40862211249999997 0.198844884375
1 0.34467821718749997 0.34942244218749996 0.33023927343750004 0.34942244218749996 0.3261138609375 0.3514851484375 0.3188943890625 0.3587046203125 0.3147689765625 0.3690181515625 0.3168316828125 0.3813943890625 0.3281765671875 0.3906765671875 0.3426155109375 0.3906765671875 0.34674092343749996 0.3886138609375 0.3560231015625 0.3793316828125 0.35705445468749997 0.3741749171875 0.3580858078125 0.3669554453125 0.3560231015625 0.3607673265625 0.34467821718749997 0.34942244218749996
1 0.3096122109375 0.51443894375 0.29723597343749997 0.51856435625 0.2879537953125 0.5319719468749999 0.2879537953125 0.540222771875 0.29207920781249996 0.548473596875 0.3034240921875 0.5577557750000001 0.3137376234375 0.5577557750000001 0.3178630359375 0.55569306875 0.3281765671875 0.5433168312500001 0.3292079203125 0.534034653125 0.3230198015625 0.5216584156249999 0.3096122109375 0.51443894375
1 0.3158003296875 0.5577557750000001 0.3013613859375 0.5577557750000001 0.29207920781249996 0.564975246875 0.2879537953125 0.575288778125 0.2900165015625 0.5897277234375 0.3034240921875 0.6010726078124999 0.3158003296875 0.6010726078124999 0.3240511546875 0.5969471953125 0.3292079203125 0.5897277234375 0.33023927343750004 0.5845709578125 0.3312706265625 0.5773514843750001 0.3271452140625 0.567037953125 0.3158003296875 0.5577557750000001
1 0.3158003296875 0.6010726078124999 0.3034240921875 0.6010726078124999 0.2992986796875 0.6031353140625 0.2900165015625 0.6165429046875001 0.2900165015625 0.6289191421875 0.3034240921875 0.6443894390625 0.31992574218750003 0.6443894390625 0.3312706265625 0.6351072609374999 0.3323019796875 0.6320132015625 0.3333333328125 0.6206683171875 0.3292079203125 0.6124174921875001 0.3158003296875 0.6010726078124999
1 0.3096122109375 0.6464521453125001 0.3054867984375 0.6443894390625 0.2900165015625 0.6577970296875 0.2900165015625 0.6701732671875 0.29207920781249996 0.6763613859375 0.3013613859375 0.6856435640625 0.3054867984375 0.6877062703125 0.31992574218750003 0.6877062703125 0.3230198015625 0.6846122109375 0.32508250781250003 0.6681105609375 0.33023927343750004 0.6608910890625 0.3312706265625 0.6577970296875 0.31992574218750003 0.6464521453125001 0.3096122109375 0.6464521453125001
0 0.2889851484375 0.6382013203125 0.2797029703125 0.6454207921874999 0.2797029703125 0.6619224421875 0.28692244218749996 0.6712046203125 0.2900165015625 0.6701732671875 0.2900165015625 0.6577970296875 0.29207920781249996 0.6536716171875 0.3013613859375 0.6464521453125001 0.30239273906249997 0.6433580859375 0.2951732671875 0.6382013203125 0.2889851484375 0.6382013203125