1 0.38698899375 0.412332940625 0.3977987421875 0.40152319218750004 0.401729559375 0.39366155625 0.40369496875 0.3799036953125 0.401729559375 0.3779382859375 0.401729559375 0.37007665156249997 0.3977987421875 0.362215015625 0.38305817656249996 0.34943985781250003 0.3712657234375 0.34747445 0.3693003140625 0.345509040625 0.355542453125 0.34747445 0.3476808171875 0.3514052671875 0.3309748421875 0.37007665156249997 0.32900943437499997 0.375972878125 0.32900943437499997 0.3916961484375 0.3309748421875 0.39366155625 0.3309748421875 0.3995577828125 0.348663521875 0.41921187031249996 0.3712657234375 0.420194575 0.37716194999999997 0.41822916718750003 0.38698899375 0.412332940625
1 0.132468553125 0.4781741359375 0.1383647796875 0.46441627343749997 0.1383647796875 0.438865959375 0.1363993703125 0.43296973281250006 0.12362421406249999 0.41822916718750003 0.11576257812499999 0.41429834843749996 0.0980739 0.41429834843749996 0.0902122640625 0.41822916718750003 0.079402515625 0.42903891562499996 0.0735062890625 0.44279677656249994 0.0735062890625 0.4703125 0.0754716984375 0.47227790937499997 0.0754716984375 0.4781741359375 0.0882468546875 0.49291470156250006 0.0951257859375 0.4958628140625 0.10986635156249999 0.49684551875 0.12165880468750001 0.49094929218749994 0.132468553125 0.4781741359375
1 0.1521226421875 0.3838345125 0.1521226421875 0.3661458328125 0.14819182343749998 0.3582841984375 0.14131289375 0.3514052671875 0.129520440625 0.34943985781250003 0.119693396875 0.3533706765625 0.1049528296875 0.37007665156249997 0.1049528296875 0.3916961484375 0.1069182390625 0.3975923734375 0.10986635156249999 0.402505896875 0.1167452828125 0.405454009375 0.129520440625 0.40643671406250004 0.139347484375 0.402505896875 0.1521226421875 0.3838345125
1 0.185534590625 0.364180425 0.185534590625 0.34452633593750004 0.17865566093750002 0.335681996875 0.17079402500000002 0.3317511796875 0.1570361640625 0.3337165875 0.14426100625 0.34452633593750004 0.14229559687499999 0.3484571546875 0.14229559687499999 0.352387971875 0.15015723281249999 0.36024960625 0.1521226421875 0.3661458328125 0.1521226421875 0.381869103125 0.15408805 0.3838345125 0.162932390625 0.3848172171875 0.1747248421875 0.38088639999999996 0.185534590625 0.364180425
1 0.2366352203125 0.362215015625 0.2366352203125 0.34452633593750004 0.2346698109375 0.33863010937500004 0.2238600625 0.3297857703125 0.20617138437500002 0.3297857703125 0.1983097484375 0.3337165875 0.1875 0.3464917453125 0.185534590625 0.352387971875 0.185534590625 0.3681112421875 0.199292453125 0.3838345125 0.21403301875 0.3848172171875 0.225825471875 0.378920990625 0.2366352203125 0.362215015625
1 0.32507861562499996 0.332733884375 0.32900943437499997 0.3248722484375 0.32900943437499997 0.3111143875 0.3181996859375 0.2983392296875 0.302476415625 0.2983392296875 0.2946147796875 0.30227004687500003 0.285770440625 0.3111143875 0.28380503125 0.3229068390625 0.285770440625 0.3248722484375 0.285770440625 0.330768475 0.29756289375 0.342560928125 0.3083726421875 0.3435436328125 0.3181996859375 0.3396128140625 0.32507861562499996 0.332733884375
1 0.35357704375 0.2944084125 0.35849056562500003 0.289494890625 0.35849056562500003 0.285564071875 0.3516116359375 0.2747543234375 0.3476808171875 0.27278891562499996 0.3378537734375 0.27278891562499996 0.32507861562499996 0.2816332546875 0.32311320781249997 0.297356525 0.3309748421875 0.30718356875 0.33392295625 0.3081662734375 0.3476808171875 0.2944084125 0.35357704375 0.2944084125
1 0.42531446562499997 0.2796678453125 0.4125393078125 0.27082350625 0.398781446875 0.27278891562499996 0.391902515625 0.2816332546875 0.393867925 0.297356525 0.398781446875 0.30227004687500003 0.40369496875 0.3032527515625 0.4125393078125 0.30423545625 0.42531446562499997 0.2934257078125 0.42531446562499997 0.2796678453125
1 0.45676100625 0.289494890625 0.45676100625 0.2816332546875 0.4479166671875 0.27082350625 0.43415880468749996 0.27082350625 0.42531446562499997 0.2796678453125 0.42531446562499997 0.2934257078125 0.435141509375 0.30128734218750003 0.4439858484375 0.30227004687500003 0.4479166671875 0.3003046390625 0.45676100625 0.289494890625
1 0.588443396875 0.299321934375 0.584512578125 0.2914602984375 0.5756682390625001 0.2845813671875 0.5658411953125 0.2845813671875 0.555031446875 0.2934257078125 0.555031446875 0.3052181609375 0.561910378125 0.3140625 0.564858490625 0.31504520468749997 0.5776336484375 0.31602790937499997 0.5864779875 0.30718356875 0.588443396875 0.299321934375
1 0.706367925 0.3464917453125 0.706367925 0.332733884375 0.6975235843750001 0.32192413593749997 0.6837657234375001 0.3199587265625 0.672955975 0.328803065625 0.672955975 0.342560928125 0.6837657234375001 0.355336084375 0.6886792453125 0.35631878906250003 0.6975235843750001 0.355336084375 0.704402515625 0.35042256250000003 0.706367925 0.3464917453125
0 0.6552672953124999 0.328803065625 0.6533018875 0.3170106125 0.644457546875 0.3081662734375 0.6385613203125 0.3062008640625 0.6267688671875 0.3081662734375 0.6198899375 0.3170106125 0.6198899375 0.328803065625 0.6218553453125 0.332733884375 0.631682390625 0.34059551875 0.6424921390625 0.3415782234375 0.64642295625 0.3396128140625 0.6552672953124999 0.328803065625
0 0.3761792453125 0.32683765781249996 0.37814465468749997 0.3229068390625 0.37814465468749997 0.30718356875 0.3712657234375 0.2983392296875 0.365369496875 0.2944084125 0.3476808171875 0.2944084125 0.33687106875 0.3032527515625 0.3329402515625 0.3130797953125 0.3329402515625 0.318976021875 0.33687106875 0.328803065625 0.345715409375 0.33764740625 0.35062893125 0.33863010937500004 0.35357704375 0.3396128140625 0.365369496875 0.335681996875 0.3761792453125 0.32683765781249996
0 0.391902515625 0.297356525 0.393867925 0.289494890625 0.391902515625 0.28752948125 0.391902515625 0.2816332546875 0.385023584375 0.2747543234375 0.37323113281250003 0.27278891562499996 0.36733490625 0.2747543234375 0.360455975 0.2816332546875 0.35849056562500003 0.2914602984375 0.3614386796875 0.2944084125 0.3693003140625 0.29637382031250004 0.37814465468749997 0.3052181609375 0.3810927671875 0.3062008640625 0.385023584375 0.30423545625 0.391902515625 0.297356525
0 0.33392295625 0.2747543234375 0.3378537734375 0.2747543234375 0.3398191828125 0.27278891562499996 0.345715409375 0.27278891562499996 0.3476808171875 0.2747543234375 0.3496462265625 0.2747543234375 0.3516116359375 0.2767197328125 0.35357704375 0.2767197328125 0.3545597484375 0.275737028125 0.3545597484375 0.27377161875 0.3476808171875 0.26689268906249997 0.3358883640625 0.26689268906249997 0.33392295625 0.268858096875 0.331957546875 0.268858096875 0.32900943437499997 0.2718062109375 0.32900943437499997 0.27377161875 0.327044025 0.275737028125 0.327044025 0.2777024375 0.3280267296875 0.27868514218749996 0.32999213906249997 0.27868514218749996 0.33392295625 0.2747543234375