1 0.632963628125 0 0.6320042406249999 0.000824684375 0.6263115140625 0.0123083875 0.62235724375 0.0227322546875 0.62285204375 0.036706059375 0.627707771875 0.0494537625 0.6353838406250001 0.0564421859375 0.6425508062499999 0.0611604109375 0.6561000609375001 0.061514706249999995 0.665673725 0.05589958125 0.6755281921875 0.0519534234375 0.6819747859375 0.040976075 0.6863789484375 0.026522256249999997 0.6876259453125 0.0145624265625 0.687225771875 0.0068008109375 0.68524170625 0.0011555421875 0.6845993 0 0.632963628125 0
2 0.6022090984374999 0.7407514859375001 0.5985555609375 0.7476774546875 0.5979193781250001 0.754793975 0.5976845625 0.7620215296875 0.597633546875 0.7676308734374999 0.5986358328125 0.7745335843750001 0.6043224484375 0.7798188359375 0.6092280921875 0.785185109375 0.6162981015625 0.7890907203124999 0.623764971875 0.790523628125 0.631703728125 0.7908199625 0.6384608984375 0.7887493734375 0.647532475 0.785047821875 0.6524981359375001 0.7779815640625001 0.6581284859375 0.7712026375 0.66018256875 0.764879840625 0.6599147421875 0.7572584265625 0.6576220921875 0.7490405921875001 0.6542446328125 0.7430523906250001 0.649305978125 0.7361744359375 0.6421639484375 0.732673940625 0.636324290625 0.72973460625 0.633311434375 0.729129184375 0.627642825 0.728571775 0.6234506328125 0.7287698312499999 0.6157549453125 0.73061235625 0.609002278125 0.7338675296875 0.6022090984374999 0.7407514859375001
2 0.48328792031249995 0.7682763593749999 0.4879087484375 0.7724955312499999 0.4930571515625 0.7761765781250001 0.49650325312500004 0.7781630640625 0.49958286718749995 0.77966629375 0.5031077546875 0.7813496 0.5106365609375 0.781067525 0.518116625 0.78166169375 0.5260276015625001 0.774287165625 0.5360627296875 0.765043396875 0.5381779421874999 0.75062379375 0.5388173609375 0.740585146875 0.5346783796875 0.7294822140624999 0.52623918125 0.72085841875 0.5199839046875 0.7174051875 0.514209984375 0.7145040875 0.5076357296875 0.7139504890625 0.5038308781249999 0.714418971875 0.5016530609375 0.7146018640625 0.4995962328125 0.71462859375 0.49537706249999996 0.71617191875 0.48976861562499996 0.7189919687499999 0.485370071875 0.723372225 0.4805839359375 0.7303734609375 0.4770552078125 0.7384441640625 0.47646929218749995 0.7436889046874999 0.4760154109375 0.7526487000000001 0.47751508906250006 0.7582790515625 0.477785165625 0.75984174375 0.480765421875 0.7630688703125 0.48328792031249995 0.7682763593749999
1 0.6434625984375 1 0.6428280859375 0.9954854390625 0.6410358265625 0.9892219093750001 0.63761935625 0.981215634375 0.6346335062499999 0.974156128125 0.6300354515625 0.9699864437500001 0.6248582296875 0.96545740625 0.6185016734375 0.9628294093750001 0.6161925187499999 0.9624242953125 0.6108427468750001 0.9622412421875 0.6041185875 0.9630207140625 0.5972428843750001 0.9666509968750001 0.5914564906249999 0.9723376109374999 0.5867811609375 0.9786123953124999 0.5858689015625 0.9846508609375 0.585519303125 0.9930892578125 0.584418696875 1 0.6434625984375 1
1 0.5355358609375 0.76568633125 0.53771438125 0.7763095265625 0.543839846875 0.7837595484375 0.5471354140625 0.7864987046875 0.5558776390625 0.7925334281249999 0.5610858328125 0.7944418328125 0.5675784890625 0.7948427875 0.5735688953125 0.794506546875 0.5778703671875001 0.7933536265625001 0.58482376875 0.7892603703125001 0.591992421875 0.7830371281249999 0.592256909375 0.7772514187499999 0.59319458125 0.7724631734375 0.592607921875 0.7690311390625 0.5925748609375 0.7600216125 0.592787296875 0.7500434640625 0.5927394640625 0.7449464109374999 0.5923237359375 0.7410599640625 0.5875636281250001 0.7360902328125001 0.5825045624999999 0.73221855625 0.5759886937500001 0.728859678125 0.5692097406250001 0.7278509609375 0.561149140625 0.7281077125000001 0.5556701281249999 0.7290721140625 0.5524111375 0.72967284375 0.548652009375 0.733035940625 0.542136140625 0.739246521875 0.5364594640625 0.7507665890624999 0.5355358609375 0.76568633125
2 0.6523687625 0.2336841859375 0.6478530265625 0.23332615625000003 0.6431742093749999 0.23337609062500003 0.6382749453125001 0.23487142031250002 0.6325353234375 0.238201515625 0.6266735234375 0.242582859375 0.6233046484375 0.2464340640625 0.6197052328125 0.25035804375000004 0.6182757718749999 0.2537386046875 0.6181923734375 0.263719865625 0.617396103125 0.275096059375 0.6168516234375 0.28230498437499996 0.6181934359375 0.28745125625 0.621923528125 0.29322859375 0.6270591750000001 0.29690503437500004 0.63151010625 0.29947763906249997 0.637660346875 0.300865665625 0.6419827265625 0.30108930156249997 0.6482795796875 0.30205130625 0.65640960625 0.299243909375 0.6637911703125 0.2938277890625 0.668491234375 0.28757768125 0.673641225 0.2819559859375 0.6765739843749999 0.27572765781249997 0.6788894875 0.27311414843750004 0.679197053125 0.2669304421875 0.6782833875 0.26019375624999996 0.677104653125 0.25509316718749997 0.6751413359375 0.250536528125 0.6725310140625 0.2450460375 0.6662150390625 0.2393441296875 0.6628573203125 0.23721720156249998 0.6596483359375 0.2355014234375 0.65673098125 0.23426850625 0.6523687625 0.2336841859375
1 0.565352609375 0 0.5638997359375 0.002722309375 0.562832346875 0.009933209375 0.5620468640625 0.01804765625 0.562489 0.028226403125 0.56506410625 0.034453040625 0.5689836890625 0.040771839062499995 0.5726773859375001 0.045214275 0.57613856875 0.0484254765625 0.5811291546875 0.051387903125 0.5871991765625 0.0535100328125 0.5956136 0.0533046265625 0.60284196875 0.05224747656249999 0.608862596875 0.0478490140625 0.6159072437499999 0.044412528125 0.6170595671875 0.0385135765625 0.61784023125 0.03049129375 0.61855704375 0.0195589890625 0.6195780515625 0.0084592265625 0.6198594703125 0 0.565352609375 0
3 0.60625 0.0359375 0.1484375 0.0703125
3 0.6078125 0.2625 0.1640625 0.0875
3 0.6 0.515625 0.1625 0.103125
3 0.5921875 0.759375 0.1578125 0.103125
3 0.575 0.9671875 0.153125 0.0640625