2 0.8207661296875 0.54188508125 0.8328629031249999 0.53583669375 0.8439516125000001 0.5227318546874999 0.8439516125000001 0.51063508125 0.8459677421875 0.5066028218749999 0.8379032265624999 0.49652217812500005 0.8379032265624999 0.4945060484375 0.826814515625 0.48543346718749997 0.8006048390625 0.48543346718749997 0.7875 0.4945060484375 0.7854838703125 0.5005544359375 0.7814516125 0.50458669375 0.7814516125 0.5207157265625 0.7834677421875 0.524747984375 0.7945564515625 0.5378528218749999 0.8036290328125 0.540877015625 0.8127016125000001 0.54188508125 0.8167338703125001 0.5398689515624999 0.8207661296875 0.54188508125
2 0.82257684375 0.48049571406249997 0.8447542625000001 0.48049571406249997 0.85382684375 0.471423134375 0.8578591015624999 0.4633586171875 0.8578591015624999 0.44924571406249997 0.855842971875 0.44722958593750006 0.855842971875 0.443197328125 0.8447542625000001 0.4321086171875 0.8407220046875 0.43009248906249997 0.8326574890625 0.43009248906249997 0.824592971875 0.43412474687499997 0.8205607140625 0.4321086171875 0.8104800687499999 0.4321086171875 0.8064478109375001 0.43412474687499997 0.7953591015625 0.44722958593750006 0.793342971875 0.4633586171875 0.79737523125 0.471423134375 0.8044316828125 0.47847958593750006 0.8074558765625 0.47948765 0.8185445859374999 0.48049571406249997 0.8205607140625 0.47847958593750006 0.82257684375 0.48049571406249997
1 0.6302419359375 0.5368447578125 0.6342741937499999 0.5267641125 0.6322580640625 0.524747984375 0.6342741937499999 0.512651209375 0.6322580640625 0.5066028218749999 0.6191532265624999 0.493497984375 0.60907258125 0.4894657265625 0.5949596781250001 0.4894657265625 0.588911290625 0.4914818546875 0.582862903125 0.4995463703125 0.5788306453125001 0.4995463703125 0.573790321875 0.50458669375 0.5697580640625 0.5146673390625 0.5717741937499999 0.5207157265625 0.5697580640625 0.524747984375 0.573790321875 0.5368447578125 0.5838709671875 0.5449092734375001 0.5848790328125 0.549949596875 0.5959677421875 0.5529737906250001 0.605040321875 0.5539818546874999 0.6191532265624999 0.5479334671875 0.6302419359375 0.5368447578125
1 0.6463709671875 0.4763608875 0.6463709671875 0.4723286296875 0.6504032265624999 0.4703125 0.6524193546875 0.456199596875 0.6493951609375 0.4511592734375 0.6443548390625 0.44813508124999996 0.6463709671875 0.4461189515625 0.6463709671875 0.44208669375 0.639314515625 0.43503024218749997 0.6252016125 0.4289818546875 0.6211693546875 0.4289818546875 0.6191532265624999 0.430997984375 0.6131048390625 0.430997984375 0.6110887093749999 0.4330141125 0.6030241937499999 0.4330141125 0.591935484375 0.44208669375 0.591935484375 0.4461189515625 0.5879032265624999 0.45015120937499997 0.5879032265624999 0.45418346718749997 0.585887096875 0.456199596875 0.585887096875 0.4642641125 0.5879032265624999 0.46628024218749997 0.5879032265624999 0.4723286296875 0.5939516125 0.4824092734375 0.6020161296875 0.4864415328125 0.6352822578125 0.487449596875 0.6423387093749999 0.48442540312500004 0.6463709671875 0.4763608875
2 0.39070798125 0.5556530828125 0.398772496875 0.5415401796875 0.39675636718749996 0.5314595343749999 0.398772496875 0.5294434046875 0.398772496875 0.5213788890625 0.3947402390625 0.5133143718750001 0.3856676578125 0.5042417921875 0.3776031421875 0.5002095343749999 0.35340959375000003 0.5002095343749999 0.34736120625 0.5022256625 0.336272496875 0.5133143718750001 0.336272496875 0.5334756625 0.3403047546875 0.5375079203124999 0.336272496875 0.5435563078125 0.33828862656249997 0.553636953125 0.3493773359375 0.5647256625 0.3544176578125 0.565733728125 0.36953862656249997 0.5667417921875 0.3816354 0.5627095343749999 0.39070798125 0.5556530828125
1 0.394990990625 0.47870860937500004 0.39700711875 0.46459570625 0.394990990625 0.462579578125 0.394990990625 0.45653119062499997 0.388942603125 0.450482803125 0.388942603125 0.44645054531249995 0.379870021875 0.4373779640625 0.36575711875 0.431329578125 0.3536603453125 0.431329578125 0.3415635703125 0.4353618359375 0.326442603125 0.44846667343749996 0.32442647343750003 0.4524989328125 0.326442603125 0.4545150609375 0.32039421562500003 0.462579578125 0.3224103453125 0.47669248125 0.32845873281250004 0.4887892546875 0.33349905468749996 0.493829578125 0.3395474421875 0.49181344843749997 0.34055550625 0.49685377031250005 0.37785389375 0.4978618359375 0.39095873281250004 0.48677312656250005 0.394990990625 0.47870860937500004
2 0.0707661296875 0.5761592734375001 0.0727822578125 0.5801915328125 0.076814515625 0.5801915328125 0.0939516125 0.5650705640625 0.1 0.5509576609375 0.1 0.546925403125 0.09596774218750001 0.540877015625 0.0979838703125 0.5388608875 0.0979838703125 0.5307963703125 0.08689516093750001 0.5176915328125 0.0707661296875 0.509627015625 0.06471774218750001 0.509627015625 0.0627016125 0.5136592734375001 0.058669354687499994 0.509627015625 0.04052419375 0.509627015625 0.0243951609375 0.5176915328125 0.013306451562499998 0.5287802421875 0.0072580640625 0.5428931453125 0.00927419375 0.5509576609375 0.0072580640625 0.5570060484375 0.011290321875 0.5650705640625 0.0183467734375 0.572127015625 0.0354838703125 0.5832157265625 0.060685484375 0.5842237906250001 0.0667338703125 0.5822076609375 0.0707661296875 0.5761592734375001
3 0.96875 0.4734375 0.0609375 0.15
3 0.8171875 0.4765625 0.103125 0.153125
3 0.6125 0.4875 0.1125 0.15625
3 0.359375 0.49375 0.121875 0.178125
3 0.0609375 0.5046875 0.121875 0.1796875