2 0.41781655781250004 0.5418019484375 0.41883116875 0.5509334421875 0.42288961093750005 0.5590503250000001 0.43100649375 0.5712256499999999 0.44216720781249996 0.5803571421875 0.468547078125 0.590503246875 0.486810065625 0.590503246875 0.49898538906249995 0.5844155843750001 0.5030438312500001 0.5844155843750001 0.5152191562499999 0.5762987015625 0.5304383109375 0.5590503250000001 0.5365259734375 0.5448457796875 0.5365259734375 0.5326704546875 0.5385551953125 0.530641234375 0.5365259734375 0.512378246875 0.5304383109375 0.5002029218749999 0.5152191562499999 0.48295454531250004 0.486810065625 0.47077922031249997 0.47057629843750004 0.47077922031249997 0.44825487031250005 0.47889610312500003 0.43100649375 0.49208603906250004 0.41883116875 0.5144074671875 0.41883116875 0.5204951296875 0.41680194843749996 0.5225243500000001 0.41781655781250004 0.5418019484375
2 0.6095779218749999 0.7295048703125 0.6176948046875 0.7132711031250001 0.6176948046875 0.6929788968749999 0.6116071421875 0.6787743500000001 0.5984172078125 0.6655844156249999 0.5862418828125 0.659496753125 0.5679788968749999 0.6574675328125 0.5497159093749999 0.6635551953125 0.5304383109375 0.6808035718750001 0.5243506499999999 0.6970373375000001 0.525365259375 0.7142857140625 0.5294237015625 0.7183441562499999 0.5497159093749999 0.7244318187500001 0.56899350625 0.7416801953125 0.5720373375000001 0.7487824671875 0.5801542203125 0.7487824671875 0.594358765625 0.7426948046875 0.6095779218749999 0.7295048703125
2 0.47564935 0.9040178578125 0.47869318125 0.9070616890625001 0.49695616875 0.9070616890625001 0.5152191562499999 0.9009740265625 0.5324675328125 0.8857548703125 0.5385551953125 0.8756087656249999 0.5405844156249999 0.8532873375 0.534496753125 0.8370535718750001 0.5192775968750001 0.8218344156249999 0.5010146109375 0.8137175328125 0.47057629843750004 0.8137175328125 0.468547078125 0.8157467531249999 0.462459415625 0.8157467531249999 0.44825487031250005 0.8238636359375 0.441152596875 0.8309659093749999 0.43709415625 0.8390827921874999 0.438108765625 0.84415584375 0.45231331093750005 0.8522727265625001 0.46956168906249995 0.871550325 0.47564935 0.8857548703125 0.47564935 0.9040178578125
2 0.5476866890625 0.9415584421875 0.5355113640625 0.9476461031250001 0.5233360390625 0.949675325 0.5213068187500001 0.9517045453125 0.5071022734375 0.9517045453125 0.5040584421875 0.95880681875 0.5050730515625 0.9659090906250001 0.5142045453125 0.9770698046874999 0.5192775968750001 0.9902597406250001 0.5355113640625 0.9902597406250001 0.5578327921875 0.9780844156249999 0.5649350656250001 0.9709821421875 0.5710227265625 0.9547483765625 0.5669642859375 0.9425730515625 0.5558035718750001 0.9334415578125 0.5476866890625 0.9415584421875
2 0.672483765625 0.7497970781250001 0.6592938312500001 0.7406655843750001 0.6410308437500001 0.7406655843750001 0.6390016234375 0.7426948046875 0.6329139609375 0.7426948046875 0.6197240265625 0.755884740625 0.6207386359375 0.7589285718750001 0.6339285718750001 0.7782061687499999 0.6359577921875 0.7842938312500001 0.6339285718750001 0.7984983765625 0.6369724031249999 0.8015422078125001 0.6511769484375 0.8015422078125001 0.6572646109375 0.7995129875 0.6704545453125 0.7883522734375 0.6785714281249999 0.7680600656250001 0.672483765625 0.7497970781250001
2 0.7150974031249999 0.7640016234375 0.7171266234375 0.7579139609375 0.7171266234375 0.7457386359375 0.7130681812499999 0.737621753125 0.7039366890625 0.73051948125 0.6877029218749999 0.73051948125 0.6755275968750001 0.7366071421875 0.6704545453125 0.7437094156249999 0.6714691562499999 0.7487824671875 0.6765422078125 0.755884740625 0.6765422078125 0.7640016234375 0.6785714281249999 0.7660308437500001 0.6765422078125 0.7680600656250001 0.6765422078125 0.7741477265625 0.6795860390625 0.7771915578125 0.7039366890625 0.7751623375000001 0.7150974031249999 0.7640016234375
2 0.7211850656250001 0.8066152593749999 0.7232142859375 0.8045860390625 0.7232142859375 0.79038149375 0.7211850656250001 0.7863230515625 0.7079951296875 0.7771915578125 0.6937905843750001 0.7771915578125 0.6856737015625 0.78125 0.6826298703125 0.7842938312500001 0.68364448125 0.7873376624999999 0.6887175328125 0.7924107140625 0.6927759734375 0.80255681875 0.690746753125 0.8147321421875 0.6846590906250001 0.8248782468750001 0.6877029218749999 0.8279220781250001 0.7120535718750001 0.8258928578125 0.7211850656250001 0.8147321421875 0.7211850656250001 0.8066152593749999
2 0.7039366890625 0.7771915578125 0.7100243500000001 0.7771915578125 0.718141234375 0.7853084421875 0.7211850656250001 0.7822646109375 0.7211850656250001 0.7680600656250001 0.718141234375 0.765016234375 0.7140827921875 0.765016234375 0.7029220781250001 0.7761769484375 0.7039366890625 0.7771915578125
2 0.7303165578125 0.6838474031249999 0.7221996749999999 0.6797889609375 0.718141234375 0.6797889609375 0.7150974031249999 0.6828327921875 0.7161120125 0.6838474031249999 0.72524350625 0.6970373375000001 0.72524350625 0.7071834421875 0.7171266234375 0.7213879875 0.718141234375 0.7244318187500001 0.7221996749999999 0.7244318187500001 0.7333603890625 0.7132711031250001 0.7374188312500001 0.6990665578125 0.7353896109375 0.6970373375000001 0.7353896109375 0.6909496749999999 0.7303165578125 0.6838474031249999
2 0.7282873375000001 0.6432629875 0.7293019484375 0.6463068187500001 0.7404626624999999 0.6554383109375 0.750608765625 0.6534090906250001 0.7546672078125 0.6513798703125 0.76176948125 0.6422483765625 0.76176948125 0.6300730515625 0.7526379875 0.6189123375000001 0.7404626624999999 0.6189123375000001 0.7364042203125 0.6209415578125 0.7293019484375 0.6300730515625 0.7272727265625 0.63413149375 0.7282873375000001 0.6432629875
2 0.7333603890625 0.7842938312500001 0.7262581171875 0.7771915578125 0.7211850656250001 0.7802353890625 0.7221996749999999 0.7893668828125 0.7232142859375 0.80864448125 0.7262581171875 0.8096590906250001 0.7333603890625 0.80255681875 0.7333603890625 0.7964691562499999 0.7353896109375 0.7944399343749999 0.7333603890625 0.7842938312500001
1 0.37520292187500004 0.8421266234375 0.36708603906250004 0.8461850656250001 0.35795454531250004 0.8553165578125 0.3518668828125 0.8634334421875 0.3518668828125 0.8674918828125 0.3478084421875 0.8735795453125 0.34882305156250004 0.9030032468750001 0.3518668828125 0.9121347406250001 0.37114448125 0.9334415578125 0.39752434999999997 0.9456168828125 0.405641234375 0.9456168828125 0.40767045468749996 0.9476461031250001 0.41172889687499997 0.9456168828125 0.42999188281249995 0.9456168828125 0.44825487031250005 0.9395292203125001 0.46753246718749997 0.92228084375 0.47362012968749995 0.9121347406250001 0.47362012968749995 0.9060470781250001 0.47564935 0.9040178578125 0.47564935 0.8877840906250001 0.46753246718749997 0.8695211031250001 0.45434253281250003 0.8543019484375 0.434050325 0.8421266234375 0.421875 0.8400974031249999 0.41984577968750003 0.83806818125 0.41172889687499997 0.83806818125 0.409699675 0.8360389609375 0.40158279218750004 0.8360389609375 0.39955357187499996 0.83806818125 0.387378246875 0.83806818125 0.37520292187500004 0.8421266234375
1 0.434050325 0.9862012984374999 0.46043019531249996 0.98823051875 0.462459415625 0.9862012984374999 0.47869318125 0.9841720781250001 0.49289772656249997 0.9760551953125001 0.5 0.9689529218749999 0.5060876624999999 0.9547483765625 0.5060876624999999 0.9385146109375 0.5020292203125 0.92836850625 0.49086850625 0.9151785718750001 0.480722403125 0.9090909093749999 0.474634740625 0.9090909093749999 0.46753246718749997 0.92228084375 0.45231331093750005 0.9375 0.43202110312500003 0.9456168828125 0.4157873375 0.9456168828125 0.41375811718750005 0.9476461031250001 0.3954951296875 0.9456168828125 0.3954951296875 0.9517045453125 0.402597403125 0.9669237015625001 0.41375811718750005 0.9780844156249999 0.434050325 0.9862012984374999
1 0.5166649750000001 1 0.5182629875 0.9872159093749999 0.5101461031250001 0.9730113640625 0.5010146109375 0.9659090906250001 0.5 0.9689529218749999 0.486810065625 0.9801136359375 0.462459415625 0.98823051875 0.44216720781249996 0.98823051875 0.4401379875 0.9862012984374999 0.43202110312500003 0.9862012984374999 0.41984577968750003 0.9821428578125 0.41984577968750003 0.99431818125 0.421395365625 1 0.5166649750000001 1
1 0.543628246875 0.9435876625 0.5568181812499999 0.9324269484375 0.5649350656250001 0.9141639609375 0.5629058437500001 0.8999594156249999 0.5588474031249999 0.8918425328125 0.543628246875 0.8786525968750001 0.5395698046875 0.8786525968750001 0.5304383109375 0.8898133109374999 0.5192775968750001 0.8989448046874999 0.5071022734375 0.9050324671875 0.49086850625 0.9070616890625001 0.486810065625 0.9090909093749999 0.486810065625 0.9111201296875 0.5020292203125 0.92836850625 0.5060876624999999 0.9364853890625 0.5060876624999999 0.9486607140625001 0.50913149375 0.9517045453125 0.5294237015625 0.949675325 0.543628246875 0.9435876625
1 0.5882711031250001 0.9334415578125 0.6024756499999999 0.925324675 0.6156655843750001 0.91010551875 0.6156655843750001 0.9040178578125 0.6176948046875 0.9019886359375 0.6156655843750001 0.8877840906250001 0.6045048703125 0.87459415625 0.5963879875 0.8705357140625001 0.5760957796875 0.86850649375 0.5659496749999999 0.87459415625 0.5578327921875 0.8766233765625 0.5547889609375 0.8796672078125001 0.5558035718750001 0.88068181875 0.5649350656250001 0.9080762984374999 0.5629058437500001 0.9202516234375 0.5588474031249999 0.92836850625 0.5588474031249999 0.9303977265625001 0.5639204546875 0.9334415578125 0.5882711031250001 0.9334415578125
1 0.5304383109375 0.8309659093749999 0.5385551953125 0.8451704546875 0.5405844156249999 0.8512581171875 0.5405844156249999 0.8695211031250001 0.5385551953125 0.8735795453125 0.5415990265625 0.8766233765625 0.5517451296875 0.8766233765625 0.5537743500000001 0.87459415625 0.561891234375 0.87459415625 0.5679788968749999 0.8705357140625001 0.5720373375000001 0.8705357140625001 0.5913149343749999 0.8512581171875 0.5953733765625 0.8390827921874999 0.5953733765625 0.8228490265625 0.5892857140625 0.8106737015625001 0.5720373375000001 0.7954545453125 0.5679788968749999 0.7954545453125 0.5558035718750001 0.8076298703125 0.5456574671875 0.8137175328125 0.52739448125 0.8157467531249999 0.525365259375 0.8177759734375 0.5192775968750001 0.8177759734375 0.5192775968750001 0.8198051953125001 0.5304383109375 0.8309659093749999
1 0.62885551875 0.8096590906250001 0.6278409093749999 0.8127029218749999 0.6146509734375 0.8238636359375 0.5953733765625 0.8309659093749999 0.5933441562499999 0.847199675 0.5852272734375 0.859375 0.5862418828125 0.8644480515625 0.6004464281249999 0.8725649343749999 0.6146509734375 0.8725649343749999 0.62885551875 0.8664772734374999 0.6379870125 0.8573457796874999 0.6440746749999999 0.847199675 0.6461038968749999 0.8329951296875 0.640016234375 0.8167613640625 0.6329139609375 0.8096590906250001 0.62885551875 0.8096590906250001
1 0.6592938312500001 0.80560065 0.6511769484375 0.8015422078125001 0.6349431812499999 0.8015422078125001 0.6318993500000001 0.8045860390625 0.6329139609375 0.8096590906250001 0.640016234375 0.8167613640625 0.6461038968749999 0.8329951296875 0.6440746749999999 0.847199675 0.6359577921875 0.859375 0.64711850625 0.8603896109375 0.6552353890625 0.85633116875 0.6643668828125 0.847199675 0.6704545453125 0.83502435 0.6684253250000001 0.8167613640625 0.6592938312500001 0.80560065
1 0.6552353890625 0.7995129875 0.6521915578125 0.80255681875 0.6532061687499999 0.8035714281249999 0.6592938312500001 0.80560065 0.6663961031250001 0.8127029218749999 0.6714691562499999 0.8340097406250001 0.6887175328125 0.8187905843750001 0.6927759734375 0.8066152593749999 0.6887175328125 0.7924107140625 0.6795860390625 0.7832792203125 0.6734983765625 0.7832792203125 0.6704545453125 0.7883522734375 0.6633522734375 0.7954545453125 0.6552353890625 0.7995129875
0 0.50913149375 0.8157467531249999 0.5355113640625 0.8157467531249999 0.5558035718750001 0.8076298703125 0.5568181812499999 0.8045860390625 0.5649350656250001 0.7984983765625 0.5730519484375 0.7863230515625 0.5750811687499999 0.7741477265625 0.5771103890625 0.77211850625 0.5771103890625 0.7640016234375 0.56899350625 0.7437094156249999 0.561891234375 0.7345779218749999 0.5415990265625 0.7224025968750001 0.5213068187500001 0.7183441562499999 0.5192775968750001 0.7203733765625 0.5030438312500001 0.7224025968750001 0.49086850625 0.728490259375 0.47564935 0.7437094156249999 0.46956168906249995 0.7579139609375 0.47057629843750004 0.7792207796875 0.477678571875 0.7964691562499999 0.49898538906249995 0.8116883109374999 0.50913149375 0.8157467531249999
0 0.6318993500000001 0.77211850625 0.6237824671875 0.7619724031249999 0.6166801953125 0.7568993500000001 0.6045048703125 0.7528409093749999 0.5862418828125 0.7528409093749999 0.5771103890625 0.7579139609375 0.5771103890625 0.7761769484375 0.5710227265625 0.79038149375 0.5720373375000001 0.7954545453125 0.5913149343749999 0.8127029218749999 0.5963879875 0.8279220781250001 0.6065340906250001 0.8279220781250001 0.6146509734375 0.8238636359375 0.6278409093749999 0.8106737015625001 0.6359577921875 0.7924107140625 0.6359577921875 0.7842938312500001 0.6318993500000001 0.77211850625
0 0.6461038968749999 0.8898133109374999 0.6461038968749999 0.8756087656249999 0.6369724031249999 0.86241883125 0.6329139609375 0.86241883125 0.6166801953125 0.8725649343749999 0.6065340906250001 0.8725649343749999 0.6065340906250001 0.8766233765625 0.6136363640625 0.88372565 0.6176948046875 0.8938717531249999 0.6176948046875 0.9019886359375 0.6136363640625 0.9121347406250001 0.6166801953125 0.9151785718750001 0.630884740625 0.9090909093749999 0.6390016234375 0.9030032468750001 0.6440746749999999 0.8959009734375 0.6461038968749999 0.8898133109374999
0 0.6390016234375 0.8644480515625 0.6461038968749999 0.8756087656249999 0.64711850625 0.8928571421875 0.6511769484375 0.8928571421875 0.6633522734375 0.88676948125 0.6704545453125 0.8796672078125001 0.6745129875 0.8695211031250001 0.672483765625 0.8532873375 0.66538149375 0.8482142859374999 0.6552353890625 0.85633116875 0.6430600656250001 0.86241883125 0.6390016234375 0.86241883125 0.6390016234375 0.8644480515625
0 0.6674107140625 0.85024350625 0.672483765625 0.8532873375 0.6755275968750001 0.8664772734374999 0.68364448125 0.8644480515625 0.6927759734375 0.8532873375 0.6927759734375 0.8370535718750001 0.690746753125 0.8329951296875 0.6856737015625 0.8279220781250001 0.6795860390625 0.8279220781250001 0.6734983765625 0.83198051875 0.6684253250000001 0.8370535718750001 0.6663961031250001 0.8431412343750001 0.6674107140625 0.85024350625
0 0.699878246875 0.8279220781250001 0.6917613640625 0.8279220781250001 0.6887175328125 0.8309659093749999 0.6897321421875 0.83198051875 0.6927759734375 0.8411120125 0.699878246875 0.8421266234375 0.7049512984375 0.8370535718750001 0.709009740625 0.8269074671875 0.7019074671875 0.8258928578125 0.699878246875 0.8279220781250001
0 0.6369724031249999 0.7183441562499999 0.6461038968749999 0.7092126624999999 0.6521915578125 0.6929788968749999 0.6521915578125 0.6747159093749999 0.6420454546875 0.6584821421875 0.6329139609375 0.6513798703125 0.6207386359375 0.6473214281249999 0.6085633109375 0.6473214281249999 0.5963879875 0.6513798703125 0.5892857140625 0.6584821421875 0.5903003250000001 0.6615259734375 0.6024756499999999 0.6676136359375 0.6156655843750001 0.686891234375 0.6176948046875 0.6929788968749999 0.6176948046875 0.7132711031250001 0.6116071421875 0.7254464281249999 0.6227678578125 0.7264610390625 0.6369724031249999 0.7183441562499999
0 0.7333603890625 0.7477678578125 0.7353896109375 0.7457386359375 0.7333603890625 0.7355925328125 0.7313311687499999 0.7315340906250001 0.7221996749999999 0.7244318187500001 0.7161120125 0.7244318187500001 0.7079951296875 0.728490259375 0.7049512984375 0.7315340906250001 0.7059659093749999 0.7325487015625 0.7110389609375 0.7355925328125 0.7171266234375 0.7457386359375 0.7171266234375 0.7579139609375 0.7150974031249999 0.7619724031249999 0.718141234375 0.765016234375 0.7221996749999999 0.765016234375 0.7333603890625 0.75385551875 0.7333603890625 0.7477678578125
0 0.6856737015625 0.71225649375 0.6806006499999999 0.719358765625 0.681615259375 0.7224025968750001 0.6897321421875 0.728490259375 0.6978490265625 0.728490259375 0.699878246875 0.73051948125 0.7120535718750001 0.7264610390625 0.7211850656250001 0.7173295453125 0.72524350625 0.7092126624999999 0.7232142859375 0.6909496749999999 0.7161120125 0.6858766234375 0.709009740625 0.7010957796875 0.6937905843750001 0.71225649375 0.6856737015625 0.71225649375
0 0.7465503250000001 0.7203733765625 0.7364042203125 0.7224025968750001 0.7333603890625 0.7254464281249999 0.734375 0.728490259375 0.7465503250000001 0.73051948125 0.7526379875 0.7386363640625 0.7577110390625 0.7335633109375 0.7577110390625 0.7173295453125 0.7526379875 0.7142857140625 0.7465503250000001 0.7203733765625
0 0.7516233765625 0.7477678578125 0.7516233765625 0.7355925328125 0.7495941562499999 0.7315340906250001 0.7445211031250001 0.728490259375 0.734375 0.728490259375 0.7313311687499999 0.7315340906250001 0.7323457796875 0.7345779218749999 0.7394480515625 0.7437094156249999 0.7414772734375 0.7518262984375 0.7465503250000001 0.7548701296875 0.7516233765625 0.7477678578125
0 0.76176948125 0.6077516234375 0.76176948125 0.5955762984375 0.7577110390625 0.5874594156249999 0.7526379875 0.5844155843750001 0.7404626624999999 0.5844155843750001 0.7293019484375 0.5955762984375 0.7303165578125 0.6107954546875 0.7404626624999999 0.6189123375000001 0.750608765625 0.6189123375000001 0.7546672078125 0.6168831171875 0.76176948125 0.6077516234375
1 0.7374188312500001 0.7010957796875 0.7313311687499999 0.7153003250000001 0.7323457796875 0.7203733765625 0.7384334421875 0.7224025968750001 0.7465503250000001 0.7203733765625 0.7556818187500001 0.7092126624999999 0.7556818187500001 0.703125 0.7577110390625 0.7010957796875 0.7556818187500001 0.6929788968749999 0.7536525968750001 0.6889204546875 0.7465503250000001 0.6838474031249999 0.7364042203125 0.6838474031249999 0.7333603890625 0.686891234375 0.7374188312500001 0.7010957796875
1 0.7384334421875 0.7690746749999999 0.7445211031250001 0.7771915578125 0.7516233765625 0.7741477265625 0.7556818187500001 0.7619724031249999 0.750608765625 0.7528409093749999 0.7414772734375 0.7599431812499999 0.7384334421875 0.7690746749999999
1 0.74350649375 0.7842938312500001 0.74350649375 0.7741477265625 0.7404626624999999 0.7690746749999999 0.7364042203125 0.7690746749999999 0.7323457796875 0.7731331171875 0.7262581171875 0.7751623375000001 0.7262581171875 0.7792207796875 0.7333603890625 0.7863230515625 0.734375 0.7913961031250001 0.7384334421875 0.7913961031250001 0.74350649375 0.7842938312500001
1 0.7242288968749999 0.7771915578125 0.7282873375000001 0.7771915578125 0.7394480515625 0.7660308437500001 0.74350649375 0.7579139609375 0.74350649375 0.7497970781250001 0.7364042203125 0.7406655843750001 0.7313311687499999 0.755884740625 0.7242288968749999 0.7629870125 0.7201704546875 0.7629870125 0.7201704546875 0.7670454546875 0.7211850656250001 0.7741477265625 0.7242288968749999 0.7771915578125
1 0.7150974031249999 0.6767451296875 0.7110389609375 0.668628246875 0.7019074671875 0.659496753125 0.6978490265625 0.6574675328125 0.6795860390625 0.6574675328125 0.6684253250000001 0.6665990265625 0.6694399343749999 0.6737012984375 0.6826298703125 0.6848620125 0.6846590906250001 0.6990665578125 0.6866883109375 0.7010957796875 0.6846590906250001 0.703125 0.6856737015625 0.71225649375 0.6937905843750001 0.71225649375 0.709009740625 0.7010957796875 0.7150974031249999 0.686891234375 0.7150974031249999 0.6767451296875
1 0.6613230515625 0.6737012984375 0.6745129875 0.6584821421875 0.6765422078125 0.6361607140625 0.6704545453125 0.6219561687499999 0.6613230515625 0.6128246749999999 0.6532061687499999 0.608766234375 0.6329139609375 0.608766234375 0.6227678578125 0.6128246749999999 0.6116071421875 0.6239853890625 0.60551948125 0.63413149375 0.6065340906250001 0.6473214281249999 0.6207386359375 0.6473214281249999 0.6369724031249999 0.6534090906250001 0.6440746749999999 0.6605113640625 0.6501623375000001 0.6726866890625 0.6532061687499999 0.67573051875 0.6572646109375 0.67573051875 0.6613230515625 0.6737012984375
1 0.6806006499999999 0.7213879875 0.6806006499999999 0.7173295453125 0.6846590906250001 0.7112418828125 0.6846590906250001 0.6909496749999999 0.6806006499999999 0.6828327921875 0.6734983765625 0.67573051875 0.66538149375 0.6716720781250001 0.6532061687499999 0.677759740625 0.6521915578125 0.6950081171875 0.6461038968749999 0.7051542203125 0.6461038968749999 0.7092126624999999 0.6369724031249999 0.7183441562499999 0.62885551875 0.7224025968750001 0.6258116890625 0.7254464281249999 0.6268262984375 0.728490259375 0.6329139609375 0.7345779218749999 0.6450892859375 0.7386363640625 0.6532061687499999 0.7386363640625 0.6694399343749999 0.7325487015625 0.6806006499999999 0.7213879875