0 0.9163934421875 0.55135758125 0.9184426234374999 0.532914959375 0.9204918031249999 0.530865778125 0.9184426234374999 0.510373975 0.908196721875 0.489882171875 0.8969262296875 0.47861167968749996 0.8764344265625 0.47041495937500005 0.8600409843750001 0.4724641390625 0.845696721875 0.47861167968749996 0.8323770484375 0.491931353125 0.824180328125 0.5083247953125001 0.824180328125 0.516521515625 0.8221311468750001 0.518570696875 0.8221311468750001 0.547259221875 0.8303278687500001 0.56570184375 0.8354508203125001 0.566726434375 0.845696721875 0.5585297125 0.8579918031249999 0.5564805328125 0.8600409843750001 0.554431353125 0.8805327875 0.554431353125 0.898975409375 0.5626280734375 0.9030737703125 0.566726434375 0.908196721875 0.56570184375 0.9163934421875 0.55135758125
0 0.8569672125000001 0.7029969265625 0.8702868859375 0.7019723359375 0.8887295078124999 0.6937756140625 0.9102459015625 0.672259221875 0.9184426234374999 0.6599641390625 0.9225409843750001 0.65176741875 0.9245901640625 0.635373975 0.92663934375 0.6333247953125001 0.9245901640625 0.6046362703125 0.9163934421875 0.5820952875 0.9010245906250001 0.5646772546875 0.87848360625 0.554431353125 0.8600409843750001 0.554431353125 0.8477459015625 0.5585297125 0.8354508203125001 0.566726434375 0.809836065625 0.5984887296875 0.7995901640625 0.629226434375 0.7995901640625 0.6538165984375001 0.80163934375 0.655865778125 0.80163934375 0.6620133203125 0.8139344265625 0.684554303125 0.8313524593749999 0.69992315625 0.843647540625 0.7019723359375 0.845696721875 0.704021515625 0.8569672125000001 0.7029969265625
0 0.970696721875 0.7286116796875 0.9573770484375 0.7439805328125 0.9512295078124999 0.74807889375 0.9471311468750001 0.754226434375 0.9471311468750001 0.7562756140625 0.9502049187500001 0.7593493859375 0.9512295078124999 0.7583247953125001 0.9778688531249999 0.73373463125 0.9922131140625 0.7152920078125 0.9911885249999999 0.7122182375 0.970696721875 0.7286116796875
0 1 0.619021515625 0.997336065625 0.6179559421875 0.9768442625 0.6200051234374999 0.9625 0.62820184375 0.94098360625 0.65176741875 0.9286885249999999 0.67635758125 0.92663934375 0.6886526640625 0.9245901640625 0.69070184375 0.9245901640625 0.7398821718749999 0.9338114750000001 0.7511526640625 0.9389344265625 0.7501280734375 0.990163934375 0.698898565625 1 0.6874231562500001 1 0.619021515625
0 0.9440573765625 0.36385758125 0.934836065625 0.3751280734375 0.934836065625 0.38332479531249997 0.9327868859375 0.385373975 0.934836065625 0.38947233593749997 0.934836065625 0.3997182375 0.9461065578125 0.4171362703125 0.9563524593749999 0.42123463125000005 0.9594262296875 0.42021004062499995 0.9665983609375 0.4171362703125 0.9737704921875 0.4099641390625 0.975819671875 0.40381659843750006 0.975819671875 0.38742315625 0.96967213125 0.37307889375 0.9604508203125001 0.36385758125 0.9481557374999999 0.3618084015625 0.9440573765625 0.36385758125
0 0.7995901640625 0.35053790937499996 0.81086065625 0.36385758125 0.817008196875 0.36385758125 0.8190573765625 0.3659067625 0.8282786890624999 0.364882171875 0.8313524593749999 0.36385758125 0.8426229515625 0.35053790937499996 0.8426229515625 0.3341444671875 0.8385245906250001 0.32594774531250004 0.829303278125 0.316726434375 0.8211065578125 0.3126280734375 0.81086065625 0.3126280734375 0.797540984375 0.323898565625 0.795491803125 0.3402920078125 0.7995901640625 0.35053790937499996
0 0.5413934421875 0.31365266406250003 0.552663934375 0.322873975 0.5700819671875 0.3218493859375 0.5731557375 0.32082479531249997 0.5823770484375 0.309554303125 0.5823770484375 0.295210040625 0.5711065578125 0.28189036875 0.567008196875 0.2798411890625 0.552663934375 0.2798411890625 0.5393442625 0.2911116796875 0.5393442625 0.297259221875 0.53729508125 0.2993084015625 0.5393442625 0.309554303125 0.5413934421875 0.31365266406250003
0 0.518852459375 0.297259221875 0.516803278125 0.2870133203125 0.5147540984375001 0.282914959375 0.5055327875 0.275742828125 0.491188525 0.275742828125 0.4799180328125 0.2849641390625 0.47786885312500005 0.2911116796875 0.4799180328125 0.3034067625 0.49323770468749994 0.31467725468749996 0.504508196875 0.31365266406250003 0.516803278125 0.3034067625 0.518852459375 0.297259221875
0 0.34979508125000003 0.3003329921875 0.3415983609375 0.3003329921875 0.3344262296875 0.3075051234375 0.3282786890625 0.31980020468750003 0.3282786890625 0.3320952875 0.3375 0.33926741875 0.3426229515625 0.338242828125 0.34979508125000003 0.3372182375 0.3610655734375 0.32594774531250004 0.3610655734375 0.309554303125 0.34979508125000003 0.3003329921875
0 0.3272540984375 0.2982838109375 0.3231557375 0.3003329921875 0.31393442656250004 0.311603484375 0.31393442656250004 0.31570184375 0.32008196718750004 0.3279969265625 0.3231557375 0.331070696875 0.3282786890625 0.33004610625 0.3282786890625 0.317751025 0.34057377031249997 0.30135758125 0.3395491796875 0.2982838109375 0.3272540984375 0.2982838109375
0 0.143852459375 0.44889856562499997 0.15 0.4448002046875 0.156147540625 0.434554303125 0.158196721875 0.4181608609375 0.156147540625 0.41201332031250004 0.1448770484375 0.400742828125 0.13258196718749998 0.400742828125 0.11926229531250002 0.41201332031250004 0.11516393437500001 0.4284067625 0.11926229531250002 0.44070184375 0.12643442656249998 0.447873975 0.1305327875 0.44992315625 0.143852459375 0.44889856562499997
0 0 0.5769164484375 0.0106557375 0.5759477453125 0.016803278125 0.5718493859375 0.022950820312500002 0.5554559421875 0.020901639062499998 0.532914959375 0.009631146875 0.5154969265625 0.0055327875 0.5134477453125 0 0.5134477453125 0 0.5769164484375
1 0.1459016390625 0.7460297125 0.13770491875 0.7275870906249999 0.13770491875 0.7234887296875 0.12336065624999999 0.7009477453125 0.093647540625 0.679431353125 0.0875 0.679431353125 0.0854508203125 0.6773821718749999 0.06700819687500001 0.6773821718749999 0.058811475 0.6814805328125 0.0495901640625 0.69070184375 0.0434426234375 0.7029969265625 0.0434426234375 0.73373463125 0.045491803125 0.7357838109375 0.047540984375 0.7501280734375 0.061885245312500003 0.7747182375 0.0711065578125 0.7839395484375 0.1459016390625 0.782914959375 0.1479508203125 0.780865778125 0.1479508203125 0.754226434375 0.1459016390625 0.7521772546875 0.1459016390625 0.7460297125
1 0.170491803125 0.70504610625 0.170491803125 0.711193646875 0.1745901640625 0.7234887296875 0.184836065625 0.7398821718749999 0.20020491875 0.75320184375 0.2022540984375 0.7573002046874999 0.235040984375 0.7716444671875 0.24118852500000001 0.7716444671875 0.2432377046875 0.773693646875 0.252459015625 0.7726690578125 0.2657786890625 0.7716444671875 0.28422131093749997 0.7634477453125 0.2995901640625 0.74807889375 0.30163934375 0.7357838109375 0.303688525 0.73373463125 0.303688525 0.7234887296875 0.3057377046875 0.7214395484375 0.3057377046875 0.6948002046874999 0.303688525 0.692751025 0.303688525 0.6825051234374999 0.2852459015625 0.6538165984375001 0.28217213124999996 0.6527920078125 0.276024590625 0.6445952875 0.259631146875 0.636398565625 0.2555327875 0.6323002046874999 0.22889344218750002 0.624103484375 0.206352459375 0.62820184375 0.19200819687499998 0.636398565625 0.17868852500000001 0.6497182375 0.170491803125 0.6661116796875 0.170491803125 0.672259221875 0.1684426234375 0.6743084015624999 0.1684426234375 0.7029969265625 0.170491803125 0.70504610625
1 0.297540984375 0.635373975 0.297540984375 0.655865778125 0.303688525 0.672259221875 0.303688525 0.6784067625 0.30778688593750003 0.6825051234374999 0.309836065625 0.69070184375 0.3180327875 0.7009477453125 0.3395491796875 0.7224641390625 0.343647540625 0.7224641390625 0.3538934421875 0.7286116796875 0.360040984375 0.7286116796875 0.3620901640625 0.7306608609375 0.3897540984375 0.7296362703125 0.4051229515625 0.7265625 0.4235655734375 0.7163165984375001 0.434836065625 0.70504610625 0.44918032812500003 0.684554303125 0.4512295078125 0.672259221875 0.4532786890625 0.670210040625 0.4532786890625 0.643570696875 0.4512295078125 0.641521515625 0.44918032812500003 0.629226434375 0.4389344265625 0.6107838109375 0.4194672125 0.5913165984375001 0.4030737703125 0.5831198765625001 0.3907786890625 0.579021515625 0.38258196718750004 0.579021515625 0.3805327875 0.5769723359375 0.366188525 0.5769723359375 0.36413934375 0.579021515625 0.3538934421875 0.579021515625 0.345696721875 0.5831198765625001 0.3395491796875 0.5831198765625001 0.3231557375 0.593365778125 0.31598360625 0.6005379093750001 0.30163934375 0.62307889375 0.297540984375 0.635373975
1 0.2985655734375 0.39254610625 0.28831967187499996 0.3966444671875 0.275 0.4099641390625 0.268852459375 0.42430840156249994 0.2709016390625 0.4468493859375 0.275 0.45504610625 0.290368853125 0.468365778125 0.29651639375 0.47041495937500005 0.31598360625 0.46939036874999995 0.32520491875 0.46631659843750006 0.336475409375 0.45504610625 0.3426229515625 0.44070184375 0.3426229515625 0.4181608609375 0.336475409375 0.405865778125 0.3272540984375 0.3966444671875 0.3190573765625 0.39254610625 0.2985655734375 0.39254610625
1 0.252459015625 0.48783299218750004 0.252459015625 0.463242828125 0.2442622953125 0.44889856562499997 0.2370901640625 0.44172643437500003 0.22479508125 0.43557889375 0.2084016390625 0.43557889375 0.1940573765625 0.4437756140625 0.1827868859375 0.45709528749999995 0.1807377046875 0.46939036874999995 0.17868852500000001 0.4714395484375 0.17868852500000001 0.489882171875 0.184836065625 0.504226434375 0.19200819687499998 0.511398565625 0.2022540984375 0.51754610625 0.2084016390625 0.51754610625 0.2104508203125 0.5195952875 0.22172131093749997 0.518570696875 0.235040984375 0.5154969265625 0.246311475 0.504226434375 0.24836065624999998 0.4939805328125 0.252459015625 0.48783299218750004
1 0.2729508203125 0.35668545156250003 0.276024590625 0.3556608609375 0.283196721875 0.34643954843749997 0.281147540625 0.3402920078125 0.281147540625 0.32594774531250004 0.273975409375 0.32082479531249997 0.26168032812500003 0.32082479531249997 0.252459015625 0.3279969265625 0.24836065624999998 0.33619364687500003 0.24836065624999998 0.34643954843749997 0.252459015625 0.35258709062500004 0.259631146875 0.357710040625 0.2729508203125 0.35668545156250003
1 0.434836065625 0.309554303125 0.4379098359375 0.3085297125 0.44508196718750004 0.2993084015625 0.44508196718750004 0.2870133203125 0.43586065625000003 0.2777920078125 0.4235655734375 0.275742828125 0.41024590156249996 0.2849641390625 0.41024590156249996 0.2931608609375 0.408196721875 0.295210040625 0.41024590156249996 0.297259221875 0.41024590156249996 0.3034067625 0.4194672125 0.31057889375 0.434836065625 0.309554303125
1 0.456352459375 0.3126280734375 0.46045082031250006 0.31467725468749996 0.4655737703125 0.31365266406250003 0.47274590156249996 0.3126280734375 0.4799180328125 0.3054559421875 0.4799180328125 0.2993084015625 0.47786885312500005 0.297259221875 0.4799180328125 0.282914959375 0.47479508125000003 0.2777920078125 0.46045082031250006 0.275742828125 0.454303278125 0.2777920078125 0.44508196718750004 0.2870133203125 0.44508196718750004 0.30135758125 0.456352459375 0.3126280734375
1 0.7637295078124999 0.3495133203125 0.7657786890625 0.3515625 0.7729508203125001 0.35053790937499996 0.7852459015625 0.338242828125 0.78729508125 0.3218493859375 0.7811475406249999 0.309554303125 0.7719262296875 0.302382171875 0.76782786875 0.3003329921875 0.7514344265624999 0.3003329921875 0.7422131140625 0.3075051234375 0.7381147546875 0.31570184375 0.740163934375 0.3320952875 0.7514344265624999 0.3474641390625 0.7637295078124999 0.3495133203125
1 0.41024590156249996 0.3034067625 0.41024590156249996 0.2849641390625 0.41536885312500005 0.2798411890625 0.42151639375 0.2777920078125 0.42151639375 0.27369364687500003 0.40922131093749997 0.27369364687500003 0.4 0.2849641390625 0.4040983609375 0.3034067625 0.41024590156249996 0.3034067625
2 1 0.380865778125 0.9932377046875001 0.374103484375 0.98913934375 0.372054303125 0.9788934421875 0.372054303125 0.9747950812499999 0.374103484375 0.9717213109375 0.379226434375 0.975819671875 0.38742315625 0.9737704921875 0.41611167968749996 0.9829918031249999 0.42533299218750004 0.9942622953125 0.42430840156249994 0.997336065625 0.4232838109375 1 0.41985875312500004 1 0.380865778125