1 0.0359375 0.6546875 0.0625 0.059375
1 0.25625 0.646875 0.065625 0.059375
2 0.74375 0.6265625 0.0578125 0.0640625
1 0.9671875 0.615625 0.065625 0.05625
1 0.0359375 0.59375 0.059375 0.05625
2 0.7234375 0.56875 0.0578125 0.05625
1 0.2609375 0.5859375 0.0625 0.05625
2 0.767578125 0.4970703125 0.7626953125 0.4921875 0.7548828125 0.48828125 0.7509765625 0.48828125 0.7490234375 0.486328125 0.7294921875 0.486328125 0.7197265625 0.4921875 0.712890625 0.4990234375 0.708984375 0.5068359375 0.70703125 0.5166015625 0.708984375 0.5185546875 0.708984375 0.5224609375 0.712890625 0.5244140625 0.7109375 0.5283203125 0.7197265625 0.5390625 0.7275390625 0.54296875 0.7314453125 0.54296875 0.7333984375 0.544921875 0.75 0.5439453125 0.7607421875 0.5390625 0.7626953125 0.53125 0.7666015625 0.533203125 0.76953125 0.5302734375 0.76953125 0.5263671875 0.7734375 0.5205078125 0.7734375 0.5068359375 0.767578125 0.4970703125
1 0 0.5478515625 0.005859375 0.5517578125 0.00390625 0.5537109375 0.00390625 0.5595703125 0.0068359375 0.5625 0.0146484375 0.56640625 0.046875 0.5654296875 0.0576171875 0.560546875 0.0625 0.5556640625 0.0615234375 0.55078125 0.0546875 0.5498046875 0.0654296875 0.548828125 0.068359375 0.5439453125 0.06640625 0.5283203125 0.0576171875 0.517578125 0.0439453125 0.509765625 0.0224609375 0.509765625 0.0087890625 0.515625 0 0.5224609375 0 0.5478515625
3 0.04375 0.615625 0.0859375 0.1421875
3 0.259375 0.609375 0.0875 0.146875
3 0.5 0.6015625 0.096875 0.134375
3 0.740625 0.590625 0.1125 0.1515625
3 0.953125 0.575 0.09375 0.1578125