2 0.361315359375 0.6768075984374999 0.3674428109375 0.6768075984374999 0.36948529375 0.67885008125 0.3858251640625 0.6768075984374999 0.40318627500000004 0.6635314546875 0.4072712421875 0.6533190359375001 0.4072712421875 0.63902165 0.3991013078125 0.6226817812500001 0.38991013125 0.6155330875 0.3796977125 0.6114481203125 0.3602941171875 0.6124693625 0.3490604578125 0.617575571875 0.33986928125000004 0.62880923125 0.337826796875 0.6349366828125 0.337826796875 0.64923406875 0.33986928125000004 0.6553615203125001 0.3439542484375 0.6635314546875 0.361315359375 0.6768075984374999
2 0.46650326875000003 0.5328125 0.47467320312499994 0.5511948531249999 0.48080065312500003 0.5593647875000001 0.4981617640625 0.57264093125 0.5104166671875 0.5767258984375 0.5328839875 0.5767258984375 0.5349264703125 0.574683415625 0.541053921875 0.574683415625 0.551266340625 0.5685559640625 0.5635212421875 0.5583435453125001 0.5686274515624999 0.5511948531249999 0.5767973859375 0.5266850484375001 0.5747549015625 0.504217728125 0.564542484375 0.4858353765625 0.54922385625 0.47255923125 0.5247140515625001 0.464389296875 0.5114379078125 0.4654105390625 0.4838643796875 0.47868668281250004 0.47263071874999996 0.49196282656249996 0.46650326875000003 0.5103451796875 0.46650326875000003 0.5328125
2 1 0.42946282656249996 0.9975490203125 0.43068831718749995 0.9914215687500001 0.4409007359375 0.9914215687500001 0.4551981203125 0.9975490203125 0.471537990625 1 0.4739889703125 1 0.42946282656249996
2 0.9628267968750001 0.5368974671875 0.96793300625 0.544046159375 0.9740604578125 0.544046159375 0.983251634375 0.534854984375 0.9852941171875 0.5205575984374999 0.983251634375 0.514430146875 0.9791666671874999 0.514430146875 0.9791666671874999 0.5205575984374999 0.9750816999999999 0.5287275328125001 0.969975490625 0.5338337421875 0.9628267968750001 0.5368974671875
1 0.949550653125 0.5236213234375 0.9454656859374999 0.5215788406249999 0.93831699375 0.52260008125 0.9281045750000001 0.530770015625 0.9260620921875 0.534854984375 0.9260620921875 0.5471098859375 0.9281045750000001 0.54915236875 0.9281045750000001 0.5573223046875 0.9311683000000001 0.5603860296875001 0.93525326875 0.5624285125 0.9454656859374999 0.5624285125 0.9546568625 0.5511948531249999 0.956699346875 0.534854984375 0.949550653125 0.5236213234375
1 0.96793300625 0.535876225 0.9771241828124999 0.5287275328125001 0.98120915 0.51647263125 0.98120915 0.5083026953124999 0.9771241828124999 0.498090278125 0.969975490625 0.49094158437499996 0.9587418296875001 0.49196282656249996 0.9505718953125 0.5021752453125 0.9505718953125 0.524642565625 0.9577205875000001 0.5338337421875 0.96793300625 0.535876225
1 0.6911764703125 0.6349366828125 0.6911764703125 0.6185968140625 0.6891339875 0.6145118468749999 0.6717728765625 0.59919321875 0.65236928125 0.6002144609375 0.6431781046875 0.6032781859375 0.6360294125 0.6104268796875 0.633986928125 0.6165543296875 0.633986928125 0.641064134375 0.6452205875 0.6543402781250001 0.6533905234375 0.6584252453125 0.6676879078125 0.6584252453125 0.67585784375 0.6543402781250001 0.6891339875 0.641064134375 0.6911764703125 0.6349366828125
1 0.459354575 0.6829350484375001 0.46548202656250004 0.680892565625 0.4767156859375 0.6717013890625 0.4828431375 0.6594464875 0.4828431375 0.6431066171875 0.4787581703125 0.6349366828125 0.467524509375 0.6237030234375001 0.4552696078125 0.617575571875 0.4358660125 0.6185968140625 0.4266748359375 0.6216605390625001 0.421568628125 0.62880923125 0.421568628125 0.6328942 0.4154411765625 0.6451491015624999 0.41748365937500004 0.6635314546875 0.43280228750000005 0.680892565625 0.4389297390625 0.6829350484375001 0.459354575 0.6829350484375001
2 1 0.32427491875 0.9852941171875 0.3040543296875 0.9822303921875 0.3030330875 0.9740604578125 0.2928206703125 0.973039215625 0.29384191249999997 0.973039215625 0.3040543296875 0.983251634375 0.3244791671875 0.99448529375 0.3377553109375 1 0.34011875625 1 0.32427491875
2 1 0.2944773515625 0.9771241828124999 0.265247140625 0.973039215625 0.265247140625 0.9689542484375 0.273417075 0.973039215625 0.28362949375 0.9934640515625001 0.3040543296875 1 0.3143251046875 1 0.2944773515625
1 0.3521241828125 0.6798713234375 0.36335784375 0.691104984375 0.37152777812500004 0.6951899515625 0.39399509843749997 0.6931474671875 0.4052287578125 0.6839562906250001 0.41135620937499995 0.6696589046875 0.40931372499999996 0.6594464875 0.40625 0.6563827609375 0.4052287578125 0.657404003125 0.40318627500000004 0.6635314546875 0.38991013125 0.6747651140625 0.37152777812500004 0.67885008125 0.36948529375 0.6768075984374999 0.361315359375 0.6768075984374999 0.3572303921875 0.67272263125 0.351102940625 0.67272263125 0.3521241828125 0.6798713234375