2 0.480404290625 0.182755775 0.48968646875 0.16934818437500002 0.48968646875 0.142533003125 0.480404290625 0.13118811875 0.478341584375 0.13118811875 0.468028053125 0.12293729375 0.46390264062500003 0.125 0.45152640312500003 0.125 0.43811881250000007 0.136344884375 0.43193069375000004 0.148721121875 0.43399340000000003 0.152846534375 0.43193069375000004 0.156971946875 0.432962046875 0.166254125 0.43605610625 0.175536303125 0.449463696875 0.1868811875 0.453589109375 0.18894389375 0.470090759375 0.18894389375 0.47421617187500004 0.18481848125 0.480404290625 0.182755775
2 0.5122712984375 0.17677781718750002 0.5287729484375 0.1747151109375 0.5421805390625 0.1633702265625 0.5442432453125 0.1592448140625 0.5442432453125 0.1489312828125 0.5421805390625 0.1448058703125 0.5463059515625 0.1365550453125 0.5463059515625 0.12830421875 0.5442432453125 0.12417880625 0.5328983609375 0.112833921875 0.5287729484375 0.112833921875 0.5267102421875001 0.110771215625 0.5122712984375 0.110771215625 0.5040204734375 0.11489662812500001 0.4947382953125 0.12417880625 0.4947382953125 0.14686857656250002 0.49680100156250007 0.1489312828125 0.4947382953125 0.1509939890625 0.4957696484375 0.1623388734375 0.49680100156250007 0.1654329328125 0.5040204734375 0.1726524046875 0.5122712984375 0.17677781718750002
1 0.437087459375 0.40140264062500003 0.449463696875 0.405528053125 0.453589109375 0.403465346875 0.459777228125 0.405528053125 0.470090759375 0.40140264062500003 0.475247525 0.396245875 0.475247525 0.3921204625 0.48349834999999997 0.38593234375 0.48556105625 0.379744225 0.48556105625 0.36530528125 0.48143564375 0.3549917484375 0.468028053125 0.3415841578125 0.46183993437500004 0.3395214515625 0.449463696875 0.3415841578125 0.447400990625 0.3395214515625 0.437087459375 0.3436468640625 0.425742575 0.3549917484375 0.4195544546875 0.36943069375 0.4205858078125 0.378712871875 0.42367986875 0.39005775625 0.42883663437499997 0.391089109375 0.437087459375 0.40140264062500003
1 0.49896864687500003 0.3271452140625 0.490717821875 0.3312706265625 0.4876237625 0.3384900984375 0.488655115625 0.372524753125 0.49278052812500006 0.380775578125 0.503094059375 0.386963696875 0.509282178125 0.386963696875 0.5113448843749999 0.38902640312500003 0.519595709375 0.38902640312500003 0.5216584156249999 0.386963696875 0.525783828125 0.386963696875 0.529909240625 0.382838284375 0.534034653125 0.382838284375 0.5433168312500001 0.3714934 0.5433168312500001 0.363242575 0.5453795375 0.36117986874999997 0.5453795375 0.3549917484375 0.5474422437500001 0.3529290421875 0.5474422437500001 0.3488036296875 0.541254125 0.3343646859375 0.534034653125 0.3271452140625 0.529909240625 0.3271452140625 0.527846534375 0.3292079203125 0.524752475 0.3240511546875 0.519595709375 0.3209570953125 0.505156765625 0.3230198015625 0.503094059375 0.3271452140625 0.49896864687500003 0.3271452140625
2 0.44053438749999996 0.6444076765625 0.46116145 0.6444076765625 0.47250633437499995 0.6330627921875001 0.47456904062499994 0.6268746734375 0.47456904062499994 0.6021221984375 0.47044362812499996 0.5938713734375 0.46116145 0.5845891953125 0.452910625 0.5804637828125 0.4446598 0.5804637828125 0.44259709375 0.5825264890625 0.4322835625 0.5804637828125 0.41784461874999995 0.5887146078125001 0.410625146875 0.5979967859374999 0.406499734375 0.6103730234375 0.40753108750000006 0.6258433203125 0.408562440625 0.6310000859375 0.41990732499999994 0.6423449703124999 0.43022085624999995 0.6444076765625 0.436408975 0.6402822640625 0.44053438749999996 0.6444076765625
1 0.4862531546875 0.6524019578125 0.4986293921875 0.6585900765625 0.5130683359375 0.6606527828125001 0.5213191609375001 0.6544646640625 0.52338186875 0.6565273703125001 0.52750728125 0.6544646640625 0.540914871875 0.638994365625 0.545040284375 0.626618128125 0.545040284375 0.614241890625 0.538852165625 0.599802946875 0.5295699875000001 0.59052076875 0.5254445750000001 0.59052076875 0.5192564546875 0.58433265 0.5130683359375 0.58433265 0.5110056296875001 0.58226994375 0.49656668593750003 0.58433265 0.4883158609375 0.5884580625 0.4769709765625 0.6018656531250001 0.4780023296875 0.64002571875 0.48315909531249995 0.6410570718749999 0.48109638906249996 0.6472451921875 0.4862531546875 0.6524019578125
2 0.3886138609375 0.9263613859375001 0.3896452140625 0.9521452140625 0.4009900984375 0.9696782171875 0.4082095703125 0.9768976890625 0.4164603953125 0.9810231015624999 0.422648515625 0.9789603953125001 0.430899340625 0.9810231015624999 0.445338284375 0.9748349828125 0.45668316875 0.9634900984374999 0.46493399375 0.9469884484375 0.46493399375 0.9284240921875 0.46080858124999996 0.9242986796875 0.46493399375 0.9222359734375001 0.46493399375 0.9160478546874999 0.45668316875 0.8995462046875 0.443275578125 0.8882013203125 0.435024753125 0.8882013203125 0.432962046875 0.8902640265624999 0.426773928125 0.8861386140624999 0.422648515625 0.8861386140624999 0.4082095703125 0.8923267328125 0.39273927343750004 0.9098597359375 0.39273927343750004 0.9139851484375001 0.3968646859375 0.9160478546874999 0.3906765671875 0.9201732671875 0.3886138609375 0.9263613859375001
3 0.5015625 0.0140625 0.153125 0.0265625
3 0.4984375 0.153125 0.1578125 0.10625
3 0.4875 0.3625 0.159375 0.115625
3 0.48125 0.6203125 0.1828125 0.125
3 0.4703125 0.93125 0.184375 0.1359375