2 0.6250939765625 1 0.6219011484375 0.9641001578124999 0.613220725 0.9567455046875001 0.6022589546875 0.9521663984375 0.5936168265624999 0.9520186859375 0.5830580750000001 0.9570919921875 0.5724847343749999 0.97230461875 0.5694465859375 0.98740965 0.5720343 0.9969344093749999 0.5725338703125 1 0.6250939765625 1
1 0.68362525625 1 0.686980621875 0.9932069328124999 0.6909561109375 0.9840742515625 0.689752521875 0.972530746875 0.6855016671875 0.9585800656250001 0.67927948125 0.9479848421874999 0.6694720609375 0.9409821468749999 0.6566903203125001 0.9364048640625 0.6474500437499999 0.9390983484375001 0.6382352984375 0.9436209218749999 0.633123696875 0.9503974890625001 0.628436996875 0.96270144375 0.6260735875 0.976531765625 0.6317760421874999 0.9862498296875 0.63727060625 0.9973337828125001 0.6403723234375 1 0.68362525625 1
2 0.6036830640625 0.2698982203125 0.6042970999999999 0.2767670140625 0.6078234578124999 0.2834518890625 0.614380165625 0.29009621406249997 0.620897771875 0.293238075 0.628325571875 0.2950164609375 0.6323718328125 0.295207621875 0.6378431171875001 0.2946696171875 0.6407510953125 0.29408526875 0.6463874749999999 0.29124825312499997 0.6532808890624999 0.28786961093749996 0.6580476281250001 0.2812310796875 0.6613075171875 0.275451328125 0.6635203609375 0.26751955625 0.6637788640625 0.2601634453125 0.6617962828125 0.2540607453125 0.6563619265625 0.24751779375 0.6515691218749999 0.2406975140625 0.642813328125 0.23712481406250002 0.636291375 0.23512630156249997 0.62862896875 0.235412321875 0.6214220203124999 0.23679535000000002 0.61459811875 0.2405650046875 0.6098632421875 0.245744478125 0.6043745781250001 0.25084575 0.6034071812499999 0.257508175 0.6034564203125 0.2629222578125 0.6036830640625 0.2698982203125
2 0.55618024375 0.0149760171875 0.550487384375 0.0167898828125 0.546801 0.0197977859375 0.5436924484375 0.023607990625 0.5399879609375 0.02901483125 0.53733196875 0.034558526562500004 0.53596704375 0.037578015625 0.53570636875 0.0390863109375 0.5342588968750001 0.04452066875 0.5346969765625 0.0531685734375 0.5352624968749999 0.05823074375 0.5368852015625001 0.0664449125 0.5417337609375 0.07353238437500001 0.5447691796874999 0.07800803437500001 0.551440296875 0.081469225 0.5533714671875 0.082656021875 0.557050609375 0.08388626406250001 0.5625443421874999 0.08388626406250001 0.5699330390624999 0.083275125 0.576696840625 0.0785373515625 0.5827343703125 0.075204328125 0.58464236875 0.071781515625 0.5856647953125 0.0551830140625 0.5858711624999999 0.0482179140625 0.586813940625 0.0286093375 0.5818661765625001 0.02206059375 0.574894559375 0.016517621875 0.566680390625 0.013046295312500001 0.55994338125 0.0124004 0.55618024375 0.0149760171875
1 0.6110037546875 0 0.60426325625 0.0049327749999999995 0.598930996875 0.0107175953125 0.5948898046875 0.015876071875 0.5915437484375 0.0228737546875 0.59021213125 0.030463751562500002 0.5917146359375 0.0398980265625 0.592052065625 0.048042681250000004 0.59293256875 0.053870948437499996 0.5974451484375 0.0599273046875 0.6030301171875 0.06541596875 0.6096664765625001 0.06891987968749999 0.61615656875 0.06967221875 0.6213201125000001 0.06949553750000001 0.6235488859375 0.069104525 0.62968416875 0.066568009375 0.6346811703124999 0.062196628125 0.6391191671875001 0.0581720921875 0.6420010796875 0.051358328125 0.645298621875 0.0436307515625 0.6470284921875 0.03758525625 0.6483318687499999 0.0283117328125 0.6478959625 0.0220475578125 0.6461653671875001 0.015538640624999999 0.642405125 0.00784365 0.6380084015625 0.0023260218749999997 0.6345398265625 0 0.6110037546875 0
1 0.5546668953125 0.23929713593750002 0.551486046875 0.2419409421875 0.545573809375 0.249131628125 0.5434711234375 0.259385028125 0.5443625765625 0.2737854125 0.549841646875 0.284904465625 0.5561306984375001 0.2908988546875 0.5597589703125 0.29414488125 0.5629045140625 0.2947247 0.5681928015625 0.2956555296875 0.5759728109375 0.2959033453125 0.5825157875 0.294929740625 0.5888048390625 0.2916877859375 0.5936877968750001 0.28795088281250003 0.5982822062500001 0.28315414843750003 0.5986834625 0.2794029890625 0.5987296296875 0.274483365625 0.5985245890625001 0.26485255625000004 0.5985564984375 0.256156653125 0.5991227375 0.2528440890625 0.59821770625 0.2482225234375 0.5979624234375 0.242638215625 0.5910433140625 0.23663160468750002 0.5843319609375001 0.23268083593750002 0.5801802234375 0.23156804687500002 0.57439834375 0.2312435125 0.5681316984375 0.23163050937500002 0.5631048015625 0.23347248281250002 0.5546668953125 0.23929713593750002
3 0.615625 0.9640625 0.1359375 0.071875
3 0.6203125 0.7453125 0.15 0.0890625
3 0.60625 0.4984375 0.1546875 0.0890625
3 0.5984375 0.2625 0.15625 0.0875
3 0.5859375 0.0484375 0.1453125 0.0890625