1 0.515625 0.5171875 0.04375 0.0421875
1 0.9171875 0.4890625 0.04375 0.0390625
2 0.7125 0.525 0.0515625 0.04375
2 0.7015625 0.4796875 0.046875 0.0390625
2 0.1671875 0.5015625 0.05 0.0359375
2 0.1609375 0.4578125 0.053125 0.0421875
1 0.896875 0.534375 0.05625 0.05
2 0.340625 0.5078125 0.04375 0.0421875
1 0.51875 0.471875 0.04375 0.0375
2 0.920384359375 0.4225338234375 0.912571859375 0.4186275734375 0.894993734375 0.4186275734375 0.885228109375 0.4244869484375 0.880345296875 0.4313228859375 0.880345296875 0.4449947609375 0.883274984375 0.4479244484375 0.888157796875 0.4489010109375 0.890110921875 0.4586666359375 0.896946859375 0.4615963234375 0.906712484375 0.4615963234375 0.908665609375 0.4635494484375 0.917454671875 0.4625728859375 0.923314046875 0.4586666359375 0.925267171875 0.4547603859375 0.923314046875 0.4508541359375 0.928196859375 0.4498775734375 0.931126546875 0.4469478859375 0.931126546875 0.4371822609375 0.927220296875 0.4293697609375 0.920384359375 0.4225338234375
1 0.3390625 0.4625 0.04375 0.0421875
1 0.5146484375 0.400390625 0.5048828125 0.404296875 0.49609375 0.4150390625 0.49609375 0.4306640625 0.501953125 0.4326171875 0.5 0.4345703125 0.5 0.4404296875 0.5068359375 0.447265625 0.529296875 0.4462890625 0.537109375 0.4384765625 0.53515625 0.4345703125 0.54296875 0.4326171875 0.54296875 0.4169921875 0.541015625 0.4130859375 0.5322265625 0.404296875 0.5244140625 0.400390625 0.5146484375 0.400390625
3 0.1640625 0.4734375 0.084375 0.109375
3 0.3359375 0.4765625 0.071875 0.1171875
3 0.51875 0.4859375 0.0578125 0.11875
3 0.709375 0.4921875 0.0734375 0.1125
3 0.9015625 0.503125 0.0875 0.13125