1 0.2900390625 0.380859375 0.2978515625 0.384765625 0.30859375 0.3837890625 0.322265625 0.3720703125 0.32421875 0.3544921875 0.3134765625 0.341796875 0.2978515625 0.341796875 0.287109375 0.3505859375 0.283203125 0.3583984375 0.283203125 0.3701171875 0.2900390625 0.380859375
0 0.34375 0.3349609375 0.341796875 0.3388671875 0.341796875 0.3544921875 0.3525390625 0.365234375 0.3583984375 0.365234375 0.3603515625 0.3671875 0.3671875 0.3662109375 0.3740234375 0.36328125 0.380859375 0.3544921875 0.3828125 0.3505859375 0.3828125 0.3388671875 0.3740234375 0.326171875 0.3603515625 0.32421875 0.3505859375 0.328125 0.34375 0.3349609375
1 0.419921875 0.3095703125 0.419921875 0.3232421875 0.4267578125 0.330078125 0.4345703125 0.333984375 0.443359375 0.3330078125 0.455078125 0.3232421875 0.45703125 0.3193359375 0.45703125 0.3095703125 0.4482421875 0.298828125 0.4443359375 0.296875 0.4326171875 0.296875 0.4287109375 0.298828125 0.419921875 0.3095703125
1 0.568359375 0.2919921875 0.568359375 0.3037109375 0.572265625 0.3095703125 0.5791015625 0.314453125 0.5830078125 0.31640625 0.591796875 0.3154296875 0.5986328125 0.3125 0.603515625 0.3056640625 0.60546875 0.2939453125 0.603515625 0.2900390625 0.5927734375 0.28125 0.5791015625 0.28125 0.5751953125 0.283203125 0.568359375 0.2919921875
1 0.60546875 0.3056640625 0.607421875 0.3095703125 0.6162109375 0.318359375 0.634765625 0.3173828125 0.642578125 0.3076171875 0.642578125 0.2939453125 0.640625 0.2900390625 0.6279296875 0.28125 0.6181640625 0.28125 0.6142578125 0.283203125 0.60546875 0.2939453125 0.60546875 0.3056640625
1 0.681640625 0.2978515625 0.681640625 0.3095703125 0.68359375 0.3134765625 0.6884765625 0.318359375 0.693359375 0.3173828125 0.6982421875 0.314453125 0.71875 0.3134765625 0.71875 0.2998046875 0.7099609375 0.2890625 0.7060546875 0.287109375 0.6923828125 0.287109375 0.6884765625 0.2890625 0.681640625 0.2978515625
1 0.73828125 0.3330078125 0.73828125 0.3525390625 0.7509765625 0.369140625 0.7548828125 0.37109375 0.7734375 0.3701171875 0.78515625 0.3564453125 0.787109375 0.3505859375 0.78515625 0.3388671875 0.78125 0.3310546875 0.7744140625 0.32421875 0.7666015625 0.3203125 0.7529296875 0.3203125 0.73828125 0.3330078125
1 0.794921875 0.4150390625 0.7861328125 0.40625 0.7705078125 0.3984375 0.7509765625 0.3984375 0.7392578125 0.404296875 0.724609375 0.4208984375 0.720703125 0.4306640625 0.720703125 0.4541015625 0.7265625 0.4677734375 0.7373046875 0.48046875 0.7607421875 0.4921875 0.775390625 0.4912109375 0.7880859375 0.484375 0.798828125 0.4736328125 0.80078125 0.4677734375 0.8046875 0.4638671875 0.8046875 0.4580078125 0.806640625 0.4560546875 0.8046875 0.4326171875 0.794921875 0.4150390625
0 0.6943359375 0.31640625 0.68359375 0.3291015625 0.68359375 0.3349609375 0.681640625 0.3369140625 0.68359375 0.3466796875 0.685546875 0.3505859375 0.7001953125 0.36328125 0.7060546875 0.365234375 0.720703125 0.3642578125 0.728515625 0.3564453125 0.732421875 0.3486328125 0.732421875 0.3330078125 0.728515625 0.3251953125 0.7177734375 0.31640625 0.7138671875 0.314453125 0.6982421875 0.314453125 0.6943359375 0.31640625
0 0.64453125 0.2939453125 0.64453125 0.2998046875 0.642578125 0.3017578125 0.64453125 0.3115234375 0.6552734375 0.322265625 0.666015625 0.3232421875 0.6708984375 0.322265625 0.6796875 0.3134765625 0.681640625 0.3095703125 0.6796875 0.2958984375 0.6748046875 0.2890625 0.6669921875 0.28515625 0.6494140625 0.287109375 0.64453125 0.2939453125
0 0.6796875 0.2978515625 0.681640625 0.2978515625 0.6884765625 0.2890625 0.6923828125 0.287109375 0.7041015625 0.287109375 0.705078125 0.2841796875 0.6962890625 0.27734375 0.6845703125 0.27734375 0.67578125 0.2880859375 0.6796875 0.2978515625
1 0.8740234375 0.365234375 0.8662109375 0.369140625 0.85546875 0.3818359375 0.85546875 0.4033203125 0.859375 0.4130859375 0.8662109375 0.421875 0.8818359375 0.4296875 0.888671875 0.4287109375 0.9013671875 0.419921875 0.904296875 0.4150390625 0.90625 0.4091796875 0.90625 0.3916015625 0.900390625 0.3779296875 0.8935546875 0.37109375 0.8818359375 0.365234375 0.8740234375 0.365234375
1 0.9013671875 0.37109375 0.8984375 0.3759765625 0.904296875 0.3857421875 0.904296875 0.3916015625 0.90625 0.3935546875 0.904296875 0.4169921875 0.9150390625 0.423828125 0.927734375 0.4228515625 0.931640625 0.4208984375 0.93359375 0.4052734375 0.9375 0.3994140625 0.9375 0.3857421875 0.93359375 0.3779296875 0.9208984375 0.3671875 0.9072265625 0.3671875 0.9013671875 0.37109375
1 0.9443359375 0.392578125 0.93359375 0.4052734375 0.93359375 0.4287109375 0.9375 0.4345703125 0.9375 0.4384765625 0.9443359375 0.447265625 0.9521484375 0.451171875 0.962890625 0.4501953125 0.97265625 0.4404296875 0.9765625 0.4287109375 0.9765625 0.4130859375 0.9677734375 0.3984375 0.9599609375 0.392578125 0.9521484375 0.390625 0.9501953125 0.392578125 0.9443359375 0.392578125
0 1 0.5654296875 0.9990234375 0.490234375 0.9921875 0.4970703125 0.986328125 0.5107421875 0.984375 0.5380859375 0.986328125 0.5400390625 0.98828125 0.5556640625 0.9970703125 0.56640625 1 0.5654296875