1 0.7227722765625 0.5018564359375 0.7310231015624999 0.48535478593750003 0.7310231015624999 0.4585396046875 0.7268976890625 0.448226071875 0.7155528046875 0.43275577500000006 0.6949257421875 0.42244224375000006 0.6742986796875 0.42244224375000006 0.6598597359375 0.42863036250000003 0.6485148515625 0.439975246875 0.6423267328125 0.4544141921875 0.6423267328125 0.4791666671875 0.6485148515625 0.49566831718750004 0.6619224421875 0.5090759078125 0.6701732671875 0.5152640265625 0.6753300328125 0.5162953796875 0.7011138609375 0.5173267328125 0.7093646859375 0.5132013203125 0.7227722765625 0.5018564359375
1 0.6485148515625 0.382219471875 0.6547029703125 0.369843234375 0.6547029703125 0.35127887812499997 0.6526402640625 0.345090759375 0.6412953796875 0.33168316875000003 0.6309818484374999 0.32549505 0.6165429046875001 0.32343234375 0.6000412546875 0.3296204625 0.5928217828125 0.33683993437500004 0.5866336640625 0.349216171875 0.5866336640625 0.367780528125 0.5907590765624999 0.376031353125 0.6021039609375001 0.38943894375 0.6113861390625 0.392533003125 0.6309818484374999 0.39356435625 0.6412953796875 0.38943894375 0.6485148515625 0.382219471875
1 0.9847359734375001 0.4771039609375 0.9847359734375001 0.4667904296875 0.9754537953125 0.4533828390625 0.9641089109375001 0.4544141921875 0.9682343234375 0.4791666671875 0.9733910890624999 0.4801980203125 0.9754537953125 0.4781353140625 0.9847359734375001 0.4771039609375
0 0.9929867984375 0.5162953796875 0.9950495046875 0.49566831718750004 0.9929867984375 0.49360561093750005 0.9929867984375 0.4874174921875 0.9857673265625 0.4781353140625 0.9713283828125 0.4781353140625 0.9620462046875 0.4894801984375 0.9599834984375001 0.49566831718750004 0.9641089109375001 0.5204207921874999 0.9702970296875 0.5266089109375 0.9816419140624999 0.5276402640625 0.9909240921875 0.5204207921874999 0.9929867984375 0.5162953796875
0 0.9661716171875 0.4585396046875 0.9568894390624999 0.44719471874999994 0.9527640265624999 0.44513201249999995 0.9424504953125 0.44719471874999994 0.9331683171874999 0.46060231093750004 0.9331683171874999 0.4791666671875 0.9372937296874999 0.4894801984375 0.9434818484375 0.49360561093750005 0.9568894390624999 0.4946369640625 0.9682343234375 0.48122937343750005 0.9661716171875 0.4585396046875
0 0.9476072609375 0.421410890625 0.9362623765625001 0.4080033 0.9238861390625001 0.41006600625 0.9187293734375 0.417285478125 0.9187293734375 0.42347359687499997 0.9166666671874999 0.425536303125 0.9187293734375 0.437912540625 0.9269801984375 0.448226071875 0.9403877890624999 0.449257425 0.9476072609375 0.439975246875 0.9476072609375 0.421410890625
2 0.9476072609375 0.421410890625 0.9362623765625001 0.4080033 0.9238861390625001 0.41006600625 0.9187293734375 0.417285478125 0.9187293734375 0.42347359687499997 0.9166666671874999 0.425536303125 0.9187293734375 0.437912540625 0.9269801984375 0.448226071875 0.9403877890624999 0.449257425 0.9476072609375 0.439975246875 0.9476072609375 0.421410890625
1 0.9166666671874999 0.388407590625 0.9125412546874999 0.380156765625 0.9053217828125 0.37293729375 0.8950082515625001 0.37293729375 0.8908828390625001 0.375 0.885726071875 0.38634488437500003 0.8877887781249999 0.39872112187500003 0.8960396046874999 0.409034653125 0.9094471953125 0.41006600625 0.9166666671874999 0.40078382812499996 0.9166666671874999 0.388407590625
0 0.8898514843750001 0.380156765625 0.8877887781249999 0.365717821875 0.88056930625 0.35643564375 0.87644389375 0.3543729375 0.8661303625000001 0.3543729375 0.856848184375 0.365717821875 0.858910890625 0.380156765625 0.8630363031250001 0.388407590625 0.869224421875 0.392533003125 0.8785066 0.39356435625 0.885726071875 0.388407590625 0.8898514843750001 0.380156765625
1 0.852722771875 0.343028053125 0.8506600656250001 0.330651815625 0.8413778875 0.3213696375 0.83518976875 0.31930693125 0.82900165 0.3213696375 0.8238448843749999 0.32652640312500003 0.8217821781250001 0.332714521875 0.8259075906250001 0.347153465625 0.832095709375 0.35334158437499996 0.8434405937499999 0.3543729375 0.8475660062499999 0.35231023125 0.852722771875 0.343028053125
0 0.751650165625 0.28939768906249996 0.74443069375 0.27805280468750004 0.7361798687500001 0.2739273921875 0.7279290421875 0.2739273921875 0.7186468640625 0.2852722765625 0.7186468640625 0.2935231015625 0.7279290421875 0.30693069375 0.7330858078125 0.307962046875 0.738242575 0.3089934 0.749587459375 0.301773928125 0.751650165625 0.28939768906249996
1 0.6835808578125 0.2770214515625 0.6815181515625001 0.2646452140625 0.6701732671875 0.2553630359375 0.6577970296875 0.2553630359375 0.6505775578125 0.2605198015625 0.6485148515625 0.2646452140625 0.6485148515625 0.2770214515625 0.6536716171875 0.28424092343749996 0.6608910890625 0.2873349828125 0.6722359734375 0.2883663359375 0.6815181515625001 0.2811468640625 0.6835808578125 0.2770214515625
0 0.5866336640625 0.2522689765625 0.5866336640625 0.2419554453125 0.5845709578125 0.23783003281249998 0.5773514843750001 0.2306105609375 0.571163365625 0.2285478546875 0.558787128125 0.2306105609375 0.55156765625 0.2398927390625 0.55156765625 0.2502062703125 0.560849834375 0.2615511546875 0.5660065999999999 0.26258250781250003 0.573226071875 0.2636138609375 0.5814768984375001 0.2594884484375 0.5866336640625 0.2522689765625
0 0.50206270625 0.2295792078125 0.5 0.2233910890625 0.49484323437500005 0.21823432343750002 0.490717821875 0.21617161718750003 0.476278878125 0.21617161718750003 0.46905940625 0.2233910890625 0.4669967 0.2357673265625 0.47421617187500004 0.2450495046875 0.47731023125 0.2460808578125 0.490717821875 0.2471122109375 0.5 0.23783003281249998 0.50206270625 0.2295792078125
1 0.45049504999999995 0.2914603953125 0.4546204625 0.2832095703125 0.4546204625 0.2708333328125 0.45049504999999995 0.26258250781250003 0.437087459375 0.2533003296875 0.422648515625 0.2533003296875 0.4164603953125 0.2553630359375 0.4071782171875 0.26258250781250003 0.40305280468750004 0.2687706265625 0.40305280468750004 0.2873349828125 0.4102722765625 0.2966171609375 0.4216171609375 0.301773928125 0.435024753125 0.30280528125 0.443275578125 0.29867986874999997 0.45049504999999995 0.2914603953125
2 0.4205858078125 0.2533003296875 0.437087459375 0.2533003296875 0.45152640312500003 0.2615511546875 0.46080858124999996 0.2543316828125 0.46493399375 0.2481435640625 0.46287128749999995 0.2337046203125 0.449463696875 0.2244224421875 0.439150165625 0.2244224421875 0.432962046875 0.2306105609375 0.41439768906249996 0.2285478546875 0.4102722765625 0.2306105609375 0.3989273921875 0.2440181515625 0.3989273921875 0.2543316828125 0.40511551093750003 0.26258250781250003 0.4061468640625 0.2636138609375 0.4123349828125 0.25742574218750003 0.4205858078125 0.2533003296875
2 0.3700495046875 0.2708333328125 0.3700495046875 0.2563943890625 0.3607673265625 0.2450495046875 0.3463283828125 0.2409240921875 0.3360148515625 0.2450495046875 0.3267326734375 0.2543316828125 0.32260726093750003 0.2646452140625 0.3246699671875 0.27495874531250003 0.3370462046875 0.2852722765625 0.3525165015625 0.2863036296875 0.3628300328125 0.2801155109375 0.3700495046875 0.2708333328125
1 0.39273927343750004 0.2605198015625 0.39273927343750004 0.2543316828125 0.3948019796875 0.2522689765625 0.39273927343750004 0.2419554453125 0.3793316828125 0.23267326718749998 0.36489273906249997 0.23267326718749998 0.3556105609375 0.23783003281249998 0.3556105609375 0.2419554453125 0.3659240921875 0.2502062703125 0.3700495046875 0.2584570953125 0.3700495046875 0.27289603906250004 0.3793316828125 0.2739273921875 0.38758250781250003 0.26773927343750004 0.39273927343750004 0.2605198015625
1 0.4164603953125 0.22029702968749998 0.424711221875 0.21617161718750003 0.430899340625 0.21823432343750002 0.43605610625 0.21720297031250002 0.42883663437499997 0.21204620468750002 0.4164603953125 0.21204620468750002 0.4071782171875 0.21926567656249998 0.40511551093750003 0.23164191406249998 0.4082095703125 0.23267326718749998 0.4113036296875 0.22545379531249998 0.4164603953125 0.22029702968749998
1 0.40511551093750003 0.22132838281249997 0.4092409234375 0.21720297031250002 0.4092409234375 0.2130775578125 0.40202145156249997 0.2079207921875 0.3937706265625 0.2079207921875 0.3855198015625 0.21204620468750002 0.3803630359375 0.22132838281249997 0.3948019796875 0.23783003281249998 0.40305280468750004 0.23783003281249998 0.40511551093750003 0.2337046203125 0.40511551093750003 0.22132838281249997
0 0.40511551093750003 0.22132838281249997 0.4092409234375 0.21720297031250002 0.4092409234375 0.2130775578125 0.40202145156249997 0.2079207921875 0.3937706265625 0.2079207921875 0.3855198015625 0.21204620468750002 0.3803630359375 0.22132838281249997 0.3948019796875 0.23783003281249998 0.40305280468750004 0.23783003281249998 0.40511551093750003 0.2337046203125 0.40511551093750003 0.22132838281249997
2 0.3731435640625 0.2244224421875 0.3762376234375 0.21926567656249998 0.3669554453125 0.21204620468750002 0.3566419140625 0.21204620468750002 0.3525165015625 0.2141089109375 0.34323432343750004 0.22545379531249998 0.34323432343750004 0.2337046203125 0.34735973593749997 0.2398927390625 0.3525165015625 0.2409240921875 0.36489273906249997 0.22648514843749998 0.3731435640625 0.2244224421875
1 0.34323432343750004 0.22545379531249998 0.34735973593749997 0.21926567656249998 0.34735973593749997 0.2130775578125 0.34426567656249996 0.20998349843750003 0.34014026406250003 0.2079207921875 0.3298267328125 0.2079207921875 0.3205445546875 0.21514026406250003 0.3184818484375 0.22751650156249997 0.3267326734375 0.23783003281249998 0.33807755781250004 0.2388613859375 0.34323432343750004 0.2337046203125 0.34323432343750004 0.22545379531249998
0 0.34323432343750004 0.22545379531249998 0.34735973593749997 0.21926567656249998 0.34735973593749997 0.2130775578125 0.34426567656249996 0.20998349843750003 0.34014026406250003 0.2079207921875 0.3298267328125 0.2079207921875 0.3205445546875 0.21514026406250003 0.3184818484375 0.22751650156249997 0.3267326734375 0.23783003281249998 0.33807755781250004 0.2388613859375 0.34323432343750004 0.2337046203125 0.34323432343750004 0.22545379531249998
0 0.3143564359375 0.2337046203125 0.3143564359375 0.22751650156249997 0.3071369640625 0.21823432343750002 0.3030115515625 0.21617161718750003 0.2926980203125 0.21617161718750003 0.2854785484375 0.2233910890625 0.2854785484375 0.23783003281249998 0.2937293734375 0.2440181515625 0.3030115515625 0.2450495046875 0.3071369640625 0.24298679843749998 0.3143564359375 0.2337046203125
0 0.3195132015625 0.21204620468750002 0.3133250828125 0.2079207921875 0.3030115515625 0.2079207921875 0.2978547859375 0.21101485156250002 0.2988861390625 0.21617161718750003 0.3091996703125 0.21823432343750002 0.3164191421875 0.22751650156249997 0.3184818484375 0.22751650156249997 0.3205445546875 0.22132838281249997 0.3195132015625 0.21204620468750002
1 0.2854785484375 0.22545379531249998 0.28960396093749996 0.21926567656249998 0.28960396093749996 0.21514026406250003 0.2865099015625 0.21204620468750002 0.2741336640625 0.21204620468750002 0.262788778125 0.22132838281249997 0.262788778125 0.23164191406249998 0.2689768984375 0.2398927390625 0.28032178281250003 0.2409240921875 0.2854785484375 0.23783003281249998 0.2854785484375 0.22545379531249998
1 0.262788778125 0.22132838281249997 0.2669141921875 0.21720297031250002 0.26382013125000003 0.21204620468750002 0.2493811875 0.21204620468750002 0.244224421875 0.21720297031250002 0.244224421875 0.22132838281249997 0.250412540625 0.2295792078125 0.248349834375 0.2357673265625 0.250412540625 0.23783003281249998 0.2576320125 0.2388613859375 0.262788778125 0.2357673265625 0.262788778125 0.22132838281249997
2 0.250412540625 0.22751650156249997 0.24319306875 0.22029702968749998 0.23081683125 0.22029702968749998 0.22153465312499998 0.23164191406249998 0.23494224375 0.2347359734375 0.242161715625 0.2419554453125 0.245255775 0.24298679843749998 0.248349834375 0.2398927390625 0.250412540625 0.22751650156249997
2 0.126650165625 0.299711221875 0.128712871875 0.28939768906249996 0.124587459375 0.2811468640625 0.11736798749999999 0.2759900984375 0.1070544546875 0.2759900984375 0.10292904218750001 0.27805280468750004 0.0936468640625 0.28939768906249996 0.0915841578125 0.30383663437499997 0.0957095703125 0.312087459375 0.1018976890625 0.316212871875 0.1070544546875 0.317244225 0.11736798749999999 0.3131188125 0.126650165625 0.299711221875
2 0 0.3931288953125 0.0039191421875 0.39356435625 0.0080445546875 0.39150165000000003 0.017326732812500002 0.382219471875 0.0193894390625 0.376031353125 0.0214521453125 0.36365511562499997 0.0193894390625 0.357466996875 0.0121699671875 0.34818481874999996 0.0080445546875 0.34612211249999997 0 0.3481332515625 0 0.3931288953125
2 0.178217821875 0.318275578125 0.180280528125 0.30383663437499997 0.184405940625 0.297648515625 0.184405940625 0.2770214515625 0.17306105624999998 0.2698019796875 0.16068481875 0.2718646859375 0.153465346875 0.2790841578125 0.153465346875 0.2832095703125 0.145214521875 0.28939768906249996 0.134900990625 0.30383663437499997 0.132838284375 0.316212871875 0.134900990625 0.322400990625 0.14418316874999998 0.333745875 0.147277228125 0.334777228125 0.1586221125 0.33580858125 0.16481023125 0.333745875 0.178217821875 0.318275578125
1 0.23391089062499998 0.2708333328125 0.23391089062499998 0.2605198015625 0.242161715625 0.2502062703125 0.242161715625 0.2440181515625 0.23494224375 0.2347359734375 0.22875412499999997 0.23267326718749998 0.21431518125000001 0.2388613859375 0.21018976875 0.23267326718749998 0.20606435625000002 0.2306105609375 0.19781353125 0.2306105609375 0.186468646875 0.2398927390625 0.184405940625 0.2543316828125 0.194719471875 0.26258250781250003 0.194719471875 0.27495874531250003 0.196782178125 0.2790841578125 0.20193894375000002 0.28424092343749996 0.21122112187500003 0.2873349828125 0.22050329999999999 0.2863036296875 0.231848184375 0.27495874531250003 0.23391089062499998 0.2708333328125
0 0.509282178125 0.43688118749999993 0.524752475 0.419348184375 0.5288778875 0.39665841562500004 0.52681518125 0.394595709375 0.524752475 0.382219471875 0.513407590625 0.366749175 0.5010313531249999 0.35849834999999997 0.49484323437500005 0.35643564375 0.47421617187500004 0.35643564375 0.468028053125 0.35849834999999997 0.453589109375 0.366749175 0.44636963749999997 0.373968646875 0.44224422499999994 0.382219471875 0.43811881250000007 0.394595709375 0.44018151874999994 0.415222771875 0.44430693125 0.42347359687499997 0.457714521875 0.43688118749999993 0.46905940625 0.442037953125 0.49484323437500005 0.44306930624999996 0.5010313531249999 0.44100659999999997 0.509282178125 0.43688118749999993
1 0.432962046875 0.4080033 0.43811881250000007 0.40078382812499996 0.43811881250000007 0.392533003125 0.44636963749999997 0.373968646875 0.44636963749999997 0.365717821875 0.44224422499999994 0.359529703125 0.44224422499999994 0.355404290625 0.42883663437499997 0.34199670000000004 0.4164603953125 0.33580858125 0.39789603906250004 0.33580858125 0.3958333328125 0.3378712875 0.3896452140625 0.3378712875 0.3855198015625 0.34199670000000004 0.3793316828125 0.34405940625000003 0.3679867984375 0.355404290625 0.3617986796875 0.367780528125 0.3617986796875 0.382219471875 0.3679867984375 0.40078382812499996 0.3793316828125 0.41212871250000005 0.3906765671875 0.417285478125 0.41439768906249996 0.41831683125 0.4205858078125 0.41625412500000003 0.432962046875 0.4080033
1 0.3287953796875 0.345090759375 0.3349834984375 0.332714521875 0.3349834984375 0.318275578125 0.3308580859375 0.310024753125 0.3236386140625 0.300742575 0.3153877890625 0.2966171609375 0.3009488453125 0.29455445468749997 0.2988861390625 0.2966171609375 0.2926980203125 0.2966171609375 0.28444719531249996 0.300742575 0.27310231093750004 0.312087459375 0.2689768984375 0.324463696875 0.2689768984375 0.33683993437500004 0.2751650171875 0.349216171875 0.2823844890625 0.35643564375 0.28960396093749996 0.359529703125 0.3091996703125 0.36056105625 0.3174504953125 0.35643564375 0.3287953796875 0.345090759375