2 0.4984375 0.153125 0.040625 0.0484375
2 0.49375 0.3296875 0.0421875 0.046875
2 0.5421875 0.315625 0.04375 0.0453125
2 0.53125 0.5078125 0.0484375 0.0484375
2 0.515625 0.9078125 0.046875 0.053125
1 0.4671875 0.9078125 0.05 0.0515625
1 0.525 0.703125 0.046875 0.0484375
1 0.4734375 0.7109375 0.0484375 0.05
1 0.484375 0.515625 0.0453125 0.04375
1 0.54375 0.1390625 0.04375 0.053125
3 0.525 0.140625 0.103125 0.084375
3 0.5203125 0.328125 0.11875 0.059375
3 0.51875 0.509375 0.125 0.05625
3 0.515625 0.7109375 0.1078125 0.078125
3 0.5078125 0.903125 0.11875 0.0609375