2 0.4950403984375 0.3651124953125 0.4940671359375 0.3714046875 0.4947946703125 0.38317926406249997 0.49937766093749997 0.3934700515625 0.5038847375 0.39754174062500003 0.5121416609375 0.40117632499999994 0.5183873984375 0.40095607187500004 0.5255042343749999 0.39950715 0.5314004609375 0.39950715 0.5409141546875 0.38586803125 0.5422950328125 0.38279036718750004 0.543228384375 0.36791299843749997 0.5402448 0.361181678125 0.53336586875 0.354302746875 0.52746964375 0.35233733749999996 0.5255042343749999 0.354302746875 0.5225561203125 0.351354634375 0.5097809640625 0.35037192968749997 0.49700580624999996 0.361181678125 0.4950403984375 0.3651124953125
1 0.7089263375 0.3573313234375 0.7046666796875 0.3619769015625 0.6996489390625 0.36491820937499997 0.6961736578125 0.3700516453125 0.6936219078125 0.3763565859375 0.6941229250000001 0.3808122234375 0.6937703671875 0.38637548125 0.6928144734374999 0.38891995 0.6939091187499999 0.3908956546875 0.69585529375 0.3957637203125 0.7001088859375 0.40148655 0.7058013765625 0.406284228125 0.7159489109375 0.40728745312500003 0.7226213515625 0.4073452421875 0.7285175781250001 0.4073452421875 0.7383446218749999 0.401449015625 0.7432581453125 0.394570084375 0.7450011578125 0.386216503125 0.7452665265625 0.3836679890625 0.7463122265625 0.378697578125 0.746281078125 0.36946144062499997 0.7455707296874999 0.3685472125 0.7432581453125 0.365088953125 0.7379304484375 0.359890759375 0.7314656921875 0.355261909375 0.72529871875 0.355177628125 0.7167899203125 0.3548956734375 0.7089263375 0.3573313234375
1 0.301343215625 0.350522725 0.296231528125 0.35732766250000003 0.2961728890625 0.36777408125 0.296112153125 0.3747308546875 0.2976546125 0.37815976562500003 0.301504478125 0.3848955890625 0.30791160624999997 0.3912810578125 0.3256002859375 0.3932464671875 0.3314965125 0.3912810578125 0.3442716703125 0.38243671875 0.3460524078125 0.374585278125 0.3443159796875 0.3590602015625 0.3399649125 0.3507614765625 0.33085183906250004 0.34497713124999996 0.320093953125 0.3425708515625 0.313513775 0.34334500156250003 0.306261703125 0.34579325 0.301343215625 0.350522725
1 0.28910769062499997 0.3932672640625 0.2857271765625 0.3958525390625 0.281997965625 0.3986830671875 0.2789282203125 0.403412684375 0.278545471875 0.410033196875 0.278316596875 0.41589898906249995 0.2784148703125 0.42033938906249996 0.28369059218750003 0.4293589765625 0.2928282796875 0.43567303125 0.2969661 0.4380858984375 0.303549546875 0.4390703546875 0.31403901875 0.437574440625 0.32171710937500003 0.4319401625 0.3288475265625 0.423189975 0.3294317375 0.42088415156250003 0.3297333328125 0.419716990625 0.329902725 0.41350207031249997 0.330288921875 0.41088576093749996 0.32779688125 0.404162490625 0.32726386406249997 0.40174965625 0.3268141765625 0.401214378125 0.3268141765625 0.39924896875 0.317125046875 0.39045613281249997 0.31109090625 0.389421925 0.30028115781250003 0.3884392203125 0.2967583484375 0.3883777390625 0.28910769062499997 0.3932672640625
2 0.495023259375 0.4214143328125 0.49557275 0.4300131453125 0.4979403765625 0.43490915625 0.508250009375 0.44708413125 0.516611759375 0.449649721875 0.526438803125 0.449649721875 0.540196665625 0.44375349531249997 0.546685565625 0.43299364375 0.5477334640625 0.4236400515625 0.5438005453125 0.41235557500000003 0.5367031234375 0.40484930468749997 0.5288738609375 0.398905834375 0.5154083125 0.39862425468749996 0.5031535453125 0.40656526875 0.4977386609375 0.4123028625 0.495023259375 0.4214143328125
2 0.49455181093749995 0.4559064515625 0.492861690625 0.4597720578125 0.48909604062499995 0.46548356562500004 0.4884522140625 0.47676690781250003 0.48942427187500004 0.4829620390625 0.49793346875 0.494734634375 0.50163335 0.4969455140625 0.505636846875 0.4980975296875 0.5078892875000001 0.4988484796875 0.5188636390625 0.49842980625 0.5213601171875 0.4980975296875 0.5254162296875 0.49696782968750003 0.53553521875 0.4868228390625 0.537390278125 0.48319072343749997 0.5380660921875 0.4695991015625 0.535924615625 0.4637917296875 0.534135275 0.4597720578125 0.52725634375 0.45289312812500004 0.523601296875 0.45279608437499996 0.5190358171875 0.4513136359375 0.51830165625 0.451239521875 0.5174293 0.45092771875000004 0.5105503687499999 0.4499450140625 0.50760225625 0.448962309375 0.5023533671875 0.45067254375 0.49455181093749995 0.4559064515625
1 0.30160244999999997 0.483287303125 0.309597046875 0.4879136609375 0.3188999359375 0.49044883281249996 0.328941225 0.48869560625 0.33638296875 0.4840020359375 0.34223431249999997 0.47699859843750003 0.34552303125 0.4715003609375 0.346356096875 0.4630248578125 0.34478747187500003 0.45782103281250003 0.34247571250000003 0.451949809375 0.336935821875 0.44521333125 0.32925173124999996 0.4405689875 0.319528521875 0.43799216249999995 0.3115973515625 0.43917076093749996 0.3060290609375 0.4416832140625 0.3013402234375 0.4448100515625 0.2975147453125 0.44867623749999996 0.2965226390625 0.45102207656250004 0.293611640625 0.45616815468749994 0.2922456 0.4619551265625 0.2928988 0.469367521875 0.2954415453125 0.4764381734375 0.30160244999999997 0.483287303125
3 0.121875 0.39375 0.096875 0.121875
3 0.315625 0.4015625 0.0953125 0.1234375
3 0.5171875 0.4015625 0.0796875 0.1390625
3 0.7234375 0.415625 0.0875 0.1265625
3 0.925 0.4234375 0.1046875 0.128125