0 0.4370463703125 0 0.4370463703125 0.0114919359375 0.44410282187499994 0.020564515624999998 0.4582157265625 0.026612903124999997 0.48442540312500004 0.026612903124999997 0.4864415328125 0.0245967734375 0.49853830625000006 0.0225806453125 0.5076108875 0.0135080640625 0.5116431453125 0.00342741875 0.5111535140625 0 0.4370463703125 0
1 0.3957157265625 0.33508064531250004 0.393699596875 0.3370967734375 0.387651209375 0.3370967734375 0.37958669375 0.3411290328125 0.37253024218749997 0.34818548437499997 0.3644657265625 0.364314515625 0.362449596875 0.37842741874999997 0.3644657265625 0.3804435484375 0.3664818546875 0.392540321875 0.3775705640625 0.4056451609375 0.39168346718749997 0.41370967812500004 0.415877015625 0.41370967812500004 0.4370463703125 0.39657258125 0.4451108875 0.37842741874999997 0.44410282187499994 0.3572580640625 0.43805443593750004 0.34717741874999997 0.4320060484375 0.345161290625 0.42192540312500004 0.3370967734375 0.415877015625 0.33508064531250004 0.3957157265625 0.33508064531250004
1 0.42091733906249995 0.6364919359375001 0.430997984375 0.6566532265625 0.44410282187499994 0.6677419359375001 0.462247984375 0.673790321875 0.478377015625 0.673790321875 0.4945060484375 0.66572580625 0.5076108875 0.6526209671875 0.5136592734375001 0.6385080640624999 0.512651209375 0.617338709375 0.509627015625 0.60625 0.4945060484375 0.589112903125 0.4763608875 0.5830645156250001 0.4602318546875 0.5830645156250001 0.44208669375 0.589112903125 0.4269657265625 0.6042338703125 0.42091733906249995 0.6183467734375 0.42091733906249995 0.6364919359375001
1 0.42192540312500004 0.6616935484375001 0.42091733906249995 0.6526209671875 0.41688508124999996 0.6445564515625 0.4078125 0.6354838703125 0.3977318546875 0.6314516125 0.37958669375 0.6334677421875 0.3644657265625 0.64657258125 0.36043346718749997 0.6566532265625 0.36043346718749997 0.6647177421875 0.3644657265625 0.6768145156250001 0.37253024218749997 0.6868951609375 0.3664818546875 0.6909274187500001 0.362449596875 0.7030241937499999 0.3644657265625 0.705040321875 0.3644657265625 0.711088709375 0.3775705640625 0.726209678125 0.387651209375 0.7302419359375001 0.40378024218749997 0.7302419359375001 0.41688508124999996 0.7191532265625 0.42091733906249995 0.711088709375 0.42091733906249995 0.6989919359375001 0.41285282187499994 0.688911290625 0.41285282187499994 0.6848790328125001 0.42091733906249995 0.6747983875 0.42192540312500004 0.6616935484375001
1 0.3926915328125 0.75947580625 0.39873991875 0.77157258125 0.4078125 0.7806451609375 0.415877015625 0.7846774187500001 0.43402217812500005 0.7846774187500001 0.44208669375 0.7806451609375 0.4511592734375 0.77157258125 0.4551915328125 0.7614919359375001 0.45418346718749997 0.7524193546875 0.4491431453125 0.7393145156250001 0.44410282187499994 0.7342741937499999 0.427973790625 0.72822580625 0.415877015625 0.72822580625 0.40378024218749997 0.7342741937499999 0.39672379062499996 0.7413306453125 0.3926915328125 0.7473790328125001 0.3926915328125 0.75947580625
1 0.515675403125 0.8804435484375001 0.5116431453125 0.8905241937499999 0.5116431453125 0.9026209671875 0.5207157265625 0.91572580625 0.5348286296875 0.9237903218750001 0.540877015625 0.9258064515625 0.5610383062500001 0.9258064515625 0.575151209375 0.9197580640625 0.5882560484375 0.9086693546875001 0.5922883062500001 0.9006048390625001 0.5912802421875 0.8814516125 0.590272178125 0.876411290625 0.5842237906250001 0.8683467734375 0.5771673390625 0.8633064515625 0.5489415328125 0.8612903218750001 0.546925403125 0.8633064515625 0.5328125 0.8653225812500001 0.515675403125 0.8804435484375001
1 0.43402217812500005 0.867338709375 0.44007056406249995 0.867338709375 0.44208669375 0.8653225812500001 0.45015120937499997 0.8653225812500001 0.459223790625 0.85625 0.46123991875000003 0.8522177421875 0.4602318546875 0.839112903125 0.45720766093750004 0.8320564515625 0.45015120937499997 0.8270161296874999 0.44410282187499994 0.825 0.42595766093750004 0.825 0.4178931453125 0.8290322578125 0.41083669375 0.8381048390625001 0.41083669375 0.848185484375 0.4199092734375 0.8612903218750001 0.43402217812500005 0.867338709375
0 0.48140120937499997 0.8965725812500001 0.48341733906249995 0.8925403218750001 0.4824092734375 0.879435484375 0.4743447578125 0.8693548390625001 0.4682963703125 0.867338709375 0.44813508124999996 0.867338709375 0.43503024218749997 0.876411290625 0.4330141125 0.8864919359375 0.43503024218749997 0.8925403218750001 0.44410282187499994 0.901612903125 0.45216733906249995 0.9056451609374999 0.4682963703125 0.9056451609374999 0.4743447578125 0.9036290328125001 0.48140120937499997 0.8965725812500001
0 0.43503024218749997 0.8925403218750001 0.4320060484375 0.8854838703125001 0.4239415328125 0.8854838703125001 0.4148689515625 0.8965725812500001 0.41688508124999996 0.904637096875 0.427973790625 0.9137096781249999 0.44410282187499994 0.9137096781249999 0.45015120937499997 0.9116935484375001 0.45317540312500004 0.9086693546875001 0.45216733906249995 0.9056451609374999 0.4461189515625 0.9036290328125001 0.43503024218749997 0.8925403218750001
0 0.4320060484375 0.91572580625 0.42595766093750004 0.9116935484375001 0.42091733906249995 0.9127016125 0.42091733906249995 0.9207661296874999 0.42595766093750004 0.9278225812500001 0.430997984375 0.9268145156250001 0.4320060484375 0.91572580625
0 0.456199596875 0.9580645156250001 0.4703125 0.9580645156250001 0.47938508124999996 0.9510080640625 0.478377015625 0.941935484375 0.4743447578125 0.935887096875 0.462247984375 0.9338709671875 0.456199596875 0.9379032265625 0.44813508124999996 0.9379032265625 0.4430947578125 0.94697580625 0.456199596875 0.9580645156250001
1 0.43503024218749997 0.876411290625 0.4390625 0.8723790328125001 0.43805443593750004 0.8693548390625001 0.42595766093750004 0.8633064515625 0.42192540312500004 0.8633064515625 0.4118447578125 0.8552419359375 0.40378024218749997 0.8592741937499999 0.39873991875 0.8643145156250001 0.39672379062499996 0.870362903125 0.39873991875 0.876411290625 0.40378024218749997 0.8814516125 0.42192540312500004 0.8875 0.4330141125 0.8824596781249999 0.43503024218749997 0.876411290625
1 0.44410282187499994 0.9137096781249999 0.4320060484375 0.91572580625 0.4289818546875 0.9268145156250001 0.44007056406249995 0.935887096875 0.456199596875 0.9379032265625 0.46728830625000006 0.9288306453124999 0.46628024218749997 0.9197580640625 0.46527217812500005 0.9167338703125001 0.4582157265625 0.9116935484375001 0.4461189515625 0.9116935484375001 0.44410282187499994 0.9137096781249999