1 0.43410543125 0.3196884984375 0.4410942484375 0.326677315625 0.4650559109375 0.34065495156250003 0.4870207671875 0.3426517578125 0.489017571875 0.34065495156250003 0.5029952078125 0.338658146875 0.5149760390625 0.33067092656249997 0.52196485625 0.321685303125 0.5259584671875001 0.3196884984375 0.5299520765625 0.31170127812500004 0.5299520765625 0.3037140578125 0.5319488812500001 0.301717253125 0.5299520765625 0.27975239687500003 0.5199680515625 0.2637779546875 0.5069888171875 0.25279552656250004 0.4910143765625 0.2468051125 0.46904952031249997 0.2468051125 0.457068690625 0.25079872187499996 0.4361022359375 0.26777156562500004 0.428115015625 0.28374600625 0.42911341875 0.310702875 0.43410543125 0.3196884984375
1 0.52196485625 0.6012380187499999 0.515974440625 0.619209265625 0.51697284375 0.6421725234375 0.52196485625 0.6511581468750001 0.5349440890625 0.6641373796875001 0.5509185296875 0.6721246 0.566892971875 0.67412140625 0.5688897765625 0.6721246 0.5828674125 0.6701277953125 0.5908546328125001 0.6661341859375 0.59984025625 0.6571485625 0.60982428125 0.641174121875 0.60982428125 0.63518370625 0.6118210859375 0.6331869015625 0.6118210859375 0.61321885 0.60982428125 0.607228434375 0.6058306703125 0.603234825 0.603833865625 0.597244409375 0.5928514375 0.5862619812500001 0.58087060625 0.580271565625 0.5748801921875 0.5782747609375 0.554912140625 0.5782747609375 0.542931309375 0.5822683703125 0.5349440890625 0.5862619812500001 0.52196485625 0.6012380187499999
1 0.6018370609375 1 0.6018370609375 0.9926118203125001 0.5948482421875 0.9816293937499999 0.5828674125 0.9796325875 0.58087060625 0.9776357828125001 0.5688897765625 0.9776357828125001 0.566892971875 0.9796325875 0.554912140625 0.9816293937499999 0.5459265171875 0.9886182109374999 0.5399361015624999 0.9986022359375 0.540091409375 1 0.6018370609375 1
1 0.61481629375 0.9776357828125001 0.6257987218750001 0.9666533546875 0.6277955265624999 0.96265974375 0.6277955265624999 0.9526757187499999 0.6257987218750001 0.9486821093750001 0.6188099046875 0.9436900953125 0.6128194890625001 0.9496805109374999 0.5968450484375001 0.9556709265625001 0.57088658125 0.953674121875 0.5678913734375 0.958666134375 0.5688897765625 0.9696485625 0.5698881796874999 0.9726437703125 0.576876996875 0.9776357828125001 0.5828674125 0.9776357828125001 0.5928514375 0.9816293937499999 0.6068290734375 0.9816293937499999 0.61481629375 0.9776357828125001
1 0.6238019171875 0.9167332265624999 0.61481629375 0.907747603125 0.60483226875 0.90375399375 0.5928514375 0.90375399375 0.566892971875 0.9137380187499999 0.559904153125 0.9267172531250001 0.5589057515625 0.9357028749999999 0.5619009578124999 0.94269169375 0.57088658125 0.951677315625 0.5788738015625 0.9556709265625001 0.5988418531249999 0.9556709265625001 0.6128194890625001 0.9496805109374999 0.6238019171875 0.9386980828124999 0.6257987218750001 0.9227236421875 0.6238019171875 0.9167332265624999
1 0.66873003125 0.8198881796874999 0.6737220453125 0.814896165625 0.6777156546875001 0.804912140625 0.6777156546875001 0.7909345046875 0.67571885 0.7869408953125 0.6627396171875 0.7759584671875001 0.646765175 0.7759584671875001 0.6407747609375 0.777955271875 0.6238019171875 0.792931309375 0.6218051124999999 0.798921725 0.6228035140625 0.809904153125 0.6238019171875 0.8128993609374999 0.6387779546875 0.8258785937500001 0.6447683703125 0.8258785937500001 0.646765175 0.8278753999999999 0.6567492015624999 0.8258785937500001 0.66873003125 0.8198881796874999
1 0.7106629390625 0.6202076671875 0.7146565500000001 0.6182108625 0.723642171875 0.607228434375 0.723642171875 0.5932507984375001 0.7216453671874999 0.5892571890625 0.708666134375 0.580271565625 0.696685303125 0.5822683703125 0.6857028749999999 0.595247603125 0.6867012781249999 0.6102236421875 0.696685303125 0.6202076671875 0.7106629390625 0.6202076671875
1 0.69269169375 0.6242012781249999 0.681709265625 0.6371805109374999 0.6827076671875 0.6521565500000001 0.6837060703125 0.6551517578125 0.69269169375 0.662140575 0.7106629390625 0.662140575 0.7216453671874999 0.6491613421875 0.7216453671874999 0.63518370625 0.7196485625 0.629193290625 0.7146565500000001 0.6242012781249999 0.708666134375 0.6222044734375001 0.696685303125 0.6222044734375001 0.69269169375 0.6242012781249999
1 0.7046725234375 0.7040734828125 0.69269169375 0.7040734828125 0.6777156546875001 0.7150559109375 0.67571885 0.7190495203125 0.676717253125 0.7240415328124999 0.681709265625 0.729033546875 0.6837060703125 0.7390175718750001 0.6886980828125 0.744009584375 0.70267571875 0.744009584375 0.7136581468750001 0.7350239609375 0.7176517578125 0.7250399359374999 0.7176517578125 0.7170527156250001 0.708666134375 0.7060702875 0.7046725234375 0.7040734828125
0 0.674720446875 0.722044728125 0.6667332265625 0.7180511187499999 0.6507587859374999 0.7180511187499999 0.642771565625 0.722044728125 0.6317891375 0.7350239609375 0.6277955265624999 0.7450079875 0.6287939296875 0.755990415625 0.63678115 0.765974440625 0.6447683703125 0.7699680515625 0.6627396171875 0.77196485625 0.6707268375 0.7679712453125 0.679712459375 0.7589856234375 0.6837060703125 0.750998403125 0.6837060703125 0.73302715625 0.674720446875 0.722044728125
0 0.6277955265624999 0.3476437703125 0.6257987218750001 0.35363418593749996 0.6267971250000001 0.3686102234375 0.6347843453124999 0.3785942484375 0.642771565625 0.382587859375 0.6567492015624999 0.382587859375 0.664736421875 0.3785942484375 0.6717252390625 0.3696086265625 0.6717252390625 0.35363418593749996 0.65874600625 0.338658146875 0.654752396875 0.3366613421875 0.6407747609375 0.3366613421875 0.6277955265624999 0.3476437703125
0 0.681709265625 0.673123003125 0.6777156546875001 0.683107028125 0.6787140578125 0.6920926515625 0.679712459375 0.695087859375 0.6906948875000001 0.7040734828125 0.7046725234375 0.7040734828125 0.7176517578125 0.6930910546875 0.7196485625 0.6871006390625001 0.7176517578125 0.673123003125 0.71265974375 0.6661341859375 0.7046725234375 0.662140575 0.69269169375 0.6641373796875001 0.681709265625 0.673123003125
1 0.6677316296875 0.42751597500000005 0.6637380187499999 0.4355031953125 0.664736421875 0.4464856234375 0.674720446875 0.45846645312499995 0.6787140578125 0.460463259375 0.69269169375 0.460463259375 0.698682109375 0.45646964843750004 0.703674121875 0.44948083125 0.703674121875 0.43350638906250005 0.6946884984375 0.42252396093750005 0.6827076671875 0.41853035156249996 0.676717253125 0.42052715625000003 0.6677316296875 0.42751597500000005