1 0.853515625 0.5439453125 0.845703125 0.5283203125 0.8291015625 0.51171875 0.8115234375 0.50390625 0.8017578125 0.50390625 0.7978515625 0.501953125 0.7958984375 0.50390625 0.7841796875 0.50390625 0.7666015625 0.51171875 0.74609375 0.5302734375 0.73828125 0.5439453125 0.734375 0.5556640625 0.734375 0.5947265625 0.73828125 0.6064453125 0.74609375 0.6181640625 0.7568359375 0.62890625 0.7685546875 0.63671875 0.7802734375 0.638671875 0.7822265625 0.640625 0.80859375 0.6396484375 0.8251953125 0.6328125 0.8349609375 0.625 0.84375 0.6142578125 0.8515625 0.6005859375 0.85546875 0.5888671875 0.857421875 0.5595703125 0.85546875 0.5576171875 0.853515625 0.5439453125
1 0.1767578125 0.416015625 0.1669921875 0.419921875 0.158203125 0.4267578125 0.15234375 0.4384765625 0.15234375 0.4560546875 0.15625 0.4658203125 0.1669921875 0.474609375 0.18359375 0.4736328125 0.1904296875 0.470703125 0.197265625 0.4638671875 0.201171875 0.4521484375 0.201171875 0.4345703125 0.19921875 0.4287109375 0.1904296875 0.419921875 0.1826171875 0.416015625 0.1767578125 0.416015625
1 0.0390625 0.4912109375 0.03515625 0.4990234375 0.03515625 0.5068359375 0.033203125 0.5087890625 0.03515625 0.5205078125 0.0400390625 0.5234375 0.0458984375 0.5234375 0.0556640625 0.533203125 0.060546875 0.5322265625 0.06640625 0.5263671875 0.06640625 0.5166015625 0.068359375 0.5146484375 0.06640625 0.4990234375 0.064453125 0.4931640625 0.0556640625 0.484375 0.0478515625 0.484375 0.0390625 0.4912109375
1 0.021484375 0.5458984375 0.01953125 0.5478515625 0.01953125 0.5556640625 0.025390625 0.5732421875 0.0361328125 0.583984375 0.05078125 0.5830078125 0.060546875 0.5712890625 0.060546875 0.5478515625 0.0546875 0.5322265625 0.0458984375 0.5234375 0.0400390625 0.5234375 0.0380859375 0.521484375 0.0234375 0.5341796875 0.021484375 0.5458984375
2 0.1318359375 0.412109375 0.1435546875 0.421875 0.146484375 0.4208984375 0.15234375 0.4130859375 0.15234375 0.4013671875 0.1455078125 0.392578125 0.1357421875 0.390625 0.1318359375 0.392578125 0.125 0.4013671875 0.123046875 0.4130859375 0.1318359375 0.412109375
2 0.11328125 0.4208984375 0.109375 0.4306640625 0.109375 0.4423828125 0.11328125 0.4501953125 0.1181640625 0.455078125 0.12109375 0.4541015625 0.12109375 0.4462890625 0.125 0.4345703125 0.1298828125 0.427734375 0.140625 0.4208984375 0.1357421875 0.4140625 0.1298828125 0.412109375 0.1181640625 0.416015625 0.11328125 0.4208984375
2 0.1396484375 0.421875 0.1298828125 0.427734375 0.125 0.4345703125 0.12109375 0.4462890625 0.12109375 0.4560546875 0.123046875 0.4619140625 0.1318359375 0.47265625 0.1357421875 0.474609375 0.1484375 0.4736328125 0.15625 0.4697265625 0.15625 0.4638671875 0.15234375 0.4560546875 0.15234375 0.4384765625 0.15625 0.4326171875 0.15625 0.4267578125 0.1474609375 0.421875 0.1396484375 0.421875
2 0.087890625 0.4638671875 0.0859375 0.4697265625 0.0859375 0.4873046875 0.08984375 0.4951171875 0.0986328125 0.50390625 0.11328125 0.5029296875 0.123046875 0.4951171875 0.126953125 0.4873046875 0.126953125 0.4677734375 0.123046875 0.4599609375 0.1142578125 0.451171875 0.1005859375 0.451171875 0.0966796875 0.453125 0.087890625 0.4638671875
2 0.3271484375 0.4609375 0.3095703125 0.455078125 0.2939453125 0.45703125 0.2783203125 0.46484375 0.265625 0.4794921875 0.259765625 0.4912109375 0.2578125 0.5166015625 0.267578125 0.5380859375 0.2802734375 0.55078125 0.2998046875 0.55859375 0.318359375 0.5576171875 0.3330078125 0.55078125 0.34765625 0.5341796875 0.3515625 0.5224609375 0.3515625 0.5126953125 0.353515625 0.5107421875 0.3515625 0.4892578125 0.34375 0.4755859375 0.3271484375 0.4609375
2 0.5830078125 0.453125 0.5771484375 0.453125 0.5693359375 0.44921875 0.5537109375 0.447265625 0.5263671875 0.45703125 0.5078125 0.4736328125 0.498046875 0.4951171875 0.498046875 0.5087890625 0.49609375 0.5107421875 0.498046875 0.5126953125 0.498046875 0.5263671875 0.5 0.5322265625 0.50390625 0.5400390625 0.5166015625 0.5546875 0.5302734375 0.5625 0.5419921875 0.56640625 0.5478515625 0.56640625 0.5498046875 0.568359375 0.56640625 0.5673828125 0.5888671875 0.55859375 0.59765625 0.5498046875 0.6015625 0.5361328125 0.615234375 0.5146484375 0.615234375 0.4990234375 0.607421875 0.4755859375 0.5888671875 0.45703125 0.5830078125 0.453125
2 0.732421875 0.5439453125 0.73046875 0.5419921875 0.73046875 0.5361328125 0.720703125 0.5185546875 0.7021484375 0.5 0.6845703125 0.4921875 0.6533203125 0.4921875 0.6357421875 0.5 0.6240234375 0.5078125 0.609375 0.5244140625 0.599609375 0.5478515625 0.599609375 0.5732421875 0.611328125 0.6005859375 0.6240234375 0.61328125 0.6416015625 0.623046875 0.6474609375 0.623046875 0.6494140625 0.625 0.6572265625 0.625 0.6591796875 0.626953125 0.67578125 0.6259765625 0.6845703125 0.625 0.7001953125 0.6171875 0.716796875 0.6025390625 0.73046875 0.5771484375 0.73046875 0.5712890625 0.734375 0.5615234375 0.732421875 0.5576171875 0.732421875 0.5439453125