1 0.2152122640625 0.398181996875 0.211281446875 0.40014740625 0.1985062890625 0.414887971875 0.19654088125 0.42078419843750003 0.19654088125 0.43847287812499997 0.1985062890625 0.444369103125 0.2053852203125 0.45321344375 0.2171776734375 0.45714426093749994 0.22798742187499998 0.45616155625 0.23486635156250002 0.45321344375 0.2456761 0.43847287812499997 0.247641509375 0.434542059375 0.247641509375 0.41685338125 0.2456761 0.41095715468750005 0.23879717031249997 0.4021128140625 0.230935534375 0.398181996875 0.2152122640625 0.398181996875
1 0.3911163515625 0.3677181609375 0.3950471703125 0.3657527515625 0.4048742140625 0.351994890625 0.4048742140625 0.33627161875 0.39602987343749996 0.32546187031249996 0.3881682390625 0.321531053125 0.37244496875 0.32349646249999997 0.3596698109375 0.33627161875 0.35770440312499996 0.3421678453125 0.3596698109375 0.3559257078125 0.3665487421875 0.36477004687500003 0.374410378125 0.3687008640625 0.3911163515625 0.3677181609375
0 0.295794025 0.3687008640625 0.284001571875 0.3706662734375 0.27319182343750004 0.3795106125 0.26729559687500004 0.391303065625 0.26729559687500004 0.405060928125 0.271226415625 0.41292256250000003 0.2800707546875 0.421766903125 0.29186320781249997 0.4256977203125 0.29874213906249997 0.424715015625 0.307586478125 0.421766903125 0.3164308171875 0.41292256250000003 0.3203616359375 0.40309551875 0.3203616359375 0.3854068390625 0.3164308171875 0.37754520468749997 0.30955188749999996 0.3706662734375 0.29775943437499997 0.36673545625 0.295794025 0.3687008640625
0 0.6780660375 0.3244791671875 0.6780660375 0.31072130468750003 0.6741352203125001 0.3028596703125 0.6692216984375 0.2979461484375 0.6593946546875 0.2940153296875 0.6436713843749999 0.2959807390625 0.6328616359375 0.308755896875 0.63482704375 0.326444575 0.649567609375 0.3392197328125 0.6662735843750001 0.338237028125 0.6741352203125001 0.3323408015625 0.6780660375 0.3244791671875
0 0.726218553125 0.345115959375 0.719339621875 0.3559257078125 0.719339621875 0.36378734218750003 0.7173742140625 0.3657527515625 0.719339621875 0.37754520468749997 0.723270440625 0.3854068390625 0.736045596875 0.3962165875 0.7439072328125 0.40014740625 0.7606132078125001 0.3991647015625 0.7743710687500001 0.3873722484375 0.7743710687500001 0.38344143124999996 0.7783018875 0.37754520468749997 0.7783018875 0.361821934375 0.7674921390625 0.345115959375 0.7517688671875 0.3372543234375 0.736045596875 0.3392197328125 0.726218553125 0.345115959375
0 0.680031446875 0.30482507812500004 0.68494496875 0.2979461484375 0.6937893078124999 0.294998034375 0.689858490625 0.28713639999999996 0.6810141515625 0.282222878125 0.6692216984375 0.282222878125 0.66529088125 0.2841882859375 0.6603773578125 0.2891018078125 0.6603773578125 0.2930326265625 0.663325471875 0.2959807390625 0.6672562890625 0.2959807390625 0.6770833328125 0.3058077828125 0.680031446875 0.30482507812500004
0 0.5856918234374999 0.294998034375 0.5837264156249999 0.3067904875 0.5876572328125 0.3067904875 0.5896226421875 0.3008942609375 0.6023977984375 0.292049921875 0.6122248421875 0.292049921875 0.6220518875 0.2979461484375 0.625 0.29696344375 0.623034590625 0.2930326265625 0.6141902515625 0.2861536953125 0.610259434375 0.2841882859375 0.600432390625 0.2841882859375 0.5945361640625 0.2861536953125 0.5856918234374999 0.294998034375
1 0.5876572328125 0.3244791671875 0.59846698125 0.33528891562499996 0.6063286156250001 0.33528891562499996 0.608294025 0.3372543234375 0.61517295625 0.33627161875 0.620086478125 0.33528891562499996 0.6308962265625 0.3244791671875 0.6308962265625 0.3067904875 0.6220518875 0.2959807390625 0.6141902515625 0.292049921875 0.600432390625 0.292049921875 0.5876572328125 0.3028596703125 0.5856918234374999 0.3067904875 0.5856918234374999 0.318582940625 0.5876572328125 0.3244791671875
1 0.5493317609374999 0.331358096875 0.5591588046875 0.33528891562499996 0.5660377359375001 0.3343062109375 0.5709512578125 0.33332350625 0.579795596875 0.3244791671875 0.5837264156249999 0.31661753125000003 0.5837264156249999 0.308755896875 0.579795596875 0.3008942609375 0.5689858484375 0.292049921875 0.5512971703125 0.292049921875 0.5473663515625 0.2940153296875 0.5385220125 0.30482507812500004 0.5385220125 0.318582940625 0.5493317609374999 0.331358096875
1 0.680031446875 0.3028596703125 0.6780660375 0.3067904875 0.6780660375 0.3225137578125 0.6819968546874999 0.33037539374999997 0.6888757859375 0.3372543234375 0.7006682390625001 0.34118514218749996 0.7055817609374999 0.3402024375 0.7104952828125 0.3392197328125 0.719339621875 0.33037539374999997 0.72130503125 0.326444575 0.72130503125 0.3126867140625 0.719339621875 0.3067904875 0.7104952828125 0.2979461484375 0.6947720125 0.2940153296875 0.68494496875 0.2979461484375 0.680031446875 0.3028596703125
1 0.7802672953124999 0.3795106125 0.7822327046875001 0.3854068390625 0.793042453125 0.40014740625 0.8009040875 0.40407822343750005 0.8176100625 0.40309551875 0.831367925 0.391303065625 0.8352987421875 0.3795106125 0.8352987421875 0.36968356875 0.82743710625 0.3539602984375 0.822523584375 0.3490467765625 0.812696540625 0.34315055 0.7969732703125 0.34315055 0.793042453125 0.345115959375 0.7802672953124999 0.359856525 0.7802672953124999 0.3795106125
1 0.9325864781250001 0.5966882859375 0.9512578609375 0.5799823109375 0.9591194968750001 0.5622936328125 0.9591194968750001 0.5465703609375 0.96108490625 0.544604953125 0.9591194968750001 0.5406741359375 0.9591194968750001 0.5269162734374999 0.9512578609375 0.50922759375 0.9424135218749999 0.4984178453125 0.9345518875 0.49252161875 0.9247248421875 0.48859080156249995 0.91096698125 0.48859080156249995 0.8952437109375 0.4964524375 0.8824685531249999 0.50922759375 0.8765723265625001 0.521020046875 0.8765723265625001 0.5269162734374999 0.872641509375 0.5328125 0.872641509375 0.5603282234375 0.8805031453125001 0.5819477203125001 0.8844339625 0.587843946875 0.89720911875 0.5986536953125 0.9070361640625 0.6025845125 0.9158805031249999 0.6016018078125 0.9325864781250001 0.5966882859375
1 0.956171384375 0.40407822343750005 0.9404481125 0.40407822343750005 0.9365172953125 0.4060436328125 0.9257075468749999 0.4188187890625 0.9257075468749999 0.424715015625 0.9237421390625 0.426680425 0.9257075468749999 0.448299921875 0.9316037734375 0.4620577828125 0.9365172953125 0.4669713046875 0.9502751578125 0.47286753125000003 0.9551886796875 0.47188482656249997 0.9620676093749999 0.46893671406250004 0.9748427671875 0.4541961484375 0.9748427671875 0.42864583281249996 0.97091195 0.42274960625 0.97091195 0.4188187890625 0.9601022015625 0.4060436328125 0.956171384375 0.40407822343750005
1 0.9748427671875 0.4306112421875 0.9748427671875 0.4541961484375 0.978773584375 0.4541961484375 0.9846698109375 0.448299921875 0.9905660375 0.4325766515625 0.9886006296875 0.41292256250000003 0.9797562890625 0.40014740625 0.9699292453125 0.3942511796875 0.9620676093749999 0.3942511796875 0.9581367921874999 0.3962165875 0.9532232703125001 0.40309551875 0.9601022015625 0.4060436328125 0.97091195 0.4188187890625 0.9748427671875 0.4306112421875
1 1 0.4231426890625 0.9905660375 0.4325766515625 0.9827044031250001 0.45616155625 0.9866352203125001 0.4600923734375 0.9964622640625 0.47974646249999997 1 0.48116155625 1 0.4231426890625