0 0.4957797421875 0.068729903125 0.5178858515625 0.07073955 0.52893890625 0.0637057875 0.530948553125 0.0476286171875 0.5259244375 0.0426045015625 0.51587620625 0.038585209375 0.50180868125 0.038585209375 0.49176045 0.0426045015625 0.486736334375 0.0476286171875 0.48573151093750006 0.0546623796875 0.48874598125 0.0637057875 0.4957797421875 0.068729903125
0 0.5148713828125 0.07375401875000001 0.5128617359375001 0.0797829578125 0.513866559375 0.0868167203125 0.5219051453125 0.0968649515625 0.527934084375 0.0988745984375 0.5460209 0.0988745984375 0.5570739546875 0.08983118906250001 0.5590836015625 0.0817926046875 0.5570739546875 0.075763665625 0.5500401921875 0.068729903125 0.537982315625 0.06672025781249999 0.53597266875 0.0647106109375 0.527934084375 0.0647106109375 0.5148713828125 0.07375401875000001
1 0.5299437296875 0.0647106109375 0.5500401921875 0.068729903125 0.551045015625 0.0596864953125 0.5440112546875 0.050643087499999996 0.5319533765625 0.048633440625 0.52893890625 0.0576768484375 0.5299437296875 0.0647106109375
2 0.5520498390624999 0.10289389062500001 0.55606913125 0.1089228296875 0.5641077171875 0.112942121875 0.5801848875 0.112942121875 0.58721865 0.10791800625 0.5892282953125 0.095860128125 0.5842041796874999 0.0888263671875 0.568127009375 0.082797428125 0.5661173640625 0.0848070734375 0.560088425 0.0848070734375 0.5570739546875 0.08782154375 0.551045015625 0.095860128125 0.5520498390624999 0.10289389062500001
1 0.5842041796874999 0.1310289390625 0.59023311875 0.1390675234375 0.60028135 0.1430868171875 0.6063102890625001 0.1430868171875 0.6083199359375 0.1410771703125 0.614348875 0.1410771703125 0.61736334375 0.1380627015625 0.619372990625 0.1260048234375 0.614348875 0.11897106093750001 0.5982717046875 0.112942121875 0.585209003125 0.119975884375 0.58319935625 0.1260048234375 0.5842041796874999 0.1310289390625
0 0.6083199359375 0.1410771703125 0.60430064375 0.1430868171875 0.5992765265625 0.150120578125 0.60028135 0.1611736328125 0.61032958125 0.16921221875 0.62439710625 0.171221865625 0.6354501609375001 0.16217845625 0.6354501609375001 0.152130225 0.622387459375 0.1410771703125 0.6083199359375 0.1410771703125
1 0.6525321546875 0.20337620625000002 0.65856109375 0.20136655937499998 0.663585209375 0.19634244375 0.663585209375 0.1862942125 0.6615755625 0.1822749203125 0.6525321546875 0.1752411578125 0.6404742765625 0.1752411578125 0.636454984375 0.177250803125 0.63143086875 0.184284565625 0.632435690625 0.193327975 0.6384646296875001 0.1993569125 0.6525321546875 0.20337620625000002
0 0.7017684890625 0.292805465625 0.703778134375 0.2867765265625 0.6997588421875001 0.2767282953125 0.6947347265625 0.2717041796875 0.6826768484375 0.269694534375 0.67162379375 0.2787379421875 0.6726286171875 0.289790996875 0.676647909375 0.2958199359375 0.6846864953125 0.299839228125 0.6947347265625 0.299839228125 0.7017684890625 0.292805465625
1 0.700763665625 0.36615755625 0.7067926046874999 0.36615755625 0.71282154375 0.364147909375 0.717845659375 0.35912379375 0.7198553046875 0.3490755625 0.7158360125 0.33902733125 0.7027733125 0.33199356875 0.6897106109375 0.33902733125 0.6877009640625 0.3430466234375 0.6887057875 0.354099678125 0.6927250796875 0.3621382640625 0.700763665625 0.36615755625
1 0.7419614140624999 0.4375 0.73995176875 0.4314710609375 0.73291800625 0.42443729843750005 0.720860128125 0.422427653125 0.7168408359375 0.42443729843750005 0.7098070734374999 0.43348070781250003 0.710811896875 0.44252411562500005 0.7188504828125 0.452572346875 0.730908359375 0.45458199375 0.73995176875 0.44754823125 0.7419614140624999 0.4375
0 0.7419614140624999 0.4375 0.73995176875 0.4314710609375 0.73291800625 0.42443729843750005 0.720860128125 0.422427653125 0.7168408359375 0.42443729843750005 0.7098070734374999 0.43348070781250003 0.710811896875 0.44252411562500005 0.7188504828125 0.452572346875 0.730908359375 0.45458199375 0.73995176875 0.44754823125 0.7419614140624999 0.4375
1 0.724879421875 0.5249196140625 0.734927653125 0.5329582 0.74698553125 0.530948553125 0.7540192921875 0.5178858515625 0.75 0.505827975 0.7429662375 0.5008038578125 0.730908359375 0.5028135046875 0.7238745984375 0.5098472671875001 0.724879421875 0.5249196140625
0 0.734927653125 0.5008038578125 0.7288987140625001 0.5048231515625 0.7238745984375 0.5098472671875001 0.724879421875 0.5249196140625 0.734927653125 0.5329582 0.74698553125 0.530948553125 0.7540192921875 0.5178858515625 0.75 0.505827975 0.7409565921875 0.5008038578125 0.734927653125 0.5008038578125
1 0.575160771875 0.30486334375 0.5620980703125 0.2938102890625 0.5500401921875 0.289790996875 0.5319533765625 0.289790996875 0.5198954984374999 0.2938102890625 0.506832796875 0.306872990625 0.5078376203125 0.323954984375 0.510852090625 0.347065915625 0.5148713828125 0.3551045015625 0.53597266875 0.36615755625 0.5540594859375 0.36615755625 0.5661173640625 0.3621382640625 0.5791800640625 0.3490755625 0.58319935625 0.33902733125 0.58319935625 0.3229501609375 0.575160771875 0.30486334375
1 0.659565915625 0.381229903125 0.6555466234375 0.37319131875 0.64449356875 0.3621382640625 0.636454984375 0.3581189703125 0.6203778140625 0.3581189703125 0.6083199359375 0.364147909375 0.6032958203125001 0.369172025 0.5992765265625 0.3792202578125 0.60028135 0.3963022515625 0.6032958203125001 0.405345659375 0.614348875 0.4143890671875 0.62439710625 0.418408359375 0.6344453375 0.418408359375 0.6485128625 0.412379421875 0.653536978125 0.40735530468750003 0.659565915625 0.395297428125 0.659565915625 0.381229903125
0 0.629421221875 0.523914790625 0.6354501609375001 0.5078376203125 0.6354501609375001 0.4957797421875 0.627411575 0.479702571875 0.614348875 0.46864951718750003 0.60430064375 0.46463022499999995 0.5882234734375 0.46463022499999995 0.578175240625 0.46864951718750003 0.565112540625 0.48171221875 0.5590836015625 0.4957797421875 0.560088425 0.510852090625 0.565112540625 0.523914790625 0.578175240625 0.5369774921875 0.582194534375 0.5369774921875 0.5882234734375 0.540996784375 0.6063102890625001 0.540996784375 0.6163585203124999 0.5369774921875 0.629421221875 0.523914790625
1 0.6384646296875001 0.6012861734375 0.6454983921874999 0.592242765625 0.65152733125 0.578175240625 0.65152733125 0.5641077171875 0.6475080390625 0.5540594859375 0.6384646296875001 0.54300643125 0.626406753125 0.5369774921875 0.614348875 0.5369774921875 0.6063102890625001 0.540996784375 0.5942524109375 0.54300643125 0.585209003125 0.5520498390624999 0.5791800640625 0.5641077171875 0.5801848875 0.58319935625 0.58721865 0.5962620578125 0.5982717046875 0.605305465625 0.602290996875 0.605305465625 0.6083199359375 0.609324759375 0.622387459375 0.609324759375 0.6384646296875001 0.6012861734375
1 0.6726286171875 0.6434887453125 0.6605707390625 0.639469453125 0.6525321546875 0.639469453125 0.6424839234374999 0.6434887453125 0.629421221875 0.656551446875 0.6254019296875 0.666599678125 0.626406753125 0.6776527328124999 0.636454984375 0.693729903125 0.6485128625 0.6997588421875001 0.65856109375 0.6997588421875001 0.6726286171875 0.693729903125 0.6776527328124999 0.6887057875 0.683681671875 0.67865755625 0.68569131875 0.6645900328125001 0.6796623796875 0.6505225078125 0.6726286171875 0.6434887453125
1 0.7047829578125 0.5389871375 0.690715434375 0.5389871375 0.6776527328124999 0.5500401921875 0.673633440625 0.558078778125 0.6746382640624999 0.565112540625 0.6776527328124999 0.5741559484375001 0.6866961421875 0.58319935625 0.690715434375 0.585209003125 0.7047829578125 0.585209003125 0.7158360125 0.5761655953125 0.7198553046875 0.5661173640625 0.7198553046875 0.55606913125 0.717845659375 0.5500401921875 0.7088022515625 0.540996784375 0.7047829578125 0.5389871375
2 0.73995176875 0.5801848875 0.73995176875 0.57013665625 0.737942121875 0.5661173640625 0.7439710609375 0.558078778125 0.7439710609375 0.5440112546875 0.73995176875 0.537982315625 0.73291800625 0.5329582 0.722869775 0.5329582 0.7168408359375 0.5369774921875 0.7138263671875 0.5420016078125001 0.7138263671875 0.5460209 0.7198553046875 0.5540594859375 0.7198553046875 0.568127009375 0.7158360125 0.5721463015625 0.7158360125 0.5761655953125 0.707797428125 0.582194534375 0.7088022515625 0.585209003125 0.7148311890625 0.5912379421875 0.722869775 0.5932475890625 0.7369372984375 0.585209003125 0.73995176875 0.5801848875
2 0.690715434375 0.6475080390625 0.6917202578125 0.6505225078125 0.700763665625 0.6575562703125 0.7067926046874999 0.659565915625 0.7088022515625 0.6575562703125 0.7168408359375 0.6575562703125 0.7299035375 0.6424839234374999 0.7299035375 0.6304260453125 0.727893890625 0.626406753125 0.7148311890625 0.6153536984375 0.700763665625 0.61736334375 0.6897106109375 0.6304260453125 0.690715434375 0.6475080390625
1 0.700763665625 0.61736334375 0.7067926046874999 0.6153536984375 0.7188504828125 0.61736334375 0.730908359375 0.63143086875 0.737942121875 0.622387459375 0.737942121875 0.612339228125 0.7319131828125001 0.60430064375 0.7319131828125001 0.60028135 0.7268890671875 0.59726688125 0.71282154375 0.59726688125 0.7088022515625 0.5992765265625 0.6997588421875001 0.61032958125 0.700763665625 0.61736334375
1 0.73291800625 0.663585209375 0.7389469453124999 0.6696141484375 0.7510048234375 0.6696141484375 0.755024115625 0.6676045015625001 0.76004823125 0.6605707390625 0.76004823125 0.6505225078125 0.7580385859375001 0.646503215625 0.755024115625 0.6434887453125 0.7489951765625 0.6434887453125 0.7409565921875 0.6475080390625 0.734927653125 0.6475080390625 0.7319131828125001 0.6505225078125 0.73291800625 0.663585209375
0 0.73291800625 0.663585209375 0.7389469453124999 0.6696141484375 0.7510048234375 0.6696141484375 0.755024115625 0.6676045015625001 0.76004823125 0.6605707390625 0.76004823125 0.6505225078125 0.7580385859375001 0.646503215625 0.755024115625 0.6434887453125 0.7489951765625 0.6434887453125 0.7409565921875 0.6475080390625 0.734927653125 0.6475080390625 0.7319131828125001 0.6505225078125 0.73291800625 0.663585209375
0 0.76004823125 0.6846864953125 0.7580385859375001 0.6746382640624999 0.755024115625 0.67162379375 0.7389469453124999 0.67162379375 0.727893890625 0.680667203125 0.72588424375 0.6846864953125 0.7268890671875 0.693729903125 0.734927653125 0.7017684890625 0.744975884375 0.7017684890625 0.7489951765625 0.6997588421875001 0.76004823125 0.6846864953125
1 0.7580385859375001 0.71282154375 0.7580385859375001 0.7027733125 0.75301446875 0.697749196875 0.744975884375 0.7017684890625 0.73291800625 0.7017684890625 0.7299035375 0.7047829578125 0.730908359375 0.717845659375 0.7369372984375 0.7238745984375 0.74698553125 0.7238745984375 0.7510048234375 0.7218649515625 0.7580385859375001 0.71282154375
1 0.744975884375 0.7238745984375 0.734927653125 0.7238745984375 0.7319131828125001 0.7288987140625001 0.73291800625 0.7339228296875 0.744975884375 0.7359324765624999 0.7510048234375 0.7419614140624999 0.7580385859375001 0.734927653125 0.7580385859375001 0.724879421875 0.75301446875 0.7198553046875 0.744975884375 0.7238745984375
2 0.75 0.7510048234375 0.75 0.7409565921875 0.744975884375 0.7359324765624999 0.7389469453124999 0.7339228296875 0.734927653125 0.7339228296875 0.7299035375 0.7389469453124999 0.730908359375 0.73995176875 0.737942121875 0.74698553125 0.7389469453124999 0.762057878125 0.747990353125 0.755024115625 0.75 0.7510048234375
1 0.700763665625 0.7459807078125 0.6897106109375 0.7570337625 0.690715434375 0.7700964625 0.6917202578125 0.7731109328125 0.700763665625 0.7801446953125 0.71282154375 0.7801446953125 0.7168408359375 0.7781350484375 0.72588424375 0.769091640625 0.72588424375 0.7630627015625 0.727893890625 0.7610530546875001 0.7238745984375 0.7489951765625 0.7148311890625 0.7439710609375 0.7047829578125 0.7439710609375 0.700763665625 0.7459807078125
1 0.73995176875 0.7851688109375 0.7419614140624999 0.775120578125 0.7369372984375 0.7680868171874999 0.730908359375 0.7680868171874999 0.7148311890625 0.7781350484375 0.7098070734374999 0.7831591640625 0.710811896875 0.7881832796875 0.71282154375 0.792202571875 0.720860128125 0.796221865625 0.7268890671875 0.796221865625 0.73995176875 0.7851688109375
1 0.73291800625 0.7680868171874999 0.73995176875 0.755024115625 0.737942121875 0.74698553125 0.730908359375 0.73995176875 0.7188504828125 0.73995176875 0.7158360125 0.7429662375 0.7168408359375 0.7459807078125 0.72588424375 0.75301446875 0.72588424375 0.769091640625 0.7288987140625001 0.7700964625 0.73291800625 0.7680868171874999
2 0.693729903125 0.8153135046875001 0.693729903125 0.8012459812499999 0.6846864953125 0.7901929265625001 0.676647909375 0.7901929265625001 0.6746382640624999 0.7881832796875 0.6645900328125001 0.7901929265625001 0.656551446875 0.79421221875 0.649517684375 0.8032556265625 0.649517684375 0.8092845656250001 0.6475080390625 0.8112942125 0.6485128625 0.8163183281249999 0.649517684375 0.8213424437500001 0.6545418 0.82837620625 0.6645900328125001 0.8323954984374999 0.6726286171875 0.8323954984374999 0.6826768484375 0.82837620625 0.6917202578125 0.8193327968749999 0.693729903125 0.8153135046875001
2 0.626406753125 0.9449356906249999 0.62439710625 0.9429260453125 0.614348875 0.9449356906249999 0.6063102890625001 0.948954984375 0.5992765265625 0.9559887453125 0.59726688125 0.9600080390624999 0.5982717046875 0.9670418 0.602290996875 0.9730707390625 0.61032958125 0.9770900328125001 0.62439710625 0.9770900328125001 0.632435690625 0.9730707390625 0.639469453125 0.9660369781249999 0.6414791 0.962017684375 0.6414791 0.951969453125 0.632435690625 0.9449356906249999 0.626406753125 0.9449356906249999
2 0.6826768484375 0.8786173640625 0.6947347265625 0.872588425 0.7017684890625 0.8655546624999999 0.703778134375 0.8595257234375 0.7017684890625 0.853496784375 0.6927250796875 0.8444533765625 0.680667203125 0.8444533765625 0.6676045015625001 0.853496784375 0.663585209375 0.863545015625 0.6645900328125001 0.8665594859375 0.668609325 0.8745980703124999 0.6826768484375 0.8786173640625
2 0.680667203125 0.7901929265625001 0.6866961421875 0.792202571875 0.693729903125 0.8012459812499999 0.693729903125 0.8153135046875001 0.6917202578125 0.8193327968749999 0.6967443734375001 0.8203376203125 0.700763665625 0.8183279750000001 0.707797428125 0.8052652734375 0.70578778125 0.7952170421875 0.6947347265625 0.7861736328125 0.6846864953125 0.7861736328125 0.680667203125 0.7881832796875 0.680667203125 0.7901929265625001