1 0.21558544375 0.2320015828125 0.211629746875 0.23991297500000003 0.211629746875 0.24584651875 0.20965189843749998 0.2478243671875 0.20965189843749998 0.26364715156249996 0.211629746875 0.265625 0.21558544375 0.2834256328125 0.22151898750000001 0.2933148734375 0.2323971515625 0.30419303750000004 0.24030854375000002 0.3101265828125 0.24426424062500002 0.3101265828125 0.25613132968749996 0.3160601265625 0.264042721875 0.3160601265625 0.2660205703125 0.31803797500000003 0.29371044375 0.31803797500000003 0.295688290625 0.3160601265625 0.3075553796875 0.314082278125 0.33128955625 0.3002373421875 0.3560126578125 0.275514240625 0.3560126578125 0.27155854375 0.36392405 0.25969145625 0.367879746875 0.23991297500000003 0.3698575953125 0.2379351265625 0.3698575953125 0.21815664531249998 0.3659018984375 0.21617879687500002 0.22448575937499998 0.2151898734375 0.21756329062500002 0.22013449375 0.21558544375 0.2320015828125
1 0.234375 0.38924050625 0.22448575937499998 0.393196203125 0.20767405 0.4100079109375 0.19580696250000001 0.43769778437499995 0.19580696250000001 0.457476265625 0.20569620312499998 0.48121044375000005 0.22250791093750003 0.49802215156249996 0.22646360781250002 0.49802215156249996 0.238330696875 0.5039556968750001 0.25613132968749996 0.5039556968750001 0.27195411406250003 0.496044303125 0.275909809375 0.496044303125 0.2887658234375 0.48318829062499996 0.3006329109375 0.4614319625 0.3006329109375 0.4297863921875 0.296677215625 0.417919303125 0.29272151874999996 0.4139636078125 0.29074367031250004 0.40803006406250003 0.27986550625 0.3971518984375 0.2660205703125 0.38924050625 0.2590981015625 0.3882515828125 0.24426424062500002 0.3872626578125 0.24228639218749998 0.38924050625 0.234375 0.38924050625
1 0.13647151875000002 0.2893591765625 0.13647151875000002 0.2933148734375 0.130537975 0.30320411406250003 0.130537975 0.3091376578125 0.126582278125 0.31704905 0.126582278125 0.340783228125 0.13647151875000002 0.366495253125 0.1513053796875 0.38132911406250003 0.1611946203125 0.385284809375 0.18888449375 0.385284809375 0.20470727812499998 0.379351265625 0.2126186703125 0.373417721875 0.231408228125 0.35462816406250003 0.24525316406250003 0.3190268984375 0.24525316406250003 0.3130933546875 0.2323971515625 0.30617088593749997 0.21756329062500002 0.2893591765625 0.20965189843749998 0.26958069687499997 0.20767405 0.255735759375 0.1938291140625 0.2537579109375 0.17503955625 0.2567246828125 0.153283228125 0.2705696203125 0.13647151875000002 0.2893591765625
1 0.0178006328125 0.315071203125 0.007911392187500001 0.3348496828125 0.00593354375 0.35067246875 0.003955696874999999 0.3526503171875 0.00593354375 0.37638449375 0.009889240625 0.38429588593749997 0.022745253125 0.39517405 0.036590190625000005 0.393196203125 0.0445015828125 0.38924050625 0.055379746875000004 0.3783623421875 0.0652689875 0.3585838609375 0.0672468359375 0.340783228125 0.06922468281250001 0.3388053796875 0.06922468281250001 0.3190268984375 0.0652689875 0.3091376578125 0.05834651875 0.302215190625 0.05142405 0.2992484171875 0.0385680375 0.29825949375 0.03263449375 0.3002373421875 0.0178006328125 0.315071203125
1 0.0791139234375 0.5405458859375 0.0771360765625 0.5464794296875 0.0771360765625 0.5603243671875 0.08306962031250001 0.5761471515625 0.0899920890625 0.5830696203125 0.09988132968749999 0.5870253171875001 0.1097705703125 0.58504746875 0.12064873437500001 0.5702136078125 0.12064873437500001 0.548457278125 0.1166930375 0.542523734375 0.1166930375 0.5385680374999999 0.10482594999999999 0.528678796875 0.0919699359375 0.5276898734375 0.08801424062499999 0.529667721875 0.0791139234375 0.5405458859375
1 0.075158228125 0.5998813296875001 0.08405854375 0.6127373421875 0.0959256328125 0.614715190625 0.10482594999999999 0.607792721875 0.10482594999999999 0.6018591765625 0.10185917656250001 0.5988924046874999 0.0959256328125 0.5988924046874999 0.08504746875 0.5899920890625 0.081091771875 0.578125 0.078125 0.5771360765625 0.075158228125 0.5820806968750001 0.075158228125 0.5998813296875001
1 0.21558544375 0.66317246875 0.21064082343749999 0.6681170890625 0.20470727812499998 0.6681170890625 0.20371835468750002 0.673061709375 0.2126186703125 0.681962025 0.22448575937499998 0.6839398734375 0.2353639234375 0.67503955625 0.237341771875 0.66317246875 0.231408228125 0.64932753125 0.22646360781250002 0.6443829109375 0.22151898750000001 0.6433939875 0.2195411390625 0.6433939875 0.2195411390625 0.6532832281250001 0.21558544375 0.66317246875
1 0.1809731015625 0.6681170890625 0.18888449375 0.6681170890625 0.191851265625 0.6651503171875001 0.1839398734375 0.6572389234375 0.17998417656250001 0.6473496828124999 0.1641613921875 0.6473496828124999 0.173061709375 0.6641613921875 0.1809731015625 0.6681170890625
1 0.3757911390625 0.6513053796875 0.37183544375 0.66317246875 0.373813290625 0.6770174046874999 0.3777689875 0.6829509500000001 0.38666930312500003 0.691851265625 0.3985363921875 0.6938291140625 0.400514240625 0.6958069625000001 0.4183148734375 0.691851265625 0.42523734218750003 0.684928796875 0.43117088593749997 0.673061709375 0.4291930375 0.6572389234375 0.4183148734375 0.6443829109375 0.40743670937500004 0.639438290625 0.39260284843750004 0.6384493671875 0.38469145625 0.6424050640625001 0.3757911390625 0.6513053796875
1 0.427215190625 0.6829509500000001 0.4143591765625 0.6938291140625 0.4034810125 0.6967958859375 0.4034810125 0.7007515828125 0.41040348125000004 0.7076740499999999 0.420292721875 0.711629746875 0.42820411406250003 0.711629746875 0.4380933546875 0.7076740499999999 0.44897151874999996 0.6948180374999999 0.44897151874999996 0.6809731015625 0.4469936703125 0.67503955625 0.433148734375 0.66317246875 0.43117088593749997 0.66317246875 0.43117088593749997 0.673061709375 0.427215190625 0.6829509500000001
1 0.44897151874999996 0.684928796875 0.44897151874999996 0.692840190625 0.45292721562500005 0.7027294296875 0.4638053796875 0.7136075953125001 0.4816060125 0.71558544375 0.4835838609375 0.7136075953125001 0.4895174046875 0.7136075953125001 0.5023734171875 0.698773734375 0.5023734171875 0.6829509500000001 0.5003955703125 0.678995253125 0.48457278437499995 0.6651503171875001 0.46776107656250004 0.6641613921875 0.45292721562500005 0.6770174046874999 0.44897151874999996 0.684928796875
1 0.56566455625 0.7264636078125 0.5617088609375 0.734375 0.5617088609375 0.7422863921875 0.5686313296875001 0.751186709375 0.576542721875 0.7551424046874999 0.582476265625 0.7551424046874999 0.595332278125 0.7462420890625 0.5973101265625 0.7422863921875 0.5973101265625 0.7323971515625 0.589398734375 0.7225079109375 0.582476265625 0.7215189875 0.5745648734375 0.7254746828124999 0.56566455625 0.7264636078125
1 0.85344145625 0.6424050640625001 0.8415743671874999 0.6483386078125 0.8287183546874999 0.64932753125 0.830696203125 0.6552610765625 0.8376186703125 0.66218354375 0.849485759375 0.6641613921875 0.8554193031249999 0.66218354375 0.8702531640625001 0.64932753125 0.8742088609374999 0.63746044375 0.8742088609374999 0.627571203125 0.8702531640625001 0.619659809375 0.8643196203124999 0.619659809375 0.8643196203124999 0.627571203125 0.85344145625 0.6424050640625001
1 0.8840981015624999 0.6018591765625 0.8801424046875 0.6117484171875 0.8801424046875 0.627571203125 0.882120253125 0.633504746875 0.8870648734375 0.640427215625 0.894976265625 0.6443829109375 0.908821203125 0.640427215625 0.9157436703125 0.633504746875 0.921677215625 0.6216376578125 0.9196993671874999 0.6018591765625 0.907832278125 0.5919699359374999 0.8989319625000001 0.5909810125 0.8910205703124999 0.594936709375 0.8840981015624999 0.6018591765625
1 1 0.510087025 0.998813290625 0.5089003171875001 0.998813290625 0.5029667718749999 0.9948575953125 0.4950553796875 0.9879351265625 0.4881329109375 0.9810126578125 0.4851661390625 0.9681566453125001 0.48417721562500005 0.9622231015624999 0.48615506406250003 0.95727848125 0.49109968281249994 0.9513449359375 0.5029667718749999 0.9493670890624999 0.5148338609375 0.947389240625 0.516811709375 0.9493670890624999 0.5405458859375 0.9642009500000001 0.5573575953125001 0.9681566453125001 0.55933544375 0.980023734375 0.55933544375 0.9849683546874999 0.5543908234375 0.9849683546874999 0.548457278125 0.9909018984375001 0.5405458859375 0.99584651875 0.5395569625000001 0.998813290625 0.536590190625 0.998813290625 0.5306566453125 1 0.5294699359374999 1 0.510087025
0 0.42227057031250004 0.23694620312499998 0.41040348125000004 0.24090189843749998 0.39458069687499997 0.24881329062500002 0.36392405 0.2774920890625 0.35799050625 0.2893591765625 0.3560126578125 0.301226265625 0.354034809375 0.30320411406250003 0.354034809375 0.3308939875 0.3560126578125 0.33287183593749997 0.35799050625 0.3447389234375 0.367879746875 0.36253955625 0.38666930312500003 0.38132911406250003 0.4024920890625 0.38924050625 0.41633702499999997 0.3912183546875 0.4183148734375 0.393196203125 0.4440268984375 0.393196203125 0.446004746875 0.3912183546875 0.4539161390625 0.3912183546875 0.4558939875 0.38924050625 0.46776107656250004 0.3872626578125 0.4796281640625 0.38132911406250003 0.4964398734375 0.3684731015625 0.510284809375 0.3486946203125 0.510284809375 0.3447389234375 0.5162183546875 0.3348496828125 0.518196203125 0.321004746875 0.5201740499999999 0.3190268984375 0.5201740499999999 0.2992484171875 0.518196203125 0.2972705703125 0.5162183546875 0.2834256328125 0.510284809375 0.27155854375 0.491495253125 0.2507911390625 0.471716771875 0.23892405 0.4608386078125 0.23595727812499998 0.432159809375 0.23496835468750002 0.4301819625 0.23694620312499998 0.42227057031250004 0.23694620312499998
0 0.160205696875 0.55834651875 0.15625 0.568235759375 0.15625 0.58405854375 0.16218354375 0.59790348125 0.1710838609375 0.606803796875 0.184928796875 0.6127373421875 0.2007515828125 0.6087816453125 0.20767405 0.6018591765625 0.2136075953125 0.5860363921875 0.211629746875 0.568235759375 0.20767405 0.5603243671875 0.2007515828125 0.5514240499999999 0.1898734171875 0.5464794296875 0.1809731015625 0.54549050625 0.16910601249999999 0.549446203125 0.160205696875 0.55834651875
0 0.1097705703125 0.58504746875 0.093947784375 0.58504746875 0.08504746875 0.578125 0.08405854375 0.5751582281250001 0.081091771875 0.5761471515625 0.081091771875 0.5801028484375 0.08504746875 0.5899920890625 0.0919699359375 0.59691455625 0.103837025 0.600870253125 0.1097705703125 0.5988924046874999 0.1166930375 0.5919699359374999 0.12064873437500001 0.5820806968750001 0.12064873437500001 0.5741693031249999 0.11965980937500001 0.5731803796875 0.11471519062499999 0.578125 0.1097705703125 0.58504746875
0 0.15031645625 0.613726265625 0.15031645625 0.6255933546875 0.159216771875 0.640427215625 0.16910601249999999 0.646360759375 0.178995253125 0.646360759375 0.18789557031249998 0.639438290625 0.191851265625 0.6315268984375 0.191851265625 0.619659809375 0.1869066453125 0.6127373421875 0.173061709375 0.6087816453125 0.16613924062500002 0.6018591765625 0.159216771875 0.600870253125 0.15427215156250002 0.6058148734375 0.15031645625 0.613726265625
0 0.181962025 0.6453718359375 0.181962025 0.6532832281250001 0.1908623421875 0.666139240625 0.20470727812499998 0.6700949359374999 0.21064082343749999 0.6681170890625 0.21558544375 0.66317246875 0.2195411390625 0.6532832281250001 0.2195411390625 0.6453718359375 0.21558544375 0.639438290625 0.21558544375 0.6354825953125001 0.2066851265625 0.626582278125 0.20174050625 0.6255933546875 0.1938291140625 0.6255933546875 0.18789557031249998 0.639438290625 0.181962025 0.6453718359375
0 0.2689873421875 0.6651503171875001 0.2689873421875 0.678995253125 0.27294303750000004 0.6869066453125 0.27986550625 0.6938291140625 0.289754746875 0.697784809375 0.295688290625 0.697784809375 0.3035996828125 0.6938291140625 0.31052215156249996 0.684928796875 0.31052215156249996 0.6710838609375 0.30656645625 0.66317246875 0.2946993671875 0.6532832281250001 0.283821203125 0.6522943031249999 0.275909809375 0.65625 0.2689873421875 0.6651503171875001
0 0.237341771875 0.6710838609375 0.237341771875 0.67503955625 0.2393196203125 0.6770174046874999 0.2393196203125 0.6829509500000001 0.2482199359375 0.6938291140625 0.2581091765625 0.697784809375 0.264042721875 0.697784809375 0.27294303750000004 0.6908623421875 0.27294303750000004 0.684928796875 0.2689873421875 0.678995253125 0.2689873421875 0.66317246875 0.264042721875 0.6582278484375 0.2590981015625 0.6572389234375 0.25415348125000004 0.65625 0.24426424062500002 0.6602056968750001 0.237341771875 0.6710838609375
0 0.3560126578125 0.704707278125 0.3560126578125 0.71459651875 0.3668908234375 0.72745253125 0.3827136078125 0.7294303796875 0.3916139234375 0.7225079109375 0.3955696203125 0.71459651875 0.39260284843750004 0.7096518984375 0.374802215625 0.7096518984375 0.361946203125 0.698773734375 0.360957278125 0.697784809375 0.35799050625 0.7007515828125 0.3560126578125 0.704707278125
0 0.35799050625 0.6770174046874999 0.35799050625 0.6908623421875 0.3599683546875 0.6967958859375 0.36491297500000003 0.7037183546875 0.3728243671875 0.7096518984375 0.38469145625 0.711629746875 0.39655854375 0.7076740499999999 0.4034810125 0.698773734375 0.39655854375 0.6938291140625 0.38666930312500003 0.691851265625 0.3777689875 0.6829509500000001 0.373813290625 0.6770174046874999 0.37183544375 0.6671281640625 0.36886867031250004 0.666139240625 0.36491297500000003 0.6681170890625 0.35799050625 0.6770174046874999
0 0.4410601265625 0.7264636078125 0.44303797500000003 0.7304193031249999 0.4539161390625 0.7393196203125 0.46776107656250004 0.7393196203125 0.471716771875 0.7373417718749999 0.4806170890625 0.7264636078125 0.4806170890625 0.718552215625 0.47765031718750006 0.71558544375 0.46776107656250004 0.71558544375 0.4638053796875 0.7136075953125001 0.45292721562500005 0.704707278125 0.4479825953125 0.705696203125 0.4410601265625 0.71459651875 0.4410601265625 0.7264636078125
0 0.5518196203125 0.6869066453125 0.5478639234375 0.6948180374999999 0.5478639234375 0.708662975 0.5498417718749999 0.7126186703124999 0.5587420890625 0.7215189875 0.5706091765625 0.7254746828124999 0.5844541140625 0.7215189875 0.5913765828125 0.71459651875 0.5973101265625 0.7027294296875 0.595332278125 0.6908623421875 0.5844541140625 0.6799841765625 0.5775316453125 0.6770174046874999 0.56665348125 0.67602848125 0.562697784375 0.6780063296875001 0.5518196203125 0.6869066453125
0 0.68433544375 0.7066851265625 0.6912579109375 0.71558544375 0.6952136078125 0.717563290625 0.70905854375 0.717563290625 0.7149920890625 0.71558544375 0.7238924046874999 0.7066851265625 0.7278481015625 0.6967958859375 0.72191455625 0.68888449375 0.719936709375 0.678995253125 0.7149920890625 0.6740506328125 0.7060917718749999 0.673061709375 0.69719145625 0.6740506328125 0.6823575953125001 0.6908623421875 0.68433544375 0.7066851265625
1 0.921677215625 0.5860363921875 0.921677215625 0.6117484171875 0.9345332281250001 0.6226265828125 0.94442246875 0.6226265828125 0.9483781640625001 0.620648734375 0.95727848125 0.6117484171875 0.9612341765625001 0.6018591765625 0.9612341765625001 0.5860363921875 0.9592563296875 0.5801028484375 0.953322784375 0.5702136078125 0.947389240625 0.5662579109375 0.9365110765625 0.5672468359375 0.9256329109375001 0.578125 0.921677215625 0.5860363921875
2 0.393591771875 0.7205300640625001 0.387658228125 0.72844145625 0.39458069687499997 0.7353639234375 0.4084256328125 0.7393196203125 0.4143591765625 0.7373417718749999 0.4212816453125 0.7304193031249999 0.42325949375 0.7205300640625001 0.4212816453125 0.71459651875 0.41633702499999997 0.7096518984375 0.4054588609375 0.704707278125 0.4024920890625 0.7037183546875 0.3955696203125 0.708662975 0.393591771875 0.7205300640625001
2 0.47072784843750004 0.7383306968750001 0.47072784843750004 0.7422863921875 0.4835838609375 0.75316455625 0.4934731015625 0.75316455625 0.49742879687499997 0.751186709375 0.5063291140625 0.74030854375 0.504351265625 0.7304193031249999 0.49545095000000006 0.7215189875 0.4905063296875 0.7205300640625001 0.4816060125 0.7215189875 0.478639240625 0.7304193031249999 0.47072784843750004 0.7383306968750001
2 0.518196203125 0.7205300640625001 0.51424050625 0.72844145625 0.51424050625 0.734375 0.518196203125 0.7422863921875 0.52709651875 0.7492088609375 0.5389636078125 0.7492088609375 0.5518196203125 0.74030854375 0.55379746875 0.72844145625 0.5429193031249999 0.71558544375 0.53995253125 0.71459651875 0.531052215625 0.7136075953125001 0.5251186703124999 0.71558544375 0.518196203125 0.7205300640625001
2 0.5518196203125 0.74030854375 0.5488528484375 0.7432753171875001 0.5359968359375 0.750197784375 0.5389636078125 0.7551424046874999 0.5429193031249999 0.757120253125 0.55280854375 0.757120253125 0.5617088609375 0.750197784375 0.563686709375 0.744264240625 0.5577531640625 0.72844145625 0.5547863921875 0.72745253125 0.5518196203125 0.7304193031249999 0.5518196203125 0.74030854375
2 0.6111550640625001 0.6948180374999999 0.6071993671875 0.7027294296875 0.609177215625 0.71459651875 0.6240110765625 0.72745253125 0.6378560125 0.72745253125 0.641811709375 0.7254746828124999 0.650712025 0.7165743671875 0.654667721875 0.708662975 0.6526898734375 0.6948180374999999 0.640822784375 0.684928796875 0.6240110765625 0.6839398734375 0.6200553796875 0.685917721875 0.6111550640625001 0.6948180374999999
2 0.654667721875 0.708662975 0.650712025 0.71459651875 0.650712025 0.718552215625 0.6556566453125 0.7254746828124999 0.6596123421875 0.72745253125 0.667523734375 0.72745253125 0.6695015828125 0.7294303796875 0.6754351265625 0.72745253125 0.6882911390625 0.7165743671875 0.6882911390625 0.7126186703124999 0.6823575953125001 0.7007515828125 0.6823575953125001 0.6908623421875 0.6764240499999999 0.6869066453125 0.6635680374999999 0.685917721875 0.6526898734375 0.6948180374999999 0.654667721875 0.708662975
2 0.72191455625 0.6671281640625 0.719936709375 0.6809731015625 0.72191455625 0.6829509500000001 0.72191455625 0.68888449375 0.7347705703125 0.6997626578125 0.7505933546875 0.6997626578125 0.7674050640625001 0.684928796875 0.7674050640625001 0.678995253125 0.7693829109375 0.6770174046874999 0.76147151875 0.6671281640625 0.7594936703124999 0.6552610765625 0.7535601265625 0.6513053796875 0.7426819625000001 0.65031645625 0.732792721875 0.6542721515625 0.72191455625 0.6671281640625
2 0.74861550625 0.6997626578125 0.728837025 0.697784809375 0.7278481015625 0.704707278125 0.7347705703125 0.711629746875 0.7505933546875 0.7136075953125001 0.765427215625 0.7007515828125 0.7674050640625001 0.68888449375 0.764438290625 0.6878955703125 0.7565268984375 0.6958069625000001 0.74861550625 0.6997626578125
2 0.76147151875 0.6453718359375 0.7594936703124999 0.6611946203125 0.76147151875 0.6671281640625 0.7683939875 0.67602848125 0.7763053796875 0.6799841765625 0.78817246875 0.6799841765625 0.80003955625 0.6740506328125 0.8089398734375 0.6611946203125 0.810917721875 0.6552610765625 0.810917721875 0.6414161390625 0.8020174046875 0.630537975 0.7950949359374999 0.627571203125 0.7822389234375 0.626582278125 0.77432753125 0.630537975 0.76147151875 0.6453718359375
2 0.816851265625 0.6018591765625 0.8128955703124999 0.6097705703125 0.8128955703124999 0.6315268984375 0.8217958859375001 0.6443829109375 0.829707278125 0.6483386078125 0.843552215625 0.6483386078125 0.8514636078125 0.6443829109375 0.8643196203124999 0.627571203125 0.86629746875 0.6097705703125 0.8643196203124999 0.607792721875 0.8643196203124999 0.6018591765625 0.85344145625 0.5890031640625 0.8484968359374999 0.588014240625 0.8376186703125 0.5870253171875001 0.8277294296875001 0.5909810125 0.816851265625 0.6018591765625
2 0.7990506328125 0.67503955625 0.8079509500000001 0.681962025 0.8217958859375001 0.681962025 0.836629746875 0.6691060125 0.8386075953125 0.6651503171875001 0.830696203125 0.6552610765625 0.8287183546874999 0.64932753125 0.816851265625 0.639438290625 0.810917721875 0.639438290625 0.810917721875 0.6572389234375 0.7990506328125 0.67503955625