1 0.270214521875 0.572400990625 0.272277228125 0.590965346875 0.280528053125 0.607466996875 0.29393564375 0.6208745875 0.29806105625 0.6208745875 0.30218646875 0.625 0.3083745875 0.62706270625 0.33106435625 0.62706270625 0.34756600625 0.61881188125 0.358910890625 0.605404290625 0.365099009375 0.590965346875 0.365099009375 0.570338284375 0.354785478125 0.549711221875 0.34137788750000003 0.5383663359375 0.337252475 0.5383663359375 0.32281353125 0.5301155109375 0.305280528125 0.5311468640625 0.29806105625 0.5321782171875 0.28568481874999996 0.5424917484375 0.27640264062500003 0.553836634375 0.270214521875 0.572400990625
1 0 0.5473906765625001 0.013407590624999998 0.550742575 0.023721121875 0.5466171609375 0.0371287125 0.5352722765625 0.0453795375 0.5146452140625 0.0453795375 0.4898927390625 0.04331683125 0.48783003281250004 0.04331683125 0.4816419140625 0.030940593750000002 0.4610148515625 0.015470296875000001 0.45173267343749995 0.00618811875 0.4507013203125 0 0.454033384375 0 0.5473906765625001
1 0.060849834375 0.63943894375 0.06703795312500001 0.64356435625 0.077351484375 0.64356435625 0.0876650171875 0.63943894375 0.0948844890625 0.628094059375 0.0948844890625 0.6033415843750001 0.0907590765625 0.597153465625 0.0907590765625 0.5930280531250001 0.0794141921875 0.5816831687499999 0.06703795312500001 0.5775577562499999 0.06394389375000001 0.578589109375 0.054661715624999996 0.583745875 0.04744224375 0.590965346875 0.04331683125 0.6033415843750001 0.04331683125 0.6177805281250001 0.04950495 0.6322194718749999 0.056724421875 0.63943894375 0.060849834375 0.63943894375
1 0.1299504953125 0.6363448843749999 0.13201320156250002 0.6177805281250001 0.1247937296875 0.60849835 0.1186056109375 0.60643564375 0.1010726078125 0.607466996875 0.0969471953125 0.611592409375 0.0948844890625 0.628094059375 0.0886963703125 0.640470296875 0.0907590765625 0.650783828125 0.1021039609375 0.6621287125 0.1124174921875 0.6683168312500001 0.1247937296875 0.666254125 0.1361386140625 0.6569719468749999 0.1361386140625 0.648721121875 0.1299504953125 0.6363448843749999
1 0.1763613859375 0.60643564375 0.1639851484375 0.600247525 0.1464521453125 0.601278878125 0.1361386140625 0.611592409375 0.1299504953125 0.621905940625 0.1299504953125 0.638407590625 0.13201320156250002 0.644595709375 0.14542079218749998 0.6621287125 0.1536716171875 0.666254125 0.1722359734375 0.666254125 0.1763613859375 0.66419141875 0.1897689765625 0.648721121875 0.1897689765625 0.6260313531249999 0.1763613859375 0.60643564375
0 0.3578795375 0.66006600625 0.3496287125 0.65594059375 0.33415841562500004 0.6569719468749999 0.32384488437500003 0.665222771875 0.319719471875 0.673473596875 0.319719471875 0.692037953125 0.33106435625 0.7054455453124999 0.33931518125000004 0.7095709578125 0.353754125 0.7095709578125 0.369224421875 0.698226071875 0.373349834375 0.687912540625 0.373349834375 0.677599009375 0.369224421875 0.669348184375 0.3578795375 0.66006600625
0 0.363036303125 0.7106023109375 0.363036303125 0.7250412546875 0.37644389375 0.7363861390625 0.3908828390625 0.7363861390625 0.3950082515625 0.7343234328125 0.4022277234375 0.7271039609375001 0.4022277234375 0.7106023109375 0.4001650171875 0.7064768984375001 0.386757425 0.6971947187499999 0.373349834375 0.698226071875 0.367161715625 0.7023514843750001 0.363036303125 0.7106023109375
0 0.7054455453124999 0.648721121875 0.694100659375 0.63943894375 0.68069306875 0.640470296875 0.6703795375 0.648721121875 0.666254125 0.6569719468749999 0.666254125 0.6672854781249999 0.673473596875 0.6786303625000001 0.681724421875 0.6827557750000001 0.687912540625 0.6827557750000001 0.694100659375 0.68069306875 0.7054455453124999 0.669348184375 0.7075082515625 0.665222771875 0.7075082515625 0.652846534375 0.7054455453124999 0.648721121875
1 0.61056105625 0.675536303125 0.601278878125 0.6786303625000001 0.59405940625 0.687912540625 0.5919966999999999 0.694100659375 0.59405940625 0.7044141921875 0.601278878125 0.7116336640625 0.607466996875 0.7136963703125 0.6136551156250001 0.7136963703125 0.6239686468750001 0.7095709578125 0.63118811875 0.698226071875 0.63118811875 0.687912540625 0.619843234375 0.67656765625 0.61056105625 0.675536303125
1 0.7632013203125 0.6239686468750001 0.7559818484374999 0.61881188125 0.7466996703125 0.6177805281250001 0.7374174921875001 0.6208745875 0.7281353140625 0.634282178125 0.7281353140625 0.650783828125 0.7353547859375 0.66006600625 0.7415429046875001 0.6621287125 0.7497937296875 0.6621287125 0.7580445546875 0.6580033000000001 0.7632013203125 0.652846534375 0.7673267328125 0.642533003125 0.7673267328125 0.6322194718749999 0.7632013203125 0.6239686468750001
1 0.4022277234375 0.7147277234375 0.4042904296875 0.7167904296875001 0.4042904296875 0.7291666671875 0.4135726078125 0.7363861390625 0.4280115515625 0.7384488453125 0.44141914218749995 0.7271039609375001 0.44141914218749995 0.7126650171875 0.43935643593749996 0.7085396046875 0.4280115515625 0.699257425 0.4146039609375 0.700288778125 0.4042904296875 0.7085396046875 0.4022277234375 0.7147277234375
1 0.45173267343749995 0.7023514843750001 0.4455445546875 0.7064768984375001 0.44141914218749995 0.7147277234375 0.44141914218749995 0.7250412546875 0.44348184843749994 0.7291666671875 0.45276402656250003 0.7363861390625 0.4672029703125 0.7363861390625 0.4713283828125 0.7343234328125 0.4785478546875 0.7250412546875 0.4785478546875 0.7126650171875 0.4764851484375 0.7085396046875 0.46514026406250003 0.7013201312499999 0.45173267343749995 0.7023514843750001
1 0.33931518125000004 0.7095709578125 0.32900165000000003 0.7033828390625 0.325907590625 0.7044141921875 0.321782178125 0.7106023109375 0.321782178125 0.7229785484375 0.33106435625 0.7343234328125 0.33518976875 0.7363861390625 0.35169141875 0.7363861390625 0.356848184375 0.7332920796875 0.363036303125 0.7229785484375 0.363036303125 0.7147277234375 0.3578795375 0.7075082515625 0.353754125 0.7095709578125 0.33931518125000004 0.7095709578125
1 0.313531353125 0.675536303125 0.311468646875 0.669348184375 0.304249175 0.66006600625 0.287747525 0.65181518125 0.280528053125 0.652846534375 0.2753712875 0.6538778875 0.26402640312500003 0.663160065625 0.259900990625 0.671410890625 0.259900990625 0.683787128125 0.26402640312500003 0.694100659375 0.27330858125 0.7033828390625 0.28981023125 0.7075082515625 0.30218646875 0.7033828390625 0.311468646875 0.694100659375 0.313531353125 0.675536303125
1 0.36097359687499997 0.7271039609375001 0.3496287125 0.7363861390625 0.33106435625 0.7343234328125 0.330033003125 0.7374174921875001 0.34137788750000003 0.7466996703125 0.353754125 0.7466996703125 0.363036303125 0.7374174921875001 0.363036303125 0.7271039609375001 0.36097359687499997 0.7271039609375001