1 0.4609375 0.1671875 0.046875 0.05625
2 0.5078125 0.1578125 0.0453125 0.05625
1 0.43106312343750003 0.1322674421875 0.42587209374999996 0.12707641249999999 0.4175664453125 0.12292358750000001 0.40510797343749994 0.12292358750000001 0.3916112953125 0.134343853125 0.389534884375 0.1405730890625 0.389534884375 0.159260796875 0.3936877078125 0.1675664453125 0.40303156093750003 0.1769102984375 0.4071843859375 0.17898671093750002 0.42171926875 0.17898671093750002 0.42379568125 0.1748338875 0.4279485046875 0.1748338875 0.435215946875 0.1675664453125 0.436254153125 0.1644518265625 0.43729235937500005 0.1447259140625 0.43313953437499997 0.1405730890625 0.43106312343750003 0.1322674421875
2 0.5125 0.340625 0.05 0.0484375
1 0.521875 0.5453125 0.05 0.0484375
1 0.471875 0.5375 0.046875 0.05
2 0.44767441874999997 0.5288621265625 0.44040697656249994 0.521594684375 0.4300249171875 0.5174418609375 0.41964285781250005 0.5174418609375 0.4071843859375 0.523671096875 0.40199335625000004 0.5309385375 0.39991694375 0.5371677734375 0.39991694375 0.5517026578124999 0.413413621875 0.567275746875 0.4175664453125 0.5693521593749999 0.4300249171875 0.5693521593749999 0.43417774062500003 0.5651993359375 0.44040697656249994 0.5651993359375 0.44871262500000003 0.554817275 0.44975083125 0.5454734218749999 0.44767441874999997 0.543397009375 0.44767441874999997 0.5288621265625
2 0.53125 0.7515625 0.053125 0.059375
2 0.4828125 0.7375 0.0484375 0.0546875
2 0.43417774062500003 0.7292358796875 0.432101328125 0.7313122921875 0.42587209374999996 0.7313122921875 0.412375415625 0.7427325578125 0.408222590625 0.75103820625 0.408222590625 0.7676495015625 0.412375415625 0.7759551499999999 0.42587209374999996 0.787375415625 0.43833056406250004 0.787375415625 0.45078903593749997 0.7811461796875 0.45805647812499994 0.7738787375 0.4559800671875 0.7697259140625 0.46117109687499996 0.764534884375 0.46220930156250006 0.74896179375 0.45078903593749997 0.7313122921875 0.43417774062500003 0.7292358796875
1 0.5390625 0.9484375 0.05 0.0609375
1 0.490625 0.9625 0.05 0.065625
3 0.4796875 0.1671875 0.128125 0.103125
3 0.4796875 0.3421875 0.1203125 0.0640625
3 0.490625 0.54375 0.121875 0.0671875
3 0.4953125 0.740625 0.125 0.0828125
3 0.509375 0.946875 0.1359375 0.1015625