0 0.7 0.6533730156249999 0.7 0.6375 0.6960317453125 0.6295634921875 0.6871031750000001 0.6206349203125 0.68115079375 0.61865079375 0.659325396875 0.6206349203125 0.650396825 0.627579365625 0.6424603171875 0.6394841265625 0.64345238125 0.65634920625 0.646428571875 0.6632936515625001 0.6553571421875 0.672222221875 0.665277778125 0.6761904765625 0.6751984125 0.6761904765625 0.6851190468749999 0.672222221875 0.6960317453125 0.6613095234374999 0.7 0.6533730156249999
0 0.7119047625 0.589880953125 0.702976190625 0.58095238125 0.6950396828125001 0.5769841265625 0.68115079375 0.5789682546875 0.6771825390624999 0.58095238125 0.6642857140625 0.5958333328125 0.665277778125 0.6126984125 0.6692460312499999 0.61865079375 0.6831349203125 0.61865079375 0.69305555625 0.6265873015625 0.7009920640625 0.6265873015625 0.7119047625 0.6136904765625 0.7119047625 0.6077380953125 0.7138888890625 0.60575396875 0.7119047625 0.589880953125
0 0.7079365078125 0.5323412703125 0.697023809375 0.5234126984375 0.6712301593750001 0.525396825 0.6603174609375 0.5382936515625001 0.6613095234374999 0.553174603125 0.6623015875 0.5581349203125 0.6712301593750001 0.5670634921875 0.6791666671875001 0.5710317453125 0.69305555625 0.5730158734375 0.697023809375 0.5710317453125 0.709920634375 0.55615079375 0.7119047625 0.5501984125 0.709920634375 0.5363095234374999 0.7079365078125 0.5323412703125
0 0.7 0.48472222187499997 0.6851190468749999 0.471825396875 0.665277778125 0.471825396875 0.6484126984375 0.490674603125 0.6494047625 0.50555555625 0.650396825 0.5125 0.6573412703125 0.51944444375 0.6613095234374999 0.51944444375 0.6692460312499999 0.525396825 0.6871031750000001 0.5234126984375 0.6980158734375 0.5144841265625 0.7019841265625 0.50654761875 0.7019841265625 0.490674603125 0.7 0.48472222187499997
0 0.7019841265625 0.5045634921875 0.6920634921875 0.5204365078125 0.69305555625 0.5234126984375 0.702976190625 0.525396825 0.709920634375 0.51845238125 0.7138888890625 0.5085317453125 0.7138888890625 0.5005952375 0.709920634375 0.49265872968749996 0.70595238125 0.48670634843749994 0.7009920640625 0.483730159375 0.7 0.49265872968749996 0.7019841265625 0.49464285781250006 0.7019841265625 0.5045634921875
0 0.6990079359375 0.5670634921875 0.69404761875 0.572023809375 0.6950396828125001 0.5730158734375 0.70694444375 0.5730158734375 0.7198412703125 0.5581349203125 0.7198412703125 0.5442460312499999 0.7178571421875 0.5382936515625001 0.7109126984375 0.53134920625 0.7079365078125 0.5323412703125 0.709920634375 0.5382936515625001 0.709920634375 0.5541666671875001 0.70595238125 0.5621031750000001 0.6990079359375 0.5670634921875
0 0.70694444375 0.5710317453125 0.7049603171875 0.5730158734375 0.697023809375 0.5730158734375 0.69404761875 0.5759920640625 0.6950396828125001 0.5769841265625 0.709920634375 0.587896825 0.7138888890625 0.5978174609375 0.7119047625 0.6136904765625 0.714880953125 0.6146825390624999 0.721825396875 0.6077380953125 0.7257936515625001 0.5958333328125 0.721825396875 0.58194444375 0.714880953125 0.575 0.70694444375 0.5710317453125
0 0.7 0.6533730156249999 0.6980158734375 0.6573412703125 0.70694444375 0.6583333328125 0.7178571421875 0.647420634375 0.721825396875 0.6394841265625 0.7198412703125 0.6236111109375 0.7109126984375 0.6166666671875001 0.6960317453125 0.6295634921875 0.697023809375 0.6325396828125001 0.7 0.6375 0.7 0.6533730156249999
0 0.7327380953125 0.6484126984375 0.7287698406249999 0.6484126984375 0.7257936515625001 0.6553571421875 0.7257936515625001 0.6692460312499999 0.7238095234374999 0.6712301593750001 0.7248015875 0.684126984375 0.7367063484374999 0.6801587296875 0.74365079375 0.6692460312499999 0.74365079375 0.6573412703125 0.7327380953125 0.6484126984375
0 0.7158730156249999 0.7367063484374999 0.7138888890625 0.7386904765625 0.7138888890625 0.746626984375 0.7119047625 0.7486111109375 0.712896825 0.7515873015625 0.7248015875 0.75555555625 0.73075396875 0.753571428125 0.7376984125 0.746626984375 0.7416666671875001 0.7386904765625 0.7416666671875001 0.7327380953125 0.734722221875 0.7238095234374999 0.7248015875 0.721825396875 0.7178571421875 0.7248015875 0.7158730156249999 0.7367063484374999
0 0.7109126984375 0.7734126984375 0.70595238125 0.7783730156249999 0.70595238125 0.784325396875 0.7019841265625 0.7942460312499999 0.702976190625 0.803174603125 0.70694444375 0.8051587296875 0.7168650796875 0.8051587296875 0.727777778125 0.7962301593750001 0.7317460312499999 0.7863095234374999 0.7297619046875 0.784325396875 0.7297619046875 0.7783730156249999 0.7267857140625 0.775396825 0.7228174609375 0.7734126984375 0.7109126984375 0.7734126984375
2 0.64345238125 0.9757936515625 0.6384920640625 0.9787698406249999 0.6394841265625 0.9817460312499999 0.64345238125 0.9837301593750001 0.6553571421875 0.9837301593750001 0.665277778125 0.9797619046875001 0.672222221875 0.9708333328125001 0.6702380953125 0.9609126984374999 0.665277778125 0.959920634375 0.6623015875 0.96884920625 0.6573412703125 0.9738095234375 0.6533730156249999 0.9757936515625 0.64345238125 0.9757936515625
2 0.6513888890625 0.9757936515625 0.6623015875 0.964880953125 0.6642857140625 0.9549603171875001 0.6613095234374999 0.95 0.659325396875 0.95 0.65634920625 0.95694444375 0.64444444375 0.9668650796874999 0.640476190625 0.9728174609375 0.6414682546875 0.9797619046875001 0.647420634375 0.9757936515625 0.6513888890625 0.9757936515625
2 0.6583333328125 0.9450396828125 0.6553571421875 0.9420634921875 0.646428571875 0.958928571875 0.647420634375 0.9638888890624999 0.65634920625 0.95694444375 0.6583333328125 0.9450396828125
2 0.6861111109375 0.9251984125 0.6771825390624999 0.9202380953124999 0.665277778125 0.9321428578125 0.6583333328125 0.9351190468749999 0.65634920625 0.9390873015625001 0.6573412703125 0.94404761875 0.6613095234374999 0.95 0.6771825390624999 0.9480158734374999 0.6880952375 0.9351190468749999 0.6861111109375 0.9251984125
2 0.6623015875 0.9251984125 0.6583333328125 0.93115079375 0.659325396875 0.934126984375 0.665277778125 0.9321428578125 0.6761904765625 0.9192460312499999 0.6761904765625 0.909325396875 0.6712301593750001 0.9043650796874999 0.66825396875 0.9053571421875001 0.6623015875 0.9251984125
2 0.6960317453125 0.9113095234375 0.6960317453125 0.8994047625 0.6871031750000001 0.8924603171875001 0.6771825390624999 0.8924603171875001 0.672222221875 0.897420634375 0.6732142859375 0.90634920625 0.6761904765625 0.909325396875 0.6761904765625 0.9192460312499999 0.6851190468749999 0.9202380953124999 0.6960317453125 0.9113095234375
2 0.635119046875 1 0.640476190625 0.9946428578125 0.6424603171875 0.9867063484375 0.6375 0.9797619046875001 0.62497165625 1 0.635119046875 1