1 0.509375 0.5265625 0.0453125 0.04375
1 0.9234375 0.496875 0.0453125 0.040625
1 0.315625 0.5171875 0.046875 0.04375
1 0.4953125 0.478125 0.046875 0.0421875
2 0.7078125 0.534375 0.053125 0.0453125
2 0.696875 0.4875 0.0484375 0.040625
2 0.1359375 0.5109375 0.0515625 0.0375
2 0.1296875 0.4640625 0.0546875 0.04375
2 0.49608500937500005 0.44032554218750003 0.49608500937500005 0.446473084375 0.5012079609375 0.45159603437499996 0.5298964859375 0.45159603437499996 0.530921075 0.45057144375 0.537068615625 0.444423903125 0.537068615625 0.4423747234375 0.5350194359375 0.44032554218750003 0.539117796875 0.4382763625 0.539117796875 0.42188292031249996 0.5329702562499999 0.41573537812500005 0.531945665625 0.4126616078125 0.5298964859375 0.4126616078125 0.525798125 0.408563246875 0.5216997640625001 0.408563246875 0.519650584375 0.40651406718749994 0.5032571406249999 0.40651406718749994 0.5012079609375 0.408563246875 0.49506042031249997 0.410612428125 0.48993746875 0.41573537812500005 0.48993746875 0.417784559375 0.48788828906250004 0.41983373906250004 0.48788828906250004 0.42393210000000003 0.4858391078125 0.4259812796875 0.4858391078125 0.430079640625 0.48788828906250004 0.432128821875 0.48788828906250004 0.43622718125000004 0.4930112390625 0.43725177187500003 0.49608500937500005 0.44032554218750003
2 0.726024590625 0.46549692656249997 0.7301229515625 0.4593493859375 0.7342213109375 0.461398565625 0.7413934421875 0.45422643437500004 0.7393442625 0.45012807343750005 0.745491803125 0.4460297125 0.745491803125 0.4296362703125 0.7434426234375 0.425537909375 0.7362704921875001 0.418365778125 0.7280737703125 0.41426741875 0.7198770484375 0.41426741875 0.7157786890625 0.41221823750000003 0.7137295078125 0.41426741875 0.709631146875 0.41426741875 0.7014344265625 0.418365778125 0.6942622953125 0.425537909375 0.690163934375 0.43373463125 0.690163934375 0.4439805328125 0.6922131140625 0.4460297125 0.6922131140625 0.45422643437500004 0.7014344265625 0.4634477453125 0.709631146875 0.46754610625000004 0.7229508203125 0.46652151562500005 0.726024590625 0.46549692656249997
1 0.9015625 0.5453125 0.0578125 0.0515625
1 0.931417803125 0.45516602031250003 0.9344915734375 0.4520922484375 0.9365407546875 0.44594470781249995 0.9344915734375 0.43569880625 0.93244239375 0.4316004453125 0.9191227218750001 0.4203299546875 0.9129751796875001 0.41828077343750003 0.89863091875 0.4203299546875 0.8924833765625 0.4244283140625 0.8853112453125 0.43364962656249995 0.8853112453125 0.45004306875 0.8914587875000001 0.4541414296875 0.8894096062499999 0.458239790625 0.8965817375 0.465411921875 0.904778459375 0.465411921875 0.9129751796875001 0.46951028125 0.9180981312500001 0.4684856921875 0.9252702625 0.465411921875 0.9283440328125 0.46028897031250005 0.926294853125 0.456190609375 0.931417803125 0.45516602031250003
3 0.1359375 0.4796875 0.084375 0.1203125
3 0.3109375 0.4890625 0.0625 0.1203125
3 0.5046875 0.496875 0.0703125 0.1265625
3 0.7046875 0.503125 0.090625 0.1265625
3 0.9109375 0.5109375 0.10625 0.134375