1 0.699257425 0.37355610625 0.6971947187499999 0.3673679875 0.679661715625 0.3477722765625 0.671410890625 0.3436468640625 0.6569719468749999 0.3415841578125 0.654909240625 0.3436468640625 0.642533003125 0.3457095703125 0.62706270625 0.3591171609375 0.62293729375 0.3673679875 0.62293729375 0.3756188125 0.6208745875 0.37768151875 0.62293729375 0.3921204625 0.62706270625 0.40037128749999995 0.638407590625 0.41171617187500004 0.648721121875 0.417904290625 0.654909240625 0.41996699687500005 0.6786303625000001 0.41893564375 0.6971947187499999 0.39830858125 0.6971947187499999 0.3921204625 0.699257425 0.39005775625 0.699257425 0.37355610625
1 0.9498762375 0.417904290625 0.9416254125 0.413778878125 0.9230610562500001 0.413778878125 0.91481023125 0.417904290625 0.901402640625 0.4333745875 0.8993399343749999 0.43956270625 0.8993399343749999 0.46637788750000003 0.9055280531250001 0.48081683125 0.9168729375 0.494224421875 0.929249175 0.500412540625 0.9447194718749999 0.49938118749999993 0.9519389437499999 0.496287128125 0.965346534375 0.48081683125 0.965346534375 0.47462871250000005 0.9674092406250001 0.47256600625 0.9674092406250001 0.44368811875 0.961221121875 0.429249175 0.9498762375 0.417904290625
1 0.89830858125 0.40140264062500003 0.9086221125 0.405528053125 0.922029703125 0.4044967 0.929249175 0.40140264062500003 0.932343234375 0.396245875 0.934405940625 0.39005775625 0.934405940625 0.3673679875 0.91893564375 0.3498349828125 0.9086221125 0.3457095703125 0.896245875 0.3477722765625 0.889026403125 0.3549917484375 0.884900990625 0.363242575 0.884900990625 0.38180693125 0.89830858125 0.40140264062500003
1 0.8498349828125 0.34055280468750004 0.8498349828125 0.36117986874999997 0.8611798687500001 0.378712871875 0.87355610625 0.382838284375 0.8828382843749999 0.38180693125 0.884900990625 0.379744225 0.884900990625 0.363242575 0.8869636968749999 0.35705445468749997 0.895214521875 0.3488036296875 0.895214521875 0.34467821718749997 0.893151815625 0.34055280468750004 0.8797442249999999 0.3292079203125 0.8653052812500001 0.3271452140625 0.8570544546875001 0.3312706265625 0.8498349828125 0.34055280468750004
1 0.8353960390624999 0.38180693125 0.8498349828125 0.36530528125 0.8498349828125 0.3488036296875 0.8477722765625 0.3426155109375 0.8364273921875001 0.3292079203125 0.8281765671875 0.32508250781250003 0.8096122109375001 0.32508250781250003 0.7982673265625 0.3343646859375 0.7962046203125 0.34055280468750004 0.7962046203125 0.3591171609375 0.8075495046875 0.376650165625 0.8199257421875 0.382838284375 0.8353960390624999 0.38180693125
1 0.7106023109375 0.33539603906250004 0.7209158421875 0.3395214515625 0.7322607265625 0.3384900984375 0.7446369640625 0.3261138609375 0.7446369640625 0.31992574218750003 0.7466996703125 0.3178630359375 0.7446369640625 0.3054867984375 0.7353547859375 0.2962046203125 0.7271039609375001 0.29207920781249996 0.7106023109375 0.29207920781249996 0.699257425 0.3054867984375 0.699257425 0.31992574218750003 0.7033828390625 0.3281765671875 0.7106023109375 0.33539603906250004
1 0.7033828390625 0.2745462046875 0.689975246875 0.26526402656250003 0.679661715625 0.26526402656250003 0.675536303125 0.2673267328125 0.6683168312500001 0.2786716171875 0.6683168312500001 0.2827970296875 0.673473596875 0.2879537953125 0.679661715625 0.2879537953125 0.694100659375 0.30239273906249997 0.6971947187499999 0.3013613859375 0.7054455453124999 0.2910478546875 0.7033828390625 0.2745462046875
1 0.59818481875 0.2724834984375 0.59818481875 0.28692244218749996 0.611592409375 0.2982673265625 0.6208745875 0.29723597343749997 0.6260313531249999 0.2962046203125 0.63118811875 0.2910478546875 0.633250825 0.2745462046875 0.6260313531249999 0.26526402656250003 0.611592409375 0.2632013203125 0.59818481875 0.2724834984375
1 0.56518151875 0.2827970296875 0.574463696875 0.2941419140625 0.578589109375 0.2962046203125 0.5878712875 0.2951732671875 0.59818481875 0.28692244218749996 0.59818481875 0.2724834984375 0.588902640625 0.2632013203125 0.574463696875 0.2632013203125 0.56518151875 0.2745462046875 0.56518151875 0.2827970296875
1 0.4507013203125 0.27764026406250003 0.4403877890625 0.27764026406250003 0.43110561093750005 0.28485973593749997 0.4269801984375 0.2931105609375 0.42904290468750006 0.3013613859375 0.4383250828125 0.3106435640625 0.45173267343749995 0.3096122109375 0.4548267328125 0.3085808578125 0.46204620468749996 0.2992986796875 0.46204620468749996 0.28692244218749996 0.4507013203125 0.27764026406250003
1 0.32693894375 0.3147689765625 0.3125 0.3168316828125 0.303217821875 0.3281765671875 0.303217821875 0.3426155109375 0.305280528125 0.34674092343749996 0.3125 0.35189768906249996 0.321782178125 0.3529290421875 0.32693894375 0.35189768906249996 0.338283828125 0.3384900984375 0.338283828125 0.3240511546875 0.32693894375 0.3147689765625
0 0.3939768984375 0.3240511546875 0.3939768984375 0.3116749171875 0.386757425 0.30239273906249997 0.3743811875 0.3003300328125 0.36819306875 0.30239273906249997 0.358910890625 0.3116749171875 0.356848184375 0.3240511546875 0.3661303625 0.33539603906250004 0.370255775 0.33745874531250003 0.381600659375 0.3364273921875 0.3919141921875 0.3281765671875 0.3939768984375 0.3240511546875
0 0.6476897687500001 0.3178630359375 0.649752475 0.3219884484375 0.661097359375 0.3312706265625 0.673473596875 0.33539603906250004 0.67656765625 0.3343646859375 0.681724421875 0.3333333328125 0.6910065999999999 0.3240511546875 0.6951320125 0.3137376234375 0.6951320125 0.3075495046875 0.6910065999999999 0.29723597343749997 0.679661715625 0.2879537953125 0.661097359375 0.2879537953125 0.654909240625 0.29207920781249996 0.6476897687500001 0.3013613859375 0.6476897687500001 0.3178630359375
0 0.63118811875 0.2827970296875 0.633250825 0.2910478546875 0.640470296875 0.2982673265625 0.644595709375 0.3003300328125 0.6476897687500001 0.2992986796875 0.6569719468749999 0.2900165015625 0.665222771875 0.2879537953125 0.6683168312500001 0.28485973593749997 0.666254125 0.2745462046875 0.659034653125 0.2673267328125 0.652846534375 0.26526402656250003 0.640470296875 0.2673267328125 0.633250825 0.2745462046875 0.633250825 0.28073432343750004 0.63118811875 0.2827970296875
0 0.696163365625 0.2611386140625 0.694100659375 0.2611386140625 0.692037953125 0.2590759078125 0.679661715625 0.2590759078125 0.6724422437500001 0.2662953796875 0.6724422437500001 0.2683580859375 0.673473596875 0.2693894390625 0.675536303125 0.2693894390625 0.677599009375 0.2673267328125 0.679661715625 0.2673267328125 0.681724421875 0.26526402656250003 0.687912540625 0.26526402656250003 0.689975246875 0.2673267328125 0.694100659375 0.2673267328125 0.698226071875 0.2714521453125 0.700288778125 0.2714521453125 0.7013201312499999 0.27042079218750004 0.7013201312499999 0.2683580859375 0.699257425 0.2662953796875 0.699257425 0.2642326734375 0.696163365625 0.2611386140625