1 0.509375 0.3421875 0.040625 0.04375
1 0.4625 0.3296875 0.0390625 0.0484375
1 0.415625 0.34375 0.040625 0.0453125
1 0.5171875 0.515625 0.04375 0.04375
1 0.534375 0.915625 0.0515625 0.0484375
1 0.4859375 0.9125 0.0453125 0.053125
2 0.5265625 0.7234375 0.0453125 0.0484375
2 0.48125 0.7109375 0.0484375 0.0484375
2 0.471875 0.5296875 0.04375 0.0484375
2 0.5015625 0.1640625 0.04375 0.053125
2 0.4396756328125 0.5007911390625 0.43571993593749997 0.5027689875 0.4327531640625 0.5116693031249999 0.43077531718750006 0.5116693031249999 0.4297863921875 0.492879746875 0.41594145625 0.492879746875 0.411985759375 0.4948575953125 0.399129746875 0.50969145625 0.399129746875 0.5235363921875 0.40308544375000005 0.531447784375 0.4100079109375 0.538370253125 0.41989715156249996 0.5423259500000001 0.42780854375 0.5423259500000001 0.4337420890625 0.53441455625 0.4396756328125 0.5363924046874999 0.4465981015625 0.5294699359374999 0.44758702499999997 0.5245253171875001 0.44857595000000006 0.50969145625 0.4436313296875 0.5027689875 0.4396756328125 0.5007911390625
2 0.4604430375 0.9111946203124999 0.457476265625 0.9082278484374999 0.45352057031250004 0.9082278484374999 0.4495648734375 0.91218354375 0.44857595000000006 0.9111946203124999 0.44857595000000006 0.9032832281250001 0.4456091765625 0.896360759375 0.4337420890625 0.896360759375 0.425830696875 0.90031645625 0.42088607656250004 0.9052610765625 0.41297468281249994 0.92503955625 0.41297468281249994 0.9329509500000001 0.4169303796875 0.9448180374999999 0.4297863921875 0.955696203125 0.4436313296875 0.955696203125 0.44758702499999997 0.9537183546874999 0.451542721875 0.947784809375 0.45549841718749995 0.947784809375 0.4604430375 0.942840190625 0.463409809375 0.931962025 0.464398734375 0.9270174046875 0.4604430375 0.9191060125 0.4604430375 0.9111946203124999
3 0.46875 0.1625 0.1171875 0.08125
3 0.48125 0.340625 0.1234375 0.065625
3 0.484375 0.5203125 0.115625 0.0734375
3 0.4984375 0.7171875 0.1234375 0.0921875
3 0.5 0.9109375 0.1203125 0.0953125