0 0.46773538906249995 0.9151785718750001 0.481939934375 0.9212662343750001 0.49817370156249996 0.9212662343750001 0.5103490265625 0.9172077921874999 0.5235389609375 0.9060470781250001 0.5255681812499999 0.9019886359375 0.5255681812499999 0.8877840906250001 0.51948051875 0.8776379875 0.5103490265625 0.8705357140625001 0.5002029218749999 0.8664772734374999 0.47991071406249997 0.8664772734374999 0.46773538906249995 0.8705357140625001 0.46063311718750005 0.8756087656249999 0.455560065625 0.88676948125 0.45454545468749996 0.8999594156249999 0.456574675 0.9040178578125 0.46773538906249995 0.9151785718750001
0 0.6665990265625 0.5641233765625 0.6767451296875 0.5661525968750001 0.6787743500000001 0.5641233765625 0.6848620125 0.5641233765625 0.6980519484375 0.5529626624999999 0.7000811687499999 0.5489042203125 0.7021103890625 0.530641234375 0.6960227265625 0.5204951296875 0.6889204546875 0.5154220781250001 0.6726866890625 0.5133928578125 0.6665990265625 0.5154220781250001 0.65239448125 0.5275974031249999 0.6513798703125 0.546875 0.6554383109375 0.5549918828125 0.6665990265625 0.5641233765625
0 0.6300730515625 0.44237012968749995 0.650365259375 0.44237012968749995 0.6584821421875 0.43831168906249995 0.6696428578125 0.42715097343749997 0.67573051875 0.412946428125 0.6737012984375 0.39671266250000004 0.6696428578125 0.38859577968750003 0.6584821421875 0.377435065625 0.650365259375 0.3733766234375 0.6321022734375 0.3733766234375 0.6219561687499999 0.377435065625 0.608766234375 0.390625 0.6057224031249999 0.40178571406249997 0.6067370125 0.41700487031250005 0.6128246749999999 0.42918019531249996 0.6300730515625 0.44237012968749995
0 0.7021103890625 0.5448457796875 0.7092126624999999 0.5458603890625 0.7163149343749999 0.5387581171875 0.7203733765625 0.530641234375 0.7203733765625 0.5204951296875 0.7112418828125 0.5073051953125 0.7051542203125 0.5073051953125 0.6950081171875 0.5154220781250001 0.69399350625 0.5184659093749999 0.7021103890625 0.530641234375 0.7021103890625 0.5448457796875
0 0.6828327921875 0.6229707796875 0.6980519484375 0.6097808437500001 0.7000811687499999 0.5935470781250001 0.6980519484375 0.5874594156249999 0.6929788968749999 0.5823863640625 0.6899350656250001 0.5834009734375 0.6919642859375 0.5955762984375 0.6879058437500001 0.6057224031249999 0.6808035718750001 0.6128246749999999 0.6726866890625 0.6168831171875 0.6645698046875 0.6168831171875 0.6635551953125 0.6199269484375 0.668628246875 0.6229707796875 0.6828327921875 0.6229707796875
1 0.6483360390625 0.6696428578125 0.6625405843750001 0.6696428578125 0.6726866890625 0.6635551953125 0.6797889609375 0.6544237015625 0.6818181812499999 0.6402191562499999 0.6797889609375 0.63413149375 0.6706574671875 0.6229707796875 0.6665990265625 0.6209415578125 0.65239448125 0.6209415578125 0.6463068187500001 0.6229707796875 0.6371753250000001 0.6300730515625 0.63413149375 0.6351461031250001 0.6331168828125 0.6544237015625 0.6402191562499999 0.6655844156249999 0.6483360390625 0.6696428578125
1 0.650365259375 0.6128246749999999 0.6625405843750001 0.6189123375000001 0.6787743500000001 0.6148538968749999 0.6899350656250001 0.6036931812499999 0.6919642859375 0.59760551875 0.6919642859375 0.5834009734375 0.6899350656250001 0.5793425328125 0.6848620125 0.572240259375 0.6747159093749999 0.5661525968750001 0.6605113640625 0.5661525968750001 0.6564529218749999 0.5681818187500001 0.6432629875 0.581371753125 0.6422483765625 0.5864448046875 0.641233765625 0.59760551875 0.6432629875 0.6036931812499999 0.650365259375 0.6128246749999999
1 0.6706574671875 0.5113636359375 0.6747159093749999 0.5133928578125 0.6950081171875 0.5154220781250001 0.7081980515625 0.5042613640625 0.7102272734375 0.5002029218749999 0.7102272734375 0.48396915625 0.7081980515625 0.47788149375 0.6950081171875 0.46672077968750003 0.6787743500000001 0.46672077968750003 0.6747159093749999 0.46875 0.6625405843750001 0.48295454531250004 0.6615259734375 0.49614448125 0.6635551953125 0.5022321421875 0.6706574671875 0.5113636359375
1 0.5570211031250001 0.8461850656250001 0.5691964281249999 0.85024350625 0.5874594156249999 0.8461850656250001 0.5986201296875 0.8370535718750001 0.6026785718750001 0.8289366890625001 0.6006493500000001 0.8147321421875 0.5854301953125 0.8015422078125001 0.5671672078125 0.8015422078125001 0.5610795453125 0.8035714281249999 0.5499188312500001 0.8106737015625001 0.546875 0.8177759734375 0.5458603890625 0.8329951296875 0.5478896109375 0.8370535718750001 0.5570211031250001 0.8461850656250001
1 0.4088879875 0.9760551953125001 0.42309253281250003 0.9821428578125 0.44744318125 0.9821428578125 0.45353084375 0.9801136359375 0.46469155781250004 0.9730113640625 0.46875 0.96489448125 0.46875 0.9547483765625 0.46672077968750003 0.9506899343749999 0.45758928593750003 0.9415584421875 0.43932629843750004 0.9334415578125 0.419034090625 0.9334415578125 0.41700487031250005 0.9354707796874999 0.41091720781249996 0.9354707796874999 0.39975649375 0.9425730515625 0.39671266250000004 0.949675325 0.39569805156250004 0.9608360390625 0.39772727343750003 0.96489448125 0.4088879875 0.9760551953125001
1 0.43628246718749997 0.14711850625 0.44237012968749995 0.15929383125000002 0.455560065625 0.172483765625 0.47585227343750003 0.1826298703125 0.488027596875 0.1826298703125 0.49005681875 0.18465909062500002 0.494115259375 0.1826298703125 0.5083198046875 0.1826298703125 0.530641234375 0.17045454531249998 0.5438311687499999 0.1572646109375 0.5499188312500001 0.14508928593749998 0.5499188312500001 0.136972403125 0.5519480515625 0.13494318125 0.5478896109375 0.118709415625 0.5397727265625 0.1045048703125 0.5204951296875 0.0892857140625 0.5083198046875 0.0852272734375 0.47788149375 0.0852272734375 0.45961850625 0.09334415625 0.44845779218750004 0.10247565 0.43831168906249995 0.1166801953125 0.43831168906249995 0.12276785781249999 0.43526785781250005 0.1298701296875 0.434253246875 0.1390016234375 0.43628246718749997 0.14103084375 0.43628246718749997 0.14711850625
1 0.6483360390625 0.3733766234375 0.650365259375 0.37540584374999997 0.6645698046875 0.37540584374999997 0.668628246875 0.3733766234375 0.6818181812499999 0.3601866890625 0.6838474031249999 0.35409902656250003 0.6838474031249999 0.337865259375 0.6797889609375 0.32771915625000003 0.6747159093749999 0.3206168828125 0.6625405843750001 0.3125 0.6402191562499999 0.3125 0.6321022734375 0.3165584421875 0.6189123375000001 0.33177759687499997 0.6178977265625 0.34090909062499997 0.6209415578125 0.35815746718749997 0.63413149375 0.37134740312500003 0.6483360390625 0.3733766234375
1 0.6077516234375 0.121753246875 0.6178977265625 0.1258116890625 0.6442775968750001 0.1258116890625 0.6574675328125 0.1146509734375 0.6574675328125 0.1085633109375 0.659496753125 0.10653409062500001 0.6574675328125 0.09638798750000001 0.6442775968750001 0.0831980515625 0.63413149375 0.07913961093750001 0.61586850625 0.07913961093750001 0.6077516234375 0.0831980515625 0.6006493500000001 0.090300325 0.59760551875 0.09943181875 0.5965909093749999 0.10247565 0.6026785718750001 0.1166801953125 0.6077516234375 0.121753246875
1 0.6057224031249999 0.190746753125 0.6219561687499999 0.19683441562499998 0.6361607140625 0.19683441562499998 0.6442775968750001 0.1927759734375 0.6574675328125 0.17958603906249998 0.659496753125 0.1734983765625 0.659496753125 0.1613230515625 0.6554383109375 0.15320616874999998 0.6422483765625 0.140016234375 0.6260146109375 0.133928571875 0.6097808437500001 0.13595779218749998 0.6057224031249999 0.140016234375 0.599634740625 0.14204545468750002 0.590503246875 0.15320616874999998 0.5894886359375 0.1582792203125 0.5884740265625 0.16538149375 0.5945616890625 0.181615259375 0.6057224031249999 0.190746753125
1 0.6422483765625 0.140016234375 0.6534090906250001 0.1511769484375 0.659496753125 0.1633522734375 0.659496753125 0.17146915625 0.6574675328125 0.1734983765625 0.6584821421875 0.18060065 0.6716720781250001 0.17146915625 0.6737012984375 0.16538149375 0.6737012984375 0.1491477265625 0.6645698046875 0.13595779218749998 0.650365259375 0.12784090937499998 0.6361607140625 0.12784090937499998 0.6260146109375 0.13189935 0.625 0.13291396093750002 0.6280438312500001 0.13595779218749998 0.6422483765625 0.140016234375