2 0.4167184125 0.05858740312500001 0.42748152812500007 0.0534159046875 0.4382595125 0.037908840625 0.4413564640625 0.022511453125 0.4387186640625 0.01280234375 0.4370976921875 0.0028552921875 0.42551479687500005 0.0042048640625 0.42186946406250003 0.0051677828125 0.41497289375 0.0035263609374999996 0.3953725 0.00446883125 0.3842283078125 0.0051380390625000005 0.3878866515625 0.046272096875 0.396735084375 0.053769098437499996 0.40790901718750006 0.05843683281249999 0.4167184125 0.05858740312500001
1 0.31749514218749997 0.0259114078125 0.31872202656250004 0.0376783359375 0.3230551546875 0.051899031250000005 0.3293977703125 0.062699321875 0.3393950109375 0.069837553125 0.35242414218749996 0.0745034296875 0.3618432609375 0.07175781249999999 0.37123635625 0.0671477046875 0.37644689374999996 0.0602399796875 0.381224303125 0.047697884375 0.38363345625 0.033599878124999996 0.37782063125 0.023693721875 0.3722197203125 0.012395240625 0.36333596875 0.0047588203125 0.355457890625 0.0066493375 0.3450628421875 0.0059355125 0.3264718390625 0.006632606250000001 0.3215475765625 0.0166019640625 0.31749514218749997 0.0259114078125
1 0.4999696078125 0.0223692296875 0.49696696406249996 0.01535936875 0.49113070625 0.008346557812499999 0.48481910156249997 0.0037149 0.47728296875 0.00027676875000000003 0.469119440625 0.0006332796875 0.46350313906249996 0.0006827328124999999 0.45361906718749995 0.0014695593749999999 0.45026360624999995 0.0035584187500000003 0.44608736406249994 0.0073833203124999995 0.44271386562500004 0.0146146703125 0.44242289062499995 0.019280696875 0.44243328281250005 0.024437746875 0.4401392390625 0.031965046875 0.437536034375 0.039453378125 0.43948641874999994 0.047212634375 0.4401574265625 0.0520052296875 0.44377558749999996 0.058191090625 0.44882958281249996 0.06576515468750001 0.45308945156249997 0.067978659375 0.4601352546875 0.0727711203125 0.466191215625 0.07387354375 0.47745185625 0.0730222625 0.48684366093750003 0.0681258796875 0.4943770234375 0.060744067187499994 0.49835609375 0.04994955625 0.501258353125 0.041498162500000005 0.4999696078125 0.0223692296875
2 0.39501935312500003 0.5008398921875 0.388335740625 0.4940669671875 0.3816919859375 0.4908642953125 0.374120421875 0.489051490625 0.3699958484375 0.488856628125 0.364418665625 0.48940504687499997 0.3614544046875 0.49000070312500005 0.355708934375 0.4928926296875 0.3486820984375 0.4963366640625 0.3438231015625 0.503103684375 0.3405001171875 0.5089953015625001 0.33824444374999996 0.517080590625 0.33798093749999997 0.52457908125 0.340001890625 0.5307998953124999 0.3455414296875 0.5374694843750001 0.3504269984375 0.5444217703125 0.359352259375 0.54806361875 0.36600044375 0.5501008109375001 0.373811153125 0.54980925625 0.3811575921875 0.5483994609375 0.3881135671875 0.5445568453125 0.3929400890625 0.539277121875 0.3985349859375 0.5340771171875 0.399521103125 0.527285740625 0.3994709125 0.52176686875 0.3992398828125 0.5146558906250001 0.3986139625 0.50765415 0.39501935312500003 0.5008398921875
2 0.47101243281249994 1 0.47138525624999994 0.99945585 0.47409265468750006 0.99380485625 0.475483996875 0.9907269265625 0.47574971718750003 0.9891894375 0.47722520468749996 0.9836498984375 0.476778646875 0.974834615625 0.47620218124999997 0.9696744671875 0.47454806875 0.9613013140625 0.46960566562499995 0.9540766656249999 0.46651149687500004 0.949514390625 0.45971126093750003 0.9459862093750001 0.4577427140625 0.9447764421875 0.4539923625 0.9435223890625 0.44839229999999997 0.9435223890625 0.4408605953125 0.94414535625 0.4339658828125 0.9489748296875 0.427811496875 0.9523723625 0.42586656874999995 0.955861421875 0.424824353125 0.9727811859375001 0.42461399218749996 0.9798810937500001 0.4236529671875 0.9998691921875 0.423751796875 1 0.47101243281249994 1
1 0.41983441250000003 1 0.4201890046875 0.9979788859375001 0.41865741874999995 0.9883620109375 0.41831345937500003 0.9800597171875 0.4174159140625 0.9741186468749999 0.41281599375000005 0.96794506875 0.40712292968749997 0.9623501734375 0.4003581234375 0.9587784453125 0.3937424171875 0.9580115453125 0.38847893437500003 0.9581916453125 0.386207021875 0.9585902265625 0.3799529921875 0.9611758359374999 0.3748592734375 0.9656318234375 0.37033538125 0.9697342546875 0.367397690625 0.9766798984375 0.36403632343750003 0.9845570406249999 0.362272971875 0.9907195453125001 0.360968621875 1 0.41983441250000003 1
1 0.5293075796875 1 0.5309897375 0.997035853125 0.5329876671875 0.9893488265625001 0.5331104156250001 0.9814441578125 0.533371584375 0.9717783499999999 0.529929396875 0.9625600109375 0.5258090453125 0.9558162328125 0.5211223953124999 0.9509424125000001 0.51559826875 0.948238459375 0.5099640156249999 0.9449991125 0.5037438796875 0.945033934375 0.49951731875 0.9451997765625 0.49628101874999997 0.9460646765625 0.4924879984375 0.9469765859375 0.4874270078125 0.9517019734375 0.48544779374999997 0.9534091390625001 0.4828665890625 0.955551146875 0.481489365625 0.9580762015625 0.47927771249999995 0.9611784359375 0.47791746562500004 0.9646515265625 0.4775762078125 0.9676035890625 0.477894396875 0.9699009921874999 0.4776023234375 0.9751004 0.47775989531249996 0.9764723999999999 0.47783389375 0.9809997375 0.47811899999999996 0.984735303125 0.47635481406249996 0.9885744640624999 0.47641227031250005 0.9922599703125 0.47804326093749994 0.9958035796875 0.48083054062499997 1 0.5293075796875 1
3 0.3890625 0.040625 0.1375 0.0796875
3 0.3890625 0.271875 0.1640625 0.0953125
3 0.4046875 0.521875 0.15625 0.0984375
3 0.4140625 0.7640625 0.14375 0.115625
3 0.4203125 0.965625 0.159375 0.0671875