2 0.5470779218749999 0.3463879875 0.5237418828125 0.32508116875000004 0.5054788968749999 0.32102272656249997 0.5034496749999999 0.31899350625 0.47706980468750004 0.32305194843749996 0.462865259375 0.3291396109375 0.45474837656249995 0.33522727343750003 0.44155844218749996 0.35247565000000003 0.43547077968750003 0.3707386359375 0.4375 0.393060065625 0.449675325 0.41538149375 0.46489448125 0.428571428125 0.487215909375 0.43668831093750005 0.5115665578125 0.434659090625 0.5338879875 0.4245129875 0.5349025968750001 0.42146915625 0.5450487015625 0.41335227343750003 0.5470779218749999 0.40726461093750005 0.5511363640625 0.40320616875 0.5551948046875 0.39103084374999997 0.5541801953125 0.3616071421875 0.5470779218749999 0.3463879875
2 0.5135957796875 0.2763798703125 0.5125811687499999 0.26927759687499997 0.50649350625 0.25710227343750003 0.4973620125 0.2459415578125 0.47706980468750004 0.233766234375 0.45474837656249995 0.2317370125 0.43242694843749996 0.239853896875 0.415178571875 0.25507305156250004 0.40503246718749997 0.275365259375 0.40503246718749997 0.29159902656250003 0.41112012968749995 0.3098620125 0.424310065625 0.32508116875000004 0.44257305156250004 0.33522727343750003 0.45271915625 0.33522727343750003 0.46692370156249996 0.32508116875000004 0.48518668906249995 0.31899350625 0.49533279218750004 0.31899350625 0.5014204546875 0.314935065625 0.5085227265625 0.30783279218750004 0.5125811687499999 0.29971590937500003 0.5125811687499999 0.28754058437499996 0.5146103890625 0.2855113640625 0.5135957796875 0.2763798703125
2 0.35328733749999996 0.3108766234375 0.34719967500000004 0.31290584374999997 0.33908279218750004 0.31696428593750003 0.32995129843750004 0.32609577968750003 0.3238636359375 0.338271103125 0.32183441562500004 0.344358765625 0.3238636359375 0.362621753125 0.32995129843750004 0.37479707812499996 0.3411120125 0.38392857187499996 0.3512581171875 0.3879870125 0.37155032499999996 0.3879870125 0.38372565000000003 0.38189934999999997 0.39691558437499996 0.36465097343749997 0.39894480468750004 0.3585633109375 0.39793019531249996 0.33319805156250004 0.3948863640625 0.32609577968750003 0.37966720781249996 0.31290584374999997 0.37357954531250004 0.3108766234375 0.35328733749999996 0.3108766234375
2 0.2731331171875 0.344358765625 0.27922077968750003 0.35653409062499997 0.29241071406249997 0.36566558437499996 0.30864448125 0.36566558437499996 0.3167613640625 0.3616071421875 0.32183441562500004 0.35653409062499997 0.32183441562500004 0.34232954531250004 0.32995129843750004 0.32609577968750003 0.3289366890625 0.32305194843749996 0.3258928578125 0.31594967500000004 0.31270292187500004 0.30681818125000004 0.29646915625000003 0.30681818125000004 0.28835227343750003 0.3108766234375 0.2771915578125 0.32203733749999996 0.2731331171875 0.3321834421875 0.2731331171875 0.344358765625
2 0.26095779218750004 0.3545048703125 0.2629870125 0.34841720781249996 0.26197240312500003 0.341314934375 0.26095779218750004 0.3362418828125 0.255884740625 0.33116883124999996 0.237621753125 0.3291396109375 0.23051948125 0.33421266250000004 0.2264610390625 0.34232954531250004 0.2264610390625 0.35653409062499997 0.231534090625 0.3636363640625 0.2396509734375 0.36769480468750004 0.25182629843750004 0.36566558437499996 0.26095779218750004 0.3545048703125
2 0.237621753125 0.3271103890625 0.23051948125 0.317978896875 0.23051948125 0.30580357187499996 0.2325487015625 0.3017451296875 0.22747565 0.30073051875 0.2203733765625 0.30783279218750004 0.21834415625 0.3200081171875 0.222402596875 0.328125 0.2295048703125 0.33319805156250004 0.2355925328125 0.33116883124999996 0.2386363640625 0.328125 0.237621753125 0.3271103890625
2 0.2295048703125 0.28855519531249996 0.2366071421875 0.28754058437499996 0.2325487015625 0.28145292187500004 0.2325487015625 0.26521915625000003 0.2386363640625 0.25710227343750003 0.237621753125 0.2540584421875 0.231534090625 0.25608766250000004 0.222402596875 0.2672483765625 0.222402596875 0.27942370156249996 0.2295048703125 0.28855519531249996
2 0.2640016234375 0.422483765625 0.25385551875 0.41436688281249995 0.243709415625 0.41436688281249995 0.234577921875 0.42146915625 0.23051948125 0.42958603906250004 0.23051948125 0.43973214218749995 0.237621753125 0.45089285781250005 0.2457386359375 0.452922078125 0.2548701296875 0.44581980468750004 0.25689934999999997 0.43567370156249996 0.265016234375 0.42755681875 0.2640016234375 0.422483765625
2 0.2640016234375 0.5056818187500001 0.2629870125 0.5026379875 0.25385551875 0.49553571406249997 0.243709415625 0.49553571406249997 0.2396509734375 0.497564934375 0.2325487015625 0.5066964281249999 0.2325487015625 0.518871753125 0.2396509734375 0.528003246875 0.2477678578125 0.5320616890625 0.25791396093749996 0.5300324671875 0.265016234375 0.5209009734375 0.2640016234375 0.5056818187500001
2 0.26197240312500003 0.5381493500000001 0.25791396093749996 0.5361201296875 0.2477678578125 0.5361201296875 0.2386363640625 0.5432224031249999 0.2386363640625 0.5574269484375 0.2457386359375 0.5665584421875 0.255884740625 0.5685876624999999 0.26907467500000004 0.5574269484375 0.268060065625 0.5482954546875 0.26704545468749996 0.5432224031249999 0.26197240312500003 0.5381493500000001
2 0.42633928593750003 0.8810876625 0.44257305156250004 0.8810876625 0.453733765625 0.8739853890625 0.45779220781249996 0.8638392859374999 0.456777596875 0.8587662343750001 0.453733765625 0.8516639609375 0.44663149375 0.8445616890625001 0.42836850625 0.8405032468750001 0.42633928593750003 0.8425324671875 0.418222403125 0.8425324671875 0.409090909375 0.8516639609375 0.40706168906249995 0.8638392859374999 0.418222403125 0.8770292203125001 0.42633928593750003 0.8810876625
2 0.450689934375 0.9054383109374999 0.44663149375 0.89935065 0.44054383125 0.89935065 0.43242694843749996 0.9054383109374999 0.41416396093749996 0.9054383109374999 0.41314935 0.9105113640625 0.42025162343750005 0.9196428578125 0.43039772656249997 0.9237012984374999 0.43851461093750005 0.9237012984374999 0.44460227343750003 0.9216720781250001 0.45170454531250004 0.9145698046874999 0.450689934375 0.9054383109374999
1 0.5795454546875 0.1982548703125 0.5795454546875 0.19216720781250002 0.5815746749999999 0.1901379875 0.5805600656250001 0.1769480515625 0.5795454546875 0.1637581171875 0.5754870125 0.155641234375 0.5582386359375 0.1363636359375 0.5480925328125 0.1302759734375 0.5359172078125 0.1262175328125 0.5237418828125 0.1262175328125 0.5217126624999999 0.1241883109375 0.5034496749999999 0.1262175328125 0.481128246875 0.1363636359375 0.46387987031250005 0.155641234375 0.45779220781249996 0.171875 0.459821428125 0.1901379875 0.465909090625 0.2043425328125 0.49127435 0.22767857187499999 0.5075081171875 0.233766234375 0.5338879875 0.233766234375 0.5460633109375 0.2297077921875 0.5541801953125 0.2236201296875 0.5582386359375 0.2236201296875 0.5693993500000001 0.21043019531249998 0.5754870125 0.206371753125 0.5795454546875 0.1982548703125
1 0.369521103125 0.14042207812500002 0.3553165578125 0.146509740625 0.346185065625 0.155641234375 0.34009740312500003 0.1678165578125 0.34009740312500003 0.18607954531249998 0.34415584374999997 0.19622565 0.35328733749999996 0.2053571421875 0.369521103125 0.21144480468750002 0.38372565000000003 0.21144480468750002 0.3857548703125 0.209415584375 0.39184253281250003 0.209415584375 0.40198863593749995 0.203327921875 0.415178571875 0.1901379875 0.4192370125 0.182021103125 0.418222403125 0.1668019484375 0.41314935 0.1536120125 0.40401785781250005 0.14448051875 0.3857548703125 0.1383928578125 0.369521103125 0.14042207812500002
1 0.41010551875 0.0328733765625 0.39590097343749997 0.0328733765625 0.393871753125 0.034902596875000004 0.3857548703125 0.034902596875000004 0.37155032499999996 0.043019481250000005 0.3603896109375 0.056209415625 0.3583603890625 0.07041396093749999 0.36241883124999996 0.07853084375 0.37155032499999996 0.08766233749999999 0.38372565000000003 0.0917207796875 0.39995941562500004 0.0917207796875 0.40198863593749995 0.0896915578125 0.40807629843750004 0.0896915578125 0.42228084375 0.081574675 0.4314123375 0.07244318125 0.43547077968750003 0.062297078125 0.43445616875 0.057224026562499995 0.42938311718750005 0.046063310937500004 0.42025162343750005 0.03693181875 0.41010551875 0.0328733765625
1 0.36140422031249997 0.209415584375 0.3553165578125 0.2053571421875 0.33908279218750004 0.2053571421875 0.324878246875 0.2134740265625 0.315746753125 0.224634740625 0.3116883109375 0.23478084375 0.3116883109375 0.2489853890625 0.31777597343749997 0.26116071406249997 0.324878246875 0.2682629875 0.33502434999999997 0.27232142812500004 0.35328733749999996 0.27232142812500004 0.3634334421875 0.2682629875 0.37865259687499997 0.25507305156250004 0.384740259375 0.24086850625 0.38372565000000003 0.2297077921875 0.38068181874999996 0.218547078125 0.375608765625 0.2134740265625 0.3674918828125 0.209415584375 0.36140422031249997 0.209415584375
1 0.39793019531249996 0.42045454531250004 0.38169642812500004 0.42045454531250004 0.369521103125 0.42654220781249996 0.35633116875000004 0.43973214218749995 0.35227272656249997 0.449878246875 0.35024350625 0.468141234375 0.35227272656249997 0.47017045468749996 0.35430194843749996 0.48234577968750003 0.369521103125 0.49959415625 0.38372565000000003 0.5056818187500001 0.406047078125 0.5056818187500001 0.42228084375 0.497564934375 0.424310065625 0.49147727343750003 0.40503246718749997 0.47625811718750005 0.39691558437499996 0.46002435 0.3948863640625 0.43567370156249996 0.39894480468750004 0.425527596875 0.39793019531249996 0.42045454531250004
1 0.2731331171875 0.275365259375 0.271103896875 0.25710227343750003 0.2802353890625 0.2439123375 0.29342532499999996 0.236810065625 0.29241071406249997 0.233766234375 0.28429383124999996 0.2297077921875 0.27211850625 0.2297077921875 0.2640016234375 0.233766234375 0.25689934999999997 0.24086850625 0.25284090937500003 0.2489853890625 0.25284090937500003 0.263189934375 0.25994318125000004 0.27435065000000003 0.2640016234375 0.2763798703125 0.2731331171875 0.275365259375
1 0.25994318125000004 0.49147727343750003 0.268060065625 0.48741883125 0.27516233749999996 0.48031655781250004 0.2771915578125 0.47625811718750005 0.27617694843749996 0.47321428593750003 0.26603084374999997 0.471185065625 0.25892857187499996 0.46408279218750004 0.25385551875 0.45089285781250005 0.2457386359375 0.452922078125 0.2386363640625 0.462053571875 0.2386363640625 0.4782873375 0.240665584375 0.48234577968750003 0.25385551875 0.49147727343750003 0.25994318125000004 0.49147727343750003
1 0.2264610390625 0.472199675 0.2264610390625 0.48640422031249997 0.228490259375 0.4904626625 0.2335633109375 0.49553571406249997 0.24168019531249998 0.497564934375 0.243709415625 0.49553571406249997 0.249797078125 0.49553571406249997 0.25284090937500003 0.49249188281249995 0.25182629843750004 0.48944805156250004 0.2457386359375 0.48741883125 0.240665584375 0.48234577968750003 0.2386363640625 0.4782873375 0.2386363640625 0.46408279218750004 0.2355925328125 0.46306818125 0.231534090625 0.465097403125 0.2264610390625 0.472199675
1 0.2853084421875 0.15969967499999999 0.2893668828125 0.149553571875 0.28835227343750003 0.146509740625 0.2802353890625 0.1363636359375 0.27008928593750003 0.13433441562499998 0.25994318125000004 0.1383928578125 0.2508116890625 0.14752435 0.2487824671875 0.15767045468750002 0.255884740625 0.16883116874999998 0.25994318125000004 0.1708603890625 0.27008928593750003 0.1708603890625 0.27820616875000004 0.1668019484375 0.2853084421875 0.15969967499999999
1 0.2640016234375 0.1708603890625 0.25994318125000004 0.1708603890625 0.2508116890625 0.161728896875 0.2477678578125 0.152597403125 0.243709415625 0.152597403125 0.240665584375 0.155641234375 0.2386363640625 0.15969967499999999 0.2386363640625 0.171875 0.2457386359375 0.1789772734375 0.255884740625 0.18100649375 0.265016234375 0.1739042203125 0.2640016234375 0.1708603890625
1 0.25182629843750004 0.25202922031249997 0.2396509734375 0.2540584421875 0.23051948125 0.26927759687499997 0.23051948125 0.27942370156249996 0.2396509734375 0.29058441562500004 0.25385551875 0.29058441562500004 0.25791396093749996 0.28855519531249996 0.26704545468749996 0.27942370156249996 0.26603084374999997 0.2763798703125 0.2548701296875 0.2672483765625 0.25182629843750004 0.25202922031249997
1 0.30154220781249996 0.7116477265625 0.30154220781249996 0.70961850625 0.29646915625000003 0.7045454546875 0.294439934375 0.7045454546875 0.29241071406249997 0.702516234375 0.2802353890625 0.702516234375 0.2771915578125 0.7055600656250001 0.2771915578125 0.7075892859375 0.27516233749999996 0.70961850625 0.27516233749999996 0.7177353890625 0.2771915578125 0.7197646109375 0.2771915578125 0.7217938312500001 0.28429383124999996 0.7288961031250001 0.294439934375 0.7288961031250001 0.29646915625000003 0.7268668828125 0.2984983765625 0.7268668828125 0.30154220781249996 0.7238230515625 0.30154220781249996 0.7217938312500001 0.30357142812500004 0.7197646109375 0.30357142812500004 0.7136769484375 0.30255681874999996 0.7126623375000001 0.30154220781249996 0.7116477265625
1 0.291396103125 0.6954139609375 0.291396103125 0.6852678578125 0.29038149375 0.684253246875 0.2893668828125 0.6832386359375 0.2893668828125 0.6812094156249999 0.28709494687500003 0.6797712015624999 0.28429383124999996 0.6781655843750001 0.2822004046875 0.67808958125 0.270447196875 0.677956103125 0.268060065625 0.6781655843750001 0.26603084374999997 0.6781655843750001 0.2629870125 0.6812094156249999 0.2629870125 0.6852678578125 0.2622339046875 0.6869741390625 0.2628982578125 0.6890514359375 0.2633518171875 0.6914626390625 0.26405677656250004 0.6946172453125 0.265016234375 0.6974431812499999 0.268060065625 0.7004870125 0.27008928593750003 0.7004870125 0.2720864859375 0.702213265625 0.27452101406249996 0.70237093125 0.27820616875000004 0.702516234375 0.28429383124999996 0.702516234375 0.291396103125 0.6954139609375
1 0.2601073640625 0.690273453125 0.2604080078125 0.6928159703125 0.26254491562500004 0.695899303125 0.26590858906250003 0.6994448328125 0.2673772546875 0.7010962171874999 0.2639271890625 0.6946349546875 0.26226162343750004 0.6866410578125001 0.26226162343750004 0.6846118375 0.26429084375 0.6825826171875 0.26429084375 0.6805533968749999 0.2630364859375 0.6810688093749999 0.2614144734375 0.682565553125 0.26124701250000004 0.68156800625 0.26079201875 0.6846709265625 0.260541484375 0.6859002859375 0.2602563890625 0.686864421875 0.2601073640625 0.690273453125
1 0.41112012968749995 0.9003652593749999 0.40198863593749995 0.8892045453125 0.3928571421875 0.89630681875 0.3928571421875 0.9044237015625001 0.40198863593749995 0.9135551953125001 0.41416396093749996 0.9135551953125001 0.41416396093749996 0.9115259734375 0.41112012968749995 0.9003652593749999
1 0.3329951296875 0.7938311687499999 0.324878246875 0.7958603890625 0.31980519531249996 0.8029626625 0.31980519531249996 0.809050325 0.3238636359375 0.8151379875 0.33096590937500003 0.8202110390625 0.343141234375 0.8202110390625 0.34821428593750003 0.8151379875 0.349228896875 0.80600649375 0.343141234375 0.7978896109375 0.3329951296875 0.7938311687499999
0 0.49431818125 0.455965909375 0.493303571875 0.440746753125 0.48924512968749995 0.43668831093750005 0.47706980468750004 0.434659090625 0.46083603906250004 0.42654220781249996 0.44561688281249995 0.41132305156250004 0.43952922031249997 0.39711850625 0.43648538906249995 0.39407467500000004 0.43039772656249997 0.39407467500000004 0.418222403125 0.4001623375 0.39894480468750004 0.42146915625 0.3948863640625 0.43364448125 0.3948863640625 0.449878246875 0.39691558437499996 0.45190746718749997 0.39691558437499996 0.46002435 0.40097402656250003 0.4661120125 0.40097402656250003 0.47017045468749996 0.41010551875 0.48133116875 0.42633928593750003 0.49147727343750003 0.43851461093750005 0.49553571406249997 0.45271915625 0.49553571406249997 0.47098214218749995 0.48944805156250004 0.484172078125 0.47625811718750005 0.49431818125 0.455965909375
0 0.2802353890625 0.2439123375 0.271103896875 0.25507305156250004 0.2731331171875 0.27739448125 0.2822646109375 0.28652597343749997 0.29241071406249997 0.29058441562500004 0.30255681874999996 0.29058441562500004 0.3147321421875 0.284496753125 0.3238636359375 0.27333603906250004 0.32284902656250003 0.266233765625 0.31371753281250003 0.25507305156250004 0.3116883109375 0.24086850625 0.30255681874999996 0.2357954546875 0.30052759687499997 0.237824675 0.29038149375 0.237824675 0.28632305156250004 0.239853896875 0.2802353890625 0.2439123375
0 0.2457386359375 0.25 0.25182629843750004 0.25 0.25689934999999997 0.24086850625 0.265016234375 0.2327516234375 0.2640016234375 0.22564935 0.2629870125 0.22260551875 0.25385551875 0.215503246875 0.243709415625 0.215503246875 0.2396509734375 0.2175324671875 0.23051948125 0.22869318125000002 0.23051948125 0.2428977265625 0.237621753125 0.25 0.243709415625 0.25202922031249997 0.2457386359375 0.25
0 0.2325487015625 0.3240665578125 0.2457386359375 0.33116883124999996 0.255884740625 0.3291396109375 0.26704545468749996 0.317978896875 0.26704545468749996 0.311891234375 0.26907467500000004 0.3098620125 0.268060065625 0.302759740625 0.26197240312500003 0.2946428578125 0.25385551875 0.29058441562500004 0.243709415625 0.29058441562500004 0.2396509734375 0.2926136359375 0.23051948125 0.3017451296875 0.23051948125 0.30783279218750004 0.228490259375 0.3098620125 0.2325487015625 0.3240665578125
0 0.2355925328125 0.36566558437499996 0.22544642812500001 0.353490259375 0.21834415625 0.362621753125 0.21834415625 0.3727678578125 0.2234172078125 0.38189934999999997 0.22747565 0.38392857187499996 0.2396509734375 0.38392857187499996 0.2508116890625 0.3727678578125 0.249797078125 0.36566558437499996 0.2396509734375 0.36769480468750004 0.2355925328125 0.36566558437499996
0 0.27820616875000004 0.418425325 0.29342532499999996 0.40117694843749996 0.29241071406249997 0.3879870125 0.2893668828125 0.380884740625 0.2822646109375 0.37378246718749997 0.2640016234375 0.371753246875 0.2508116890625 0.38291396093749996 0.246753246875 0.393060065625 0.246753246875 0.40320616875 0.255884740625 0.41639610312500003 0.2640016234375 0.42045454531250004 0.27211850625 0.42045454531250004 0.27820616875000004 0.418425325
0 0.30052759687499997 0.43871753281250003 0.294439934375 0.43060065 0.28429383124999996 0.4245129875 0.268060065625 0.4245129875 0.25689934999999997 0.43567370156249996 0.2548701296875 0.44176136406250005 0.2548701296875 0.45393668906249995 0.25892857187499996 0.46408279218750004 0.27008928593750003 0.47321428593750003 0.28835227343750003 0.471185065625 0.30154220781249996 0.455965909375 0.30052759687499997 0.43871753281250003
0 0.294439934375 0.5767045453125 0.29342532499999996 0.5736607140625 0.2822646109375 0.5645292203125 0.268060065625 0.5645292203125 0.25892857187499996 0.5736607140625 0.25892857187499996 0.58989448125 0.268060065625 0.6010551953125 0.27211850625 0.6030844156249999 0.28429383124999996 0.6030844156249999 0.28835227343750003 0.6010551953125 0.29545454531250004 0.5919237015625 0.294439934375 0.5767045453125
0 0.27617694843749996 0.64975649375 0.2731331171875 0.6446834421875 0.268060065625 0.6416396109375 0.25791396093749996 0.6416396109375 0.25385551875 0.6436688312500001 0.2508116890625 0.6487418828125 0.2508116890625 0.6588879875 0.25284090937500003 0.6629464281249999 0.25994318125000004 0.66801948125 0.27008928593750003 0.66801948125 0.2771915578125 0.6588879875 0.27617694843749996 0.64975649375
0 0.39184253281250003 0.8486201296875 0.38169642812500004 0.8486201296875 0.37053571406249997 0.8577516234375 0.37053571406249997 0.8638392859374999 0.37459415625000003 0.87195616875 0.38169642812500004 0.8770292203125001 0.39793019531249996 0.8770292203125001 0.40706168906249995 0.86586850625 0.406047078125 0.8587662343750001 0.39995941562500004 0.8526785718750001 0.39184253281250003 0.8486201296875
0 0.412134740625 0.8770292203125001 0.403003246875 0.8881899343749999 0.41619318125 0.9054383109374999 0.43242694843749996 0.9054383109374999 0.4435876625 0.89630681875 0.44257305156250004 0.8831168828125 0.44054383125 0.8810876625 0.42633928593750003 0.8810876625 0.42025162343750005 0.8770292203125001 0.412134740625 0.8770292203125001
0 0.43851461093750005 0.9237012984374999 0.42025162343750005 0.9216720781250001 0.415178571875 0.92877435 0.415178571875 0.9328327921874999 0.42025162343750005 0.9399350656250001 0.42633928593750003 0.9419642859374999 0.44054383125 0.9419642859374999 0.44764610312500003 0.9368912343750001 0.44866071406249997 0.9297889609375 0.44257305156250004 0.9216720781250001 0.43851461093750005 0.9237012984374999