1 0.9658203125 0.5 0.9541015625 0.494140625 0.9404296875 0.494140625 0.9267578125 0.5 0.912109375 0.5166015625 0.904296875 0.5400390625 0.904296875 0.5634765625 0.9140625 0.5869140625 0.9267578125 0.6015625 0.9365234375 0.60546875 0.943359375 0.6044921875 0.9580078125 0.599609375 0.96875 0.5908203125 0.98046875 0.5712890625 0.982421875 0.5595703125 0.984375 0.5576171875 0.982421875 0.5263671875 0.970703125 0.5048828125 0.9658203125 0.5
1 1 0.4169921875 0.9873046875 0.40625 0.9775390625 0.40625 0.966796875 0.4150390625 0.962890625 0.4365234375 0.96484375 0.4384765625 0.96875 0.4560546875 0.9755859375 0.462890625 0.9853515625 0.466796875 0.98828125 0.4658203125 0.9970703125 0.4609375 1 0.4560546875 1 0.4169921875
1 0.681640625 0.3017578125 0.68359375 0.3037109375 0.68359375 0.3095703125 0.6923828125 0.3203125 0.7021484375 0.32421875 0.70703125 0.3232421875 0.7138671875 0.3203125 0.71875 0.3154296875 0.720703125 0.3115234375 0.720703125 0.2998046875 0.7099609375 0.287109375 0.6962890625 0.28515625 0.685546875 0.2919921875 0.681640625 0.3017578125
1 0.533203125 0.3212890625 0.53515625 0.3251953125 0.5458984375 0.333984375 0.5498046875 0.3359375 0.560546875 0.3349609375 0.57421875 0.3251953125 0.576171875 0.3212890625 0.576171875 0.3076171875 0.5654296875 0.294921875 0.5478515625 0.29296875 0.537109375 0.2998046875 0.533203125 0.3076171875 0.533203125 0.3212890625
0 0.595703125 0.3056640625 0.595703125 0.3173828125 0.599609375 0.3251953125 0.6123046875 0.333984375 0.626953125 0.3330078125 0.6298828125 0.33203125 0.638671875 0.3212890625 0.63671875 0.3037109375 0.6328125 0.2978515625 0.6259765625 0.29296875 0.6083984375 0.29296875 0.6044921875 0.294921875 0.595703125 0.3056640625
0 0.89453125 0.3505859375 0.896484375 0.3662109375 0.9072265625 0.37890625 0.9111328125 0.380859375 0.91796875 0.3798828125 0.9208984375 0.37890625 0.927734375 0.3701171875 0.927734375 0.3544921875 0.92578125 0.3486328125 0.9130859375 0.337890625 0.9033203125 0.337890625 0.896484375 0.3447265625 0.89453125 0.3505859375
1 0.828125 0.3232421875 0.830078125 0.3369140625 0.8427734375 0.349609375 0.853515625 0.3486328125 0.8583984375 0.345703125 0.861328125 0.3408203125 0.861328125 0.3330078125 0.86328125 0.3310546875 0.859375 0.3212890625 0.8466796875 0.310546875 0.8349609375 0.3125 0.828125 0.3232421875
1 0.861328125 0.3349609375 0.861328125 0.3466796875 0.865234375 0.3544921875 0.8740234375 0.36328125 0.8779296875 0.365234375 0.88671875 0.3642578125 0.8896484375 0.36328125 0.89453125 0.3564453125 0.896484375 0.3408203125 0.892578125 0.3330078125 0.8857421875 0.326171875 0.8740234375 0.322265625 0.86328125 0.3310546875 0.861328125 0.3349609375
1 0.9326171875 0.3828125 0.9443359375 0.3828125 0.9541015625 0.390625 0.95703125 0.3896484375 0.9609375 0.3818359375 0.9609375 0.3681640625 0.958984375 0.3623046875 0.9462890625 0.3515625 0.9365234375 0.3515625 0.927734375 0.3623046875 0.9296875 0.3798828125 0.9326171875 0.3828125
0 0.927734375 0.3583984375 0.9296875 0.3583984375 0.9384765625 0.3515625 0.9462890625 0.3515625 0.9521484375 0.35546875 0.951171875 0.3466796875 0.9423828125 0.33984375 0.9345703125 0.33984375 0.927734375 0.3466796875 0.927734375 0.3583984375
0 0.9326171875 0.3828125 0.9248046875 0.38671875 0.91796875 0.3974609375 0.91796875 0.4169921875 0.923828125 0.4287109375 0.9326171875 0.4375 0.9404296875 0.44140625 0.9453125 0.4404296875 0.9501953125 0.439453125 0.958984375 0.4287109375 0.9609375 0.4228515625 0.9609375 0.4052734375 0.953125 0.3896484375 0.9482421875 0.384765625 0.9443359375 0.3828125 0.9326171875 0.3828125