1 0.0992524921875 0.46615448437499996 0.0857558140625 0.47134551562500004 0.077450165625 0.47757475156250007 0.0722591359375 0.4848421921875 0.06395348906250001 0.5056063125 0.06395348906250001 0.5242940203125 0.0660299 0.5263704312499999 0.0681063125 0.538828903125 0.080564784375 0.5575166109375 0.0940614625 0.566860465625 0.10444352187499999 0.566860465625 0.10651993281250001 0.5689368765625 0.125207640625 0.562707640625 0.1345514953125 0.5533637875 0.1428571421875 0.538828903125 0.1449335546875 0.5201411953124999 0.14700996718749998 0.518064784375 0.1449335546875 0.515988371875 0.1428571421875 0.4993770765625 0.13870431875 0.491071428125 0.1324750828125 0.4848421921875 0.130398671875 0.47861295625 0.11482558125 0.467192690625 0.1085963453125 0.4651162796875 0.0992524921875 0.46615448437499996
1 0.178156146875 0.636420265625 0.174003321875 0.6281146171875001 0.16465946874999998 0.6187707640625 0.1563538203125 0.614617940625 0.1449335546875 0.6156561468749999 0.1345514953125 0.62396179375 0.130398671875 0.6322674421875 0.130398671875 0.6488787375 0.13662790625000001 0.661337209375 0.14389534843750001 0.6686046515624999 0.16258305625 0.6727574749999999 0.178156146875 0.659260796875 0.178156146875 0.6530315609375 0.1802325578125 0.6509551499999999 0.178156146875 0.636420265625
1 0.3525747515625 0.6924833890625 0.3494601328125 0.6935215953125 0.3401162796875 0.7049418609375 0.3401162796875 0.7153239203124999 0.342192690625 0.71947674375 0.35568936875 0.730897009375 0.370224253125 0.730897009375 0.37437707656249997 0.7288205984375 0.38164451875 0.7174003328125 0.38164451875 0.709094684375 0.37749169375 0.7007890359375 0.36607142812500004 0.6914451828125 0.3525747515625 0.6924833890625
1 0.3359634546875 0.6966362125 0.3266196015625 0.687292359375 0.320390365625 0.687292359375 0.318313953125 0.685215946875 0.3110465109375 0.6862541531249999 0.30585548125 0.687292359375 0.298588040625 0.6966362125 0.298588040625 0.7153239203124999 0.3006644515625 0.71947674375 0.31000830625 0.7267441859375 0.3245431890625 0.7288205984375 0.3359634546875 0.7215531562499999 0.3380398671875 0.709094684375 0.3401162796875 0.707018271875 0.3359634546875 0.6966362125
1 0.2155315609375 0.6883305640625 0.2155315609375 0.698712625 0.2196843859375 0.707018271875 0.2269518265625 0.7142857140625 0.2311046515625 0.7163621265625 0.247715946875 0.7163621265625 0.2549833890625 0.707018271875 0.2549833890625 0.6904069765624999 0.2414867109375 0.6748338875 0.22799003281250002 0.67587209375 0.2176079734375 0.684177740625 0.2155315609375 0.6883305640625
0 0.22799003281250002 0.67587209375 0.23421926875 0.6654900328125 0.23421926875 0.646802325 0.2300664453125 0.638496678125 0.21656976718749998 0.6270764125 0.21241694375 0.625 0.196843853125 0.62603820625 0.1916528234375 0.6291528234375 0.1843853828125 0.638496678125 0.1843853828125 0.6447259140625 0.18230897031249998 0.646802325 0.1843853828125 0.663413621875 0.18646179375 0.6675664453125 0.202034884375 0.6810631234375 0.22072259062500002 0.6810631234375 0.22799003281250002 0.67587209375
0 0.2674418609375 0.6800249171875 0.25913621249999996 0.6862541531249999 0.2549833890625 0.6945598000000001 0.2570598 0.711171096875 0.2684800671875 0.72051495 0.2747093015625 0.72051495 0.27678571406249997 0.7225913625 0.2871677734375 0.72051495 0.296511628125 0.709094684375 0.296511628125 0.6966362125 0.2850913625 0.6810631234375 0.28093853750000003 0.6789867109375 0.2674418609375 0.6800249171875
0 0.24563953437500002 0.7288205984375 0.2518687703125 0.730897009375 0.2643272421875 0.7267441859375 0.2674418609375 0.7215531562499999 0.2674418609375 0.71947674375 0.2560215953125 0.7080564781249999 0.2549833890625 0.709094684375 0.247715946875 0.7163621265625 0.2394102984375 0.7163621265625 0.23629568124999997 0.71947674375 0.24563953437500002 0.7288205984375
1 0.5186877078125 0.6800249171875 0.5083056484374999 0.6883305640625 0.5041528234375 0.698712625 0.5041528234375 0.7049418609375 0.5155730890625 0.7184385375 0.5197259140625 0.72051495 0.534260796875 0.72051495 0.5477574749999999 0.709094684375 0.5477574749999999 0.7028654484375 0.5498338875 0.7007890359375 0.5477574749999999 0.6924833890625 0.5321843859375 0.6789867109375 0.5186877078125 0.6800249171875
0 0.634966778125 0.661337209375 0.630813953125 0.6530315609375 0.6214701 0.6457641203125 0.6152408640625 0.6436877078125 0.5996677734375 0.6447259140625 0.5913621265625 0.6509551499999999 0.585132890625 0.661337209375 0.585132890625 0.67587209375 0.59447674375 0.6893687703125 0.6027823921875 0.6935215953125 0.611088040625 0.6935215953125 0.6256229234374999 0.687292359375 0.630813953125 0.682101328125 0.634966778125 0.67379568125 0.634966778125 0.661337209375
1 0.701411959375 0.6343438531250001 0.69414451875 0.6270764125 0.6806478406250001 0.62396179375 0.6692275750000001 0.6270764125 0.655730896875 0.6426495015625 0.655730896875 0.661337209375 0.657807309375 0.6654900328125 0.6692275750000001 0.6748338875 0.6879152828125 0.6748338875 0.69206810625 0.6727574749999999 0.701411959375 0.663413621875 0.705564784375 0.6530315609375 0.705564784375 0.6426495015625 0.701411959375 0.6343438531250001
1 0.02138704375 0.6063122921875 0.029692690625 0.610465115625 0.0400747515625 0.610465115625 0.044227575000000005 0.6083887046875 0.055647840625 0.5948920265625001 0.055647840625 0.5720514953125 0.053571428125 0.5699750828125 0.051495017187500006 0.5575166109375 0.044227575000000005 0.5481727578125 0.0359219265625 0.5440199328124999 0.0245016609375 0.5450581390625 0.0141196015625 0.5533637875 0.009966778125 0.5616694359375 0.009966778125 0.567898671875 0.007890365625 0.5699750828125 0.009966778125 0.5720514953125 0.009966778125 0.588662790625 0.02138704375 0.6063122921875
1 0 0.610020171875 0.0006229234375 0.610465115625 0.013081395312499999 0.610465115625 0.019310631249999998 0.6063122921875 0.0255398671875 0.6063122921875 0.029692690625 0.610465115625 0.0400747515625 0.610465115625 0.044227575000000005 0.6083887046875 0.055647840625 0.5948920265625001 0.055647840625 0.5699750828125 0.0494186046875 0.5533637875 0.0359219265625 0.5440199328124999 0.0265780734375 0.5450581390625 0.019310631249999998 0.5481727578125 0.013081395312499999 0.55440199375 0.0006229234375 0.55024916875 0 0.55087209375 0 0.610020171875