1 0.9033203125 0.46484375 0.8818359375 0.46484375 0.8701171875 0.470703125 0.857421875 0.4853515625 0.849609375 0.5029296875 0.84765625 0.5224609375 0.849609375 0.5244140625 0.8515625 0.5380859375 0.857421875 0.5498046875 0.8681640625 0.5625 0.8818359375 0.5703125 0.900390625 0.5693359375 0.9111328125 0.564453125 0.923828125 0.5537109375 0.93359375 0.5322265625 0.93359375 0.5185546875 0.935546875 0.5126953125 0.927734375 0.4873046875 0.9111328125 0.46875 0.9033203125 0.46484375
1 0.8095703125 0.345703125 0.802734375 0.3525390625 0.798828125 0.3603515625 0.798828125 0.3740234375 0.8046875 0.3876953125 0.8134765625 0.396484375 0.8212890625 0.400390625 0.833984375 0.3994140625 0.84765625 0.3876953125 0.849609375 0.3818359375 0.849609375 0.3681640625 0.845703125 0.3564453125 0.8369140625 0.34765625 0.8251953125 0.341796875 0.8173828125 0.341796875 0.8095703125 0.345703125
1 0.716796875 0.3232421875 0.71875 0.3271484375 0.7314453125 0.337890625 0.7373046875 0.33984375 0.744140625 0.3388671875 0.755859375 0.3291015625 0.7578125 0.3173828125 0.75390625 0.3076171875 0.7470703125 0.30078125 0.7392578125 0.296875 0.7236328125 0.298828125 0.716796875 0.3076171875 0.716796875 0.3232421875
1 0.630859375 0.3134765625 0.634765625 0.3212890625 0.6416015625 0.328125 0.6513671875 0.33203125 0.66015625 0.3310546875 0.6669921875 0.328125 0.673828125 0.3193359375 0.673828125 0.3056640625 0.669921875 0.2978515625 0.6572265625 0.2890625 0.6416015625 0.291015625 0.6328125 0.2998046875 0.630859375 0.3134765625
1 0.58984375 0.2978515625 0.587890625 0.3095703125 0.58984375 0.3154296875 0.5966796875 0.322265625 0.6025390625 0.326171875 0.61328125 0.3271484375 0.6181640625 0.326171875 0.62890625 0.3154296875 0.630859375 0.3056640625 0.62890625 0.2998046875 0.6181640625 0.2890625 0.6142578125 0.287109375 0.6025390625 0.287109375 0.58984375 0.2978515625
1 0.419921875 0.3251953125 0.419921875 0.3310546875 0.423828125 0.3388671875 0.4306640625 0.345703125 0.4345703125 0.34765625 0.451171875 0.3466796875 0.462890625 0.3349609375 0.46484375 0.3212890625 0.458984375 0.3115234375 0.4521484375 0.306640625 0.4462890625 0.3046875 0.4345703125 0.306640625 0.423828125 0.3154296875 0.419921875 0.3251953125
1 0.2802734375 0.36328125 0.26953125 0.3740234375 0.265625 0.3818359375 0.265625 0.3974609375 0.2744140625 0.41015625 0.2841796875 0.4140625 0.294921875 0.4130859375 0.2998046875 0.412109375 0.3125 0.3974609375 0.314453125 0.3798828125 0.310546875 0.3701171875 0.3056640625 0.365234375 0.2958984375 0.361328125 0.2861328125 0.361328125 0.2802734375 0.36328125
0 0.3564453125 0.33984375 0.341796875 0.3525390625 0.337890625 0.3603515625 0.337890625 0.3720703125 0.341796875 0.3798828125 0.3486328125 0.38671875 0.3583984375 0.390625 0.369140625 0.3896484375 0.3759765625 0.38671875 0.384765625 0.3779296875 0.388671875 0.3681640625 0.388671875 0.3583984375 0.38671875 0.3525390625 0.3798828125 0.34375 0.3720703125 0.33984375 0.3564453125 0.33984375
0 0.677734375 0.3017578125 0.673828125 0.3115234375 0.677734375 0.3251953125 0.6904296875 0.3359375 0.70703125 0.3349609375 0.712890625 0.3291015625 0.716796875 0.3212890625 0.716796875 0.3095703125 0.71484375 0.3056640625 0.7021484375 0.294921875 0.6865234375 0.294921875 0.6826171875 0.296875 0.677734375 0.3017578125
0 0.7587890625 0.3359375 0.7509765625 0.33984375 0.7421875 0.3525390625 0.7421875 0.3701171875 0.74609375 0.3779296875 0.7607421875 0.390625 0.7666015625 0.392578125 0.78125 0.3916015625 0.791015625 0.3837890625 0.794921875 0.3759765625 0.796875 0.3701171875 0.794921875 0.3544921875 0.787109375 0.3427734375 0.7802734375 0.337890625 0.7705078125 0.333984375 0.7587890625 0.3359375
0 0.7158203125 0.306640625 0.71875 0.3056640625 0.7236328125 0.298828125 0.7333984375 0.296875 0.734375 0.2939453125 0.7236328125 0.28515625 0.7099609375 0.28515625 0.705078125 0.2900390625 0.703125 0.2958984375 0.7158203125 0.306640625
1 0.9404296875 0.40625 0.9296875 0.4189453125 0.9296875 0.4423828125 0.935546875 0.4599609375 0.9404296875 0.46484375 0.9521484375 0.470703125 0.958984375 0.4697265625 0.9658203125 0.466796875 0.974609375 0.4560546875 0.9765625 0.4501953125 0.9765625 0.4287109375 0.97265625 0.4169921875 0.9599609375 0.404296875 0.9443359375 0.404296875 0.9404296875 0.40625
1 0.9794921875 0.400390625 0.9697265625 0.400390625 0.9658203125 0.40234375 0.962890625 0.4072265625 0.97265625 0.4169921875 0.9765625 0.4267578125 0.9765625 0.4521484375 0.974609375 0.4560546875 0.9775390625 0.458984375 0.984375 0.4580078125 0.9921875 0.4482421875 0.99609375 0.4384765625 0.99609375 0.4326171875 0.998046875 0.4306640625 0.99609375 0.4208984375 0.9921875 0.4111328125 0.9833984375 0.40234375 0.9794921875 0.400390625