1 0.522106109375 0.1706189703125 0.505024115625 0.1575562703125 0.5010048234375 0.1575562703125 0.49497588437499995 0.153536978125 0.48693729843750005 0.153536978125 0.484927653125 0.15152733125 0.46684083593750003 0.15152733125 0.4447347265625 0.159565915625 0.4296623796875 0.1726286171875 0.41961414843749995 0.190715434375 0.41961414843749995 0.21282154375 0.4256430875 0.2288987140625 0.44071543437500005 0.2439710609375 0.4648311890625 0.2540192921875 0.484927653125 0.2540192921875 0.50301446875 0.247990353125 0.522106109375 0.230908359375 0.532154340625 0.210811896875 0.5311495171875 0.1917202578125 0.5281350484375 0.180667203125 0.522106109375 0.1706189703125
1 0.5140675234375001 0.32134244375 0.5130627015625 0.30426045 0.5060289390625 0.2831591640625 0.502009646875 0.277130225 0.4889469453125 0.2660771703125 0.4648311890625 0.2580385859375 0.4447347265625 0.26004823125 0.42865755625 0.2680868171875 0.4145900328125 0.2801446953125 0.409565915625 0.28717845625 0.409565915625 0.2911977484375 0.403536978125 0.3032556265625 0.403536978125 0.3273713828125 0.41157556250000005 0.3454582 0.4326768484375 0.3625401921875 0.4467443734375 0.36856913125 0.46684083593750003 0.36856913125 0.48291800625 0.3625401921875 0.48693729843750005 0.3585209 0.4929662375 0.3565112546875 0.502009646875 0.3474678453125 0.512057878125 0.3293810296875 0.512057878125 0.323352090625 0.5140675234375001 0.32134244375
1 0.4909565921875 0.49115755625 0.4819131828125 0.472065915625 0.46684083593750003 0.459003215625 0.44875401875 0.45297427656249994 0.4246382640625 0.4549839234375 0.41057073906249997 0.4630225078125 0.3975080390625 0.476085209375 0.3934887453125 0.48412379375 0.389469453125 0.49618167187499995 0.389469453125 0.5142684890625 0.3914791 0.516278134375 0.3934887453125 0.5283360125 0.406551446875 0.54541800625 0.42262861718750006 0.5554662375 0.43468649531250003 0.55948553125 0.44875401875 0.55948553125 0.450763665625 0.557475884375 0.46282154374999995 0.5554662375 0.470860128125 0.5514469453124999 0.48392282968749994 0.53838424375 0.48995176875 0.5263263671875 0.4919614140625 0.520297428125 0.4909565921875 0.49115755625
1 0.3733922828125 0.630827975 0.36736334375 0.6448954984374999 0.36736334375 0.6549437296875 0.3733922828125 0.6710209 0.3844453375 0.6840836015625 0.3985128625 0.6921221859375 0.418609325 0.6921221859375 0.4326768484375 0.686093246875 0.44573955 0.6710209 0.4497588421875 0.66097266875 0.44875401875 0.643890675 0.4417202578125 0.628818328125 0.43468649531250003 0.621784565625 0.4206189703125 0.61374598125 0.40253215468750003 0.611736334375 0.3904742765625 0.6157556265624999 0.3733922828125 0.630827975
1 0.4145900328125 0.6921221859375 0.4125803859375 0.6941318328125 0.3904742765625 0.6921221859375 0.386454984375 0.6941318328125 0.377411575 0.703175240625 0.3733922828125 0.7112138265625 0.3733922828125 0.7313102890625001 0.3754019296875 0.73532958125 0.386454984375 0.7483922828125 0.396503215625 0.754421221875 0.40253215468750003 0.75643086875 0.418609325 0.75643086875 0.41961414843749995 0.7534163984375 0.4155948546875 0.7433681671875 0.4176045015625 0.72528135 0.42162379375 0.7192524109375 0.42162379375 0.71523311875 0.43569131875 0.703175240625 0.43468649531250003 0.698151125 0.42262861718750006 0.6921221859375 0.4145900328125 0.6921221859375
1 0.3161173640625 0.6398713828125 0.310088425 0.643890675 0.3030546625 0.6549437296875 0.3030546625 0.662982315625 0.305064309375 0.6649919609375 0.305064309375 0.6710209 0.3161173640625 0.6820739546875 0.3241559484375 0.686093246875 0.3301848875 0.686093246875 0.3362138265625 0.680064309375 0.3512861734375 0.6710209 0.3532958203125 0.6670016078125001 0.352290996875 0.6579582 0.3512861734375 0.652934084375 0.342242765625 0.6418810296874999 0.328175240625 0.6378617359375001 0.3261655953125 0.6398713828125 0.3161173640625 0.6398713828125
1 0.328175240625 0.6921221859375 0.3311897109375 0.6891077171875 0.3301848875 0.686093246875 0.3241559484375 0.686093246875 0.3161173640625 0.6820739546875 0.305064309375 0.6690112546875 0.305064309375 0.6569533765625 0.3020498390625 0.655948553125 0.2990353703125 0.658963021875 0.2990353703125 0.6750401921875 0.308078778125 0.686093246875 0.3241559484375 0.6921221859375 0.328175240625 0.6921221859375
1 0.30606913125 0.587620578125 0.3221463015625 0.5856109328125 0.32717041875 0.5665192921875 0.335209003125 0.5564710609375 0.3342041796875 0.5514469453124999 0.328175240625 0.54541800625 0.318127009375 0.5494372984375 0.3120980703125 0.5494372984375 0.2960209 0.5413987140625001 0.2869774921875 0.55245176875 0.2869774921875 0.5685289390625 0.2889871375 0.574557878125 0.298030546875 0.5836012859374999 0.30606913125 0.587620578125
1 0.2970257234375 0.46402733124999995 0.29300643125 0.472065915625 0.29300643125 0.4901527328125 0.2970257234375 0.49819131875 0.30606913125 0.5072347265625 0.3141077171875 0.51125401875 0.332194534375 0.51125401875 0.3362138265625 0.5092443734375001 0.3512861734375 0.4921623796875 0.3532958203125 0.486133440625 0.352290996875 0.4770900328125 0.3492765265625 0.466036978125 0.34023311875 0.45699356875 0.328175240625 0.4509646296875 0.3141077171875 0.4509646296875 0.30606913125 0.4549839234375 0.2970257234375 0.46402733124999995
1 0.290996784375 0.4801045015625 0.29300643125 0.476085209375 0.2920016078125 0.47307073906249997 0.27893890625 0.462017684375 0.2769292609375 0.4579983921875 0.2769292609375 0.439911575 0.273914790625 0.43890675312500005 0.2668810296875 0.4539791 0.2668810296875 0.4600080390625 0.270900321875 0.47005627031249997 0.277934084375 0.4770900328125 0.28597266875 0.481109325 0.290996784375 0.4801045015625
1 0.30606913125 0.2359324765625 0.3090836015625 0.23291800624999998 0.308078778125 0.2319131828125 0.301045015625 0.2268890671875 0.2990353703125 0.21885048281250002 0.2940112546875 0.21382636718749998 0.2769292609375 0.2288987140625 0.2769292609375 0.2389469453125 0.2749196140625 0.2429662375 0.2819533765625 0.252009646875 0.2940112546875 0.23995176875 0.3000401921875 0.2359324765625 0.30606913125 0.2359324765625
1 0.3462620578125 0.1113344046875 0.352290996875 0.1133440515625 0.3703778140625 0.1133440515625 0.376406753125 0.1113344046875 0.3884646296875 0.10530546562500001 0.3934887453125 0.10028135 0.3924839234375 0.095257234375 0.377411575 0.0862138265625 0.3733922828125 0.0801848875 0.3703778140625 0.065112540625 0.3563102890625 0.0671221859375 0.3442524109375 0.075160771875 0.33721865 0.0862138265625 0.33721865 0.10028135 0.3462620578125 0.1113344046875
1 0.3462620578125 0.0711414796875 0.35028135 0.0711414796875 0.362339228125 0.065112540625 0.3703778140625 0.065112540625 0.3754019296875 0.05606913125 0.3874598078125 0.0460209 0.386454984375 0.040996784375 0.37439710625 0.0329582 0.36032958125 0.0329582 0.35430064375 0.0349678453125 0.3392282953125 0.048030546875 0.33721865 0.052049839062500006 0.33721865 0.062098070312499996 0.3392282953125 0.06611736406249999 0.3462620578125 0.0711414796875
1 0.3442524109375 0.0711414796875 0.328175240625 0.07717041875 0.3171221859375 0.09023311875 0.3171221859375 0.10028135 0.3261655953125 0.1113344046875 0.3382234734375 0.1133440515625 0.345257234375 0.11032958125 0.3392282953125 0.10430064375 0.33721865 0.0982717046875 0.33721865 0.0862138265625 0.345257234375 0.0761655953125 0.3442524109375 0.0711414796875
1 0.32013665625 0.1374598078125 0.332194534375 0.13143086875 0.33721865 0.126406753125 0.3412379421875 0.1203778140625 0.34023311875 0.1133440515625 0.3261655953125 0.1113344046875 0.3161173640625 0.10128617343749999 0.3120980703125 0.10128617343749999 0.3030546625 0.1083199359375 0.2970257234375 0.11836816718750001 0.2970257234375 0.122387459375 0.3020498390625 0.1334405140625 0.3120980703125 0.1374598078125 0.32013665625 0.1374598078125
1 0.2940112546875 0.1354501609375 0.280948553125 0.146503215625 0.27893890625 0.1505225078125 0.27893890625 0.1605707390625 0.283963021875 0.1676045015625 0.2849678453125 0.1545418 0.2889871375 0.146503215625 0.3020498390625 0.1374598078125 0.3020498390625 0.1354501609375 0.3000401921875 0.1334405140625 0.2940112546875 0.1354501609375
0 0.5211012859374999 0.1032958203125 0.5200964625 0.0982717046875 0.505024115625 0.08319935625 0.4929662375 0.07717041875 0.4788987140625 0.07717041875 0.4768890671875 0.075160771875 0.4588022515625 0.07717041875 0.44272507968749997 0.08319935625 0.4276527328125 0.0982717046875 0.42162379375 0.11032958125 0.42162379375 0.12439710625 0.4276527328125 0.1384646296875 0.4447347265625 0.153536978125 0.460811896875 0.153536978125 0.46282154374999995 0.15152733125 0.4889469453125 0.15152733125 0.4909565921875 0.153536978125 0.49899517656250003 0.153536978125 0.5070337625 0.149517684375 0.5180868171874999 0.136454984375 0.5200964625 0.122387459375 0.522106109375 0.1203778140625 0.5211012859374999 0.1032958203125
0 0.3985128625 0.040996784375 0.3884646296875 0.0450160765625 0.3754019296875 0.05606913125 0.3713826359375 0.0741559484375 0.3754019296875 0.0842041796875 0.386454984375 0.0932475890625 0.3924839234375 0.095257234375 0.41057073906249997 0.095257234375 0.4125803859375 0.0932475890625 0.418609325 0.0932475890625 0.43569131875 0.0842041796875 0.4417202578125 0.0761655953125 0.4417202578125 0.07013665625 0.44372990312500005 0.068127009375 0.44272507968749997 0.06109324687499999 0.43569131875 0.048030546875 0.42865755625 0.04300643125 0.42262861718750006 0.040996784375 0.3985128625 0.040996784375
0 0.2970257234375 0.2047829578125 0.2990353703125 0.220860128125 0.308078778125 0.2319131828125 0.3141077171875 0.2339228296875 0.328175240625 0.2339228296875 0.3342041796875 0.2319131828125 0.342242765625 0.22588424375 0.3512861734375 0.2148311890625 0.35028135 0.197749196875 0.3492765265625 0.1927250796875 0.3382234734375 0.183681671875 0.332194534375 0.181672025 0.3161173640625 0.183681671875 0.3040594859375 0.1917202578125 0.2990353703125 0.19875401875 0.2970257234375 0.2047829578125
0 0.2819533765625 0.1997588421875 0.2749196140625 0.2088022515625 0.2729099671875 0.220860128125 0.277934084375 0.227893890625 0.287982315625 0.217845659375 0.2970257234375 0.21282154375 0.2970257234375 0.20277331250000002 0.301045015625 0.1967443734375 0.3000401921875 0.193729903125 0.287982315625 0.19573955 0.2819533765625 0.1997588421875
0 0.2920016078125 0.2841639875 0.298030546875 0.2861736328125 0.30606913125 0.2861736328125 0.318127009375 0.282154340625 0.3311897109375 0.269091640625 0.33319935625 0.2630627015625 0.332194534375 0.247990353125 0.318127009375 0.2359324765625 0.3120980703125 0.2359324765625 0.310088425 0.2339228296875 0.3000401921875 0.2359324765625 0.2829582 0.2510048234375 0.280948553125 0.2570337625 0.280948553125 0.2711012859375 0.2920016078125 0.2841639875
0 0.2628617359375 0.3655546625 0.2648713828125 0.3695739546875 0.2759244375 0.3786173640625 0.2899919609375 0.3786173640625 0.3070739546875 0.3655546625 0.3090836015625 0.3615353703125 0.308078778125 0.3565112546875 0.30606913125 0.3545016078125 0.3020498390625 0.3565112546875 0.287982315625 0.3545016078125 0.283963021875 0.3524919609375 0.2749196140625 0.3394292609375 0.2719051453125 0.3384244375 0.2648713828125 0.3474678453125 0.2628617359375 0.3655546625
0 0.2729099671875 0.421824759375 0.2799437296875 0.4288585203125 0.283963021875 0.4288585203125 0.2960209 0.42081993593749994 0.3141077171875 0.42081993593749994 0.3191318328125 0.40976688125000005 0.318127009375 0.40273311874999995 0.315112540625 0.3936897109375 0.308078778125 0.3866559484375 0.3000401921875 0.38263665625 0.287982315625 0.38263665625 0.2729099671875 0.39569935625 0.268890675 0.40574758906249997 0.268890675 0.41177652656249997 0.2729099671875 0.421824759375
0 0.3291800640625 0.564509646875 0.325160771875 0.57254823125 0.325160771875 0.5906350484375 0.3291800640625 0.6006832796875 0.3382234734375 0.611736334375 0.3482717046875 0.6177652734375 0.364348875 0.6197749203125 0.376406753125 0.6157556265624999 0.3874598078125 0.60671221875 0.3954983921875 0.5926446953125 0.39449356875 0.57958199375 0.3874598078125 0.564509646875 0.37439710625 0.5534565921875 0.3663585203125 0.5494372984375 0.3482717046875 0.5494372984375 0.34023311875 0.5534565921875 0.3291800640625 0.564509646875
0 0.3342041796875 0.635852090625 0.3432475890625 0.62680868125 0.3462620578125 0.6177652734375 0.3311897109375 0.604702571875 0.3221463015625 0.587620578125 0.310088425 0.589630225 0.2970257234375 0.6026929265625001 0.2970257234375 0.6207797421875 0.2990353703125 0.6247990359375 0.308078778125 0.63384244375 0.3161173640625 0.6378617359375001 0.3301848875 0.6378617359375001 0.3342041796875 0.635852090625
0 0.2849678453125 0.6006832796875 0.2869774921875 0.6107315109375 0.2960209 0.621784565625 0.2970257234375 0.604702571875 0.3090836015625 0.5906350484375 0.308078778125 0.587620578125 0.2960209 0.5836012859374999 0.2869774921875 0.5926446953125 0.2869774921875 0.5986736328125 0.2849678453125 0.6006832796875
0 0.470860128125 0.698151125 0.44875401875 0.698151125 0.43468649531250003 0.7041800640625 0.42162379375 0.717242765625 0.4176045015625 0.72528135 0.4176045015625 0.73532958125 0.4155948546875 0.737339228125 0.4176045015625 0.7534163984375 0.4256430875 0.7634646296875001 0.4387057875 0.774517684375 0.4567926046875 0.778536978125 0.4588022515625 0.7805466234375 0.46684083593750003 0.7805466234375 0.48693729843750005 0.7725080390625 0.5 0.7594453375 0.5040192921875 0.74939710625 0.50301446875 0.7282958203125001 0.49799035312499995 0.717242765625 0.4889469453125 0.7061897109374999 0.470860128125 0.698151125
0 0.335209003125 0.73532958125 0.33319935625 0.737339228125 0.33721865 0.747387459375 0.3442524109375 0.754421221875 0.352290996875 0.7584405140625 0.3583199359375 0.7604501609375001 0.3703778140625 0.7584405140625 0.3834405140625 0.747387459375 0.382435690625 0.744372990625 0.377411575 0.739348875 0.3703778140625 0.7242765265625 0.364348875 0.7262861734375 0.35028135 0.7262861734375 0.3382234734375 0.72226688125 0.335209003125 0.72528135 0.335209003125 0.73532958125
2 0.33721865 0.717242765625 0.342242765625 0.72226688125 0.35028135 0.7262861734375 0.364348875 0.7262861734375 0.3713826359375 0.7232717046875 0.3754019296875 0.7051848875 0.38143086875 0.6991559484375001 0.3834405140625 0.69513665625 0.382435690625 0.6921221859375 0.3663585203125 0.676045015625 0.36032958125 0.6740353703124999 0.3462620578125 0.6740353703124999 0.3362138265625 0.680064309375 0.3311897109375 0.6891077171875 0.3311897109375 0.7051848875 0.33721865 0.717242765625
2 0.335209003125 0.727290996875 0.3392282953125 0.7212620578125 0.3382234734375 0.7182475890625 0.3301848875 0.7041800640625 0.323151125 0.7092041796874999 0.3211414796875 0.727290996875 0.332194534375 0.7403536984375 0.335209003125 0.739348875 0.335209003125 0.727290996875
2 0.3161173640625 0.690112540625 0.3090836015625 0.6991559484375001 0.3090836015625 0.7132234734375 0.318127009375 0.7242765265625 0.3211414796875 0.7232717046875 0.3211414796875 0.7132234734375 0.323151125 0.7092041796874999 0.3311897109375 0.703175240625 0.3301848875 0.6941318328125 0.3241559484375 0.690112540625 0.3161173640625 0.690112540625
2 0.3161173640625 0.5494372984375 0.3301848875 0.543408359375 0.335209003125 0.53838424375 0.3412379421875 0.5283360125 0.34023311875 0.5172829578125 0.3392282953125 0.5122588421875001 0.3362138265625 0.5092443734375001 0.332194534375 0.51125401875 0.3141077171875 0.51125401875 0.2960209 0.49919614218749997 0.2869774921875 0.510249196875 0.2869774921875 0.5283360125 0.298030546875 0.543408359375 0.3161173640625 0.5494372984375
2 0.283963021875 0.535369775 0.2749196140625 0.55245176875 0.27893890625 0.5665192921875 0.28597266875 0.5735530546875001 0.2889871375 0.57254823125 0.2869774921875 0.5685289390625 0.2869774921875 0.55245176875 0.29300643125 0.5444131828125001 0.2940112546875 0.5393890671875 0.2899919609375 0.533360128125 0.283963021875 0.535369775
2 0.2729099671875 0.51828778125 0.277934084375 0.52532154375 0.28597266875 0.5293408359375 0.2869774921875 0.5122588421875001 0.2889871375 0.506229903125 0.2970257234375 0.49819131875 0.2960209 0.4951768484375 0.29300643125 0.4901527328125 0.29300643125 0.48412379375 0.2899919609375 0.481109325 0.28597266875 0.481109325 0.2729099671875 0.4921623796875 0.268890675 0.5022106109375 0.268890675 0.50823955 0.2729099671875 0.51828778125
2 0.287982315625 0.424839228125 0.280948553125 0.43187299062499995 0.2769292609375 0.439911575 0.2769292609375 0.45598874531250005 0.280948553125 0.46402733124999995 0.287982315625 0.47106109375000005 0.2940112546875 0.47307073906249997 0.2970257234375 0.46402733124999995 0.30606913125 0.4549839234375 0.3141077171875 0.4509646296875 0.3241559484375 0.4509646296875 0.32717041875 0.4479501609375 0.3261655953125 0.43890675312500005 0.323151125 0.43187299062499995 0.3141077171875 0.42282958125 0.310088425 0.42081993593749994 0.2960209 0.42081993593749994 0.287982315625 0.424839228125
2 0.2940112546875 0.3565112546875 0.308078778125 0.3545016078125 0.3211414796875 0.343448553125 0.325160771875 0.3354099671875 0.3241559484375 0.318327975 0.3141077171875 0.306270096875 0.3040594859375 0.302250803125 0.2940112546875 0.30426045 0.2819533765625 0.3102893890625 0.2749196140625 0.32134244375 0.2749196140625 0.3394292609375 0.27893890625 0.3474678453125 0.283963021875 0.3524919609375 0.2940112546875 0.3565112546875
2 0.2769292609375 0.3173231515625 0.287982315625 0.306270096875 0.3020498390625 0.30426045 0.305064309375 0.30124598125 0.3040594859375 0.3002411578125 0.298030546875 0.292202571875 0.287982315625 0.2881832796875 0.2719051453125 0.29421221875 0.2628617359375 0.3072749203125 0.2628617359375 0.319332796875 0.2668810296875 0.3273713828125 0.2698954984375 0.3303858515625 0.273914790625 0.3303858515625 0.2769292609375 0.3173231515625
2 0.277934084375 0.2781350484375 0.2829582 0.277130225 0.2819533765625 0.272106109375 0.280948553125 0.2510048234375 0.273914790625 0.2419614140625 0.2668810296875 0.25301446875 0.2668810296875 0.26708199375 0.270900321875 0.2731109328125 0.277934084375 0.2781350484375
2 0.3020498390625 0.1756430875 0.310088425 0.173633440625 0.323151125 0.1645900328125 0.32717041875 0.156551446875 0.3261655953125 0.1475080390625 0.32013665625 0.139469453125 0.308078778125 0.1354501609375 0.298030546875 0.1374598078125 0.2889871375 0.14449356875 0.2829582 0.156551446875 0.2849678453125 0.166599678125 0.2940112546875 0.173633440625 0.3000401921875 0.173633440625 0.3020498390625 0.1756430875
2 0.527130225 0.8569131828125001 0.5231109328125 0.8569131828125001 0.5080385859375001 0.8699758843750001 0.502009646875 0.8820337625000001 0.502009646875 0.89208199375 0.5080385859375001 0.9041398718749999 0.515072346875 0.9111736328125 0.5311495171875 0.91921221875 0.5552652734375 0.91921221875 0.57134244375 0.9131832796875001 0.5823954984374999 0.9041398718749999 0.5884244375 0.894091640625 0.5894292609375 0.8830385859375 0.586414790625 0.8699758843750001 0.573352090625 0.8569131828125001 0.559284565625 0.85088424375 0.539188103125 0.85088424375 0.527130225 0.8569131828125001