2 0.662109375 0.7587890625 0.662109375 0.7509765625 0.6640625 0.7490234375 0.662109375 0.7197265625 0.658203125 0.7080078125 0.64453125 0.6845703125 0.6259765625 0.66796875 0.6103515625 0.66015625 0.5966796875 0.658203125 0.5947265625 0.65625 0.5556640625 0.65625 0.5537109375 0.658203125 0.5341796875 0.662109375 0.5107421875 0.67578125 0.49609375 0.6904296875 0.48046875 0.7177734375 0.478515625 0.7294921875 0.4765625 0.7314453125 0.4765625 0.7568359375 0.478515625 0.7587890625 0.48046875 0.7705078125 0.4873046875 0.78125 0.5302734375 0.78125 0.5322265625 0.779296875 0.5517578125 0.779296875 0.5537109375 0.78125 0.5712890625 0.78125 0.5732421875 0.779296875 0.5791015625 0.78125 0.5888671875 0.78125 0.5908203125 0.779296875 0.5947265625 0.78125 0.6201171875 0.78125 0.6220703125 0.779296875 0.6259765625 0.78125 0.650390625 0.7802734375 0.654296875 0.7783203125 0.658203125 0.7705078125 0.662109375 0.7587890625
2 0.4619140625 0.373046875 0.4501953125 0.373046875 0.4326171875 0.380859375 0.423828125 0.3896484375 0.416015625 0.4091796875 0.41796875 0.4287109375 0.421875 0.4345703125 0.4365234375 0.44921875 0.4443359375 0.453125 0.453125 0.4541015625 0.4638671875 0.453125 0.4775390625 0.447265625 0.48828125 0.4365234375 0.49609375 0.4208984375 0.49609375 0.4033203125 0.48828125 0.3876953125 0.4814453125 0.380859375 0.4619140625 0.373046875
2 0.5126953125 0.349609375 0.5029296875 0.353515625 0.4921875 0.3623046875 0.486328125 0.3720703125 0.484375 0.3837890625 0.490234375 0.3896484375 0.494140625 0.3974609375 0.49609375 0.4111328125 0.5009765625 0.41796875 0.5087890625 0.421875 0.533203125 0.4208984375 0.5419921875 0.416015625 0.552734375 0.4033203125 0.556640625 0.3955078125 0.556640625 0.3759765625 0.55078125 0.3642578125 0.5400390625 0.35546875 0.5322265625 0.3515625 0.5126953125 0.349609375
2 0.6689453125 0.302734375 0.66015625 0.3134765625 0.66015625 0.3291015625 0.662109375 0.3349609375 0.6748046875 0.345703125 0.6806640625 0.34765625 0.689453125 0.3466796875 0.6943359375 0.345703125 0.703125 0.3388671875 0.70703125 0.3291015625 0.705078125 0.3154296875 0.703125 0.3115234375 0.6904296875 0.30078125 0.6728515625 0.30078125 0.6689453125 0.302734375
1 0.5361328125 0.330078125 0.5244140625 0.3359375 0.513671875 0.3486328125 0.5322265625 0.3515625 0.5439453125 0.357421875 0.55078125 0.3642578125 0.556640625 0.3759765625 0.556640625 0.3896484375 0.564453125 0.3896484375 0.57421875 0.3798828125 0.578125 0.3720703125 0.578125 0.3544921875 0.57421875 0.3466796875 0.5615234375 0.333984375 0.5576171875 0.333984375 0.5517578125 0.330078125 0.5361328125 0.330078125
1 0.6689453125 0.28515625 0.6533203125 0.287109375 0.6416015625 0.294921875 0.6328125 0.3056640625 0.6328125 0.3173828125 0.63671875 0.3251953125 0.6455078125 0.333984375 0.6513671875 0.3359375 0.662109375 0.3349609375 0.66015625 0.3291015625 0.66015625 0.3134765625 0.662109375 0.3095703125 0.6689453125 0.302734375 0.6806640625 0.30078125 0.68359375 0.2978515625 0.6767578125 0.2890625 0.6689453125 0.28515625
1 0.8427734375 0.353515625 0.8330078125 0.359375 0.826171875 0.3701171875 0.826171875 0.3876953125 0.830078125 0.3974609375 0.833984375 0.4013671875 0.833984375 0.4052734375 0.8388671875 0.41015625 0.8466796875 0.4140625 0.861328125 0.4130859375 0.8681640625 0.41015625 0.876953125 0.4013671875 0.87890625 0.3955078125 0.87890625 0.3798828125 0.873046875 0.3662109375 0.8662109375 0.359375 0.8544921875 0.353515625 0.8427734375 0.353515625
1 0.783203125 0.3271484375 0.78125 0.3330078125 0.783203125 0.3505859375 0.787109375 0.3544921875 0.7890625 0.3603515625 0.7978515625 0.365234375 0.814453125 0.3642578125 0.8203125 0.3603515625 0.826171875 0.3486328125 0.826171875 0.3408203125 0.822265625 0.3310546875 0.8115234375 0.3203125 0.8056640625 0.318359375 0.7900390625 0.3203125 0.783203125 0.3271484375
1 0.896484375 0.3720703125 0.90234375 0.3837890625 0.9072265625 0.388671875 0.9111328125 0.390625 0.923828125 0.3896484375 0.931640625 0.3818359375 0.93359375 0.3759765625 0.931640625 0.3603515625 0.9208984375 0.34765625 0.9130859375 0.34375 0.9033203125 0.345703125 0.8984375 0.3505859375 0.896484375 0.3720703125
1 0.869140625 0.3349609375 0.875 0.3427734375 0.875 0.3603515625 0.873046875 0.3623046875 0.873046875 0.3681640625 0.8779296875 0.373046875 0.890625 0.3720703125 0.896484375 0.3662109375 0.896484375 0.3583984375 0.8984375 0.3564453125 0.896484375 0.3408203125 0.8857421875 0.330078125 0.8740234375 0.328125 0.869140625 0.3310546875 0.869140625 0.3349609375
1 0.83203125 0.3427734375 0.83203125 0.3486328125 0.8349609375 0.35546875 0.8544921875 0.353515625 0.8642578125 0.357421875 0.8720703125 0.365234375 0.873046875 0.3642578125 0.876953125 0.3505859375 0.875 0.3486328125 0.873046875 0.3369140625 0.8681640625 0.33203125 0.8583984375 0.326171875 0.8447265625 0.326171875 0.8359375 0.3330078125 0.83203125 0.3427734375
1 0.826171875 0.3388671875 0.826171875 0.3505859375 0.8310546875 0.35546875 0.833984375 0.3544921875 0.833984375 0.3369140625 0.8408203125 0.330078125 0.8515625 0.3251953125 0.8447265625 0.31640625 0.8388671875 0.314453125 0.8271484375 0.31640625 0.8203125 0.3251953125 0.826171875 0.3388671875
2 0.7685546875 0.310546875 0.763671875 0.3173828125 0.763671875 0.3330078125 0.767578125 0.3408203125 0.7744140625 0.34765625 0.7783203125 0.349609375 0.783203125 0.3486328125 0.78125 0.3427734375 0.783203125 0.3271484375 0.7900390625 0.3203125 0.7978515625 0.318359375 0.798828125 0.3154296875 0.7880859375 0.306640625 0.7744140625 0.306640625 0.7685546875 0.310546875
1 0.814453125 0.3212890625 0.8125 0.3115234375 0.8037109375 0.302734375 0.7998046875 0.30078125 0.7900390625 0.30078125 0.783203125 0.3056640625 0.7939453125 0.310546875 0.7998046875 0.318359375 0.814453125 0.3212890625