2 0.8484375 0.553125 0.0515625 0.04375
2 0.671875 0.5609375 0.0515625 0.053125
2 0.4859375 0.571875 0.046875 0.0453125
2 0.275 0.58125 0.0515625 0.0453125
1 0.2890625 0.5296875 0.0515625 0.04375
1 0.8546875 0.5078125 0.05 0.04375
2 0.08125 0.5890625 0.0578125 0.0484375
1 0.0734375 0.5390625 0.059375 0.046875
1 0.478125 0.5234375 0.05 0.0484375
1 0.09660947656249999 0.5119178921875001 0.1017156859375 0.5068116828125 0.099673203125 0.50068423125 0.1047794125 0.49966299062499997 0.1078431375 0.49455678125 0.1078431375 0.4843443625 0.105800653125 0.4802593953125 0.09456699375 0.46902573593749997 0.086397059375 0.46494076875 0.0700571890625 0.46494076875 0.0639297390625 0.4669832515625 0.0486111109375 0.4802593953125 0.046568628125 0.4843443625 0.046568628125 0.4965992640625 0.052696078125000004 0.5027267156249999 0.052696078125000004 0.5068116828125 0.065972221875 0.516002859375 0.0751633984375 0.5170241015625 0.086397059375 0.51804534375 0.0904820265625 0.5098754078125001 0.09660947656249999 0.5119178921875001
2 0.68125 0.5171875 0.046875 0.0453125
3 0.846875 0.525 0.0859375 0.13125
3 0.6734375 0.5359375 0.078125 0.134375
3 0.48125 0.5390625 0.065625 0.1265625
3 0.28125 0.546875 0.0859375 0.125
3 0.075 0.55625 0.0890625 0.125