1 0.259185303125 0.457068690625 0.24620607031250002 0.4420926515625 0.2362220453125 0.43809904218750007 0.222244409375 0.43809904218750007 0.20626996874999998 0.4460862625 0.19928115 0.455071884375 0.193290734375 0.46904952031249997 0.193290734375 0.489017571875 0.2042731625 0.509984025 0.21625399375 0.515974440625 0.2242412140625 0.515974440625 0.22623801875 0.5179712453125 0.2332268375 0.51697284375 0.248202875 0.509984025 0.2571884984375 0.499001596875 0.2631789140625 0.48302715625000003 0.2631789140625 0.46904952031249997 0.259185303125 0.457068690625
1 0.40794728437499994 0.33825878593750003 0.39696485625 0.34924121406249997 0.3929712453125 0.35722843437499996 0.3929712453125 0.37519968125 0.4039536734375 0.3881789140625 0.4159345046875 0.3941693296875 0.43091054375000004 0.39317092656249997 0.446884984375 0.379193290625 0.45087859375 0.3712060703125 0.45087859375 0.3552316296875 0.4488817890625 0.34924121406249997 0.4378993609375 0.33825878593750003 0.4259185296875 0.33426517499999997 0.417931309375 0.33426517499999997 0.40794728437499994 0.33825878593750003
1 0.60662939375 0.3113019171875 0.6026357828125 0.3192891375 0.6026357828125 0.33126996875 0.60662939375 0.3392571890625 0.6136182109375 0.34624600625 0.6295926515625 0.352236421875 0.6345846640625 0.35123801875 0.6435702875 0.3482428109375 0.6525559109375 0.3392571890625 0.6545527156250001 0.3212859421875 0.6505591046875 0.31329872187499996 0.6435702875 0.3063099046875 0.6355830671875 0.30231629375 0.6176118203125001 0.30231629375 0.60662939375 0.3113019171875
1 0.6855031953124999 0.3063099046875 0.6835063890625 0.3043130984375 0.671525559375 0.3063099046875 0.6605431312500001 0.3192891375 0.6585463265625 0.3332667734375 0.664536740625 0.3432507984375 0.6735223640625 0.352236421875 0.681509584375 0.35623003125 0.6944888171875 0.3552316296875 0.7014776359375 0.352236421875 0.708466453125 0.34524760312499997 0.710463259375 0.34125399375 0.710463259375 0.323282746875 0.708466453125 0.3192891375 0.693490415625 0.3063099046875 0.6855031953124999 0.3063099046875
1 0.78734025625 0.31230031875 0.7733626203124999 0.31230031875 0.7673722046875 0.314297125 0.7603833859375 0.323282746875 0.7623801921875 0.32727635781250003 0.7623801921875 0.34924121406249997 0.775359425 0.36022364218749997 0.781349840625 0.362220446875 0.7903354625000001 0.3612220453125 0.7993210859375 0.35623003125 0.8043130984375001 0.347244409375 0.8043130984375001 0.34125399375 0.8063099046875 0.3392571890625 0.8043130984375001 0.3292731625 0.80231629375 0.325279553125 0.78734025625 0.31230031875
1 0.9311102234374999 0.384185303125 0.923123003125 0.38019169375 0.9091453671874999 0.38019169375 0.9031549515625 0.384185303125 0.896166134375 0.39317092656249997 0.8981629390625001 0.4051517578125 0.90015974375 0.40714856250000003 0.8981629390625001 0.435103834375 0.9011581468750001 0.4420926515625 0.9091453671874999 0.4460862625 0.9221246000000001 0.4470846640625 0.9291134187500001 0.4460862625 0.935103834375 0.4420926515625 0.9420926515625 0.43310702812499996 0.9460862625 0.411142171875 0.940095846875 0.39516773125000004 0.9311102234374999 0.384185303125
1 0.9161341859375 0.7066693296875 0.923123003125 0.7056709265625 0.93909744375 0.69768370625 0.9540734828125 0.6827076671875 0.9620607031249999 0.6707268375 0.96805111875 0.652755590625 0.972044728125 0.646765175 0.972044728125 0.608825878125 0.9640575078125 0.588857828125 0.9490814703125 0.5738817890625 0.9311102234374999 0.5678913734375 0.911142171875 0.5698881796874999 0.8971645374999999 0.57587859375 0.8761980828124999 0.5988418531249999 0.8682108625 0.6128194890625001 0.8622204468750001 0.630790734375 0.8622204468750001 0.66873003125 0.8702076671875 0.6867012781249999 0.8791932906250001 0.69768370625 0.891174121875 0.7056709265625 0.8991613421875 0.7056709265625 0.9011581468750001 0.70766773125 0.9161341859375 0.7066693296875
0 0.8592252390624999 0.37420127812500004 0.8492412140625 0.38019169375 0.842252396875 0.389177315625 0.8402555906250001 0.39516773125000004 0.8402555906250001 0.41513578281249996 0.84624600625 0.42911341875 0.8612220453124999 0.44408945624999996 0.867212459375 0.4460862625 0.874201278125 0.44508785937499995 0.889177315625 0.43809904218750007 0.8981629390625001 0.42711661406249996 0.90015974375 0.4051517578125 0.8941693296875 0.389177315625 0.8831869015624999 0.37819488749999997 0.87519968125 0.37420127812500004 0.8592252390624999 0.37420127812500004
0 0.34404952031249997 0.40215655000000006 0.3380591046875 0.3981629390625 0.3240814703125 0.396166134375 0.3061102234375 0.40215655000000006 0.29313099062500003 0.41513578281249996 0.287140575 0.42711661406249996 0.287140575 0.44508785937499995 0.29313099062500003 0.457068690625 0.30411341875 0.46805111874999994 0.3160942484375 0.47204472812500003 0.33306709218749997 0.4710463265625 0.342052715625 0.46805111874999994 0.3550319484375 0.4530750796875 0.35902555937499997 0.4410942484375 0.35902555937499997 0.42711661406249996 0.3510383390625 0.40914536718749994 0.34404952031249997 0.40215655000000006
0 0.7274361015624999 0.3582268375 0.7314297125 0.36022364218749997 0.7484025562500001 0.35922523906250003 0.75838658125 0.35123801875 0.7623801921875 0.3432507984375 0.7623801921875 0.32727635781250003 0.747404153125 0.3103035140625 0.7294329078125 0.308306709375 0.7144568687499999 0.3212859421875 0.7124600640625001 0.325279553125 0.7124600640625001 0.3392571890625 0.7164536734375 0.347244409375 0.7274361015624999 0.3582268375
0 0.7494009578124999 0.31230031875 0.759384984375 0.3222843453125 0.7603833859375 0.3212859421875 0.764376996875 0.3172923328125 0.764376996875 0.30930511250000003 0.75838658125 0.2993210859375 0.7513977640625 0.29432907343750003 0.737420128125 0.29233226874999996 0.7264377 0.2993210859375 0.7244408953125 0.303314696875 0.7254392968750001 0.3103035140625 0.7414137375000001 0.308306709375 0.7494009578124999 0.31230031875
0 0.6894968046875001 0.3063099046875 0.6904952078125 0.303314696875 0.6855031953124999 0.298322684375 0.677515975 0.29432907343750003 0.6675319484375 0.29432907343750003 0.6615415328124999 0.296325878125 0.6525559109375 0.3053115015625 0.6505591046875 0.31529552656250004 0.6545527156250001 0.3212859421875 0.6565495203125 0.3332667734375 0.6605431312500001 0.3332667734375 0.6605431312500001 0.3192891375 0.6625399359374999 0.31529552656250004 0.6735223640625 0.3063099046875 0.6795127796875 0.3063099046875 0.681509584375 0.3043130984375 0.6894968046875001 0.3063099046875