2 0.45150162343750005 0.29017857187499996 0.45758928593750003 0.29017857187499996 0.46672077968750003 0.28104707812499996 0.46875 0.2769886359375 0.46875 0.27293019531249996 0.47077922031249997 0.27090097343749997 0.46976461093750005 0.259740259375 0.46773538906249995 0.25568181874999996 0.4626623375 0.25466720781249996 0.46469155781250004 0.2485795453125 0.45961850625 0.2414772734375 0.455560065625 0.23944805156250001 0.45353084375 0.2414772734375 0.44744318125 0.2353896109375 0.44135551875 0.2353896109375 0.43932629843750004 0.23741883125 0.43323863593749995 0.23741883125 0.42918019531249996 0.2414772734375 0.42715097343749997 0.2414772734375 0.42004870156249996 0.250608765625 0.41801948125 0.25466720781249996 0.41801948125 0.27090097343749997 0.422077921875 0.2790178578125 0.43323863593749995 0.29017857187499996 0.437297078125 0.29017857187499996 0.43932629843750004 0.29220779218750004 0.44744318125 0.29220779218750004 0.449472403125 0.28814934999999997 0.45150162343750005 0.29017857187499996
1 0.4626623375 0.08421266250000001 0.46063311718750005 0.0862418828125 0.46367694843749996 0.0892857140625 0.46976461093750005 0.0892857140625 0.47077922031249997 0.0862418828125 0.46672077968750003 0.08421266250000001 0.47382305156250004 0.08116883124999999 0.47686688281249995 0.0760957796875 0.47585227343750003 0.0547889609375 0.47280844218749996 0.0456574671875 0.46367694843749996 0.0365259734375 0.46164772656249997 0.0385551953125 0.45758928593750003 0.0324675328125 0.44135551875 0.0324675328125 0.437297078125 0.034496753125 0.428165584375 0.043628246875 0.42613636406250005 0.047686689062499996 0.42613636406250005 0.0517451296875 0.42410714218749995 0.053774350000000005 0.42410714218749995 0.07203733749999999 0.42613636406250005 0.0740665578125 0.42613636406250005 0.078125 0.43323863593749995 0.08725649375 0.44135551875 0.091314934375 0.44541396093749996 0.091314934375 0.44744318125 0.09334415625 0.455560065625 0.09334415625 0.45860389687499997 0.090300325 0.45860389687499997 0.08421266250000001 0.46164772656249997 0.08116883124999999 0.4626623375 0.08421266250000001
2 0.4984375 0.0796875 0.04375 0.05625
1 0.546875 0.071875 0.0515625 0.05625
1 0.5296875 0.4734375 0.0484375 0.0453125
1 0.48125 0.478125 0.0453125 0.0484375
1 0.5125 0.85 0.05 0.0546875
1 0.4671875 0.8484375 0.0453125 0.0484375
2 0.521875 0.6671875 0.053125 0.0484375
2 0.471875 0.6703125 0.04375 0.0453125
2 0.5375 0.271875 0.05 0.0546875
2 0.490625 0.2859375 0.0421875 0.05
3 0.478125 0.846875 0.1109375 0.084375
3 0.4875 0.665625 0.1125 0.0703125
3 0.49375 0.4796875 0.125 0.065625
3 0.5046875 0.2734375 0.1328125 0.0921875
3 0.5109375 0.0765625 0.1203125 0.0890625