1 0.5203125 0.5203125 0.046875 0.0484375
1 0.5125 0.325 0.0421875 0.0484375
1 0.50625 0.1421875 0.0421875 0.0359375
1 0.459375 0.1453125 0.0359375 0.040625
2 0.4734375 0.5078125 0.0421875 0.0515625
2 0.48125 0.7015625 0.0453125 0.0484375
2 0.5296875 0.7125 0.0515625 0.05
2 0.440625 0.9203125 0.046875 0.0546875
1 0.4890625 0.903125 0.0453125 0.0546875
1 0.5375 0.903125 0.053125 0.05625
3 0.4765625 0.146875 0.1109375 0.065625
3 0.475 0.3296875 0.1140625 0.065625
3 0.4875 0.515625 0.125 0.071875
3 0.496875 0.715625 0.1171875 0.0890625
3 0.5015625 0.9046875 0.11875 0.0859375