0 0.9684504796875 0.48821885 0.9624600640625 0.472244409375 0.94948083125 0.45726837031249995 0.9335063890624999 0.44928115 0.9235223640625 0.44928115 0.9215255593749999 0.4512779546875 0.91553514375 0.4512779546875 0.90555111875 0.45726837031249995 0.8905750796874999 0.47623801875 0.8865814703125 0.4862220453125 0.8845846640625 0.51018370625 0.8885782750000001 0.52016773125 0.894568690625 0.5261581468750001 0.8965654953125 0.536142171875 0.9075479234375001 0.54912140625 0.9195287546875001 0.553115015625 0.9345047921875 0.5521166140625 0.9454872203125 0.54912140625 0.958466453125 0.536142171875 0.9664536734375 0.5181709265625 0.9684504796875 0.48821885
0 0.833666134375 0.3873801921875 0.8316693296875 0.3853833859375 0.8196884984375 0.3853833859375 0.8037140578124999 0.39337060625000003 0.794728434375 0.404353034375 0.7887380187499999 0.4183306703125 0.8136980828124999 0.41932907343750003 0.8296725234375 0.42731629375 0.8426517578125001 0.4402955265625 0.848642171875 0.450279553125 0.8526357828125001 0.46425718906249996 0.855630990625 0.46725239687500003 0.8566293937499999 0.46625399375 0.8666134187500001 0.4582667734375 0.870607028125 0.450279553125 0.870607028125 0.42232428125 0.8626198078125 0.404353034375 0.8456469656250001 0.389376996875 0.833666134375 0.3873801921875
0 0.20766773125000001 0.757787540625 0.2156549515625 0.7757587859374999 0.2156549515625 0.779752396875 0.218650159375 0.782747603125 0.2226437703125 0.784744409375 0.29053514375 0.784744409375 0.2925319484375 0.782747603125 0.2945287546875 0.784744409375 0.357428115625 0.78374600625 0.3634185296875 0.767771565625 0.3634185296875 0.74980031875 0.36142172499999997 0.7478035140625 0.357428115625 0.72983226875 0.34345047968750003 0.7078674125 0.3324680515625 0.696884984375 0.31050319531250004 0.68091054375 0.2925319484375 0.6729233234375 0.27056709218749997 0.6729233234375 0.2685702875 0.6709265171875 0.262579871875 0.6709265171875 0.2605830671875 0.6729233234375 0.24660543124999998 0.674920128125 0.230630990625 0.6829073484375 0.2156549515625 0.69588658125 0.20766773125000001 0.713857828125 0.203674121875 0.735822684375 0.20766773125000001 0.7478035140625 0.20766773125000001 0.757787540625
0 0.3873801921875 0.3424520765625 0.3873801921875 0.34644568750000004 0.400359425 0.3534345046875 0.411341853125 0.3644169328125 0.411341853125 0.36841054375 0.41633386562499997 0.377396165625 0.4253194890625 0.3763977640625 0.4343051125 0.37539936093750004 0.443290734375 0.3704073484375 0.443290734375 0.350439296875 0.4472843453125 0.3384584671875 0.4402955265625 0.32947284374999997 0.42631789062500003 0.323482428125 0.404353034375 0.3254792328125 0.3913738015625 0.3364616609375 0.3873801921875 0.3424520765625
0 0.4972044734375 0.35443290781250003 0.5081869015625 0.3474440890625 0.5131789140625 0.340455271875 0.5021964859375 0.3274760390625 0.48821885 0.3214856234375 0.47623801875 0.3214856234375 0.460263578125 0.3274760390625 0.44928115 0.3384584671875 0.445287540625 0.34644568750000004 0.443290734375 0.35842651718749996 0.445287540625 0.3604233234375 0.445287540625 0.3704073484375 0.450279553125 0.37539936093750004 0.4542731625 0.37539936093750004 0.47024760312499997 0.38338658125 0.48023162968750005 0.39337060625000003 0.4852236421875 0.3923722046875 0.487220446875 0.39037540000000004 0.487220446875 0.372404153125 0.49121405781250005 0.362420128125 0.4972044734375 0.35443290781250003
0 0.55411341875 0.3913738015625 0.55910543125 0.37839456875 0.5670926515625 0.36841054375 0.565095846875 0.3604233234375 0.55411341875 0.3494408953125 0.5421325875 0.34345047968750003 0.5261581468750001 0.3414536734375 0.5241613421875 0.34345047968750003 0.514177315625 0.34345047968750003 0.51018370625 0.345447284375 0.49121405781250005 0.362420128125 0.487220446875 0.3744009578125 0.487220446875 0.3923722046875 0.49321086249999996 0.404353034375 0.4972044734375 0.404353034375 0.52016773125 0.3913738015625 0.5261581468750001 0.3913738015625 0.5281549515624999 0.389376996875 0.548123003125 0.389376996875 0.55411341875 0.3913738015625
0 0.6339856234375 0.3095047921875 0.645966453125 0.323482428125 0.6489616609375 0.322484025 0.652955271875 0.31449680468749996 0.6569488812500001 0.3125 0.6569488812500001 0.306509584375 0.645966453125 0.29552715625000003 0.6299920125 0.289536740625 0.6279952078125 0.291533546875 0.6200079875 0.291533546875 0.609025559375 0.2985223640625 0.6100239609375 0.3035143765625 0.625998403125 0.3055111828125 0.6339856234375 0.3095047921875
0 0.6819089453125 0.301517571875 0.6978833859375 0.3075079875 0.712859425 0.32448083125 0.7148562296875001 0.3364616609375 0.718849840625 0.3364616609375 0.72484025625 0.3264776359375 0.72484025625 0.31449680468749996 0.7208466453125 0.3045127796875 0.7098642171875 0.29353035156249996 0.701876996875 0.289536740625 0.6878993609374999 0.289536740625 0.6779153359375 0.29353035156249996 0.6729233234375 0.2985223640625 0.673921725 0.301517571875 0.6819089453125 0.301517571875
0 0.7208466453125 0.30051916875 0.7208466453125 0.306509584375 0.72484025625 0.3125 0.72484025625 0.3304712453125 0.733825878125 0.33945686875000003 0.7378194890625001 0.3414536734375 0.740814696875 0.340455271875 0.74480830625 0.32847444062500003 0.755790734375 0.3174920125 0.7707667734375 0.3125 0.7707667734375 0.3085063890625 0.7647763578125 0.2985223640625 0.7597843453124999 0.29353035156249996 0.7478035140625 0.2875399359375 0.733825878125 0.289536740625 0.7208466453125 0.30051916875
0 0.8097044734375001 0.313498403125 0.7977236421875 0.3174920125 0.794728434375 0.3204872203125 0.794728434375 0.32448083125 0.804712459375 0.340455271875 0.804712459375 0.34644568750000004 0.8206869015624999 0.3604233234375 0.8246805109374999 0.3704073484375 0.826677315625 0.3704073484375 0.8316693296875 0.3694089453125 0.8406549515625 0.3604233234375 0.8446485625 0.350439296875 0.8446485625 0.3424520765625 0.8386581468750001 0.3264776359375 0.8296725234375 0.3174920125 0.821685303125 0.313498403125 0.8097044734375001 0.313498403125
1 0.6819089453125 0.51517571875 0.696884984375 0.514177315625 0.7158546328125001 0.509185303125 0.73482428125 0.492212459375 0.740814696875 0.48222843437499996 0.740814696875 0.47623801875 0.74480830625 0.46625399375 0.74480830625 0.4542731625 0.7428115015625 0.4522763578125 0.7428115015625 0.44428913750000004 0.738817890625 0.438298721875 0.738817890625 0.4343051125 0.7198482421875 0.4133386578125 0.713857828125 0.4093450484375 0.69588658125 0.40335463281250006 0.6779153359375 0.40335463281250006 0.6619408953125 0.4093450484375 0.6539536734375 0.41533546250000003 0.6429712453125 0.42831469687499996 0.634984025 0.44628594218749995 0.634984025 0.47024760312499997 0.6429712453125 0.48821885 0.6509584671875001 0.49820287499999993 0.667931309375 0.511182109375 0.679912140625 0.5131789140625 0.6819089453125 0.51517571875
1 0.64696485625 0.41034344999999994 0.6489616609375 0.40834664531250003 0.64696485625 0.39037540000000004 0.640974440625 0.3763977640625 0.6279952078125 0.3634185296875 0.6160143765625 0.357428115625 0.6060303515625 0.357428115625 0.604033546875 0.355431309375 0.5860623 0.357428115625 0.576078275 0.36142172499999997 0.565095846875 0.3704073484375 0.5571086265625 0.3823881796875 0.5551118203125001 0.39037540000000004 0.5720846640625 0.401357828125 0.5810702875 0.41034344999999994 0.5890575078125 0.4243210859375 0.5930511187499999 0.44628594218749995 0.5960463265625 0.44928115 0.6110223640625 0.448282746875 0.6279952078125 0.4412939296875 0.6449680515625 0.42232428125 0.64696485625 0.41034344999999994
1 0.5910543125000001 0.45626996875000003 0.5910543125000001 0.4303115015625 0.5810702875 0.41034344999999994 0.5640974437499999 0.3953674125 0.5461261984375 0.389376996875 0.5301517578125 0.389376996875 0.5121805109374999 0.3953674125 0.4972044734375 0.406349840625 0.487220446875 0.4243210859375 0.4832268375 0.44428913750000004 0.4852236421875 0.44628594218749995 0.4852236421875 0.45626996875000003 0.49121405781250005 0.46825079843750006 0.5061900953125 0.4852236421875 0.516174121875 0.489217253125 0.5241613421875 0.4952076671875 0.5451277953125 0.494209265625 0.558107028125 0.49121405781250005 0.570087859375 0.4852236421875 0.5810702875 0.4742412140625 0.5910543125000001 0.45626996875000003
1 0.3823881796875 0.3853833859375 0.372404153125 0.379392971875 0.3664137375 0.377396165625 0.3484424921875 0.377396165625 0.3324680515625 0.3853833859375 0.323482428125 0.39436900937499997 0.3154952078125 0.4143370609375 0.3154952078125 0.42831469687499996 0.3174920125 0.4303115015625 0.3194888171875 0.4422923328125 0.3304712453125 0.45527156562500004 0.34644568750000004 0.4632587859375 0.3654153359375 0.46226038281250004 0.384384984375 0.45327476093749997 0.39337060625000003 0.4402955265625 0.3953674125 0.4343051125 0.39337060625000003 0.4303115015625 0.3953674125 0.3983626203125 0.3823881796875 0.3853833859375
1 0.301517571875 0.3983626203125 0.2925319484375 0.389376996875 0.284544728125 0.3853833859375 0.26657348281250004 0.3853833859375 0.2605830671875 0.3873801921875 0.24560702812500002 0.400359425 0.2396166140625 0.41234025625 0.2396166140625 0.4363019171875 0.247603834375 0.4522763578125 0.2605830671875 0.45926517499999997 0.26657348281250004 0.45926517499999997 0.2685702875 0.46126198125 0.2755591046875 0.460263578125 0.2825479234375 0.45926517499999997 0.29652555937499997 0.4512779546875 0.3035143765625 0.4402955265625 0.3075079875 0.42831469687499996 0.3075079875 0.41034344999999994 0.301517571875 0.3983626203125
1 0.3424520765625 0.379392971875 0.3484424921875 0.379392971875 0.350439296875 0.377396165625 0.36841054375 0.377396165625 0.3863817890625 0.3873801921875 0.3953674125 0.400359425 0.3973642171875 0.400359425 0.41533546250000003 0.3763977640625 0.4093450484375 0.362420128125 0.39436900937499997 0.3494408953125 0.38837859375 0.3494408953125 0.3863817890625 0.3474440890625 0.3664137375 0.3494408953125 0.3564297125 0.355431309375 0.3414536734375 0.3744009578125 0.3424520765625 0.379392971875
1 0.3744009578125 0.3374600640625 0.384384984375 0.3474440890625 0.3853833859375 0.34644568750000004 0.39337060625000003 0.3324680515625 0.384384984375 0.3214856234375 0.3763977640625 0.3174920125 0.3604233234375 0.3174920125 0.35443290781250003 0.3194888171875 0.34345047968750003 0.32847444062500003 0.33945686875000003 0.3364616609375 0.3424520765625 0.3374600640625 0.350439296875 0.333466453125 0.362420128125 0.333466453125 0.3744009578125 0.3374600640625
1 0.46226038281250004 0.3035143765625 0.450279553125 0.3055111828125 0.4422923328125 0.3095047921875 0.4313099046875 0.3204872203125 0.4313099046875 0.3264776359375 0.4402955265625 0.32947284374999997 0.445287540625 0.3364616609375 0.448282746875 0.33945686875000003 0.44928115 0.3384584671875 0.45327476093749997 0.3324680515625 0.46226038281250004 0.3254792328125 0.4742412140625 0.323482428125 0.47623801875 0.3214856234375 0.48422523906250003 0.3214856234375 0.4852236421875 0.3164936109375 0.4742412140625 0.3075079875 0.46226038281250004 0.3035143765625
1 0.55910543125 0.2985223640625 0.565095846875 0.306509584375 0.5670926515625 0.31449680468749996 0.580071884375 0.3274760390625 0.5810702875 0.3264776359375 0.5850638984375001 0.318490415625 0.5940495203125 0.3095047921875 0.6060303515625 0.3055111828125 0.609025559375 0.30051916875 0.609025559375 0.2945287546875 0.6000399359374999 0.28554313124999997 0.5900559109375 0.28154952031249997 0.582068690625 0.28154952031249997 0.570087859375 0.28554313124999997 0.55910543125 0.2985223640625
1 0.794728434375 0.3204872203125 0.7957268375 0.3174920125 0.8057108625 0.313498403125 0.81769169375 0.313498403125 0.8186900953125 0.3085063890625 0.8017172531250001 0.29353035156249996 0.7857428109375 0.29353035156249996 0.772763578125 0.3045127796875 0.7707667734375 0.31050319531250004 0.7757587859374999 0.3154952078125 0.779752396875 0.3154952078125 0.789736421875 0.3214856234375 0.794728434375 0.3204872203125
1 0.860623003125 0.3564297125 0.8566293937499999 0.3664137375 0.8576277953125 0.3813897765625 0.8616214062499999 0.3813897765625 0.8676118203125001 0.377396165625 0.8835862625 0.377396165625 0.8955670921875001 0.38338658125 0.909544728125 0.3973642171875 0.9125399359375 0.39636581406250004 0.9145367406249999 0.3923722046875 0.9145367406249999 0.372404153125 0.9085463265625 0.3604233234375 0.8975638984375 0.3494408953125 0.8895766765625 0.345447284375 0.877595846875 0.345447284375 0.8676118203125001 0.3494408953125 0.860623003125 0.3564297125
1 0.9345047921875 0.362420128125 0.9215255593749999 0.345447284375 0.9135383390625 0.3414536734375 0.9015575078125 0.3414536734375 0.8955670921875001 0.345447284375 0.8755990421875 0.345447284375 0.8626198078125 0.35443290781250003 0.8566293937499999 0.36841054375 0.8566293937499999 0.37839456875 0.8596246000000001 0.3813897765625 0.865615015625 0.377396165625 0.8855830671874999 0.377396165625 0.8935702875 0.3813897765625 0.9135383390625 0.40335463281250006 0.9185303515625 0.4023562296875 0.92551916875 0.399361021875 0.9325079875 0.3923722046875 0.9365015968750001 0.384384984375 0.9365015968750001 0.36841054375 0.9345047921875 0.362420128125
1 0.970447284375 0.438298721875 0.9574680515624999 0.423322684375 0.94948083125 0.41932907343750003 0.9394968046875001 0.41733226874999996 0.9375 0.41932907343750003 0.92551916875 0.42132587812500005 0.9105431312500001 0.438298721875 0.9085463265625 0.4542731625 0.9215255593749999 0.44928115 0.9355031953124999 0.44928115 0.947484025 0.45527156562500004 0.9604632593750001 0.46825079843750006 0.9664536734375 0.4862220453125 0.9684504796875 0.4902156546875 0.970447284375 0.4902156546875 0.9744408953124999 0.48422523906250003 0.9744408953124999 0.47623801875 0.9764377 0.4742412140625 0.9764377 0.4542731625 0.970447284375 0.438298721875
1 0.8446485625 0.5081869015625 0.8526357828125001 0.48821885 0.8526357828125001 0.46226038281250004 0.8426517578125001 0.4402955265625 0.8296725234375 0.42731629375 0.811701278125 0.41932907343750003 0.7917332265625 0.41932907343750003 0.777755590625 0.4253194890625 0.760782746875 0.4422923328125 0.7527955265624999 0.460263578125 0.7507987218750001 0.48023162968750005 0.7527955265624999 0.48222843437499996 0.7547923328125 0.49820287499999993 0.7587859421875 0.5061900953125 0.7757587859374999 0.5231629390625 0.7977236421875 0.5331469656250001 0.8087060703125 0.5321485625 0.81769169375 0.531150159375 0.8256789140624999 0.5271565500000001 0.833666134375 0.521166134375 0.8446485625 0.5081869015625
2 0.477236421875 0.448282746875 0.4792332265625 0.4422923328125 0.4832268375 0.438298721875 0.487220446875 0.42631789062500003 0.4852236421875 0.406349840625 0.477236421875 0.39037540000000004 0.4582667734375 0.377396165625 0.4522763578125 0.377396165625 0.450279553125 0.37539936093750004 0.4303115015625 0.37539936093750004 0.42831469687499996 0.377396165625 0.42232428125 0.377396165625 0.4143370609375 0.3813897765625 0.401357828125 0.39436900937499997 0.3973642171875 0.4023562296875 0.3953674125 0.40834664531250003 0.3953674125 0.4363019171875 0.40335463281250006 0.450279553125 0.41633386562499997 0.46126198125 0.43230830625000005 0.46725239687500003 0.4512779546875 0.46625399375 0.46425718906249996 0.46126198125 0.477236421875 0.448282746875
2 0.3524361015625 0.333466453125 0.3384584671875 0.33945686875000003 0.32947284374999997 0.3484424921875 0.323482428125 0.362420128125 0.3254792328125 0.37839456875 0.3304712453125 0.3853833859375 0.333466453125 0.384384984375 0.3414536734375 0.37839456875 0.345447284375 0.36841054375 0.3564297125 0.355431309375 0.3664137375 0.3494408953125 0.3803913734375 0.3474440890625 0.3813897765625 0.34444888125 0.3744009578125 0.3374600640625 0.362420128125 0.333466453125 0.3524361015625 0.333466453125
2 0.48821885 0.3214856234375 0.5021964859375 0.3274760390625 0.5071884984375 0.3264776359375 0.509185303125 0.306509584375 0.516174121875 0.2995207671875 0.5241613421875 0.2975239609375 0.52515974375 0.2945287546875 0.5181709265625 0.2875399359375 0.5121805109374999 0.28554313124999997 0.49820287499999993 0.28554313124999997 0.492212459375 0.2875399359375 0.48123003124999997 0.29652555937499997 0.477236421875 0.3085063890625 0.48821885 0.3214856234375
2 0.5461261984375 0.3095047921875 0.548123003125 0.3075079875 0.5640974437499999 0.3154952078125 0.5670926515625 0.31449680468749996 0.5670926515625 0.31050319531250004 0.5561102234375 0.2975239609375 0.548123003125 0.29353035156249996 0.5301517578125 0.29353035156249996 0.5241613421875 0.2975239609375 0.52016773125 0.2975239609375 0.509185303125 0.306509584375 0.509185303125 0.3125 0.5071884984375 0.31449680468749996 0.5071884984375 0.32847444062500003 0.509185303125 0.3324680515625 0.5121805109374999 0.335463259375 0.5131789140625 0.33446485625 0.5191693296875 0.322484025 0.5261581468750001 0.3154952078125 0.538138978125 0.3095047921875 0.5461261984375 0.3095047921875
2 0.5461261984375 0.3095047921875 0.54412939375 0.311501596875 0.5261581468750001 0.3154952078125 0.5171725234375 0.32448083125 0.5131789140625 0.3324680515625 0.5131789140625 0.340455271875 0.516174121875 0.34345047968750003 0.5241613421875 0.34345047968750003 0.5261581468750001 0.3414536734375 0.5421325875 0.34345047968750003 0.55411341875 0.3494408953125 0.5680910546875 0.3654153359375 0.5710862624999999 0.3644169328125 0.5790734828125 0.35842651718749996 0.5810702875 0.3524361015625 0.5810702875 0.33446485625 0.5730830671875 0.3204872203125 0.5640974437499999 0.313498403125 0.5461261984375 0.3095047921875
2 0.6449680515625 0.3204872203125 0.6339856234375 0.3095047921875 0.6160143765625 0.3035143765625 0.604033546875 0.3055111828125 0.5920527156250001 0.311501596875 0.5810702875 0.3264776359375 0.5810702875 0.3424520765625 0.5850638984375001 0.3524361015625 0.5880591046875 0.355431309375 0.60802715625 0.355431309375 0.6100239609375 0.357428115625 0.6160143765625 0.357428115625 0.625998403125 0.36142172499999997 0.6319888171875 0.367412140625 0.634984025 0.3664137375 0.6399760390625 0.3634185296875 0.64696485625 0.35443290781250003 0.6509584671875001 0.34444888125 0.6509584671875001 0.33446485625 0.6449680515625 0.3204872203125
2 0.673921725 0.301517571875 0.6639377 0.3055111828125 0.6509584671875001 0.318490415625 0.6489616609375 0.322484025 0.6509584671875001 0.34444888125 0.6549520765625 0.3524361015625 0.6659345046875 0.36142172499999997 0.673921725 0.3654153359375 0.69089456875 0.3644169328125 0.6998801921875 0.36142172499999997 0.712859425 0.34644568750000004 0.7148562296875001 0.340455271875 0.712859425 0.3264776359375 0.7088658140625 0.318490415625 0.6978833859375 0.3075079875 0.6839057515625 0.301517571875 0.673921725 0.301517571875
2 0.7917332265625 0.3214856234375 0.7737619812500001 0.313498403125 0.7657747609375 0.313498403125 0.755790734375 0.3174920125 0.74480830625 0.32847444062500003 0.740814696875 0.34644568750000004 0.7468051124999999 0.362420128125 0.7537939296875 0.3694089453125 0.7547923328125 0.36841054375 0.7587859421875 0.3564297125 0.7697683703125 0.345447284375 0.7817492015624999 0.3414536734375 0.79373003125 0.3414536734375 0.799720446875 0.345447284375 0.804712459375 0.34444888125 0.80071885 0.3324680515625 0.7917332265625 0.3214856234375
2 0.826677315625 0.3744009578125 0.8186900953125 0.35842651718749996 0.8097044734375001 0.3494408953125 0.79373003125 0.3414536734375 0.7817492015624999 0.3414536734375 0.767771565625 0.3474440890625 0.760782746875 0.35443290781250003 0.7547923328125 0.3664137375 0.7547923328125 0.3863817890625 0.760782746875 0.400359425 0.7737619812500001 0.4133386578125 0.78374600625 0.41932907343750003 0.7867412140625001 0.4183306703125 0.790734825 0.4143370609375 0.7967252390625 0.400359425 0.8037140578124999 0.39337060625000003 0.8196884984375 0.3853833859375 0.826677315625 0.384384984375 0.826677315625 0.3744009578125
2 0.9105431312500001 0.4363019171875 0.9145367406249999 0.4303115015625 0.9145367406249999 0.41234025625 0.9125399359375 0.41034344999999994 0.9125399359375 0.404353034375 0.9065495203125 0.39436900937499997 0.8895766765625 0.379392971875 0.8835862625 0.377396165625 0.8676118203125001 0.377396165625 0.8576277953125 0.3813897765625 0.8526357828125001 0.3863817890625 0.850638978125 0.3923722046875 0.860623003125 0.400359425 0.8686102234374999 0.4143370609375 0.870607028125 0.43230830625000005 0.872603834375 0.4343051125 0.8686102234374999 0.4542731625 0.8755990421875 0.45926517499999997 0.8905750796874999 0.4582667734375 0.9015575078125 0.45327476093749997 0.9105431312500001 0.4402955265625 0.9105431312500001 0.4363019171875