0 0.8911163515625 0.3779382859375 0.8911163515625 0.3975923734375 0.9019261000000001 0.41429834843749996 0.9078223265625001 0.41822916718750003 0.918632075 0.41724646249999997 0.9215801890625 0.41626375781249997 0.9323899375 0.40348860000000003 0.9323899375 0.385799921875 0.9264937109375 0.37400746875 0.9196147796874999 0.3671285375 0.9117531453125001 0.36319772031249997 0.90585691875 0.36319772031249997 0.8979952828125001 0.3671285375 0.8911163515625 0.3779382859375
0 0.6356132078125001 0.3366647015625 0.6336477984375 0.3248722484375 0.62283805 0.312097090625 0.6169418234374999 0.3101316828125 0.601218553125 0.3101316828125 0.591391509375 0.31602790937499997 0.5864779875 0.3229068390625 0.5864779875 0.328803065625 0.584512578125 0.330768475 0.5864779875 0.3346992921875 0.5864779875 0.34452633593750004 0.601218553125 0.35730149375 0.6071147796874999 0.35730149375 0.6090801890625 0.359266903125 0.617924528125 0.3582841984375 0.62283805 0.35730149375 0.6336477984375 0.34452633593750004 0.6336477984375 0.33863010937500004 0.6356132078125001 0.3366647015625
0 0.601218553125 0.3101316828125 0.6189072328125 0.3101316828125 0.624803459375 0.3140625 0.6287342765624999 0.3140625 0.6336477984375 0.328803065625 0.6365959125 0.3317511796875 0.6375786156250001 0.330768475 0.641509434375 0.318976021875 0.6375786156250001 0.309148978125 0.6306996859375 0.30227004687500003 0.62283805 0.2983392296875 0.61301100625 0.2983392296875 0.6071147796874999 0.3003046390625 0.6002358484375 0.30718356875 0.601218553125 0.3101316828125
0 0.5638757859375 0.3140625 0.571737421875 0.31602790937499997 0.5825471703125 0.32683765781249996 0.5825471703125 0.330768475 0.584512578125 0.330768475 0.588443396875 0.318976021875 0.59630503125 0.3130797953125 0.59630503125 0.309148978125 0.59335691875 0.3062008640625 0.581564465625 0.30227004687500003 0.57959905625 0.30423545625 0.567806603125 0.3062008640625 0.5609276734375 0.3111143875 0.5638757859375 0.3140625
0 0.4862421390625 0.3248722484375 0.4862421390625 0.34059551875 0.488207546875 0.34452633593750004 0.5009827046875001 0.355336084375 0.5176886796875 0.35435338125000004 0.5275157234375001 0.3464917453125 0.531446540625 0.3366647015625 0.531446540625 0.32683765781249996 0.5275157234375001 0.318976021875 0.5186713843749999 0.312097090625 0.514740565625 0.3101316828125 0.5029481125 0.3101316828125 0.495086478125 0.3140625 0.4862421390625 0.3248722484375
0 0.524567609375 0.31602790937499997 0.531446540625 0.328803065625 0.53341195 0.328803065625 0.54323899375 0.3170106125 0.5393081765625001 0.3052181609375 0.5343946546875 0.3003046390625 0.52653301875 0.29637382031250004 0.5206367921874999 0.29637382031250004 0.5108097484375 0.3003046390625 0.5039308171875 0.30718356875 0.504913521875 0.3101316828125 0.514740565625 0.3101316828125 0.524567609375 0.31602790937499997
0 0.428262578125 0.36516312968750003 0.438089621875 0.35730149375 0.4439858484375 0.355336084375 0.45970911875000003 0.355336084375 0.471501571875 0.3612323109375 0.4793632078125 0.3710593546875 0.48231132031249996 0.37007665156249997 0.48231132031249996 0.35435338125000004 0.48034591249999997 0.35042256250000003 0.4656053453125 0.33764740625 0.44595125781249995 0.33764740625 0.442020440625 0.3415782234375 0.438089621875 0.3415782234375 0.42727987343749996 0.35435338125000004 0.428262578125 0.36516312968750003
0 0.4557783015625 0.3278203609375 0.44005503125 0.3278203609375 0.43415880468749996 0.3297857703125 0.42334905625 0.33863010937500004 0.42138364843750004 0.35435338125000004 0.42334905625 0.36024960625 0.42727987343749996 0.36024960625 0.42727987343749996 0.352387971875 0.4312106921875 0.3464917453125 0.438089621875 0.3415782234375 0.44595125781249995 0.33764740625 0.4656053453125 0.33764740625 0.46658805000000003 0.3346992921875 0.461674528125 0.3297857703125 0.4557783015625 0.3278203609375
0 0.42727987343749996 0.3366647015625 0.44005503125 0.3278203609375 0.4557783015625 0.3278203609375 0.461674528125 0.3317511796875 0.4636399375 0.3317511796875 0.46462264218750005 0.328803065625 0.46265723281250004 0.3248722484375 0.45381289375 0.3179933171875 0.438089621875 0.3179933171875 0.42531446562499997 0.328803065625 0.42531446562499997 0.3366647015625 0.42727987343749996 0.3366647015625
0 0.33490566093749996 0.34452633593750004 0.341784590625 0.3514052671875 0.3427672953125 0.35042256250000003 0.3496462265625 0.345509040625 0.3594732703125 0.3435436328125 0.36242138437500004 0.34059551875 0.36438679218750003 0.330768475 0.36242138437500004 0.3248722484375 0.355542453125 0.3179933171875 0.341784590625 0.3179933171875 0.3378537734375 0.3199587265625 0.3309748421875 0.328803065625 0.33490566093749996 0.34452633593750004
1 0.3693003140625 0.3435436328125 0.355542453125 0.3435436328125 0.34375 0.34943985781250003 0.33687106875 0.3582841984375 0.33490566093749996 0.364180425 0.33687106875 0.3779382859375 0.34375 0.3867826265625 0.35357704375 0.39267885156250004 0.368317609375 0.3916961484375 0.375196540625 0.388748034375 0.38404088125 0.375972878125 0.38404088125 0.37007665156249997 0.3860062890625 0.3681112421875 0.38404088125 0.35631878906250003 0.37716194999999997 0.34747445 0.3693003140625 0.3435436328125
1 0.345715409375 0.3867826265625 0.3398191828125 0.3848172171875 0.3260613203125 0.3848172171875 0.312303459375 0.39071344375 0.305424528125 0.3975923734375 0.29756289375 0.41331564531250004 0.29756289375 0.425108096875 0.30345911875 0.438865959375 0.312303459375 0.4477102984375 0.32016509375 0.45164111562500003 0.33687106875 0.4506584125 0.3496462265625 0.445744890625 0.3565251578125 0.43690055 0.360455975 0.42903891562499996 0.360455975 0.40741941875 0.3565251578125 0.3975923734375 0.345715409375 0.3867826265625
1 0.24547955937500002 0.420194575 0.25530660312500003 0.41429834843749996 0.2769261 0.41429834843749996 0.2847877359375 0.41822916718750003 0.2916666671875 0.425108096875 0.293632075 0.43100432343749995 0.295597484375 0.43100432343749995 0.29756289375 0.42903891562499996 0.29756289375 0.41331564531250004 0.295597484375 0.40741941875 0.28085691874999996 0.3946442609375 0.2651336484375 0.3946442609375 0.259237421875 0.3966096703125 0.24449685468750001 0.41331564531250004 0.24547955937500002 0.420194575
1 0.2700471703125 0.482104953125 0.2828223265625 0.47719143124999996 0.2916666671875 0.468347090625 0.2916666671875 0.46441627343749997 0.295597484375 0.45852004687500003 0.295597484375 0.448693003125 0.29756289375 0.44476218593750005 0.295597484375 0.44279677656249994 0.295597484375 0.43296973281250006 0.2847877359375 0.420194575 0.2729952828125 0.41429834843749996 0.2631682390625 0.41429834843749996 0.2612028296875 0.41626375781249997 0.24941037812500003 0.41822916718750003 0.24351415156249998 0.422159984375 0.2366352203125 0.43100432343749995 0.2346698109375 0.44279677656249994 0.232704403125 0.44476218593750005 0.232704403125 0.45655463906250005 0.2386006296875 0.4703125 0.24547955937500002 0.47719143124999996 0.259237421875 0.4830876578125 0.2700471703125 0.482104953125
1 0.2995283015625 0.3661458328125 0.2995283015625 0.34452633593750004 0.2926493703125 0.3396128140625 0.28085691874999996 0.3396128140625 0.272012578125 0.3464917453125 0.2680817609375 0.35435338125000004 0.2680817609375 0.362215015625 0.278891509375 0.37499017343749996 0.2916666671875 0.37400746875 0.2946147796875 0.3730247640625 0.2995283015625 0.3661458328125
1 0.3014937109375 0.34059551875 0.3014937109375 0.342560928125 0.30345911875 0.342560928125 0.3162342765625 0.335681996875 0.3329402515625 0.3346992921875 0.32409591249999997 0.3278203609375 0.312303459375 0.3278203609375 0.30345911875 0.3346992921875 0.3014937109375 0.34059551875
1 0.33687106875 0.3582841984375 0.33687106875 0.3484571546875 0.331957546875 0.335681996875 0.3181996859375 0.335681996875 0.302476415625 0.3435436328125 0.2995283015625 0.3484571546875 0.2995283015625 0.362215015625 0.312303459375 0.3730247640625 0.32311320781249997 0.372042059375 0.3260613203125 0.3710593546875 0.33687106875 0.3582841984375
1 0.478380503125 0.3681112421875 0.4656053453125 0.35730149375 0.45970911875000003 0.355336084375 0.4439858484375 0.355336084375 0.43415880468749996 0.359266903125 0.42531446562499997 0.3681112421875 0.42334905625 0.37400746875 0.41941823906250003 0.3779382859375 0.41745282968749997 0.39366155625 0.42334905625 0.40741941875 0.4302279875 0.41429834843749996 0.44595125781249995 0.422159984375 0.458726415625 0.42117727968749996 0.46953616406250004 0.41822916718750003 0.48034591249999997 0.405454009375 0.4842767296875 0.395626965625 0.4842767296875 0.3799036953125 0.478380503125 0.3681112421875
1 0.461674528125 0.3101316828125 0.45676100625 0.318976021875 0.46658805000000003 0.330768475 0.46658805000000003 0.3346992921875 0.471501571875 0.3415782234375 0.475432390625 0.3435436328125 0.4842767296875 0.342560928125 0.4862421390625 0.34059551875 0.4842767296875 0.3366647015625 0.4862421390625 0.3248722484375 0.49410377343749995 0.31504520468749997 0.49410377343749995 0.3111143875 0.483294025 0.30423545625 0.471501571875 0.30423545625 0.461674528125 0.3101316828125
1 0.4606918234375 0.3130797953125 0.458726415625 0.3032527515625 0.451847484375 0.29637382031250004 0.44005503125 0.2944084125 0.43907232656249995 0.3111143875 0.44103773593750006 0.3170106125 0.45479559687500004 0.318976021875 0.4606918234375 0.3130797953125
1 0.571737421875 0.3415782234375 0.55994496875 0.335681996875 0.5442216984375 0.335681996875 0.54029088125 0.3396128140625 0.5343946546875 0.3415782234375 0.52358490625 0.35631878906250003 0.521619496875 0.362215015625 0.52358490625 0.3779382859375 0.538325471875 0.3946442609375 0.5442216984375 0.3966096703125 0.5687893078124999 0.395626965625 0.5786163515625 0.385799921875 0.5825471703125 0.3779382859375 0.584512578125 0.372042059375 0.584512578125 0.3582841984375 0.5805817609374999 0.35042256250000003 0.571737421875 0.3415782234375
1 0.5422562890625 0.3179933171875 0.53341195 0.328803065625 0.5343946546875 0.3415782234375 0.538325471875 0.3415782234375 0.54618710625 0.335681996875 0.557979559375 0.335681996875 0.571737421875 0.3415782234375 0.57959905625 0.34943985781250003 0.5805817609374999 0.3484571546875 0.5825471703125 0.34452633593750004 0.5825471703125 0.32683765781249996 0.57959905625 0.32192413593749997 0.567806603125 0.3140625 0.561910378125 0.312097090625 0.548152515625 0.3140625 0.5422562890625 0.3179933171875
1 0.567806603125 0.3062008640625 0.581564465625 0.30423545625 0.5825471703125 0.30128734218750003 0.5756682390625001 0.29637382031250004 0.561910378125 0.2944084125 0.5540487421875 0.2983392296875 0.5471698109375 0.30718356875 0.548152515625 0.3140625 0.555031446875 0.3130797953125 0.5638757859375 0.3101316828125 0.567806603125 0.3062008640625
2 0.9618710687500001 0.42903891562499996 0.9726808171875 0.4398486640625 0.9834905656249999 0.438865959375 0.9933176093749999 0.42707350625 0.9933176093749999 0.40741941875 0.987421384375 0.395626965625 0.9746462265625 0.3867826265625 0.9726808171875 0.388748034375 0.9667845906249999 0.388748034375 0.9599056609375 0.395626965625 0.9579402515625001 0.3995577828125 0.9579402515625001 0.41921187031249996 0.9618710687500001 0.42903891562499996