0 0.439975246875 0.10643564375 0.4585396046875 0.09818481875 0.47194719531249996 0.084777228125 0.4760726078125 0.076526403125 0.4760726078125 0.062087459375 0.4740099015625 0.055899340625 0.4626650171875 0.0445544546875 0.4544141921875 0.0404290421875 0.439975246875 0.0383663359375 0.437912540625 0.0363036296875 0.419348184375 0.0383663359375 0.39872112187500003 0.04867986875 0.38943894375 0.060024753125 0.3873762375 0.066212871875 0.388407590625 0.083745875 0.39150165000000003 0.09096534687499999 0.404909240625 0.10231023125000001 0.409034653125 0.10231023125000001 0.415222771875 0.10643564375 0.439975246875 0.10643564375
0 0.6875 0.45297029687499996 0.68131188125 0.448844884375 0.6648102312499999 0.44471947187499994 0.65243399375 0.448844884375 0.641089109375 0.46018976875 0.636963696875 0.47256600625 0.63799505 0.477722771875 0.641089109375 0.48906765625000004 0.65243399375 0.500412540625 0.662747525 0.504537953125 0.67306105625 0.504537953125 0.679249175 0.502475246875 0.690594059375 0.49319306875 0.696782178125 0.47875412500000003 0.696782178125 0.46844059375 0.6875 0.45297029687499996
0 0.696782178125 0.48081683125 0.6885313531249999 0.49525577500000006 0.68956270625 0.498349834375 0.6916254125 0.500412540625 0.70193894375 0.500412540625 0.70606435625 0.498349834375 0.715346534375 0.48700495000000005 0.717409240625 0.48081683125 0.715346534375 0.46637788750000003 0.7101897687500001 0.459158415625 0.6998762375 0.45297029687499996 0.6885313531249999 0.45400165000000003 0.696782178125 0.46844059375 0.696782178125 0.48081683125
0 0.6947194718749999 0.396245875 0.690594059375 0.38593234375 0.6833745875 0.378712871875 0.67099835 0.372524753125 0.6668729375 0.372524753125 0.662747525 0.376650165625 0.6503712875 0.380775578125 0.647277228125 0.3838696375 0.64830858125 0.384900990625 0.66068481875 0.384900990625 0.67099835 0.38902640312500003 0.682343234375 0.40037128749999995 0.684405940625 0.4168729375 0.6875 0.417904290625 0.690594059375 0.41481023125 0.6947194718749999 0.40655940625 0.6947194718749999 0.396245875
0 0.6421204625 0.68193069375 0.6555280531250001 0.6685231015624999 0.6555280531250001 0.6643976890625 0.659653465625 0.6582095703124999 0.659653465625 0.6417079203125 0.6555280531250001 0.6313943890625 0.64830858125 0.6221122109375 0.6338696374999999 0.6138613859375 0.6173679875 0.6117986796875 0.5988036296875 0.6200495046875 0.5915841578125 0.6272689765624999 0.5833333328125 0.6437706265625 0.5833333328125 0.6499587453125 0.5812706265625 0.6520214515625 0.5823019796875 0.6592409234375001 0.5895214515625 0.674711221875 0.6029290421875 0.68605610625 0.6070544546875001 0.6881188125000001 0.6297442249999999 0.6881188125000001 0.6421204625 0.68193069375
1 0.429661715625 0.9954620468750001 0.442037953125 0.997524753125 0.444100659375 0.999587459375 0.4688531359375 0.999587459375 0.47091584218750004 0.997524753125 0.48329207968750004 0.9954620468750001 0.49154290468750006 0.9913366343750001 0.5090759078125 0.9717409234375 0.5090759078125 0.9552392734374999 0.5070132015625 0.9490511546875 0.49566831718750004 0.9356435640624999 0.47297854843750003 0.9232673265625 0.4647277234375 0.9232673265625 0.452351484375 0.9191419140624999 0.433787128125 0.9212046203125 0.415222771875 0.9273927390625 0.40181518125000004 0.9408003296875 0.39768976875 0.9490511546875 0.39872112187500003 0.9603960390624999 0.40387788750000003 0.9758663359374999 0.41316006562499996 0.9851485156249999 0.429661715625 0.9954620468750001
1 0.636963696875 0.8768564359375001 0.634900990625 0.8706683171874999 0.61943069375 0.8572607265625001 0.613242575 0.8572607265625001 0.6111798687500001 0.8551980203125 0.5926155109375 0.8572607265625001 0.5802392734375 0.8613861390625001 0.5688943890625 0.8727310234375001 0.5668316828125 0.8851072609375 0.5647689765624999 0.8871699671875 0.5658003296875 0.8902640265624999 0.5709570953124999 0.9016089109375001 0.5802392734375 0.9088283828125 0.5884900984375 0.9129537953125 0.6070544546875001 0.9129537953125 0.628712871875 0.9016089109375001 0.636963696875 0.8892326734375 0.636963696875 0.8768564359375001
1 0.5864273921875001 0.9129537953125 0.5771452140625 0.9284240921875 0.5781765671875 0.9335808578125 0.5812706265625 0.9408003296875 0.5926155109375 0.9500825078125 0.6111798687500001 0.9521452140625 0.62768151875 0.9459570953125 0.636963696875 0.9366749171875 0.639026403125 0.9325495046875 0.639026403125 0.9222359734375001 0.63180693125 0.9129537953125 0.6214934000000001 0.9067656765625 0.6070544546875001 0.9129537953125 0.5864273921875001 0.9129537953125
1 0.62355610625 0.8593234328125 0.634900990625 0.8706683171874999 0.636963696875 0.8768564359375001 0.634900990625 0.8933580859375001 0.624587459375 0.9057343234375 0.63180693125 0.9067656765625 0.6441831687499999 0.9005775578125 0.653465346875 0.8912953796875 0.6555280531250001 0.8871699671875 0.6555280531250001 0.8706683171874999 0.6400577562499999 0.8572607265625001 0.62355610625 0.8572607265625001 0.62355610625 0.8593234328125
1 0.663778878125 0.726278878125 0.667904290625 0.7180280531250001 0.669966996875 0.711839934375 0.667904290625 0.695338284375 0.6658415843750001 0.691212871875 0.6503712875 0.6778052812500001 0.646245875 0.6778052812500001 0.63593234375 0.68605610625 0.6297442249999999 0.6881188125000001 0.6091171609375 0.6881188125000001 0.6049917484375 0.69018151875 0.5977722765625 0.699463696875 0.5988036296875 0.7211221125 0.6018976890625 0.7283415843750001 0.6111798687500001 0.7376237625 0.61943069375 0.741749175 0.6256188125000001 0.74381188125 0.646245875 0.741749175 0.663778878125 0.726278878125
1 0.6751237625 0.504537953125 0.66068481875 0.504537953125 0.6555280531250001 0.5096947187499999 0.651402640625 0.5200082515625 0.65243399375 0.5375412546875 0.653465346875 0.5406353140625 0.6668729375 0.5519801984375 0.67306105625 0.5540429046875001 0.68956270625 0.5519801984375 0.700907590625 0.5426980203125 0.705033003125 0.5344471953125 0.705033003125 0.5179455453124999 0.696782178125 0.5035065999999999 0.6875 0.498349834375 0.6751237625 0.504537953125
1 0.684405940625 0.41893564375 0.6864686468750001 0.4168729375 0.684405940625 0.41481023125 0.684405940625 0.4044967 0.67099835 0.38902640312500003 0.66068481875 0.384900990625 0.6503712875 0.384900990625 0.6421204625 0.38902640312500003 0.630775578125 0.40037128749999995 0.628712871875 0.40655940625 0.6297442249999999 0.426155115625 0.6421204625 0.44059405937499996 0.6503712875 0.44471947187499994 0.6648102312499999 0.44471947187499994 0.67306105625 0.44059405937499996 0.6802805281250001 0.4333745875 0.684405940625 0.4251237625 0.684405940625 0.41893564375
1 0.674092409375 0.34674092343749996 0.6658415843750001 0.3323019796875 0.6586221125 0.3271452140625 0.64830858125 0.3230198015625 0.63799505 0.3230198015625 0.6297442249999999 0.3271452140625 0.620462046875 0.3364273921875 0.616336634375 0.3488036296875 0.6173679875 0.3580858078125 0.618399340625 0.363242575 0.63180693125 0.376650165625 0.6400577562499999 0.380775578125 0.6544966999999999 0.380775578125 0.662747525 0.376650165625 0.669966996875 0.36943069375 0.674092409375 0.3591171609375 0.674092409375 0.34674092343749996
1 0.5750825078124999 0.132219471875 0.5637376234375 0.12087458749999999 0.5554867984375 0.116749175 0.5389851484375 0.11468646874999999 0.5369224421875 0.116749175 0.5245462046875 0.11881188125 0.5132013203125 0.130156765625 0.5090759078125 0.13840759062500002 0.5101072609374999 0.1538778875 0.5162953796875 0.16419141875 0.5307343234374999 0.17244224375 0.5369224421875 0.17450495 0.5534240921875 0.17450495 0.5637376234375 0.17037953749999998 0.5750825078124999 0.159034653125 0.5792079203125 0.144595709375 0.5750825078124999 0.132219471875
1 0.31116530625 0 0.312087459375 0.0156765671875 0.318275578125 0.0239273921875 0.334777228125 0.0301155109375 0.35334158437499996 0.0301155109375 0.355404290625 0.0280528046875 0.367780528125 0.025990098437499998 0.384282178125 0.0177392734375 0.39768976875 0.0043316828124999995 0.399752475 0.0002062703125 0.399752475 0 0.31116530625 0