2 0.5134712671874999 0.366461928125 0.5124980046875 0.37275411875 0.5132255390625 0.384528696875 0.5178085296875 0.39481948437500003 0.5223156062500001 0.39889117343749997 0.5305725296875 0.4025257578125 0.5368182671875 0.40230550468750004 0.543935103125 0.40085658124999995 0.5498313296874999 0.40085658124999995 0.5593450234375 0.3872174640625 0.5607259046874999 0.3841398 0.5616592546875 0.36926243125 0.5586756703125 0.362531109375 0.5517967390625 0.35565217968749996 0.5459005125 0.3536867703125 0.543935103125 0.35565217968749996 0.540986990625 0.352704065625 0.5282118328125 0.3517213609375 0.5154366765625 0.362531109375 0.5134712671874999 0.366461928125
1 0.9192785593749999 0.382779984375 0.9153477421874999 0.3867108015625 0.9133823328125 0.402434071875 0.9222266734375 0.4132438203125 0.9258107609374999 0.41422360312500006 0.9291056031249999 0.416191934375 0.9320537171875 0.41914004687500006 0.9497423968750001 0.41914004687500006 0.9654656671874999 0.4112784125 0.9762754156250001 0.4004686640625 0.9782408234375 0.3867108015625 0.97431000625 0.3768837578125 0.9585867359375 0.3650913046875 0.9359845343750001 0.3641086 0.92124396875 0.3768837578125 0.9192785593749999 0.382779984375
1 0.713465484375 0.3697843125 0.713465484375 0.381576765625 0.71543089375 0.383542175 0.713465484375 0.38550758281249997 0.713465484375 0.3992654453125 0.7242752328125001 0.408109784375 0.739998503125 0.41007519375 0.7419639124999999 0.408109784375 0.7478601390625 0.408109784375 0.7576871828125 0.4022135578125 0.7626007046875001 0.395334628125 0.766531521875 0.38747299218750003 0.7645661125000001 0.381576765625 0.766531521875 0.37961135625 0.766531521875 0.37371513125 0.7626007046875001 0.3658534953125 0.7508082515625001 0.3560264515625 0.7321368671874999 0.355043746875 0.7223098234374999 0.3609399734375 0.713465484375 0.3697843125
1 0.3199718421875 0.3525843375 0.3148601546875 0.359389275 0.3148015140625 0.3698356953125 0.314740778125 0.37679246875 0.3162832390625 0.380221378125 0.320133103125 0.38695720312500004 0.3265402328125 0.393342671875 0.3442289125 0.39530807968750004 0.3501251390625 0.393342671875 0.3629002953125 0.38449833125 0.3646810328125 0.376646890625 0.3629446046875 0.36112181250000003 0.3585935390625 0.35282308906250004 0.349480465625 0.34703874375 0.338722578125 0.344632465625 0.332142403125 0.34540661250000004 0.324890328125 0.3478548609375 0.3199718421875 0.3525843375
1 0.3101740703125 0.397095025 0.3067935578125 0.3996803 0.30306434531250004 0.40251082812499994 0.2999946 0.40724044531250003 0.29961185156250003 0.4138609578125 0.2993829796875 0.41972675 0.299481253125 0.42416715 0.3047569734375 0.4331867359375 0.3138946625 0.4395007921875 0.31803248281249996 0.44191365937500005 0.324615928125 0.442898115625 0.3351054 0.4414022015625 0.34278349218750004 0.43576792343750004 0.349913909375 0.42701773593750003 0.3504981171875 0.4247119125 0.3507997140625 0.42354475156250004 0.3509691046875 0.41732983125 0.3513553015625 0.414713521875 0.34886326093750003 0.4079902515625 0.3483302453125 0.4055774171875 0.34788055625 0.4050421390625 0.34788055625 0.4030767296875 0.3381914296875 0.39428389375 0.3321572859375 0.3932496859375 0.3213475375 0.39226698125000004 0.3178247296875 0.3922055 0.3101740703125 0.397095025
2 0.513742384375 0.42320285156250004 0.5142918734374999 0.4318016625 0.5166595 0.436697675 0.526969134375 0.4488726484375 0.535330884375 0.45143824062500004 0.545157928125 0.45143824062500004 0.5589157890625 0.4455420140625 0.565404690625 0.4347821609375 0.5664525874999999 0.42542857031250003 0.5625196703124999 0.41414409374999994 0.5554222484375 0.4066378234375 0.5475929859375 0.4006943515625 0.5341274390625 0.40041277343750004 0.5218726703125001 0.4083537875 0.516457784375 0.41409138125 0.513742384375 0.42320285156250004
2 0.5127547578125 0.45700617499999996 0.5110646375 0.46087178125 0.5072989890625 0.4665832890625 0.5066551609375 0.47786663125000006 0.5076272187499999 0.4840617625 0.516136415625 0.49583435624999994 0.519836296875 0.49804523749999996 0.52383979375 0.499197253125 0.526092234375 0.49994820312500005 0.5370665859375 0.4995295296875 0.5395630640625 0.499197253125 0.5436191781249999 0.498067553125 0.5537381671875 0.4879225625 0.5555932265625 0.48429044687499995 0.5562690390625 0.47069882500000004 0.5541275625 0.464891453125 0.552338221875 0.46087178125 0.545459290625 0.45399285 0.5418042453125 0.4538958078125 0.5372387640625 0.4524133578125 0.5365046015625 0.4523392453125 0.535632246875 0.4520274421875 0.528753315625 0.4510447375 0.525805203125 0.45006203281249996 0.5205563140625 0.4517722671875 0.5127547578125 0.45700617499999996
3 0.1453125 0.3921875 0.0921875 0.1328125
3 0.33125 0.4015625 0.0859375 0.1296875
3 0.540625 0.4109375 0.103125 0.1328125
3 0.746875 0.415625 0.0921875 0.13125
3 0.9421875 0.415625 0.0953125 0.140625