2 0.7975806453125001 0.47444556406249994 0.8016129031249999 0.478477821875 0.8036290328125 0.48452620937499996 0.8167338703125001 0.493598790625 0.8429435484375001 0.493598790625 0.8540322578125 0.48452620937499996 0.8540322578125 0.48251008124999994 0.8620967734375 0.47242943593750003 0.8600806453125 0.46839717812500004 0.8600806453125 0.45630040312500003 0.8489919359375 0.44319556406249994 0.8368951609374999 0.43714717812500004 0.8328629031249999 0.43916330625000005 0.8288306453125 0.43714717812500004 0.8197580640625001 0.4381552421875 0.810685484375 0.44117943593750003 0.7995967734375 0.4542842734375 0.7975806453125001 0.4583165328125 0.7975806453125001 0.47444556406249994
2 0.8205607140625 0.500552671875 0.8135042625000001 0.5076091234375 0.8094720046875 0.515673640625 0.811488134375 0.531802671875 0.82257684375 0.5449075109375 0.8266091015624999 0.546923640625 0.8366897468750001 0.546923640625 0.8407220046875 0.5449075109375 0.8487865203125 0.5489397687500001 0.8568510375 0.5489397687500001 0.8608832953125001 0.546923640625 0.8719720046875 0.5358349312499999 0.8719720046875 0.531802671875 0.873988134375 0.52978654375 0.873988134375 0.515673640625 0.8699558765625 0.5076091234375 0.8608832953125001 0.49853654374999995 0.8387058765625 0.49853654374999995 0.8366897468750001 0.500552671875 0.8346736171875 0.49853654374999995 0.8235849078124999 0.4995446078125 0.8205607140625 0.500552671875
1 0.6010080640625 0.4290826609375 0.6 0.43412298437499997 0.5899193546875 0.4421875 0.585887096875 0.4542842734375 0.5879032265624999 0.4583165328125 0.585887096875 0.46436491875 0.5899193546875 0.47444556406249994 0.5949596781250001 0.4794858875 0.5989919359375 0.4794858875 0.605040321875 0.48755040312500003 0.6110887093749999 0.4895665328125 0.6252016125 0.4895665328125 0.6352822578125 0.4855342734375 0.648387096875 0.47242943593750003 0.6504032265624999 0.46638104843750006 0.648387096875 0.4542842734375 0.6504032265624999 0.45226814531250004 0.6463709671875 0.4421875 0.6352822578125 0.431098790625 0.6211693546875 0.42505040312500003 0.6120967734375 0.42605846718749996 0.6010080640625 0.4290826609375
1 0.6665322578125 0.5087197578125 0.6625 0.5067036296875 0.6625 0.5026713703125 0.6584677421875 0.4946068546875 0.651411290625 0.4915826609375 0.6181451609375 0.49259072656249997 0.6100806453125001 0.49662298437499997 0.6040322578125 0.5067036296875 0.6040322578125 0.5127520156250001 0.6020161296875 0.5147681453125 0.6020161296875 0.5228326609375 0.6040322578125 0.524848790625 0.6040322578125 0.5288810484375001 0.608064515625 0.53291330625 0.608064515625 0.5369455640624999 0.6191532265624999 0.5460181453125 0.6272177421875 0.5460181453125 0.6292338703125 0.5480342734375 0.6352822578125 0.5480342734375 0.6372983875 0.550050403125 0.6413306453125001 0.550050403125 0.6554435484375001 0.5440020156250001 0.6625 0.5369455640624999 0.6625 0.53291330625 0.6604838703125 0.530897178125 0.6655241937499999 0.527872984375 0.6685483875 0.5228326609375 0.6665322578125 0.5087197578125
2 0.3524015296875 0.43547595 0.3564337875 0.44152433750000003 0.3524015296875 0.4455565953125 0.3524015296875 0.46571788593749996 0.3634902390625 0.4768065953125 0.36953862656249997 0.47882272343750004 0.3937321734375 0.47882272343750004 0.401796690625 0.47479046562500005 0.4108692703125 0.46571788593749996 0.41490152968749994 0.45765336874999996 0.41490152968749994 0.449588853125 0.41288539999999996 0.44757272343750004 0.41490152968749994 0.43749207968750004 0.40683701250000004 0.4233791765625 0.39776443281249996 0.41632272343750004 0.3856676578125 0.41229046562500005 0.370546690625 0.41329853125 0.36550636718749996 0.4143065953125 0.3544176578125 0.4253953046875 0.3524015296875 0.43547595
1 0.35567647343750003 0.487218809375 0.3496280875 0.48520268125 0.3445877640625 0.49024300312499997 0.338539378125 0.502339778125 0.3365232484375 0.51645268125 0.3425716359375 0.524517196875 0.34055550625 0.5265333265625001 0.3425716359375 0.530565584375 0.357692603125 0.543670421875 0.369789378125 0.54770268125 0.3818861515625 0.54770268125 0.39599905468749996 0.54165429375 0.40507163593750006 0.5325817125000001 0.40507163593750006 0.5285494546875 0.41112002187499996 0.5225010671875 0.41112002187499996 0.51645268125 0.41313615156249994 0.5144365515625 0.41112002187499996 0.5003236484375 0.40708776406249997 0.4922591328125 0.3939829265625 0.48117042187500003 0.35668453906250003 0.4821784875 0.35567647343750003 0.487218809375
2 0.08689516093750001 0.40287298437499997 0.082862903125 0.396824596875 0.076814515625 0.39480846718749996 0.051612903125 0.3958165328125 0.034475806250000005 0.4069052421875 0.0274193546875 0.41396169374999997 0.023387096875 0.42202620937499996 0.0254032265625 0.428074596875 0.023387096875 0.4361391125 0.029435484374999998 0.450252015625 0.04052419375 0.46134072656249997 0.056653226562500006 0.4694052421875 0.0747983875 0.4694052421875 0.0788306453125 0.46537298437499997 0.08084677343749999 0.4694052421875 0.08689516093750001 0.4694052421875 0.10302419375 0.46134072656249997 0.114112903125 0.4482358875 0.114112903125 0.4401713703125 0.11209677343749999 0.4381552421875 0.1161290328125 0.4321068546875 0.1161290328125 0.428074596875 0.11008064531249999 0.41396169374999997 0.0929435484375 0.39884072656249997 0.088911290625 0.39884072656249997 0.08689516093750001 0.40287298437499997
3 0.9765625 0.5 0.0453125 0.1296875
3 0.828125 0.4984375 0.11875 0.15
3 0.634375 0.49375 0.1015625 0.159375
3 0.3703125 0.4890625 0.1046875 0.178125
3 0.071875 0.475 0.14375 0.1890625