0 0.0647106109375 0.4604099671875 0.0677250796875 0.451366559375 0.07073955 0.45237138281249994 0.068729903125 0.458400321875 0.07073955 0.4624196140625 0.0717443734375 0.46342443749999995 0.0747588421875 0.4604099671875 0.0767684890625 0.44031350468749997 0.07073955 0.42624598125 0.0677250796875 0.42323151093750006 0.0576768484375 0.421221865625 0.0446141484375 0.4302652734375 0.0405948546875 0.4503617359375 0.0456189703125 0.4594051453125 0.0546623796875 0.4604099671875 0.056672025 0.46643890624999995 0.05365755625 0.46744372968750003 0.05365755625 0.46945337656249997 0.0627009640625 0.468448553125 0.06672025781249999 0.46643890624999995 0.0647106109375 0.4604099671875
0 0.0124598078125 0.468448553125 0.0124598078125 0.4905546625 0.019493568750000002 0.5016077171875 0.023512862500000002 0.5036173640625 0.0365755625 0.502612540625 0.0446141484375 0.49256430937499995 0.046623793749999996 0.468448553125 0.0405948546875 0.456390675 0.0355707390625 0.451366559375 0.031551446875 0.451366559375 0.0295418 0.45337620625 0.023512862500000002 0.45337620625 0.014469453125 0.4624196140625 0.0124598078125 0.468448553125
1 0.024517684375 0.4423231515625 0.024517684375 0.45237138281249994 0.0325562703125 0.45237138281249994 0.0405948546875 0.4503617359375 0.0426045015625 0.4362942125 0.046623793749999996 0.4302652734375 0.043609325 0.427250803125 0.03356109375 0.42926045 0.024517684375 0.4423231515625
2 0.0948553046875 0.41217845625000005 0.0968649515625 0.394091640625 0.08983118906250001 0.3830385859375 0.0797829578125 0.3810289390625 0.068729903125 0.390072346875 0.0647106109375 0.3981109328125 0.0647106109375 0.41217845625000005 0.07375401875000001 0.42323151093750006 0.0848070734375 0.4222266875 0.08782154375 0.421221865625 0.0948553046875 0.41217845625000005
1 0.1209807078125 0.3820337625 0.1310289390625 0.369975884375 0.1310289390625 0.35791800625 0.1290192921875 0.355908359375 0.1290192921875 0.349879421875 0.1260048234375 0.3468649515625 0.1139469453125 0.3448553046875 0.1049035375 0.3518890671875 0.10088424375 0.359927653125 0.10088424375 0.3760048234375 0.109927653125 0.3830385859375 0.1209807078125 0.3820337625
0 0.1310289390625 0.359927653125 0.1380627015625 0.36495176875 0.147106109375 0.3659565921875 0.152130225 0.36495176875 0.157154340625 0.359927653125 0.1631832796875 0.345860128125 0.1611736328125 0.3338022515625 0.152130225 0.3267684890625 0.14208199375 0.3267684890625 0.1310289390625 0.33782154375 0.1290192921875 0.3438504828125 0.1290192921875 0.355908359375 0.1310289390625 0.359927653125
1 0.18930868125 0.325763665625 0.1973472671875 0.3197347265625 0.20136655937499998 0.3116961421875 0.20136655937499998 0.301647909375 0.19634244375 0.2946141484375 0.184284565625 0.2926045015625 0.171221865625 0.30365755625 0.16921221875 0.3137057875 0.171221865625 0.3197347265625 0.17624598125 0.3247588421875 0.1802652734375 0.3267684890625 0.18930868125 0.325763665625
0 0.282757234375 0.2805466234375 0.2867765265625 0.2825562703125 0.29782958125 0.281551446875 0.3078778140625 0.2735128625 0.309887459375 0.26949356875 0.309887459375 0.257435690625 0.3028536984375 0.2504019296875 0.292805465625 0.24839228281249998 0.2867765265625 0.2504019296875 0.27773311875 0.2594453375 0.2757234734375 0.26949356875 0.27773311875 0.2755225078125 0.282757234375 0.2805466234375
1 0.3551045015625 0.264469453125 0.35912379375 0.2664791 0.3701768484375 0.2654742765625 0.3752009640625 0.264469453125 0.3802250796875 0.2594453375 0.3842443734375 0.251406753125 0.3842443734375 0.2433681671875 0.3752009640625 0.23231511249999998 0.35912379375 0.23231511249999998 0.3500803859375 0.239348875 0.34606109375 0.251406753125 0.3480707390625 0.257435690625 0.3551045015625 0.264469453125
0 0.4726688109375 0.2433681671875 0.48271704218749995 0.23532958124999998 0.4847266875 0.2313102890625 0.4847266875 0.22126205781250002 0.48271704218749995 0.217242765625 0.47367363281249997 0.210209003125 0.46161575624999995 0.210209003125 0.45056270156249995 0.21925241093749998 0.4485530546875 0.2232717046875 0.4485530546875 0.2333199359375 0.46161575624999995 0.244372990625 0.4726688109375 0.2433681671875
0 0.5440112546875 0.20217041875000002 0.5369774921875 0.2112138265625 0.5389871375 0.2232717046875 0.548030546875 0.23231511249999998 0.56310289375 0.2313102890625 0.5661173640625 0.230305465625 0.5711414796875001 0.2232717046875 0.573151125 0.217242765625 0.5711414796875001 0.2092041796875 0.5641077171875 0.20217041875000002 0.5440112546875 0.20217041875000002
1 0.43850482343749997 0.3297829578125 0.4314710609375 0.32073955 0.415393890625 0.3127009640625 0.3973070734375 0.3127009640625 0.381229903125 0.32073955 0.3721864953125 0.3317926046875 0.3701768484375 0.3438504828125 0.368167203125 0.345860128125 0.368167203125 0.359927653125 0.3762057875 0.3739951765625 0.385249196875 0.3830385859375 0.3973070734375 0.387057878125 0.412379421875 0.3860530546875 0.4194131828125 0.38504823125 0.43247588437499995 0.3760048234375 0.44252411562500005 0.359927653125 0.4445337625 0.345860128125 0.43850482343749997 0.3297829578125
1 0.3551045015625 0.5176848875 0.36615755625 0.5066318328125 0.3701768484375 0.49859324687499995 0.3721864953125 0.4865353703125 0.3741961421875 0.48452572343750006 0.3721864953125 0.4543810296875 0.364147909375 0.44031350468749997 0.3430466234375 0.4252411578125 0.3350080390625 0.4252411578125 0.3329983921875 0.42323151093750006 0.3129019296875 0.4252411578125 0.296824759375 0.4332797421875 0.279742765625 0.45237138281249994 0.2737138265625 0.47045820000000005 0.2737138265625 0.4865353703125 0.2757234734375 0.488545015625 0.2757234734375 0.4945739546875 0.2857717046875 0.512660771875 0.3008440515625 0.5257234734375 0.3108922828125 0.529742765625 0.3360128625 0.5287379421875 0.3551045015625 0.5176848875
0 0.5761655953125 0.36495176875 0.5661173640625 0.3609324765625 0.5399919609375 0.3609324765625 0.527934084375 0.3669614140625 0.510852090625 0.3860530546875 0.5048231515625 0.404139871875 0.506832796875 0.424236334375 0.5128617359375001 0.4362942125 0.527934084375 0.451366559375 0.5460209 0.4573954984375 0.561093246875 0.456390675 0.5801848875 0.451366559375 0.59726688125 0.4362942125 0.605305465625 0.4161977484375 0.605305465625 0.40815916406249997 0.59726688125 0.3840434078125 0.5761655953125 0.36495176875
0 0.6706189703125001 0.4252411578125 0.6796623796875 0.4161977484375 0.6877009640625 0.3961012859375 0.68569131875 0.3739951765625 0.673633440625 0.355908359375 0.6605707390625 0.3468649515625 0.656551446875 0.3468649515625 0.6505225078125 0.342845659375 0.626406753125 0.342845659375 0.614348875 0.3488745984375 0.6012861734375 0.3619372984375 0.59726688125 0.369975884375 0.59726688125 0.3760048234375 0.595257234375 0.37801446875 0.605305465625 0.404139871875 0.605305465625 0.414188103125 0.614348875 0.4252411578125 0.622387459375 0.42926045 0.6344453375 0.43127009687499995 0.636454984375 0.4332797421875 0.6555466234375 0.43227492031250003 0.6706189703125001 0.4252411578125
1 0.673633440625 0.355908359375 0.6605707390625 0.3468649515625 0.6505225078125 0.342845659375 0.626406753125 0.342845659375 0.6063102890625001 0.3549035375 0.59726688125 0.369975884375 0.59726688125 0.3820337625 0.605305465625 0.404139871875 0.605305465625 0.414188103125 0.622387459375 0.42926045 0.6344453375 0.43127009687499995 0.636454984375 0.4332797421875 0.6555466234375 0.43227492031250003 0.6706189703125001 0.4252411578125 0.681672025 0.41217845625000005 0.6877009640625 0.394091640625 0.68569131875 0.3739951765625 0.673633440625 0.355908359375
1 0.7610530546875001 0.306672025 0.75301446875 0.3026527328125 0.734927653125 0.3026527328125 0.7268890671875 0.306672025 0.717845659375 0.315715434375 0.7138263671875 0.325763665625 0.7138263671875 0.3418408359375 0.7198553046875 0.355908359375 0.73291800625 0.3689710609375 0.744975884375 0.372990353125 0.7580385859375001 0.37198553125 0.76708199375 0.3689710609375 0.7761254015625 0.359927653125 0.782154340625 0.345860128125 0.7801446953125 0.3277733125 0.7761254015625 0.3197347265625 0.7610530546875001 0.306672025
2 0.921824759375 0.332797428125 0.9298633437499999 0.3368167203125 0.9348874593750001 0.335811896875 0.9379019296875001 0.3348070734375 0.9429260453125 0.3277733125 0.9449356906249999 0.3217443734375 0.9429260453125 0.3116961421875 0.9298633437499999 0.2946141484375 0.9198151125 0.2946141484375 0.9157958203125001 0.29662379375 0.9107717046875001 0.30365755625 0.91278135 0.3217443734375 0.921824759375 0.332797428125
2 0.8645498390625 0.3317926046875 0.8665594859375 0.33782154375 0.87560289375 0.3488745984375 0.887660771875 0.3549035375 0.894694534375 0.3538987140625 0.89971865 0.352893890625 0.9087620578125 0.3398311890625 0.9087620578125 0.32375401875 0.90273311875 0.3137057875 0.8916800640625 0.3026527328125 0.87560289375 0.3026527328125 0.8715836015624999 0.3046623796875 0.8645498390625 0.3137057875 0.8645498390625 0.3317926046875
2 0.8585209 0.315715434375 0.8615353703125 0.318729903125 0.8645498390625 0.3177250796875 0.8665594859375 0.3096864953125 0.8715836015624999 0.3046623796875 0.87560289375 0.3026527328125 0.890675240625 0.301647909375 0.8886655953125 0.291599678125 0.87560289375 0.2825562703125 0.863545015625 0.284565915625 0.8565112546875 0.293609325 0.8565112546875 0.3096864953125 0.8585209 0.315715434375
2 0.6826768484375 0.2403536984375 0.673633440625 0.251406753125 0.67162379375 0.257435690625 0.673633440625 0.2674839234375 0.6846864953125 0.2805466234375 0.6927250796875 0.284565915625 0.707797428125 0.28356109375 0.7198553046875 0.2735128625 0.7198553046875 0.2674839234375 0.7218649515625 0.2654742765625 0.7198553046875 0.2554260453125 0.7158360125 0.24939710625 0.7047829578125 0.2403536984375 0.69875401875 0.2383440515625 0.6826768484375 0.2403536984375
1 0.649517684375 0.23733922812500002 0.649517684375 0.2534163984375 0.65152733125 0.257435690625 0.6645900328125001 0.2684887453125 0.673633440625 0.2674839234375 0.673633440625 0.2534163984375 0.6776527328124999 0.24537781406249998 0.6826768484375 0.2403536984375 0.6866961421875 0.2403536984375 0.6897106109375 0.23733922812500002 0.6826768484375 0.2282958203125 0.6645900328125001 0.2262861734375 0.65856109375 0.2282958203125 0.649517684375 0.23733922812500002
1 0.58721865 0.2594453375 0.58721865 0.2775321546875 0.5892282953125 0.281551446875 0.6063102890625001 0.29662379375 0.6233922828125 0.2956189703125 0.6304260453125 0.2926045015625 0.6374598078125 0.2855707390625 0.6414791 0.2775321546875 0.639469453125 0.2594453375 0.6284163984375 0.24839228281249998 0.6203778140625 0.244372990625 0.6063102890625001 0.244372990625 0.5962620578125 0.24839228281249998 0.58721865 0.2594453375
2 0.5992765265625 0.2433681671875 0.602290996875 0.2463826359375 0.6063102890625001 0.244372990625 0.6183681671875 0.244372990625 0.6284163984375 0.24839228281249998 0.6344453375 0.254421221875 0.6374598078125 0.2534163984375 0.6434887453125 0.24537781406249998 0.6434887453125 0.23733922812500002 0.6344453375 0.22427652656250002 0.62439710625 0.220257234375 0.612339228125 0.220257234375 0.6012861734375 0.227290996875 0.5992765265625 0.2313102890625 0.5992765265625 0.2433681671875
2 0.65152733125 0.2232717046875 0.6475080390625 0.2313102890625 0.6475080390625 0.2333199359375 0.6505225078125 0.2363344046875 0.65152733125 0.23532958124999998 0.6605707390625 0.2282958203125 0.666599678125 0.2262861734375 0.6726286171875 0.2262861734375 0.6846864953125 0.23231511249999998 0.6866961421875 0.23231511249999998 0.6877009640625 0.22930064374999998 0.676647909375 0.21824758906250002 0.6605707390625 0.21623794218749998 0.65152733125 0.2232717046875
2 0.575160771875 0.22528135 0.575160771875 0.23733922812500002 0.582194534375 0.2463826359375 0.59023311875 0.2504019296875 0.595257234375 0.24939710625 0.5992765265625 0.24537781406249998 0.5992765265625 0.2313102890625 0.602290996875 0.2262861734375 0.609324759375 0.2232717046875 0.609324759375 0.21925241093749998 0.5982717046875 0.21221865 0.59023311875 0.21221865 0.57717041875 0.22126205781250002 0.575160771875 0.22528135
2 0.693729903125 0.2333199359375 0.697749196875 0.22930064374999998 0.697749196875 0.21925241093749998 0.6887057875 0.20819935625000002 0.6846864953125 0.2061897109375 0.6726286171875 0.2061897109375 0.6655948546875 0.21322347343749998 0.666599678125 0.21623794218749998 0.67865755625 0.220257234375 0.6877009640625 0.22930064374999998 0.6887057875 0.23432475937500002 0.693729903125 0.2333199359375
2 0.62439710625 0.210209003125 0.6334405140625 0.2232717046875 0.6354501609375001 0.2232717046875 0.6354501609375001 0.2112138265625 0.626406753125 0.20217041875000002 0.605305465625 0.20317524062499998 0.6063102890625001 0.2061897109375 0.6163585203124999 0.2061897109375 0.62439710625 0.210209003125
1 0.629421221875 0.21523311875 0.622387459375 0.20819935625000002 0.6163585203124999 0.2061897109375 0.6083199359375 0.2061897109375 0.5992765265625 0.2112138265625 0.61032958125 0.220257234375 0.63143086875 0.22126205781250002 0.629421221875 0.21523311875
0 0.659565915625 0.207194534375 0.6545418 0.20217041875000002 0.632435690625 0.20217041875000002 0.63143086875 0.207194534375 0.6354501609375001 0.21322347343749998 0.6354501609375001 0.2232717046875 0.6374598078125 0.227290996875 0.6404742765625 0.230305465625 0.6475080390625 0.22930064374999998 0.65152733125 0.2232717046875 0.659565915625 0.217242765625 0.659565915625 0.207194534375
0 0.659565915625 0.20518488750000002 0.659565915625 0.21523311875 0.663585209375 0.21523311875 0.668609325 0.20819935625000002 0.676647909375 0.2041800640625 0.6826768484375 0.2061897109375 0.68569131875 0.20317524062499998 0.6625803859375 0.20217041875000002 0.659565915625 0.20518488750000002
0 0.700763665625 0.20217041875000002 0.693729903125 0.207194534375 0.697749196875 0.21925241093749998 0.697749196875 0.22930064374999998 0.7047829578125 0.23432475937500002 0.7138263671875 0.2333199359375 0.7218649515625 0.227290996875 0.7218649515625 0.21523311875 0.71282154375 0.2041800640625 0.700763665625 0.20217041875000002
1 0.7560289390625 0.22528135 0.7540192921875 0.22126205781250002 0.744975884375 0.21221865 0.73291800625 0.2142282953125 0.72588424375 0.22126205781250002 0.7238745984375 0.22930064374999998 0.7299035375 0.23733922812500002 0.7369372984375 0.24236334375 0.75 0.2413585203125 0.7560289390625 0.23532958124999998 0.7560289390625 0.22528135
1 0.7439710609375 0.2112138265625 0.7389469453124999 0.2061897109375 0.73291800625 0.2041800640625 0.7268890671875 0.2041800640625 0.720860128125 0.20819935625000002 0.7198553046875 0.21523311875 0.7218649515625 0.217242765625 0.7218649515625 0.22528135 0.7238745984375 0.22528135 0.73291800625 0.2142282953125 0.7439710609375 0.2112138265625
1 0.7781350484375 0.2232717046875 0.7711012859374999 0.2142282953125 0.7630627015625 0.210209003125 0.7570337625 0.210209003125 0.75 0.21523311875 0.7560289390625 0.22528135 0.7560289390625 0.23733922812500002 0.7590434078125 0.2403536984375 0.7680868171874999 0.2413585203125 0.7761254015625 0.23532958124999998 0.7781350484375 0.2232717046875
1 0.777130225 0.21221865 0.77411575625 0.21523311875 0.7781350484375 0.227290996875 0.7761254015625 0.23733922812500002 0.7811495171875 0.2403536984375 0.7901929265625001 0.239348875 0.7901929265625001 0.22930064374999998 0.796221865625 0.22126205781250002 0.78717845625 0.21221865 0.777130225 0.21221865
2 0.8012459812499999 0.22226688125 0.7952170421875 0.22427652656250002 0.7901929265625001 0.22930064374999998 0.7901929265625001 0.2413585203125 0.7972266875 0.24839228281249998 0.8002411578125 0.247387459375 0.8052652734375 0.2403536984375 0.8183279750000001 0.23733922812500002 0.8112942125 0.2262861734375 0.8012459812499999 0.22226688125
1 0.8082797421875 0.2674839234375 0.8102893890624999 0.261454984375 0.8173231515625 0.254421221875 0.8303858515625 0.2534163984375 0.82837620625 0.24537781406249998 0.8173231515625 0.2383440515625 0.8072749203124999 0.2383440515625 0.8002411578125 0.247387459375 0.8002411578125 0.2594453375 0.802250803125 0.2634646296875 0.8072749203124999 0.2684887453125 0.8082797421875 0.2674839234375
1 0.8303858515625 0.24939710625 0.8303858515625 0.2534163984375 0.8374196140624999 0.2584405140625 0.8474678453125 0.2704983921875 0.850482315625 0.26949356875 0.8545016078125001 0.261454984375 0.8545016078125001 0.2534163984375 0.850482315625 0.24537781406249998 0.84143890625 0.2383440515625 0.8354099671874999 0.2363344046875 0.8293810296874999 0.2383440515625 0.826366559375 0.2413585203125 0.826366559375 0.24537781406249998 0.8303858515625 0.24939710625
1 0.8344051453124999 0.2956189703125 0.84143890625 0.2926045015625 0.8464630218750001 0.2855707390625 0.8464630218750001 0.26949356875 0.8444533765625 0.2654742765625 0.831390675 0.254421221875 0.8173231515625 0.254421221875 0.8082797421875 0.2654742765625 0.8082797421875 0.2755225078125 0.8193327968749999 0.2926045015625 0.8293810296874999 0.29662379375 0.8344051453124999 0.2956189703125