2 0.6131644515625 0.191860465625 0.6256229234374999 0.191860465625 0.632890365625 0.1825166109375 0.632890365625 0.1742109640625 0.629775746875 0.1690199328125 0.6214701 0.164867109375 0.611088040625 0.164867109375 0.6038205984375 0.1700581390625 0.6017441859375 0.1742109640625 0.6027823921875 0.1814784046875 0.6038205984375 0.1845930234375 0.6131644515625 0.191860465625
2 0.6380813953125 0.1939368765625 0.6256229234374999 0.1939368765625 0.61835548125 0.20120431875000003 0.6193936875 0.212624584375 0.629775746875 0.22093023281250002 0.6401578078125 0.22093023281250002 0.6453488375 0.2178156140625 0.6495016609375 0.2053571421875 0.6474252484374999 0.20120431875000003 0.6380813953125 0.1939368765625
2 0.559177740625 0.106727575 0.5695598000000001 0.11503322187500001 0.582018271875 0.11503322187500001 0.5892857140625 0.10984219218749999 0.5892857140625 0.0973837203125 0.5778654484375 0.0901162796875 0.5654069765624999 0.0901162796875 0.558139534375 0.0973837203125 0.559177740625 0.106727575
2 0.6193936875 0.1461794015625 0.6152408640625 0.1503322265625 0.605897009375 0.15344684375 0.606935215625 0.16071428593749998 0.609011628125 0.164867109375 0.629775746875 0.1627906984375 0.632890365625 0.1596760796875 0.632890365625 0.15344684375 0.6276993359375 0.1482558140625 0.6193936875 0.1461794015625
2 0.64223421875 0.1939368765625 0.6484634546875 0.1980897015625 0.6515780734375001 0.1970514953125 0.6515780734375001 0.190822259375 0.64431063125 0.1835548171875 0.6411960140625 0.1845930234375 0.64223421875 0.1939368765625
2 0.6432724249999999 0.167981728125 0.6401578078125 0.164867109375 0.6391196015625 0.165905315625 0.6391196015625 0.17836378749999998 0.6401578078125 0.17940199375000002 0.64223421875 0.17940199375000002 0.6432724249999999 0.17836378749999998 0.6432724249999999 0.167981728125
2 0.6380813953125 0.164867109375 0.6360049828125 0.164867109375 0.6318521593749999 0.16071428593749998 0.6276993359375 0.16071428593749998 0.6256229234374999 0.1627906984375 0.6235465109375 0.1627906984375 0.6225083062500001 0.163828903125 0.6225083062500001 0.165905315625 0.6235465109375 0.166943521875 0.6276993359375 0.166943521875 0.632890365625 0.1721345515625 0.632890365625 0.176287375 0.6360049828125 0.17940199375000002 0.6380813953125 0.17940199375000002 0.6391196015625 0.17836378749999998 0.6391196015625 0.165905315625 0.6380813953125 0.164867109375
2 0.609011628125 0.1254152828125 0.6027823921875 0.1337209296875 0.5913621265625 0.1368355484375 0.5924003328125 0.1461794015625 0.6007059796875 0.1524086375 0.6131644515625 0.1524086375 0.617317275 0.1503322265625 0.62043189375 0.140988371875 0.61835548125 0.132682725 0.609011628125 0.1254152828125
1 0.57475083125 0.12437707656250001 0.5757890359375 0.1254152828125 0.5768272421875 0.1264534890625 0.5768272421875 0.1285299 0.582018271875 0.1337209296875 0.584094684375 0.1337209296875 0.586171096875 0.1357973421875 0.5986295687500001 0.1357973421875 0.6007059796875 0.1337209296875 0.6027823921875 0.1337209296875 0.605897009375 0.13060631250000002 0.605897009375 0.1285299 0.6079734218749999 0.1264534890625 0.6079734218749999 0.12437707656250001 0.605897009375 0.1223006640625 0.605897009375 0.120224253125 0.6007059796875 0.11503322187500001 0.5986295687500001 0.11503322187500001 0.5965531562499999 0.11295681093750001 0.584094684375 0.11295681093750001 0.582018271875 0.11503322187500001 0.5799418609375 0.11503322187500001 0.5768272421875 0.11814784062499999 0.5768272421875 0.120224253125 0.57475083125 0.1223006640625 0.57475083125 0.12437707656250001
1 0.5892857140625 0.0994601328125 0.5892857140625 0.10568936874999998 0.5872093015625001 0.10776578125 0.5872093015625001 0.11191860468749999 0.5882475078125 0.11295681093750001 0.5965531562499999 0.11295681093750001 0.5986295687500001 0.11503322187500001 0.6007059796875 0.11503322187500001 0.6017441859375 0.1139950171875 0.6017441859375 0.10568936874999998 0.5965531562499999 0.10049833906250001 0.59447674375 0.10049833906250001 0.5924003328125 0.0984219265625 0.5903239203124999 0.0984219265625 0.5892857140625 0.0994601328125
1 0.6214701 0.139950165625 0.61835548125 0.143064784375 0.61835548125 0.1451411953125 0.6193936875 0.1461794015625 0.6214701 0.1482558140625 0.629775746875 0.1482558140625 0.630813953125 0.14721760781249998 0.630813953125 0.1451411953125 0.6256229234374999 0.139950165625 0.6214701 0.139950165625
1 0.6401578078125 0.1939368765625 0.6411960140625 0.192898671875 0.6411960140625 0.1825166109375 0.6380813953125 0.17940199375000002 0.6360049828125 0.17940199375000002 0.6339285718750001 0.17732558125 0.632890365625 0.17836378749999998 0.632890365625 0.1845930234375 0.6266611296875 0.190822259375 0.6276993359375 0.191860465625 0.629775746875 0.1939368765625 0.6401578078125 0.1939368765625
1 0.6515780734375001 0.2074335546875 0.6515780734375001 0.20120431875000003 0.64431063125 0.1939368765625 0.64223421875 0.1939368765625 0.6411960140625 0.1949750828125 0.6411960140625 0.1970514953125 0.64223421875 0.1980897015625 0.6474252484374999 0.20328073125 0.6474252484374999 0.20950996718749998 0.6484634546875 0.2105481734375 0.6515780734375001 0.2074335546875