2 0.63117958125 0.43592767343750005 0.6154563109375 0.43592767343750005 0.6007157453125 0.44870282968749997 0.6007157453125 0.45459905625 0.599266821875 0.46171589375 0.5990465687500001 0.46796163125 0.6026811546874999 0.476218553125 0.6056292671875 0.481132075 0.6154563109375 0.4870283015625 0.6351104000000001 0.48506289375 0.6390412171875 0.483097484375 0.649850965625 0.47032232656249995 0.6488682609375 0.45754717031250003 0.6459201484375 0.45459905625 0.64788555625 0.45263364843750004 0.6459201484375 0.446737421875 0.6390412171875 0.439858490625 0.63117958125 0.43592767343750005
1 0.5863687875 0.0674637359375 0.591282309375 0.06844644062500001 0.5893169015625 0.0743426671875 0.60012665 0.08318700625 0.6158499203125001 0.081221596875 0.6197807375 0.0772907796875 0.6256769640625001 0.0753253703125 0.6384521203125 0.06058480468750001 0.6374694171875 0.037982603125 0.6256769640625001 0.022259332812499998 0.6158499203125001 0.018328515625 0.6020920578125 0.020293924999999997 0.591282309375 0.0311036734375 0.5834206749999999 0.04682694375 0.5834206749999999 0.064515621875 0.5863687875 0.0674637359375
1 0.6233286875 0.2321426421875 0.621363278125 0.23410804999999998 0.6154670515625 0.2321426421875 0.6076054171874999 0.23607345937500002 0.6007264859375 0.24098698125 0.594830259375 0.250814025 0.594830259375 0.2567102515625 0.59286485 0.2586756609375 0.594830259375 0.27439893125000003 0.6036745984375 0.2852086796875 0.6174324609374999 0.2852086796875 0.6193978687499999 0.28324327031249996 0.621363278125 0.2852086796875 0.63315573125 0.2852086796875 0.6420000703125 0.2763643390625 0.647896296875 0.2665372953125 0.6469135921875 0.2478659125 0.6370865484375 0.23607345937500002 0.6292249140624999 0.2321426421875 0.6233286875 0.2321426421875
1 0.629858540625 0.8809507984374999 0.6432953671874999 0.8824946499999999 0.646702025 0.8819627499999999 0.6489485937499999 0.88046843125 0.6548930000000001 0.8774964609374999 0.6607587078125 0.8668519890624999 0.6626284578125 0.8531712 0.6602221796875 0.8424133125000001 0.6461391078125 0.8289491734375 0.63061403125 0.8272127453125 0.6227625906250001 0.8289934828125001 0.6139182515625 0.841768640625 0.6119528421875 0.8476648656249999 0.6139182515625 0.8653535453125001 0.629858540625 0.8809507984374999
2 0.5452318968750001 0.2719090859375 0.5560416453125 0.282718834375 0.5663323015625 0.285589025 0.569403478125 0.28590816874999997 0.5754548078124999 0.28366968125 0.5826399906249999 0.2800085421875 0.5877844640625 0.2717749125 0.5885665859375 0.262388325 0.5883890359375 0.2523848078125 0.5844784265625 0.237571690625 0.5757548453125 0.229929146875 0.5613125625000001 0.229705521875 0.5452318968750001 0.24439336250000002 0.541301078125 0.258151225 0.5432664875000001 0.260116634375 0.5452318968750001 0.2719090859375
1 0.6132494484375 0.8787312734375 0.6167545546875 0.872299678125 0.6152148562499999 0.8669388203124999 0.614232153125 0.856129071875 0.6112840390625001 0.8472847328125 0.6044051078125 0.8404058015625001 0.6024396999999999 0.8404058015625001 0.6019044203125 0.8399561125 0.5994915859375001 0.8394230968749999 0.5927672296875001 0.83619346875 0.5892545625000001 0.83653603125 0.5846790234375 0.83664528125 0.5827699265625 0.837788240625 0.5804641015625001 0.8383724515625 0.571713915625 0.8455028656250001 0.5660796375 0.8531809593749999 0.5660796375 0.8728350468749999 0.5700104546875 0.8806966828125 0.5788547937499999 0.889541021875 0.5827856109375 0.8915064312500001 0.5860358531250001 0.89375203125 0.5906472468749999 0.8934718390624999 0.5985088828125 0.8915064312500001 0.6050921125000001 0.8899403156249999 0.6083359265625 0.8856102046875 0.6132494484375 0.8787312734375
2 0.5503327234375 0.45434308906250004 0.5503327234375 0.46417013437500004 0.552898315625 0.4725318828125 0.5650732890625 0.4828415171875 0.5699693 0.48520914218750005 0.5785681109375 0.4857586328125 0.58767958125 0.4830432328125 0.5934171765625 0.4776283453125 0.601358190625 0.465373578125 0.601076609375 0.4519080296875 0.595133140625 0.44407876718750006 0.5876268687499999 0.43698134531250005 0.57634239375 0.4330484296875 0.5669888015625 0.43409632656249997 0.55622895 0.44058522812499995 0.5503327234375 0.45434308906250004
3 0.6109375 0.859375 0.1328125 0.0921875
3 0.6015625 0.6734375 0.115625 0.0859375
3 0.5984375 0.4671875 0.13125 0.071875
3 0.5859375 0.25 0.1296875 0.0796875
3 0.5734375 0.0546875 0.115625 0.10625