1 0.359572784375 0.3443433546875 0.3486946203125 0.33742088593749997 0.33682753125 0.33742088593749997 0.3289161390625 0.3413765828125 0.3200158234375 0.3542325953125 0.3200158234375 0.36807753125 0.326938290625 0.37697784843750004 0.33682753125 0.38093354375 0.3486946203125 0.37895569687499997 0.35462816406250003 0.375 0.359572784375 0.3700553796875 0.36253955625 0.3631329109375 0.36352848125000004 0.3542325953125 0.359572784375 0.34829905 0.359572784375 0.3443433546875
0 0.34572784843750004 0.40763449375 0.3348496828125 0.3987341765625 0.321004746875 0.3987341765625 0.31704905 0.40071202499999997 0.3101265828125 0.40763449375 0.30617088593749997 0.417523734375 0.308148734375 0.4313686703125 0.3190268984375 0.4402689875 0.3348496828125 0.4402689875 0.34572784843750004 0.4313686703125 0.3486946203125 0.4224683546875 0.34968354375 0.417523734375 0.34572784843750004 0.411590190625 0.34572784843750004 0.40763449375
0 0.307159809375 0.48180379687499997 0.295292721875 0.48180379687499997 0.28441455625 0.49070411406250003 0.282436709375 0.502571203125 0.28441455625 0.508504746875 0.29133702499999997 0.5174050640625001 0.295292721875 0.5193829109375 0.30518196249999996 0.5193829109375 0.3130933546875 0.515427215625 0.3190268984375 0.5075158234375 0.3200158234375 0.494659809375 0.31111550625 0.4837816453125 0.307159809375 0.48180379687499997
1 0.29133702499999997 0.632120253125 0.28540348125000004 0.6340981015625 0.27650316406250003 0.6429984171875 0.27650316406250003 0.6568433546875 0.28540348125000004 0.66772151875 0.2893591765625 0.6696993671875 0.301226265625 0.6696993671875 0.3101265828125 0.6627768984375 0.31111550625 0.6598101265625 0.3121044296875 0.6469541140625 0.301226265625 0.6340981015625 0.29133702499999997 0.632120253125
1 0.30320411406250003 0.6696993671875 0.2933148734375 0.6696993671875 0.2804588609375 0.68057753125 0.2804588609375 0.69442246875 0.2893591765625 0.7053006328125 0.2933148734375 0.70727848125 0.3091376578125 0.70727848125 0.31704905 0.6993670890625 0.31803797500000003 0.6825553796875 0.307159809375 0.671677215625 0.30320411406250003 0.6696993671875
1 0.315071203125 0.74683544375 0.301226265625 0.74683544375 0.2972705703125 0.748813290625 0.2903481015625 0.75969145625 0.29232595 0.7735363921875 0.301226265625 0.782436709375 0.307159809375 0.78441455625 0.31704905 0.78441455625 0.321004746875 0.782436709375 0.3200158234375 0.7577136078125 0.32199367031250004 0.7517800640625001 0.315071203125 0.74683544375
1 0.36253955625 0.79825949375 0.3526503171875 0.7962816453125 0.35067246875 0.79825949375 0.3427610765625 0.79825949375 0.3318829109375 0.807159809375 0.3299050640625 0.81111550625 0.3299050640625 0.826938290625 0.333860759375 0.8348496828125 0.3447389234375 0.84375 0.366495253125 0.8457278484374999 0.372428796875 0.84375 0.38231803750000004 0.8318829109375001 0.38330696249999996 0.8190268984375001 0.379351265625 0.8091376578125 0.36253955625 0.79825949375
0 0.3526503171875 0.742879746875 0.3348496828125 0.742879746875 0.32199367031250004 0.7537579109375 0.3200158234375 0.7577136078125 0.3200158234375 0.7735363921875 0.32199367031250004 0.7774920890625 0.3308939875 0.788370253125 0.3388053796875 0.7923259500000001 0.3566060125 0.7923259500000001 0.36946202499999997 0.7834256328125 0.372428796875 0.7765031640625 0.373417721875 0.7676028484375 0.36946202499999997 0.7577136078125 0.3526503171875 0.742879746875
0 0.3091376578125 0.70727848125 0.2992484171875 0.70727848125 0.29133702499999997 0.7112341765625 0.2863924046875 0.7181566453125 0.2863924046875 0.7320015828125 0.295292721875 0.742879746875 0.2992484171875 0.7448575953125001 0.315071203125 0.7448575953125001 0.32199367031250004 0.739912975 0.32496044375 0.7349683546875 0.3259493671875 0.7260680374999999 0.32397151874999996 0.72013449375 0.3091376578125 0.70727848125
0 0.2893591765625 0.742879746875 0.282436709375 0.7478243671875 0.2804588609375 0.7517800640625001 0.2804588609375 0.7616693031249999 0.2893591765625 0.77254746875 0.29232595 0.77155854375 0.2903481015625 0.75969145625 0.294303796875 0.7517800640625001 0.301226265625 0.74683544375 0.301226265625 0.7448575953125001 0.295292721875 0.742879746875 0.2893591765625 0.742879746875
1 0.49307753125 0.7765031640625 0.4693433546875 0.7646360765625 0.44758702499999997 0.7646360765625 0.43571993593749997 0.7685917718749999 0.4169303796875 0.78540348125 0.4109968359375 0.7992484171875 0.41297468281249994 0.821004746875 0.424841771875 0.83682753125 0.4297863921875 0.8417721515625001 0.45352057031250004 0.8516613921875 0.4752768984375 0.8516613921875 0.4891218359375 0.8457278484374999 0.5039556968750001 0.8308939875 0.5089003171875001 0.8219936703125 0.509889240625 0.8032041140624999 0.50593354375 0.791337025 0.49307753125 0.7765031640625
1 0.4436313296875 0.9169303796875001 0.4297863921875 0.9109968359374999 0.40209651874999996 0.9109968359374999 0.38924050625 0.921875 0.3872626578125 0.9258306968750001 0.3872626578125 0.9396756328125001 0.38924050625 0.9436313296875 0.4001186703125 0.95450949375 0.4139636078125 0.9604430374999999 0.4337420890625 0.9604430374999999 0.4396756328125 0.958465190625 0.45352057031250004 0.9426424046875 0.45450949375 0.937697784375 0.44857595000000006 0.921875 0.4436313296875 0.9169303796875001
1 0.45055379687499997 0.96736550625 0.4436313296875 0.9564873421875 0.4337420890625 0.9604430374999999 0.4139636078125 0.9604430374999999 0.3981408234375 0.95450949375 0.3912183546875 0.963409809375 0.3912183546875 0.9752768984375001 0.411985759375 0.9920886078125 0.425830696875 0.9920886078125 0.43769778437499995 0.9861550640625 0.4456091765625 0.9861550640625 0.45055379687499997 0.983188290625 0.451542721875 0.98022151875 0.4525316453125 0.9752768984375001 0.45055379687499997 0.9732990499999999 0.45055379687499997 0.96736550625
1 0.48121044375000005 1 0.47329904999999994 0.9920886078125 0.45945411406250003 0.9861550640625 0.4396756328125 0.9861550640625 0.43769778437499995 0.9881329109375001 0.431764240625 0.9881329109375001 0.42286392343749996 0.9950553796875001 0.42039161406250003 1 0.48121044375000005 1