1 0.783963021875 0.5168810296874999 0.7960209 0.510852090625 0.8070739546875 0.489750803125 0.8070739546875 0.469654340625 0.801045015625 0.4555868171875 0.7940112546875 0.4465434078125 0.777934084375 0.43850482343749997 0.763866559375 0.43850482343749997 0.753818328125 0.44252411562500005 0.7407556265624999 0.4575964625 0.736736334375 0.469654340625 0.736736334375 0.483721865625 0.7427652734375 0.49979903593749997 0.75180868125 0.510852090625 0.7668810296874999 0.5178858515625 0.773914790625 0.518890675 0.7759244375 0.5168810296874999 0.783963021875 0.5168810296874999
1 0.606109325 0.3752009640625 0.606109325 0.3571141484375 0.6020900328125001 0.3490755625 0.591036978125 0.3380225078125 0.5809887453125 0.334003215625 0.5729501609375001 0.334003215625 0.5608922828125 0.3380225078125 0.549839228125 0.3490755625 0.54782958125 0.3551045015625 0.54782958125 0.371181671875 0.551848875 0.3792202578125 0.5679260453125 0.39328778125 0.5829983921874999 0.3942926046875 0.5950562703125 0.388263665625 0.606109325 0.3752009640625
1 0.3910771703125 0.33902733125 0.3950964625 0.3309887453125 0.3950964625 0.31893086875 0.3910771703125 0.3108922828125 0.380024115625 0.301848875 0.3619372984375 0.301848875 0.3538987140625 0.3058681671875 0.3468649515625 0.3129019296875 0.342845659375 0.3209405140625 0.3448553046875 0.33902733125 0.3538987140625 0.3480707390625 0.362942121875 0.351085209375 0.3679662375 0.3520900328125 0.3840434078125 0.34606109375 0.3910771703125 0.33902733125
1 0.332797428125 0.3430466234375 0.3388263671875 0.3329983921875 0.3368167203125 0.31893086875 0.325763665625 0.3058681671875 0.3137057875 0.3038585203125 0.3116961421875 0.3058681671875 0.30365755625 0.3058681671875 0.288585209375 0.31893086875 0.2865755625 0.3229501609375 0.2865755625 0.341036978125 0.288585209375 0.3450562703125 0.2956189703125 0.3520900328125 0.3026527328125 0.3551045015625 0.315715434375 0.356109325 0.32375401875 0.3520900328125 0.332797428125 0.3430466234375
1 0.23432475937500002 0.3490755625 0.23432475937500002 0.326969453125 0.2363344046875 0.3229501609375 0.22930064374999998 0.313906753125 0.2232717046875 0.31189710625 0.2092041796875 0.31189710625 0.1941318328125 0.3249598078125 0.1921221859375 0.3289791 0.190112540625 0.33902733125 0.1921221859375 0.341036978125 0.1921221859375 0.347065915625 0.1971463015625 0.356109325 0.2061897109375 0.361133440625 0.21523311875 0.3621382640625 0.22126205781250002 0.3601286171875 0.23432475937500002 0.3490755625
1 0.09766881093749999 0.43549035312499995 0.0956591640625 0.40735530468750003 0.09766881093749999 0.405345659375 0.09967845625 0.39328778125 0.0926446953125 0.3842443734375 0.08661575625 0.3802250796875 0.07254823125 0.3802250796875 0.064509646875 0.3842443734375 0.0554662375 0.395297428125 0.0494372984375 0.4113745984375 0.0534565921875 0.43348070781250003 0.06049035312499999 0.44252411562500005 0.0665192921875 0.4465434078125 0.0735530546875 0.44754823125 0.08661575625 0.4465434078125 0.094654340625 0.44252411562500005 0.09766881093749999 0.43549035312499995
1 0.10470257187500001 0.707797428125 0.11676044999999999 0.6997588421875001 0.1258038578125 0.6887057875 0.13384244375 0.6706189703125001 0.13384244375 0.632435690625 0.1278135046875 0.614348875 0.1197749203125 0.60028135 0.0986736328125 0.57717041875 0.084606109375 0.5711414796875001 0.064509646875 0.5691318328125 0.0464228296875 0.575160771875 0.031350482812500004 0.59023311875 0.023311896874999998 0.61032958125 0.023311896874999998 0.6485128625 0.0273311890625 0.6545418 0.033360128125 0.6726286171875 0.0413987140625 0.6846864953125 0.0564710609375 0.6997588421875001 0.07254823125 0.707797428125 0.07958199375 0.7088022515625 0.094654340625 0.7098070734374999 0.0966639875 0.707797428125 0.10470257187500001 0.707797428125
0 0.1499196140625 0.4294614140625 0.155948553125 0.415393890625 0.155948553125 0.395297428125 0.15393890625 0.3892684890625 0.1469051453125 0.3802250796875 0.1368569125 0.3741961421875 0.12077974218750001 0.3741961421875 0.1127411578125 0.378215434375 0.10168810312500001 0.3892684890625 0.0956591640625 0.405345659375 0.09766881093749999 0.42745176875 0.10671221875 0.43850482343749997 0.121784565625 0.4455385859375 0.128818328125 0.4465434078125 0.1348472671875 0.4445337625 0.1499196140625 0.4294614140625
0 0.706591640625 0.4575964625 0.712620578125 0.4455385859375 0.712620578125 0.42745176875 0.706591640625 0.415393890625 0.6935289390625 0.4023311890625 0.675442121875 0.3963022515625 0.6613745984375 0.398311896875 0.655345659375 0.4023311890625 0.648311896875 0.40936495156249997 0.6402733125 0.42745176875 0.6402733125 0.44151929218749997 0.6442926046874999 0.45357717031250006 0.6573553046875 0.46864951718750003 0.6663987140625001 0.47166398750000005 0.6834807078125 0.4726688109375 0.6955385859375001 0.46864951718750003 0.706591640625 0.4575964625
0 0.2805466234375 0.347065915625 0.284565915625 0.33902733125 0.284565915625 0.3249598078125 0.2825562703125 0.3209405140625 0.2674839234375 0.3078778140625 0.24939710625 0.309887459375 0.23432475937500002 0.326969453125 0.23432475937500002 0.3430466234375 0.2383440515625 0.351085209375 0.24839228281249998 0.35912379375 0.2654742765625 0.3601286171875 0.26949356875 0.3581189703125 0.2805466234375 0.347065915625
0 0.2554260453125 0.3078778140625 0.271503215625 0.309887459375 0.2725080390625 0.3028536984375 0.2704983921875 0.2988344046875 0.2594453375 0.29180064375 0.24537781406249998 0.2938102890625 0.2383440515625 0.2988344046875 0.23231511249999998 0.3088826359375 0.23231511249999998 0.316921221875 0.2363344046875 0.3209405140625 0.23733922812500002 0.3219453375 0.247387459375 0.31189710625 0.2554260453125 0.3078778140625
0 0.3468649515625 0.314911575 0.3448553046875 0.30486334375 0.335811896875 0.2958199359375 0.3297829578125 0.2938102890625 0.3197347265625 0.2938102890625 0.3116961421875 0.29782958125 0.306672025 0.3028536984375 0.3076768484375 0.3058681671875 0.315715434375 0.3038585203125 0.3177250796875 0.3058681671875 0.32375401875 0.3058681671875 0.3348070734375 0.314911575 0.3368167203125 0.31893086875 0.3368167203125 0.3329983921875 0.3408360125 0.3329983921875 0.342845659375 0.3209405140625 0.3468649515625 0.314911575