2 0.7956349203124999 0.421626984375 0.7956349203124999 0.4077380953125 0.7916666671875 0.3998015875 0.7827380953125 0.390873015625 0.778769840625 0.3888888890625 0.7668650796875001 0.3888888890625 0.7539682546875001 0.3998015875 0.75 0.4117063484375 0.7519841265625 0.4136904765625 0.7519841265625 0.421626984375 0.7579365078125 0.43154761875 0.7668650796875001 0.4384920640625 0.7738095234375 0.43948412656249997 0.7827380953125 0.4384920640625 0.7896825390625 0.43353174531249994 0.7956349203124999 0.421626984375
2 0.6607142859375 0.4236111109375 0.6646825390625 0.415674603125 0.6646825390625 0.3998015875 0.658730159375 0.3859126984375 0.6498015875 0.3769841265625 0.639880953125 0.3730158734375 0.622023809375 0.3730158734375 0.6140873015625 0.3769841265625 0.6071428578125 0.38392857187499996 0.6170634921875 0.3918650796875 0.6269841265625 0.4077380953125 0.6289682546875001 0.4295634921875 0.6269841265625 0.43551587343750003 0.6418650796875001 0.4365079359375 0.6517857140625 0.4325396828125 0.6607142859375 0.4236111109375
2 0.575396825 0.3422619046875 0.5585317453124999 0.327380953125 0.540674603125 0.327380953125 0.5297619046875 0.3363095234375 0.533730159375 0.34424603125000003 0.5515873015625 0.360119046875 0.5535714281249999 0.36607142812500004 0.55654761875 0.3670634921875 0.577380953125 0.34821428593750003 0.575396825 0.3422619046875
2 0.533730159375 0.34424603125000003 0.53174603125 0.3382936515625 0.5208333328125 0.3293650796875 0.5009920640625001 0.3293650796875 0.49007936562500004 0.3363095234375 0.49801587343750003 0.3521825390625 0.5009920640625001 0.353174603125 0.512896825 0.3452380953125 0.533730159375 0.34424603125000003
2 0.5555555562500001 0.3700396828125 0.5515873015625 0.360119046875 0.540674603125 0.3492063484375 0.5327380953125 0.3452380953125 0.512896825 0.3452380953125 0.5049603171875 0.3492063484375 0.49801587343750003 0.35615079375 0.4990079359375 0.36904761875 0.5168650796875001 0.3611111109375 0.5248015875 0.3611111109375 0.5426587296875 0.3670634921875 0.5515873015625 0.37599206406249996 0.552579365625 0.3769841265625 0.5555555562500001 0.37400793593750004 0.5555555562500001 0.3700396828125
2 0.5376984125 0.421626984375 0.5535714281249999 0.4077380953125 0.5555555562500001 0.40178571406249997 0.559523809375 0.3978174609375 0.559523809375 0.389880953125 0.5555555562500001 0.3799603171875 0.540674603125 0.365079365625 0.528769840625 0.3630952375 0.5267857140625 0.3611111109375 0.5168650796875001 0.3611111109375 0.4990079359375 0.36904761875 0.49007936562500004 0.3799603171875 0.4861111109375 0.389880953125 0.4861111109375 0.40575396875 0.4920634921875 0.41964285781250005 0.502976190625 0.428571428125 0.515873015625 0.43353174531249994 0.5248015875 0.434523809375 0.53075396875 0.4325396828125 0.5376984125 0.421626984375
2 0.49603174531249994 0.372023809375 0.49801587343750003 0.36607142812500004 0.49801587343750003 0.3521825390625 0.49404761875 0.3422619046875 0.48511904687499996 0.3333333328125 0.46924603125 0.325396825 0.453373015625 0.325396825 0.44146825468750006 0.33134920625 0.4325396828125 0.34027777812500004 0.4265873015625 0.3541666671875 0.4265873015625 0.360119046875 0.446428571875 0.377976190625 0.450396825 0.389880953125 0.453373015625 0.3928571421875 0.4583333328125 0.39384920625 0.46527777812500004 0.3948412703125 0.47718253906249997 0.390873015625 0.49603174531249994 0.372023809375
2 0.40972222187499996 0.4384920640625 0.42559523749999995 0.43055555625 0.43154761875 0.43055555625 0.434523809375 0.42757936562500004 0.434523809375 0.4236111109375 0.43055555625 0.41765872968749995 0.421626984375 0.408730159375 0.40178571406249997 0.3988095234375 0.389880953125 0.396825396875 0.387896825 0.3988095234375 0.37599206406249996 0.4007936515625 0.3551587296875 0.41964285781250005 0.34722222187499996 0.43353174531249994 0.34722222187499996 0.44742063437499996 0.353174603125 0.4632936515625 0.36607142812500004 0.4761904765625 0.375 0.48115079375 0.384920634375 0.48115079375 0.3928571421875 0.45734127031250005 0.40972222187499996 0.4384920640625
2 0.15674603125 0.4454365078125 0.15674603125 0.4295634921875 0.15277777812499999 0.41964285781250005 0.1418650796875 0.40674603125 0.133928571875 0.40277777812500004 0.127976190625 0.40277777812500004 0.12599206406250002 0.4007936515625 0.110119046875 0.40674603125 0.0952380953125 0.4236111109375 0.091269840625 0.43154761875 0.091269840625 0.43948412656249997 0.09424603125 0.440476190625 0.10019841249999999 0.4365079359375 0.116071428125 0.4365079359375 0.127976190625 0.4424603171875 0.1428571421875 0.459325396875 0.1458333328125 0.46031746093750003 0.15277777812499999 0.45535714218749995 0.15674603125 0.4454365078125
2 0.0615079359375 0.540674603125 0.078373015625 0.5257936515625 0.096230159375 0.521825396875 0.09920634843750001 0.51884920625 0.09325396875 0.5049603171875 0.0803571421875 0.4920634921875 0.06845238125 0.4861111109375 0.05456349218749999 0.4861111109375 0.0386904765625 0.49404761875 0.0297619046875 0.5049603171875 0.021825396875 0.5248015875 0.021825396875 0.5486111109375 0.0238095234375 0.5505952375 0.0257936515625 0.5625 0.0376984125 0.5823412703125 0.0456349203125 0.5882936515625 0.049603175 0.5882936515625 0.0515873015625 0.5644841265625 0.0615079359375 0.540674603125
2 0.18154761875 0.7619047625 0.190476190625 0.752976190625 0.20039682499999997 0.735119046875 0.20039682499999997 0.71924603125 0.1984126984375 0.7172619046875 0.1984126984375 0.7073412703125 0.196428571875 0.7053571421875 0.196428571875 0.6855158734375 0.1984126984375 0.68154761875 0.184523809375 0.6517857140625 0.17162698437499999 0.6369047625 0.1636904765625 0.63095238125 0.13988095312499998 0.61904761875 0.112103175 0.61904761875 0.110119046875 0.6210317453124999 0.1041666671875 0.6210317453124999 0.09424603125 0.6269841265625 0.075396825 0.6478174609375 0.06944444375 0.665674603125 0.06944444375 0.6755952375 0.0674603171875 0.677579365625 0.06944444375 0.68154761875 0.06944444375 0.697420634375 0.071428571875 0.6994047625 0.071428571875 0.709325396875 0.075396825 0.715277778125 0.075396825 0.71924603125 0.0873015875 0.7390873015625 0.10615079375 0.7579365078125 0.112103175 0.759920634375 0.12202380937499999 0.7678571421875 0.1369047625 0.7708333328125 0.15972222187500001 0.771825396875 0.17162698437499999 0.7678571421875 0.18154761875 0.7619047625
2 0.3085317453125 0.7797619046875 0.3244047625 0.771825396875 0.341269840625 0.7589285718750001 0.353174603125 0.7410714281249999 0.3571428578125 0.7291666671875 0.3571428578125 0.71924603125 0.359126984375 0.7172619046875 0.359126984375 0.6894841265625 0.353174603125 0.671626984375 0.3452380953125 0.6577380953125 0.3303571421875 0.640873015625 0.3204365078125 0.6329365078125 0.3105158734375 0.6289682546875001 0.30654761875 0.625 0.2886904765625 0.61904761875 0.25694444375000003 0.6170634921875 0.2549603171875 0.61904761875 0.24305555625 0.6210317453124999 0.2232142859375 0.6329365078125 0.20833333281250002 0.6498015875 0.1984126984375 0.6795634921875 0.1984126984375 0.7132936515625 0.21031746093749998 0.7410714281249999 0.2331349203125 0.765873015625 0.2490079359375 0.7757936515625 0.252976190625 0.7757936515625 0.264880953125 0.78174603125 0.283730159375 0.7827380953125 0.290674603125 0.783730159375 0.3005952375 0.7797619046875 0.3085317453125 0.7797619046875
0 0.10218253906250001 0.6210317453124999 0.116071428125 0.61904761875 0.11805555625 0.6170634921875 0.133928571875 0.6170634921875 0.137896825 0.61904761875 0.14384920625 0.6170634921875 0.1488095234375 0.610119046875 0.1488095234375 0.5744047625 0.146825396875 0.572420634375 0.1448412703125 0.5545634921875 0.13194444375 0.5357142859375 0.1240079359375 0.5297619046875 0.10615079375 0.521825396875 0.084325396875 0.5238095234375 0.07043650781250001 0.53174603125 0.059523809375 0.5446428578125 0.0515873015625 0.5664682546875001 0.0515873015625 0.5982142859375 0.053571428125 0.6041666671875 0.0615079359375 0.6200396828125 0.07043650781250001 0.63095238125 0.077380953125 0.6359126984375 0.0823412703125 0.6369047625 0.0922619046875 0.6269841265625 0.10218253906250001 0.6210317453124999
0 0.22123015937499999 0.6170634921875 0.2331349203125 0.6130952375 0.2420634921875 0.6041666671875 0.24404761874999997 0.5982142859375 0.2460317453125 0.5744047625 0.24801587343749998 0.572420634375 0.25 0.5605158734375 0.2579365078125 0.546626984375 0.2579365078125 0.534722221875 0.25 0.5208333328125 0.23511904687500002 0.50595238125 0.22123015937499999 0.49801587343750003 0.215277778125 0.49801587343750003 0.2132936515625 0.49603174531249994 0.1914682546875 0.49603174531249994 0.177579365625 0.5019841265625 0.15873015937499999 0.51884920625 0.1488095234375 0.5386904765625 0.146825396875 0.5585317453124999 0.1488095234375 0.5605158734375 0.1507936515625 0.578373015625 0.1547619046875 0.584325396875 0.1547619046875 0.5882936515625 0.16468253906250002 0.6021825390625 0.177579365625 0.615079365625 0.184523809375 0.6180555562500001 0.21130952343749998 0.61904761875 0.2132936515625 0.6170634921875 0.22123015937499999 0.6170634921875
0 0.3670634921875 0.6359126984375 0.3769841265625 0.6200396828125 0.38095238125 0.6081349203124999 0.38095238125 0.6001984125 0.3829365078125 0.5982142859375 0.3829365078125 0.578373015625 0.38095238125 0.5763888890625 0.3789682546875 0.5644841265625 0.3730158734375 0.55654761875 0.3730158734375 0.552579365625 0.36904761875 0.546626984375 0.34821428593750003 0.527777778125 0.34424603125000003 0.527777778125 0.334325396875 0.521825396875 0.322420634375 0.5198412703125 0.3204365078125 0.5178571421875 0.302579365625 0.5178571421875 0.3005952375 0.5198412703125 0.2886904765625 0.521825396875 0.28472222187499996 0.5257936515625 0.278769840625 0.527777778125 0.2619047625 0.5426587296875 0.2519841265625 0.5585317453124999 0.24801587343749998 0.5763888890625 0.2460317453125 0.578373015625 0.2460317453125 0.5982142859375 0.25 0.610119046875 0.2549603171875 0.6170634921875 0.2827380953125 0.6170634921875 0.3085317453125 0.625 0.322420634375 0.6329365078125 0.341269840625 0.6498015875 0.34821428593750003 0.6507936515625 0.35615079375 0.646825396875 0.3670634921875 0.6359126984375
0 0.26884920625 0.3948412703125 0.2708333328125 0.3928571421875 0.28472222187499996 0.3948412703125 0.2986111109375 0.4007936515625 0.3015873015625 0.3978174609375 0.30357142812500004 0.387896825 0.299603175 0.3799603171875 0.2886904765625 0.3710317453125 0.28075396874999997 0.3670634921875 0.264880953125 0.3670634921875 0.2490079359375 0.375 0.2380952375 0.387896825 0.234126984375 0.40178571406249997 0.2380952375 0.4077380953125 0.2390873015625 0.408730159375 0.2549603171875 0.396825396875 0.26884920625 0.3948412703125
0 0.3789682546875 0.37599206406249996 0.3769841265625 0.36805555624999997 0.36805555624999997 0.3551587296875 0.3541666671875 0.34722222187499996 0.34027777812500004 0.34722222187499996 0.3263888890625 0.353174603125 0.315476190625 0.3640873015625 0.31150793593750004 0.37400793593750004 0.31150793593750004 0.377976190625 0.3144841265625 0.3789682546875 0.328373015625 0.3710317453125 0.3501984125 0.3710317453125 0.360119046875 0.375 0.3710317453125 0.38392857187499996 0.372023809375 0.384920634375 0.3769841265625 0.3799603171875 0.3789682546875 0.37599206406249996
0 0.40178571406249997 0.3611111109375 0.4117063484375 0.3611111109375 0.415674603125 0.359126984375 0.41765872968749995 0.3611111109375 0.4236111109375 0.3611111109375 0.4265873015625 0.3581349203125 0.4265873015625 0.346230159375 0.40972222187499996 0.3373015875 0.40178571406249997 0.3373015875 0.38392857187499996 0.3452380953125 0.3730158734375 0.3581349203125 0.3789682546875 0.372023809375 0.38194444375000003 0.3730158734375 0.3918650796875 0.365079365625 0.40178571406249997 0.3611111109375
0 0.5882936515625 0.3829365078125 0.590277778125 0.38095238125 0.6021825390625 0.3829365078125 0.6041666671875 0.384920634375 0.615079365625 0.37400793593750004 0.6130952375 0.36805555624999997 0.6041666671875 0.3571428578125 0.5982142859375 0.353174603125 0.5922619046875 0.3511904765625 0.5763888890625 0.3511904765625 0.56845238125 0.3551587296875 0.5615079359374999 0.362103175 0.5555555562500001 0.372023809375 0.5555555562500001 0.3799603171875 0.559523809375 0.389880953125 0.5644841265625 0.390873015625 0.578373015625 0.3829365078125 0.5882936515625 0.3829365078125
0 0.6289682546875001 0.415674603125 0.625 0.403769840625 0.610119046875 0.3869047625 0.6021825390625 0.3829365078125 0.5803571421875 0.3829365078125 0.5704365078125 0.3869047625 0.559523809375 0.3978174609375 0.5555555562500001 0.403769840625 0.5585317453124999 0.40674603125 0.5625 0.4047619046875 0.5823412703125 0.4047619046875 0.6021825390625 0.41468253906249997 0.6130952375 0.42757936562500004 0.6170634921875 0.43551587343750003 0.6170634921875 0.44146825468750006 0.622023809375 0.4424603171875 0.6269841265625 0.43353174531249994 0.6289682546875001 0.415674603125
0 0.6646825390625 0.36607142812500004 0.6646825390625 0.360119046875 0.6607142859375 0.3501984125 0.6498015875 0.33928571406249997 0.64384920625 0.3373015875 0.6339285718750001 0.3373015875 0.6240079359374999 0.341269840625 0.6210317453124999 0.346230159375 0.6289682546875001 0.360119046875 0.6289682546875001 0.372023809375 0.6458333328125 0.375 0.652777778125 0.3799603171875 0.6577380953125 0.38095238125 0.6607142859375 0.377976190625 0.6646825390625 0.36607142812500004
0 0.677579365625 0.359126984375 0.6835317453124999 0.3551587296875 0.6924603171875 0.3541666671875 0.6855158734375 0.3452380953125 0.68154761875 0.34325396874999997 0.6676587296875 0.34325396874999997 0.6607142859375 0.34821428593750003 0.6646825390625 0.3640873015625 0.6607142859375 0.37400793593750004 0.6607142859375 0.3859126984375 0.66865079375 0.3859126984375 0.6706349203124999 0.36607142812500004 0.677579365625 0.359126984375
0 0.8353174609374999 0.44742063437499996 0.8373015875 0.44146825468750006 0.8373015875 0.43154761875 0.8333333328125001 0.421626984375 0.8244047625 0.4126984125 0.8164682546875 0.408730159375 0.8105158734375 0.408730159375 0.802579365625 0.4126984125 0.7956349203124999 0.41964285781250005 0.79365079375 0.42559523749999995 0.79365079375 0.43551587343750003 0.799603175 0.453373015625 0.80654761875 0.4583333328125 0.8115079359375 0.459325396875 0.8204365078125001 0.46031746093750003 0.828373015625 0.45634920625 0.8353174609374999 0.44742063437499996
1 0.716269840625 0.389880953125 0.716269840625 0.37400793593750004 0.7123015875 0.36607142812500004 0.7073412703125 0.3611111109375 0.69345238125 0.3551587296875 0.6835317453124999 0.3551587296875 0.677579365625 0.359126984375 0.672619046875 0.3640873015625 0.66865079375 0.37400793593750004 0.66865079375 0.3859126984375 0.674603175 0.3998015875 0.684523809375 0.403769840625 0.6994047625 0.4047619046875 0.7053571421875 0.40277777812500004 0.716269840625 0.389880953125
1 0.6339285718750001 0.3373015875 0.6458333328125 0.3373015875 0.6478174609375 0.33928571406249997 0.6488095234375 0.3363095234375 0.6458333328125 0.33134920625 0.637896825 0.327380953125 0.6319444437499999 0.327380953125 0.6299603171875 0.325396825 0.627976190625 0.327380953125 0.622023809375 0.327380953125 0.6111111109375 0.3363095234375 0.6170634921875 0.34424603125000003 0.6200396828125 0.3452380953125 0.6240079359374999 0.341269840625 0.6339285718750001 0.3373015875
1 0.59424603125 0.33928571406249997 0.60615079375 0.33928571406249997 0.610119046875 0.341269840625 0.6111111109375 0.3363095234375 0.60615079375 0.33134920625 0.596230159375 0.327380953125 0.584325396875 0.327380953125 0.5734126984375 0.334325396875 0.5734126984375 0.34027777812500004 0.577380953125 0.34821428593750003 0.5823412703125 0.34722222187499996 0.5882936515625 0.341269840625 0.59424603125 0.33928571406249997
1 0.6289682546875001 0.372023809375 0.6289682546875001 0.360119046875 0.625 0.3521825390625 0.6160714281249999 0.34325396874999997 0.6081349203124999 0.33928571406249997 0.59424603125 0.33928571406249997 0.584325396875 0.34325396874999997 0.5793650796875001 0.34821428593750003 0.5823412703125 0.3511904765625 0.5922619046875 0.3511904765625 0.6041666671875 0.3571428578125 0.6111111109375 0.3640873015625 0.6130952375 0.37400793593750004 0.6180555562500001 0.375 0.6200396828125 0.3730158734375 0.6289682546875001 0.372023809375
1 0.6071428578125 0.47718253906249997 0.6170634921875 0.4613095234375 0.6170634921875 0.43551587343750003 0.6130952375 0.42757936562500004 0.6021825390625 0.41468253906249997 0.5823412703125 0.4047619046875 0.5625 0.4047619046875 0.55654761875 0.40674603125 0.5357142859375 0.42559523749999995 0.53174603125 0.43353174531249994 0.53174603125 0.4632936515625 0.533730159375 0.4672619046875 0.546626984375 0.48214285781250005 0.5545634921875 0.48809523749999995 0.5694444437499999 0.49305555625 0.5803571421875 0.4920634921875 0.6001984125 0.484126984375 0.6071428578125 0.47718253906249997
1 0.450396825 0.403769840625 0.450396825 0.389880953125 0.44444444375 0.37599206406249996 0.43551587343750003 0.3670634921875 0.4295634921875 0.365079365625 0.42559523749999995 0.3611111109375 0.4117063484375 0.359126984375 0.40972222187499996 0.3611111109375 0.40178571406249997 0.3611111109375 0.3918650796875 0.365079365625 0.3789682546875 0.377976190625 0.375 0.3859126984375 0.375 0.389880953125 0.3789682546875 0.3958333328125 0.38194444375000003 0.3988095234375 0.3859126984375 0.396825396875 0.3958333328125 0.396825396875 0.4077380953125 0.4007936515625 0.41964285781250005 0.40674603125 0.434523809375 0.421626984375 0.43948412656249997 0.42261904687499996 0.44444444375 0.41765872968749995 0.450396825 0.403769840625
1 0.34424603125000003 0.4484126984375 0.34722222187499996 0.43353174531249994 0.3551587296875 0.41964285781250005 0.3640873015625 0.408730159375 0.3769841265625 0.3998015875 0.3769841265625 0.3918650796875 0.3640873015625 0.3769841265625 0.3501984125 0.3710317453125 0.328373015625 0.3710317453125 0.3164682546875 0.3769841265625 0.30357142812500004 0.3918650796875 0.3015873015625 0.403769840625 0.31150793593750004 0.41964285781250005 0.315476190625 0.44345238125 0.3234126984375 0.44940476250000005 0.334325396875 0.450396825 0.3363095234375 0.4484126984375 0.34424603125000003 0.4484126984375
1 0.30555555624999997 0.4632936515625 0.31349206406249996 0.44742063437499996 0.31349206406249996 0.42757936562500004 0.309523809375 0.415674603125 0.296626984375 0.4007936515625 0.290674603125 0.396825396875 0.28472222187499996 0.396825396875 0.2827380953125 0.3948412703125 0.2609126984375 0.3948412703125 0.24305555625 0.4047619046875 0.2301587296875 0.4236111109375 0.2301587296875 0.4295634921875 0.228174603125 0.43154761875 0.228174603125 0.4513888890625 0.234126984375 0.46527777812500004 0.2390873015625 0.47222222187499996 0.259920634375 0.4831349203125 0.27678571406249997 0.484126984375 0.2867063484375 0.48015872968749995 0.30555555624999997 0.4632936515625
1 0.22123015937499999 0.466269840625 0.228174603125 0.45734127031250005 0.22619047656250002 0.44345238125 0.228174603125 0.44146825468750006 0.228174603125 0.42757936562500004 0.2321428578125 0.41765872968749995 0.2380952375 0.40972222187499996 0.2251984125 0.3948412703125 0.2172619046875 0.390873015625 0.20138888906250002 0.3888888890625 0.1894841265625 0.3928571421875 0.17261904687500002 0.4077380953125 0.16865079375 0.4136904765625 0.1666666671875 0.42757936562500004 0.16468253906250002 0.4295634921875 0.1666666671875 0.44742063437499996 0.178571428125 0.46527777812500004 0.18650793593749998 0.471230159375 0.2073412703125 0.47222222187499996 0.2132936515625 0.4702380953125 0.22123015937499999 0.466269840625
1 0.49603174531249994 0.491071428125 0.49404761875 0.4672619046875 0.48809523749999995 0.453373015625 0.46924603125 0.4365079359375 0.45734127031250005 0.43055555625 0.44940476250000005 0.43055555625 0.44742063437499996 0.428571428125 0.42559523749999995 0.43055555625 0.403769840625 0.44444444375 0.3928571421875 0.45734127031250005 0.384920634375 0.48115079375 0.3869047625 0.49305555625 0.389880953125 0.49801587343750003 0.39384920625 0.49801587343750003 0.4136904765625 0.48809523749999995 0.44940476250000005 0.4861111109375 0.47321428593750003 0.49603174531249994 0.4861111109375 0.5069444437499999 0.487103175 0.5079365078125 0.4920634921875 0.502976190625 0.49603174531249994 0.491071428125
1 0.48809523749999995 0.590277778125 0.49603174531249994 0.5763888890625 0.5 0.5644841265625 0.5 0.5367063484375 0.49007936562500004 0.512896825 0.46924603125 0.49404761875 0.44742063437499996 0.4861111109375 0.415674603125 0.48809523749999995 0.3998015875 0.49404761875 0.384920634375 0.5069444437499999 0.3730158734375 0.53075396875 0.3730158734375 0.540674603125 0.3710317453125 0.5446428578125 0.3730158734375 0.546626984375 0.3730158734375 0.552579365625 0.38095238125 0.5664682546875001 0.38095238125 0.572420634375 0.384920634375 0.5823412703125 0.40575396875 0.6071428578125 0.4206349203125 0.6140873015625 0.44742063437499996 0.615079365625 0.471230159375 0.6051587296875 0.48809523749999995 0.590277778125
1 0.15674603125 0.5208333328125 0.17361111093749998 0.5039682546875001 0.1795634921875 0.5 0.190476190625 0.497023809375 0.190476190625 0.491071428125 0.184523809375 0.4791666671875 0.1696428578125 0.466269840625 0.15575396875 0.46031746093750003 0.137896825 0.46031746093750003 0.12202380937499999 0.46825396875 0.1051587296875 0.487103175 0.10119047656249999 0.4990079359375 0.09920634843750001 0.51884920625 0.10218253906250001 0.521825396875 0.1140873015625 0.5238095234375 0.12599206406250002 0.5297619046875 0.13988095312499998 0.5456349203124999 0.1428571421875 0.546626984375 0.146825396875 0.546626984375 0.15277777812499999 0.5267857140625 0.15674603125 0.5208333328125
1 0.10119047656249999 0.4990079359375 0.10912698437499999 0.48115079375 0.1240079359375 0.466269840625 0.1359126984375 0.4623015875 0.13888888906250002 0.459325396875 0.1369047625 0.4513888890625 0.1299603171875 0.44444444375 0.116071428125 0.4365079359375 0.10218253906250001 0.4365079359375 0.08630952343750001 0.44444444375 0.075396825 0.45734127031250005 0.0674603171875 0.47718253906249997 0.06944444375 0.487103175 0.084325396875 0.49404761875 0.097222221875 0.5109126984375 0.09920634843750001 0.5109126984375 0.10119047656249999 0.5069444437499999 0.10119047656249999 0.4990079359375
1 0.075396825 0.45734127031250005 0.0873015875 0.44345238125 0.0853174609375 0.4375 0.07638888906249999 0.428571428125 0.06646825468749999 0.424603175 0.05853174531250001 0.424603175 0.0486111109375 0.428571428125 0.0376984125 0.43948412656249997 0.03174603125 0.4513888890625 0.03174603125 0.459325396875 0.040674603125 0.46031746093750003 0.052579365625 0.46825396875 0.059523809375 0.47718253906249997 0.0615079359375 0.4831349203125 0.0674603171875 0.4831349203125 0.0674603171875 0.4751984125 0.075396825 0.45734127031250005
1 0 0.5109126984375 0.0119047625 0.5208333328125 0.0178571421875 0.528769840625 0.021825396875 0.528769840625 0.0238095234375 0.5168650796875001 0.03174603125 0.5009920640625001 0.0446428578125 0.49007936562500004 0.05853174531250001 0.4861111109375 0.0615079359375 0.4831349203125 0.057539682812500006 0.4751984125 0.0446428578125 0.4623015875 0.0386904765625 0.46031746093750003 0.0248015875 0.46031746093750003 0.0168650796875 0.46428571406249997 0.009920634375 0.471230159375 0.0019841265625 0.48511904687499996 0 0.502976190625 0 0.5109126984375
1 0 0.61467086875 0.006944443749999999 0.615079365625 0.014880953124999999 0.609126984375 0.0198412703125 0.6041666671875 0.0257936515625 0.5863095234375 0.0257936515625 0.5605158734375 0.021825396875 0.5505952375 0.0198412703125 0.534722221875 0.015873015625 0.5267857140625 0 0.5125835421875 0 0.61467086875