1 0.2490234375 0.53515625 0.2705078125 0.5234375 0.28515625 0.5048828125 0.291015625 0.4892578125 0.291015625 0.4716796875 0.283203125 0.4501953125 0.2685546875 0.435546875 0.2509765625 0.427734375 0.2275390625 0.4296875 0.2138671875 0.4375 0.19921875 0.4541015625 0.19140625 0.4736328125 0.19140625 0.4931640625 0.201171875 0.5146484375 0.2119140625 0.525390625 0.232421875 0.5361328125 0.2412109375 0.537109375 0.2431640625 0.53515625 0.2490234375 0.53515625
1 0.06640625 0.4482421875 0.072265625 0.4345703125 0.072265625 0.4150390625 0.0703125 0.4091796875 0.0615234375 0.3984375 0.0576171875 0.396484375 0.0439453125 0.396484375 0.0400390625 0.3984375 0.029296875 0.4111328125 0.02734375 0.4228515625 0.025390625 0.4248046875 0.025390625 0.4365234375 0.029296875 0.4462890625 0.0400390625 0.458984375 0.04296875 0.4599609375 0.0498046875 0.4609375 0.0576171875 0.45703125 0.06640625 0.4482421875
1 0.09765625 0.4169921875 0.09765625 0.4052734375 0.099609375 0.4033203125 0.099609375 0.3974609375 0.109375 0.3798828125 0.1044921875 0.373046875 0.1005859375 0.37109375 0.0869140625 0.37109375 0.0830078125 0.373046875 0.072265625 0.3837890625 0.068359375 0.3916015625 0.068359375 0.4072265625 0.076171875 0.4248046875 0.08203125 0.4306640625 0.0947265625 0.431640625 0.1015625 0.4267578125 0.09765625 0.4169921875
1 0.14453125 0.4326171875 0.15234375 0.4189453125 0.154296875 0.4130859375 0.154296875 0.3916015625 0.1416015625 0.376953125 0.1376953125 0.375 0.1240234375 0.373046875 0.1123046875 0.37890625 0.099609375 0.3974609375 0.09765625 0.4169921875 0.099609375 0.4228515625 0.10546875 0.4326171875 0.115234375 0.4404296875 0.1298828125 0.44140625 0.1376953125 0.4375 0.14453125 0.4326171875
1 0.2890625 0.3564453125 0.2890625 0.3447265625 0.28515625 0.3369140625 0.2763671875 0.328125 0.2607421875 0.32421875 0.2470703125 0.330078125 0.240234375 0.3369140625 0.234375 0.3505859375 0.234375 0.3603515625 0.240234375 0.3720703125 0.25 0.3798828125 0.2685546875 0.380859375 0.283203125 0.3681640625 0.2890625 0.3564453125
0 0.34765625 0.3583984375 0.349609375 0.3447265625 0.34765625 0.3388671875 0.34375 0.3310546875 0.3330078125 0.322265625 0.3193359375 0.3203125 0.3056640625 0.326171875 0.296875 0.3349609375 0.29296875 0.3427734375 0.294921875 0.3623046875 0.3056640625 0.375 0.30859375 0.3759765625 0.3251953125 0.376953125 0.3369140625 0.37109375 0.34765625 0.3583984375
0 0.708984375 0.3876953125 0.71484375 0.3759765625 0.7109375 0.3603515625 0.7021484375 0.3515625 0.6943359375 0.34765625 0.6845703125 0.34765625 0.6806640625 0.349609375 0.669921875 0.3623046875 0.669921875 0.3759765625 0.673828125 0.3837890625 0.6826171875 0.392578125 0.6875 0.3935546875 0.6962890625 0.39453125 0.7021484375 0.392578125 0.708984375 0.3876953125
1 0.77734375 0.4013671875 0.77734375 0.3916015625 0.7734375 0.3818359375 0.7685546875 0.375 0.7607421875 0.37109375 0.7470703125 0.37109375 0.7431640625 0.373046875 0.734375 0.3857421875 0.736328125 0.4033203125 0.7470703125 0.416015625 0.75 0.4169921875 0.7607421875 0.41796875 0.7705078125 0.4140625 0.77734375 0.4013671875
1 0.634765625 0.3408203125 0.634765625 0.3271484375 0.6328125 0.3232421875 0.6259765625 0.31640625 0.6162109375 0.3125 0.6044921875 0.314453125 0.595703125 0.3251953125 0.595703125 0.3388671875 0.59765625 0.3427734375 0.6064453125 0.3515625 0.611328125 0.3525390625 0.6181640625 0.353515625 0.6240234375 0.3515625 0.634765625 0.3408203125
1 0.478515625 0.3076171875 0.474609375 0.2958984375 0.4619140625 0.287109375 0.4541015625 0.287109375 0.4462890625 0.291015625 0.4375 0.3017578125 0.4375 0.3115234375 0.439453125 0.3154296875 0.451171875 0.3251953125 0.4599609375 0.326171875 0.4716796875 0.3203125 0.478515625 0.3076171875
1 0.4375 0.3134765625 0.4375 0.2998046875 0.4306640625 0.291015625 0.4208984375 0.287109375 0.4072265625 0.2890625 0.396484375 0.3017578125 0.396484375 0.3134765625 0.400390625 0.3212890625 0.4072265625 0.326171875 0.412109375 0.3271484375 0.4189453125 0.328125 0.4287109375 0.32421875 0.4375 0.3134765625
1 0.396484375 0.3134765625 0.396484375 0.3017578125 0.39453125 0.2978515625 0.3818359375 0.2890625 0.3701171875 0.2890625 0.35546875 0.3017578125 0.35546875 0.3173828125 0.3642578125 0.328125 0.3671875 0.3291015625 0.3779296875 0.330078125 0.3857421875 0.326171875 0.396484375 0.3134765625
1 0.353515625 0.3076171875 0.35546875 0.3037109375 0.3427734375 0.2890625 0.3310546875 0.2890625 0.3251953125 0.291015625 0.31640625 0.2998046875 0.314453125 0.3037109375 0.314453125 0.3173828125 0.3173828125 0.3203125 0.3330078125 0.322265625 0.33984375 0.3271484375 0.3427734375 0.328125 0.353515625 0.3173828125 0.353515625 0.3076171875
0 0.361328125 0.2880859375 0.3544921875 0.279296875 0.3388671875 0.279296875 0.330078125 0.2861328125 0.3310546875 0.2890625 0.3427734375 0.2890625 0.3466796875 0.291015625 0.353515625 0.2998046875 0.3564453125 0.30078125 0.361328125 0.2939453125 0.361328125 0.2880859375