0 0.34742063437500004 0.21904761874999998 0.3732142859375 0.2210317453125 0.37519841249999997 0.21904761874999998 0.38313492031249996 0.21904761874999998 0.40099206406250004 0.21111111093749999 0.4238095234375 0.190277778125 0.4297619046875 0.17837301562500002 0.4297619046875 0.1605158734375 0.421825396875 0.14265872968749999 0.402976190625 0.127777778125 0.3890873015625 0.1257936515625 0.387103175 0.1238095234375 0.3672619046875 0.1238095234375 0.34742063437500004 0.13174603125 0.3265873015625 0.14861111093749999 0.32063492031249996 0.1585317453125 0.32063492031249996 0.1644841265625 0.3166666671875 0.1744047625 0.31765872968750003 0.18134920625 0.32063492031249996 0.19821428593749998 0.3335317453125 0.21111111093749999 0.34742063437500004 0.21904761874999998
0 0.652976190625 0.703174603125 0.6638888890625 0.6882936515625 0.6638888890625 0.6803571421875 0.665873015625 0.678373015625 0.6638888890625 0.6664682546875 0.6579365078125 0.65654761875 0.6490079359375 0.649603175 0.64305555625 0.6476190468749999 0.6271825390625 0.6476190468749999 0.6172619046875 0.6515873015625 0.6043650796875 0.6644841265625 0.600396825 0.6744047625 0.6013888890625 0.6873015875 0.6043650796875 0.696230159375 0.6152777781250001 0.7071428578125001 0.6271825390625 0.709126984375 0.6291666671875 0.7111111109375 0.64305555625 0.709126984375 0.652976190625 0.703174603125
0 0.5765873015625 0.8986111109375001 0.5825396828125 0.8867063484375001 0.5825396828125 0.8708333328125001 0.578571428125 0.862896825 0.5676587296875 0.8519841265625001 0.55575396875 0.8460317453125 0.5299603171875 0.8460317453125 0.516071428125 0.8519841265625001 0.5011904765625 0.8668650796874999 0.497222221875 0.878769840625 0.4982142859375 0.8876984125 0.49920634843749995 0.8946428578125 0.503174603125 0.9005952374999999 0.516071428125 0.9115079359375 0.5240079359375 0.915476190625 0.54384920625 0.9174603171875001 0.565674603125 0.909523809375 0.5765873015625 0.8986111109375001
0 0.6896825390625 0.6763888890625 0.6916666671875 0.6704365078125 0.6916666671875 0.65654761875 0.678769840625 0.6416666671875 0.6708333328125 0.6416666671875 0.66884920625 0.6396825390624999 0.658928571875 0.6416666671875 0.65 0.6486111109375 0.6509920640625 0.6515873015625 0.6579365078125 0.65654761875 0.6638888890625 0.6664682546875 0.6638888890625 0.6744047625 0.665873015625 0.6763888890625 0.6638888890625 0.678373015625 0.6648809531250001 0.691269840625 0.6767857140625 0.6892857140624999 0.6896825390625 0.6763888890625
0 0.6569444437499999 0.5603174609375 0.641071428125 0.5722222218749999 0.6271825390625 0.5742063484375 0.622222221875 0.5791666671875 0.6232142859375001 0.5801587296874999 0.637103175 0.5801587296874999 0.647023809375 0.584126984375 0.65595238125 0.5930555562500001 0.662896825 0.6138888890625 0.671825396875 0.60694444375 0.6777777781250001 0.5930555562500001 0.6777777781250001 0.5851190468749999 0.671825396875 0.571230159375 0.662896825 0.5623015875 0.6569444437499999 0.5603174609375
0 0.2606240984375 1 0.2521825390625 0.9928571421875001 0.2303571421875 0.9789682546874999 0.2125 0.9730158734375 0.2125 1 0.2606240984375 1
1 0.584523809375 0.9303571421875001 0.5884920640625 0.9244047625 0.5884920640625 0.9164682546874999 0.584523809375 0.90654761875 0.5795634921875 0.9015873015625001 0.5736111109375 0.9015873015625001 0.5676587296875 0.9075396828125 0.5478174609375001 0.915476190625 0.527976190625 0.915476190625 0.5200396828125 0.9115079359375 0.5140873015625 0.9115079359375 0.5111111109375 0.9164682546874999 0.512103175 0.927380953125 0.515079365625 0.9363095234375001 0.5319444437499999 0.9492063484375001 0.55575396875 0.9511904765624999 0.571626984375 0.9452380953124999 0.584523809375 0.934325396875 0.584523809375 0.9303571421875001
1 0.6638888890625 0.7101190468749999 0.6569444437499999 0.703174603125 0.6509920640625 0.703174603125 0.64305555625 0.709126984375 0.61924603125 0.709126984375 0.6083333328125 0.722023809375 0.609325396875 0.7388888890625 0.6123015875 0.7458333328125 0.61924603125 0.752777778125 0.6271825390625 0.75674603125 0.6450396828125 0.75674603125 0.658928571875 0.7488095234375 0.665873015625 0.739880953125 0.6678571421874999 0.733928571875 0.6678571421874999 0.7180555562500001 0.6638888890625 0.7101190468749999
1 0.6619047625000001 0.60694444375 0.6579365078125 0.5950396828125 0.647023809375 0.584126984375 0.6390873015625 0.5801587296874999 0.6251984125 0.5801587296874999 0.6132936515625 0.5861111109375 0.600396825 0.6009920640625 0.5984126984375 0.60694444375 0.5994047625000001 0.6257936515625 0.60634920625 0.6386904765625 0.6152777781250001 0.6456349203125 0.621230159375 0.6476190468749999 0.64305555625 0.6456349203125 0.6519841265624999 0.6386904765625 0.6579365078125 0.63075396875 0.6619047625000001 0.6208333328125 0.6619047625000001 0.60694444375
1 0.65595238125 0.553373015625 0.6599206343749999 0.547420634375 0.6599206343749999 0.5335317453124999 0.6539682546875001 0.5196428578125001 0.647023809375 0.5126984125 0.635119046875 0.50674603125 0.621230159375 0.50674603125 0.6073412703125001 0.5126984125 0.600396825 0.5196428578125001 0.5944444437499999 0.5355158734375001 0.5954365078125 0.550396825 0.596428571875 0.5553571421875 0.6073412703125001 0.56825396875 0.6232142859375001 0.5742063484375 0.635119046875 0.5742063484375 0.647023809375 0.56825396875 0.65595238125 0.5573412703125 0.65595238125 0.553373015625
1 0.5081349203125 0.316269840625 0.5259920640625 0.322222221875 0.54384920625 0.3202380953125 0.559722221875 0.3103174609375 0.5666666671875 0.3013888890625 0.5706349203125 0.29345238125 0.5706349203125 0.271626984375 0.5626984125 0.2577380953125 0.55575396875 0.2507936515625 0.54384920625 0.24484127031249997 0.533928571875 0.24484127031249997 0.5319444437499999 0.2428571421875 0.5140873015625 0.24484127031249997 0.5081349203125 0.246825396875 0.49325396875000005 0.2617063484375 0.4892857140625 0.26964285781249997 0.4892857140625 0.2795634921875 0.4873015875 0.28154761875 0.48829365156250004 0.290476190625 0.4892857140625 0.297420634375 0.49325396875000005 0.30337301562499996 0.5081349203125 0.316269840625
1 0.241269840625 0.10694444375 0.24623015937499998 0.1119047625 0.2640873015625 0.1198412703125 0.2859126984375 0.1198412703125 0.28789682499999997 0.11785714218750001 0.3017857140625 0.115873015625 0.3236111109375 0.1039682546875 0.3424603171875 0.085119046875 0.3484126984375 0.071230159375 0.3484126984375 0.059325396875000005 0.33948412656250004 0.04444444375 0.3236111109375 0.0365079359375 0.3117063484375 0.0365079359375 0.3077380953125 0.034523809375 0.30575396875 0.0365079359375 0.2958333328125 0.0365079359375 0.283928571875 0.040476190625000005 0.277976190625 0.04444444375 0.2740079359375 0.04444444375 0.25615079375 0.05634920624999999 0.2392857140625 0.0751984125 0.23730158750000002 0.08115079375 0.2382936515625 0.1 0.241269840625 0.10694444375