1 0.44007120312500003 0.1965981015625 0.43413765781249997 0.194620253125 0.41633702499999997 0.194620253125 0.41040348125000004 0.1965981015625 0.3955696203125 0.2094541140625 0.393591771875 0.213409809375 0.393591771875 0.2292325953125 0.39754746875 0.23714398750000001 0.40644778437499995 0.24406645624999998 0.4123813296875 0.246044303125 0.4301819625 0.246044303125 0.43413765781249997 0.24406645624999998 0.44897151874999996 0.23318829062500002 0.45193829062499996 0.22626582343749999 0.45292721562500005 0.21538765781250002 0.44897151874999996 0.20352057031249998 0.44007120312500003 0.1965981015625
1 0.35106803750000004 0.3587816453125 0.3372231015625 0.356803796875 0.33128955625 0.3587816453125 0.31843354375 0.3716376578125 0.31645569687499997 0.38746044375 0.3204113921875 0.39537183593749997 0.33128955625 0.40427215156249996 0.3471123421875 0.40427215156249996 0.360957278125 0.3943829109375 0.3629351265625 0.390427215625 0.36392405 0.37361550625 0.3599683546875 0.36570411406250003 0.35106803750000004 0.3587816453125
0 0.4084256328125 0.26977848125000004 0.400514240625 0.265822784375 0.38666930312500003 0.265822784375 0.374802215625 0.27175632968749996 0.3659018984375 0.28263449375 0.36392405 0.2945015828125 0.361946203125 0.2964794296875 0.3659018984375 0.30834651874999996 0.3728243671875 0.3152689875 0.380735759375 0.3192246828125 0.3985363921875 0.3192246828125 0.4084256328125 0.3152689875 0.41732595000000006 0.30636867031250004 0.420292721875 0.2974683546875 0.4212816453125 0.29054588593749997 0.41732595000000006 0.278678796875 0.4084256328125 0.26977848125000004
0 0.3035996828125 0.63370253125 0.29074367031250004 0.6445806968750001 0.2887658234375 0.66040348125 0.29272151874999996 0.670292721875 0.2976661390625 0.6752373421875 0.30557753125 0.6791930374999999 0.31942246875 0.6791930374999999 0.3273338609375 0.6752373421875 0.3332674046875 0.6673259500000001 0.33425632968749996 0.650514240625 0.3214003171875 0.6356803796875 0.3035996828125 0.63370253125
0 0.380735759375 0.72468354375 0.3728243671875 0.7207278484375 0.360957278125 0.71875 0.3589794296875 0.7207278484375 0.35106803750000004 0.7207278484375 0.3401898734375 0.7276503171875001 0.33425632968749996 0.73753955625 0.33227848125000004 0.7533623421875 0.3401898734375 0.7691851265625 0.3570015828125 0.780063290625 0.3728243671875 0.780063290625 0.3787579109375 0.7761075953125001 0.3827136078125 0.7761075953125001 0.39458069687499997 0.7622626578125 0.3955696203125 0.7454509500000001 0.3916139234375 0.73753955625 0.380735759375 0.72468354375
0 0.29074367031250004 0.6643591765625 0.2877768984375 0.6613924046874999 0.283821203125 0.6613924046874999 0.2788765828125 0.666337025 0.276898734375 0.670292721875 0.276898734375 0.682159809375 0.2818433546875 0.6910601265625 0.289754746875 0.6950158234375 0.29272151874999996 0.68611550625 0.2996439875 0.6811708859375 0.3006329109375 0.6782041140625 0.29074367031250004 0.6683148734375 0.29074367031250004 0.6643591765625
0 0.2808544296875 0.59513449375 0.2788765828125 0.6010680374999999 0.2788765828125 0.610957278125 0.2808544296875 0.614912975 0.2877768984375 0.623813290625 0.2917325953125 0.6257911390625 0.29272151874999996 0.6228243671875 0.28678797500000003 0.6129351265625 0.28678797500000003 0.6030458859375 0.295688290625 0.5901898734375 0.30162183593749997 0.588212025 0.30162183593749997 0.5842563296875001 0.289754746875 0.5862341765625 0.2808544296875 0.59513449375
1 0.3303006328125 0.599090190625 0.31942246875 0.588212025 0.3134889234375 0.5862341765625 0.30162183593749997 0.5862341765625 0.2976661390625 0.588212025 0.28678797500000003 0.6010680374999999 0.28678797500000003 0.614912975 0.29074367031250004 0.6228243671875 0.30162183593749997 0.6317246828124999 0.31942246875 0.6317246828124999 0.3303006328125 0.62084651875 0.33128955625 0.6159018984375 0.33227848125000004 0.6089794296875 0.3303006328125 0.6070015828125 0.3303006328125 0.599090190625
1 0.3134889234375 0.5387658234375 0.2996439875 0.5387658234375 0.2887658234375 0.5476661390625 0.28678797500000003 0.5516218359375 0.28678797500000003 0.56942246875 0.295688290625 0.5803006328125 0.3035996828125 0.5842563296875001 0.3115110765625 0.5842563296875001 0.31942246875 0.5803006328125 0.328322784375 0.5714003171875001 0.329311709375 0.5664556968750001 0.3303006328125 0.5595332281250001 0.3263449359375 0.5496439875 0.3134889234375 0.5387658234375
1 0.3253560125 0.683148734375 0.3174446203125 0.6791930374999999 0.30162183593749997 0.6791930374999999 0.2976661390625 0.6811708859375 0.29272151874999996 0.68611550625 0.2887658234375 0.696004746875 0.29272151874999996 0.71182753125 0.30162183593749997 0.7207278484375 0.3075553796875 0.7227056968750001 0.3214003171875 0.7227056968750001 0.3253560125 0.7207278484375 0.33425632968749996 0.71182753125 0.335245253125 0.7068829109375 0.3362341765625 0.701938290625 0.33227848125000004 0.690071203125 0.3253560125 0.683148734375
1 0.380735759375 0.7840189875 0.374802215625 0.7820411390625 0.355023734375 0.7820411390625 0.3401898734375 0.7948971515625 0.33821202499999997 0.7988528484375 0.33821202499999997 0.8146756328125001 0.3441455703125 0.8245648734375 0.349090190625 0.82950949375 0.36491297500000003 0.8374208859375001 0.374802215625 0.8374208859375001 0.38666930312500003 0.833465190625 0.3985363921875 0.819620253125 0.3995253171875 0.80280854375 0.3955696203125 0.7948971515625 0.380735759375 0.7840189875
1 0.5844541140625 0.8868670890624999 0.5785205703125 0.8829113921875 0.556764240625 0.875 0.5290743671875 0.875 0.5231408234375 0.8789556968750001 0.517207278125 0.8789556968750001 0.505340190625 0.884889240625 0.4924841765625 0.897745253125 0.48457278437499995 0.9135680374999999 0.48457278437499995 0.927412975 0.48852848125000004 0.937302215625 0.49446202499999997 0.9452136078125 0.505340190625 0.9541139234375 0.5231408234375 0.9620253171875 0.536985759375 0.9620253171875 0.54094145625 0.9640031640625001 0.5429193031249999 0.9620253171875 0.5587420890625 0.9620253171875 0.576542721875 0.9541139234375 0.5933544296875 0.9353243671874999 0.5982990499999999 0.9185126578125 0.599287975 0.9096123421875 0.595332278125 0.8997231015624999 0.5844541140625 0.8868670890624999
1 0.4578718359375 0.93433544375 0.4440268984375 0.9284018984375001 0.42227057031250004 0.9264240499999999 0.420292721875 0.9284018984375001 0.4143591765625 0.9284018984375001 0.4015031640625 0.9392800640625 0.3995253171875 0.943235759375 0.3995253171875 0.95905854375 0.4015031640625 0.963014240625 0.4143591765625 0.9738924046875 0.4183148734375 0.9738924046875 0.42424841718749995 0.9778481015624999 0.44996044375000005 0.9778481015624999 0.464794303125 0.9649920890624999 0.46776107656250004 0.9580696203124999 0.46875 0.953125 0.46281645625 0.9392800640625 0.4578718359375 0.93433544375
1 0.4143591765625 0.9738924046875 0.4015031640625 0.963014240625 0.3985363921875 0.9560917718749999 0.3916139234375 0.9610363921875 0.3896360765625 0.9649920890624999 0.3896360765625 0.97290348125 0.3955696203125 0.982792721875 0.4084256328125 0.9916930374999999 0.42820411406250003 0.9936708859375001 0.4440268984375 0.9877373421875 0.44996044375000005 0.981803796875 0.44996044375000005 0.9778481015624999 0.426226265625 0.9778481015624999 0.4143591765625 0.9738924046875
1 0.475830696875 1 0.47567246875 0.9996044296875001 0.4558939875 0.989715190625 0.45193829062499996 0.98575949375 0.42820411406250003 0.9936708859375001 0.421875 1 0.475830696875 1