2 0.5637057875 0.8609324765625 0.5717443734375001 0.8609324765625 0.5838022515625 0.8569131828125001 0.5908360125 0.849879421875 0.5948553046875 0.8418408359375 0.5948553046875 0.8338022515624999 0.5908360125 0.825763665625 0.57375401875 0.8167202578125 0.5616961421875 0.8187299031249999 0.55365755625 0.822749196875 0.5456189703125001 0.832797428125 0.5446141484375 0.847869775 0.55365755625 0.8569131828125001 0.5637057875 0.8609324765625
2 0.5627009640625 0.7132234734375 0.5697347265625 0.72226688125 0.5817926046874999 0.7282958203125001 0.597869775 0.7282958203125001 0.6038987140625001 0.7262861734375 0.6189710609375 0.7132234734375 0.622990353125 0.703175240625 0.622990353125 0.6891077171875 0.6209807078125 0.683078778125 0.6179662375 0.6780546625 0.6139469453124999 0.676045015625 0.609927653125 0.676045015625 0.6038987140625001 0.6820739546875 0.5918408359375 0.68810289375 0.5697347265625 0.68810289375 0.5637057875 0.686093246875 0.5616961421875 0.6921221859375 0.56069131875 0.7051848875 0.5627009640625 0.707194534375 0.5627009640625 0.7132234734375
2 0.6410771703125 0.638866559375 0.6450964625 0.6509244375 0.652130225 0.6519292609375 0.667202571875 0.638866559375 0.66921221875 0.6348472671875001 0.66921221875 0.6207797421875 0.66217845625 0.6097266875 0.6581591640625 0.6097266875 0.652130225 0.611736334375 0.640072346875 0.6237942125 0.630024115625 0.6278135046875 0.6290192921875 0.628818328125 0.6340434078125 0.63384244375 0.6410771703125 0.638866559375
2 0.6551446953125 0.5886254015625 0.6531350484375 0.6107315109375 0.6561495171875 0.611736334375 0.6631832796875 0.60671221875 0.667202571875 0.6006832796875 0.671221865625 0.5926446953125 0.671221865625 0.5825964625 0.66921221875 0.5765675234375001 0.66217845625 0.5695337625 0.6481109328125 0.5715434078125 0.647106109375 0.5765675234375001 0.6531350484375 0.5825964625 0.6551446953125 0.5886254015625
2 0.6531350484375 0.6107315109375 0.6551446953125 0.604702571875 0.6551446953125 0.58661575625 0.64911575625 0.5765675234375001 0.64208199375 0.5715434078125 0.637057878125 0.57254823125 0.6410771703125 0.584606109375 0.6410771703125 0.5986736328125 0.6390675234375001 0.604702571875 0.63504823125 0.6127411578124999 0.62198553125 0.6237942125 0.62198553125 0.6278135046875 0.6360530546875001 0.6258038578125 0.6531350484375 0.6107315109375
2 0.585811896875 0.5976688109375 0.592845659375 0.604702571875 0.60088424375 0.6207797421875 0.609927653125 0.6278135046875 0.6119372984375 0.6258038578125 0.6239951765625 0.6237942125 0.637057878125 0.6107315109375 0.6410771703125 0.6006832796875 0.6410771703125 0.584606109375 0.637057878125 0.57254823125 0.6239951765625 0.5614951765625 0.6139469453124999 0.557475884375 0.6038987140625001 0.557475884375 0.58782154375 0.5635048234375 0.5767684890625 0.5765675234375001 0.57375401875 0.587620578125 0.572749196875 0.5906350484375 0.575763665625 0.5936495171875 0.585811896875 0.5976688109375
2 0.6380627015625 0.5715434078125 0.652130225 0.5715434078125 0.66217845625 0.567524115625 0.6732315109375 0.5564710609375 0.67926045 0.5424035375 0.67926045 0.5323553046875 0.6752411578124999 0.520297428125 0.6661977484375 0.51125401875 0.652130225 0.5052250796875 0.6481109328125 0.5052250796875 0.640072346875 0.5152733125 0.6320337625 0.5213022515625 0.6159565921875 0.52532154375 0.61495176875 0.5484324765624999 0.62198553125 0.55948553125 0.6380627015625 0.5715434078125
2 0.5596864953125 0.45297427656249994 0.57375401875 0.46101286249999995 0.5888263671875 0.4780948546875 0.592845659375 0.4901527328125 0.5938504828125 0.5012057875 0.599879421875 0.5012057875 0.6109324765624999 0.4901527328125 0.61495176875 0.4801045015625 0.6209807078125 0.472065915625 0.6209807078125 0.45598874531250005 0.612942121875 0.439911575 0.58782154375 0.42282958125 0.5777733125 0.42282958125 0.5616961421875 0.4288585203125 0.5476286171875 0.44493569062500005 0.54662379375 0.4459405140625 0.551647909375 0.4509646296875 0.5596864953125 0.45297427656249994
2 0.605908359375 0.24598070781249998 0.6179662375 0.2439710609375 0.6330385859375001 0.2288987140625 0.63504823125 0.21282154375 0.6290192921875 0.19875401875 0.609927653125 0.183681671875 0.6069131828125001 0.1846864953125 0.6089228296875 0.20277331250000002 0.6069131828125001 0.2088022515625 0.5968649515625 0.224879421875 0.5898311890625 0.22990353749999998 0.5888263671875 0.2429662375 0.6038987140625001 0.247990353125 0.605908359375 0.24598070781249998
2 0.5154742765625 0.1414791 0.5255225078125 0.1454983921875 0.538585209375 0.1605707390625 0.538585209375 0.1645900328125 0.5426045015625001 0.1706189703125 0.543609325 0.183681671875 0.555667203125 0.1796623796875 0.5647106109375 0.1706189703125 0.57073955 0.1605707390625 0.572749196875 0.146503215625 0.5647106109375 0.126406753125 0.5576768484375 0.119372990625 0.543609325 0.1113344046875 0.5375803859375 0.109324759375 0.5094453375 0.109324759375 0.49537781406250003 0.11535369843750001 0.484324759375 0.12439710625 0.48331993593749994 0.127411575 0.48331993593749994 0.1334405140625 0.507435690625 0.1354501609375 0.5154742765625 0.1414791
2 0.3436495171875 0.2510048234375 0.34967845625 0.255024115625 0.3506832796875 0.2580385859375 0.358721865625 0.262057878125 0.3727893890625 0.262057878125 0.3747990359375 0.26004823125 0.37680868125 0.262057878125 0.39087620625 0.262057878125 0.3928858515625 0.2640675234375 0.40494372968750003 0.2660771703125 0.408963021875 0.2700964625 0.41901125468749995 0.2700964625 0.43709807031250003 0.262057878125 0.4561897109375 0.244975884375 0.4642282953125 0.23291800624999998 0.46824758906249997 0.220860128125 0.46824758906249997 0.2088022515625 0.470257234375 0.2067926046875 0.46824758906249997 0.1927250796875 0.4642282953125 0.1866961421875 0.4642282953125 0.1826768484375 0.4491559484375 0.163585209375 0.4270498390625 0.15152733125 0.4210209 0.149517684375 0.40494372968750003 0.149517684375 0.402934084375 0.1475080390625 0.378818328125 0.15152733125 0.358721865625 0.1615755625 0.339630225 0.1826768484375 0.3325964625 0.20377813437499998 0.331591640625 0.2268890671875 0.3336012859375 0.23291800624999998 0.3436495171875 0.2510048234375
2 0.3054662375 0.3655546625 0.3114951765625 0.377612540625 0.3265675234375 0.394694534375 0.3526929265625 0.40876205781249997 0.358721865625 0.40876205781249997 0.3607315109375 0.4107717046875 0.3868569125 0.4107717046875 0.40695337656249997 0.40273311874999995 0.41901125468749995 0.394694534375 0.43810289375 0.373593246875 0.450160771875 0.3454582 0.450160771875 0.3293810296875 0.45217041875 0.3273713828125 0.450160771875 0.3253617359375 0.448151125 0.3112942125 0.44212218593749997 0.299236334375 0.423030546875 0.2781350484375 0.4149919609375 0.272106109375 0.39087620625 0.262057878125 0.3627411578125 0.262057878125 0.33661575625 0.272106109375 0.3135048234375 0.2932073953125 0.3034565921875 0.3133038578125 0.300442121875 0.3303858515625 0.3014469453125 0.35550643125 0.3054662375 0.3615353703125 0.3054662375 0.3655546625
0 0.46623794218750003 0.1846864953125 0.46824758906249997 0.1967443734375 0.470257234375 0.19875401875 0.470257234375 0.21282154375 0.477290996875 0.22186495156250002 0.4913585203125 0.2238745984375 0.4933681671875 0.22588424375 0.5154742765625 0.2238745984375 0.5235128625 0.21985530468749998 0.5275321546875 0.21382636718749998 0.5325562703125 0.210811896875 0.5405948546875 0.19875401875 0.5405948546875 0.1927250796875 0.5426045015625001 0.190715434375 0.5426045015625001 0.1726286171875 0.538585209375 0.1605707390625 0.5275321546875 0.1475080390625 0.5094453375 0.1374598078125 0.5054260453125 0.1374598078125 0.49939710625 0.1334405140625 0.47930064375 0.1334405140625 0.4551848875 0.1434887453125 0.44513665625 0.153536978125 0.4441318328125 0.15856109375 0.460209003125 0.1746382640625 0.46623794218750003 0.1846864953125
0 0.4732717046875 0.3102893890625 0.47528135000000005 0.3122990359375 0.487339228125 0.31430868125 0.501406753125 0.3223472671875 0.5094453375 0.3303858515625 0.5154742765625 0.3303858515625 0.5275321546875 0.3243569125 0.5426045015625001 0.309284565625 0.5526527328124999 0.28717845625 0.5526527328124999 0.2731109328125 0.5426045015625001 0.2510048234375 0.531551446875 0.23794212187500002 0.511454984375 0.227893890625 0.487339228125 0.227893890625 0.48532958125 0.22990353749999998 0.47126205781249997 0.2319131828125 0.460209003125 0.2409565921875 0.460209003125 0.2429662375 0.43910771718749997 0.2640675234375 0.43810289375 0.2911977484375 0.45116559531249995 0.3082797421875 0.4732717046875 0.3102893890625
0 0.43910771718749997 0.4308681671875 0.453175240625 0.43287781406250003 0.4551848875 0.43488745937499995 0.46925241093750003 0.43488745937499995 0.47126205781249997 0.43287781406250003 0.487339228125 0.4308681671875 0.4913585203125 0.426848875 0.501406753125 0.42282958125 0.514469453125 0.40976688125000005 0.5184887453125 0.397709003125 0.52652733125 0.3836414796875 0.52652733125 0.3615353703125 0.5225080390625 0.3494774921875 0.514469453125 0.3354099671875 0.4933681671875 0.318327975 0.46925241093750003 0.3102893890625 0.453175240625 0.3102893890625 0.450160771875 0.3153135046875 0.45217041875 0.3173231515625 0.45217041875 0.3394292609375 0.4441318328125 0.3655546625 0.43006430937499995 0.385651125 0.41901125468749995 0.3967041796875 0.412982315625 0.3987138265625 0.4119774921875 0.407757234375 0.43106913125 0.426848875 0.43910771718749997 0.4308681671875
0 0.6310289390625 0.3494774921875 0.6330385859375001 0.3514871375 0.6290192921875 0.373593246875 0.622990353125 0.3816318328125 0.62801446875 0.3866559484375 0.6380627015625 0.3866559484375 0.64911575625 0.37560289375 0.6531350484375 0.367564309375 0.6551446953125 0.35550643125 0.6531350484375 0.353496784375 0.6531350484375 0.3474678453125 0.647106109375 0.3354099671875 0.640072346875 0.32837620625 0.62801446875 0.3223472671875 0.62198553125 0.3243569125 0.6209807078125 0.3273713828125 0.6290192921875 0.3374196140625 0.6310289390625 0.3494774921875
0 0.644091640625 0.459003215625 0.652130225 0.4549839234375 0.6611736328125 0.4459405140625 0.6651929265625001 0.43790192968749997 0.6651929265625001 0.4198151125 0.657154340625 0.40574758906249997 0.6481109328125 0.3987138265625 0.6430868171874999 0.39971865 0.6450964625 0.41177652656249997 0.647106109375 0.4137861734375 0.647106109375 0.4278536984375 0.6390675234375001 0.44393086875 0.6320337625 0.4509646296875 0.6310289390625 0.4539791 0.6360530546875001 0.459003215625 0.644091640625 0.459003215625
0 0.64911575625 0.48211414843749995 0.6511254015625 0.48412379375 0.64911575625 0.5042202578125 0.6601688109375 0.5072347265625 0.66921221875 0.49618167187499995 0.66921221875 0.4901527328125 0.671221865625 0.4881430875 0.667202571875 0.472065915625 0.6561495171875 0.459003215625 0.652130225 0.45699356875 0.6481109328125 0.45699356875 0.64208199375 0.46101286249999995 0.6410771703125 0.46402733124999995 0.64911575625 0.476085209375 0.64911575625 0.48211414843749995
0 0.6189710609375 0.66097266875 0.612942121875 0.673030546875 0.62198553125 0.6840836015625 0.6260048234375 0.6840836015625 0.6410771703125 0.6710209 0.6450964625 0.66097266875 0.6450964625 0.6469051453125 0.6410771703125 0.638866559375 0.630024115625 0.6298231515625 0.6260048234375 0.6278135046875 0.6139469453124999 0.6278135046875 0.612942121875 0.6328376203125 0.6189710609375 0.6448954984374999 0.6189710609375 0.66097266875
0 0.5717443734375001 0.68810289375 0.5918408359375 0.68810289375 0.6038987140625001 0.6820739546875 0.61495176875 0.6710209 0.6189710609375 0.66097266875 0.6189710609375 0.6448954984374999 0.612942121875 0.630827975 0.605908359375 0.6278135046875 0.602893890625 0.630827975 0.60088424375 0.6428858515625 0.5948553046875 0.6549437296875 0.5838022515625 0.665996784375 0.5697347265625 0.6720257234375 0.5576768484375 0.6740353703124999 0.555667203125 0.6720257234375 0.5546623796875 0.6770498390624999 0.5596864953125 0.6820739546875 0.5717443734375001 0.68810289375
0 0.6340434078125 0.7363344046875 0.640072346875 0.734324759375 0.647106109375 0.72930064375 0.6511254015625 0.7232717046875 0.6531350484375 0.7092041796874999 0.6511254015625 0.703175240625 0.644091640625 0.6961414796875001 0.6380627015625 0.700160771875 0.6239951765625 0.70217041875 0.6209807078125 0.7051848875 0.6189710609375 0.7132234734375 0.60791800625 0.7242765265625 0.6069131828125001 0.72528135 0.6179662375 0.7363344046875 0.6340434078125 0.7363344046875
0 0.6290192921875 0.751406753125 0.6320337625 0.7664791 0.6430868171874999 0.757435690625 0.6450964625 0.7453778140625 0.640072346875 0.734324759375 0.6340434078125 0.7363344046875 0.6179662375 0.7363344046875 0.6159565921875 0.734324759375 0.609927653125 0.734324759375 0.609927653125 0.7403536984375 0.62198553125 0.744372990625 0.6290192921875 0.751406753125
0 0.5295418 0.8950964625 0.5375803859375 0.89911575625 0.551647909375 0.89911575625 0.5596864953125 0.8950964625 0.568729903125 0.8860530546875 0.572749196875 0.8760048234375001 0.57073955 0.8699758843750001 0.5637057875 0.8609324765625 0.551647909375 0.8569131828125001 0.5496382640624999 0.8589228296875 0.5375803859375 0.8589228296875 0.5275321546875 0.862942121875 0.521503215625 0.8729903531250001 0.5204983921874999 0.8840434078125 0.5225080390625 0.8880627015625 0.5295418 0.8950964625
1 0.597869775 0.7865755625 0.6119372984375 0.7865755625 0.619975884375 0.7825562703125 0.627009646875 0.7755225078125 0.6330385859375001 0.7594453375 0.6310289390625 0.7534163984375 0.619975884375 0.74236334375 0.6139469453124999 0.74236334375 0.6119372984375 0.7403536984375 0.605908359375 0.7403536984375 0.5898311890625 0.7463826359375 0.5838022515625 0.7584405140625 0.582797428125 0.771503215625 0.5868167203125 0.7795418 0.597869775 0.7865755625
1 0.6531350484375 0.71523311875 0.64911575625 0.7232717046875 0.650120578125 0.7282958203125001 0.6551446953125 0.72528135 0.6591639875 0.7192524109375 0.6631832796875 0.7112138265625 0.6631832796875 0.703175240625 0.654139871875 0.690112540625 0.650120578125 0.690112540625 0.6461012859374999 0.6941318328125 0.6450964625 0.6971463015625 0.6531350484375 0.7092041796874999 0.6531350484375 0.71523311875
1 0.6551446953125 0.6710209 0.6531350484375 0.673030546875 0.6531350484375 0.683078778125 0.6511254015625 0.685088425 0.652130225 0.690112540625 0.6591639875 0.685088425 0.6651929265625001 0.6750401921875 0.6651929265625001 0.662982315625 0.6631832796875 0.6569533765625 0.6581591640625 0.6519292609375 0.654139871875 0.6499196140625 0.6481109328125 0.6519292609375 0.647106109375 0.658963021875 0.6531350484375 0.6649919609375 0.6551446953125 0.6710209
1 0.6461012859374999 0.6941318328125 0.6551446953125 0.6770498390624999 0.6551446953125 0.6690112546875 0.6511254015625 0.66097266875 0.6461012859374999 0.6579582 0.6410771703125 0.6710209 0.630024115625 0.6820739546875 0.6239951765625 0.6840836015625 0.6239951765625 0.700160771875 0.6360530546875001 0.700160771875 0.6461012859374999 0.6941318328125
1 0.5395900328125001 0.66800643125 0.5576768484375 0.6740353703124999 0.5717443734375001 0.6720257234375 0.5838022515625 0.665996784375 0.5948553046875 0.6549437296875 0.602893890625 0.6368569125 0.602893890625 0.62680868125 0.5968649515625 0.6107315109375 0.5817926046874999 0.5956591640625 0.5697347265625 0.591639871875 0.551647909375 0.591639871875 0.5456189703125001 0.5936495171875 0.52652733125 0.608721865625 0.51949356875 0.6237942125 0.5184887453125 0.6348472671875001 0.524517684375 0.652934084375 0.5395900328125001 0.66800643125
1 0.5395900328125001 0.5514469453124999 0.5456189703125001 0.5514469453124999 0.5476286171875 0.5494372984375 0.5576768484375 0.5494372984375 0.5677250796875 0.54541800625 0.5848070734374999 0.5283360125 0.592845659375 0.5122588421875001 0.592845659375 0.494172025 0.5908360125 0.4921623796875 0.5888263671875 0.4801045015625 0.5777733125 0.46503215468750003 0.55365755625 0.4509646296875 0.5446141484375 0.451969453125 0.54662379375 0.46402733124999995 0.548633440625 0.466036978125 0.548633440625 0.476085209375 0.5506430875 0.4780948546875 0.54662379375 0.5022106109375 0.538585209375 0.51828778125 0.5275321546875 0.5293408359375 0.5154742765625 0.535369775 0.514469453125 0.53838424375 0.521503215625 0.54541800625 0.5395900328125001 0.5514469453124999
1 0.43609324687499995 0.49618167187499995 0.4441318328125 0.5142684890625 0.46322347343750003 0.5313504828125 0.4813102890625 0.5393890671875 0.501406753125 0.5393890671875 0.5034163984375 0.537379421875 0.521503215625 0.533360128125 0.538585209375 0.51828778125 0.5405948546875 0.510249196875 0.548633440625 0.49618167187499995 0.548633440625 0.46402733124999995 0.5446141484375 0.451969453125 0.5295418 0.43488745937499995 0.5094453375 0.424839228125 0.49939710625 0.424839228125 0.47930064375 0.43488745937499995 0.4551848875 0.43890675312500005 0.44011254062500005 0.451969453125 0.435088425 0.469051446875 0.43408360156250003 0.486133440625 0.43609324687499995 0.4881430875 0.43609324687499995 0.49618167187499995
1 0.6119372984375 0.52532154375 0.6179662375 0.52532154375 0.619975884375 0.523311896875 0.6320337625 0.5213022515625 0.6450964625 0.50823955 0.6511254015625 0.49618167187499995 0.6511254015625 0.48412379375 0.6450964625 0.46804662343750003 0.6340434078125 0.45699356875 0.6239951765625 0.4549839234375 0.6209807078125 0.4579983921875 0.6209807078125 0.472065915625 0.6169614140624999 0.4801045015625 0.612942121875 0.48412379375 0.6089228296875 0.494172025 0.5948553046875 0.5042202578125 0.5938504828125 0.5092443734375001 0.592845659375 0.5142684890625 0.6018890671875 0.5213022515625 0.6119372984375 0.52532154375
1 0.5898311890625 0.42282958125 0.599879421875 0.4288585203125 0.612942121875 0.439911575 0.62198553125 0.4549839234375 0.6320337625 0.4509646296875 0.6390675234375001 0.44393086875 0.647106109375 0.4258440515625 0.647106109375 0.4137861734375 0.6410771703125 0.397709003125 0.6260048234375 0.3846463015625 0.619975884375 0.3846463015625 0.597869775 0.394694534375 0.5838022515625 0.394694534375 0.5767684890625 0.40373794218750003 0.575763665625 0.40876205781249997 0.5747588421875001 0.4157958203125 0.5797829578125 0.42282958125 0.5898311890625 0.42282958125
1 0.5697347265625 0.3866559484375 0.5817926046874999 0.3926848875 0.6038987140625001 0.3926848875 0.609927653125 0.3886655953125 0.6139469453124999 0.3886655953125 0.622990353125 0.3816318328125 0.6290192921875 0.3715836015625 0.6310289390625 0.3575160765625 0.6330385859375001 0.35550643125 0.6310289390625 0.343448553125 0.625 0.331390675 0.60791800625 0.316318328125 0.6018890671875 0.31430868125 0.5777733125 0.31430868125 0.5627009640625 0.323352090625 0.556672025 0.3354099671875 0.551647909375 0.340434084375 0.5506430875 0.3595257234375 0.556672025 0.3715836015625 0.5697347265625 0.3866559484375
1 0.5667202578125 0.299236334375 0.5717443734375001 0.3082797421875 0.5777733125 0.3122990359375 0.5918408359375 0.3122990359375 0.5938504828125 0.31430868125 0.60791800625 0.316318328125 0.619975884375 0.3243569125 0.6330385859375001 0.3153135046875 0.6410771703125 0.2972266875 0.6390675234375001 0.2831591640625 0.6330385859375001 0.2711012859375 0.6239951765625 0.262057878125 0.6119372984375 0.2560289390625 0.5898311890625 0.2560289390625 0.5817926046874999 0.26004823125 0.568729903125 0.2711012859375 0.565715434375 0.2801446953125 0.5647106109375 0.28717845625 0.5667202578125 0.289188103125 0.5667202578125 0.299236334375
1 0.5295418 0.2359324765625 0.5405948546875 0.24698553125 0.5506430875 0.265072346875 0.5506430875 0.2711012859375 0.55365755625 0.27411575625 0.565715434375 0.272106109375 0.5717443734375001 0.2680868171875 0.5848070734374999 0.2510048234375 0.5868167203125 0.244975884375 0.5868167203125 0.224879421875 0.58078778125 0.2088022515625 0.565715434375 0.19573955 0.551647909375 0.1897106109375 0.5426045015625001 0.190715434375 0.538585209375 0.2047829578125 0.5325562703125 0.21282154375 0.5154742765625 0.22588424375 0.514469453125 0.2268890671875 0.5174839234374999 0.22990353749999998 0.5295418 0.2359324765625
1 0.582797428125 0.210811896875 0.58782154375 0.227893890625 0.5918408359375 0.227893890625 0.602893890625 0.21684083593749998 0.6069131828125001 0.2088022515625 0.6089228296875 0.1967443734375 0.602893890625 0.17865755625 0.5898311890625 0.1655948546875 0.5777733125 0.159565915625 0.5717443734375001 0.159565915625 0.5667202578125 0.168609325 0.555667203125 0.1796623796875 0.5496382640624999 0.183681671875 0.5456189703125001 0.183681671875 0.5456189703125001 0.1897106109375 0.5637057875 0.193729903125 0.582797428125 0.210811896875
1 0.5898311890625 0.1655948546875 0.6018890671875 0.1776527328125 0.605908359375 0.1776527328125 0.6189710609375 0.1625803859375 0.6189710609375 0.14449356875 0.6169614140624999 0.1404742765625 0.60791800625 0.129421221875 0.597869775 0.1233922828125 0.592845659375 0.126406753125 0.5908360125 0.136454984375 0.5797829578125 0.1475080390625 0.57375401875 0.149517684375 0.57375401875 0.159565915625 0.5777733125 0.159565915625 0.5898311890625 0.1655948546875
1 0.543609325 0.1113344046875 0.555667203125 0.11736334374999999 0.5647106109375 0.126406753125 0.568729903125 0.132435690625 0.57073955 0.14449356875 0.57375401875 0.149517684375 0.5797829578125 0.1475080390625 0.592845659375 0.132435690625 0.592845659375 0.112339228125 0.5888263671875 0.10430064375 0.5797829578125 0.095257234375 0.5697347265625 0.0892282953125 0.555667203125 0.08721865 0.541599678125 0.1032958203125 0.5355707390625 0.1073151125 0.5355707390625 0.109324759375 0.5395900328125001 0.1113344046875 0.543609325 0.1113344046875
1 0.46824758906249997 0.092242765625 0.477290996875 0.10128617343749999 0.501406753125 0.109324759375 0.5174839234374999 0.109324759375 0.51949356875 0.1073151125 0.5375803859375 0.10530546562500001 0.5526527328124999 0.092242765625 0.556672025 0.0842041796875 0.556672025 0.068127009375 0.5526527328124999 0.058078778124999994 0.5375803859375 0.0450160765625 0.5275321546875 0.040996784375 0.5174839234374999 0.040996784375 0.5154742765625 0.038987137500000005 0.501406753125 0.038987137500000005 0.48331993593749994 0.0450160765625 0.470257234375 0.0540594859375 0.46322347343750003 0.0711414796875 0.46221864999999995 0.078175240625 0.4642282953125 0.0842041796875 0.46824758906249997 0.092242765625