2 0.570669934375 0.704381128125 0.570669934375 0.6900837421875 0.559436275 0.680892565625 0.544117646875 0.6819138078125 0.5359477125 0.694168709375 0.5359477125 0.704381128125 0.5430964046875 0.7135723046875 0.54922385625 0.7156147875000001 0.5614787578125 0.7135723046875 0.570669934375 0.704381128125
2 0.36948529375 0.744209559375 0.3796977125 0.744209559375 0.3837826796875 0.742167075 0.3888888890625 0.7350183828125 0.3868464046875 0.7248059640625 0.37765522812499996 0.7156147875000001 0.36642156875 0.7166360296875001 0.36335784375 0.7176572718750001 0.358251634375 0.7248059640625 0.358251634375 0.7350183828125 0.36948529375 0.744209559375
2 0.3355868375 0.7545227531250001 0.33925 0.752480903125 0.3357843140625 0.7452308000000001 0.3357843140625 0.7411458328125 0.33169934687499997 0.7411458328125 0.3235294125 0.7534007359375 0.32862683593750003 0.75504630625 0.3355868375 0.7545227531250001
1 0.3204656859375 0.7380821078124999 0.32455065312500003 0.7360396234375 0.3296568625 0.72889093125 0.3296568625 0.720720996875 0.3255718953125 0.7145935453125001 0.318423203125 0.7094873359375 0.305147059375 0.710508578125 0.2990196078125 0.7186785125 0.2990196078125 0.72889093125 0.31025326875000003 0.7380821078124999 0.3204656859375 0.7380821078124999
1 0.2990196078125 0.72889093125 0.2990196078125 0.7248059640625 0.2969771234375 0.7248059640625 0.294934640625 0.7350183828125 0.3020833328125 0.744209559375 0.31025326875000003 0.7482945265625001 0.31638071874999996 0.7482945265625001 0.3174019609375 0.7452308000000001 0.3235294125 0.7411458328125 0.32455065312500003 0.7360396234375 0.3204656859375 0.7380821078124999 0.31025326875000003 0.7380821078124999 0.3061683 0.7360396234375 0.2990196078125 0.72889093125
1 0.3322019359375 0.7456193859375 0.3322019359375 0.733364484375 0.3291382109375 0.7303007578125 0.32811696874999996 0.731322 0.316883309375 0.74459814375 0.3107558578125 0.74459814375 0.309734615625 0.7476618687500001 0.3189257921875 0.752768078125 0.32709572656249997 0.7507255953125 0.3322019359375 0.7456193859375
1 0.3602941171875 0.7452308000000001 0.358251634375 0.7329758984375 0.353145425 0.7278696890624999 0.337826796875 0.72889093125 0.3337418296875 0.737060865625 0.337826796875 0.74931576875 0.34293300625 0.75237949375 0.353145425 0.75237949375 0.3572303921875 0.750337009375 0.3602941171875 0.7452308000000001
1 0.3600480921875 0.7391644125 0.3603239484375 0.7446149484375 0.358251634375 0.74931576875 0.3521241828125 0.7534007359375 0.3592728765625 0.7585069437499999 0.3654003265625 0.7564644609375 0.37254902031250003 0.74931576875 0.37152777812500004 0.744209559375 0.3600480921875 0.7391644125
1 0.4154411765625 0.7166360296875001 0.41033496718749995 0.7176572718750001 0.4072712421875 0.720720996875 0.4052287578125 0.7248059640625 0.4052287578125 0.737060865625 0.41237745156249994 0.744209559375 0.4205473859375 0.7462520421875001 0.4266748359375 0.744209559375 0.43382352968750004 0.737060865625 0.43382352968750004 0.7268484484375 0.4287173203125 0.7196997546875 0.4205473859375 0.7156147875000001 0.4154411765625 0.7166360296875001
1 0.517565359375 0.7329758984375 0.5155228765625 0.72889093125 0.5083741828125 0.723784721875 0.49918300625 0.7248059640625 0.49305555625 0.72889093125 0.491013071875 0.7411458328125 0.5002042484375 0.7482945265625001 0.5063316999999999 0.7482945265625001 0.517565359375 0.7391033499999999 0.517565359375 0.7329758984375
1 0.6196895421875 0.7084660953124999 0.6115196078125 0.7145935453125001 0.6115196078125 0.7248059640625 0.6186683000000001 0.7299121734375 0.6247957515625 0.7299121734375 0.633986928125 0.7227634796875 0.633986928125 0.7145935453125001 0.6268382359375 0.7074448531249999 0.6196895421875 0.7084660953124999
1 0.660539215625 0.7125510625 0.660539215625 0.70233864375 0.6533905234375 0.697232434375 0.6421568625 0.6982536765625 0.6360294125 0.704381128125 0.6360294125 0.7145935453125001 0.6411356203125 0.7196997546875 0.647263071875 0.7217422390625 0.657475490625 0.7176572718750001 0.660539215625 0.7125510625
1 0.6983251640625 0.7115298203125 0.703431371875 0.7084660953124999 0.707516340625 0.70233864375 0.707516340625 0.6982536765625 0.70241013125 0.691104984375 0.6983251640625 0.6890625 0.6932189546874999 0.6900837421875 0.6850490203125 0.6962111921874999 0.6850490203125 0.7064236109375 0.6921977125 0.7115298203125 0.6983251640625 0.7115298203125
1 0.726919934375 0.7013174015625 0.73508986875 0.7013174015625 0.7391748359375 0.69927491875 0.7422385625000001 0.694168709375 0.7422385625000001 0.6859987750000001 0.73508986875 0.67885008125 0.73202614375 0.6798713234375 0.726919934375 0.680892565625 0.7197712421875 0.6880412578125 0.7197712421875 0.694168709375 0.726919934375 0.7013174015625
1 0.7647058828125 0.6696589046875 0.7544934640625 0.6757863562499999 0.7544934640625 0.6819138078125 0.76164215625 0.6890625 0.7698120921875 0.691104984375 0.7749183000000001 0.6880412578125 0.776960784375 0.6798713234375 0.7698120921875 0.6686376640625 0.7647058828125 0.6696589046875
1 0.8035130718750001 0.6165543296875 0.7953431375 0.6267667484375 0.7953431375 0.63902165 0.8024918296875001 0.6461703437499999 0.8106617640625 0.6461703437499999 0.8198529406249999 0.6369791671875 0.8218954249999999 0.6267667484375 0.8127042484375 0.6155330875 0.8035130718750001 0.6165543296875
1 0.8474264703125 0.617575571875 0.8576388890625 0.617575571875 0.8627450984375 0.6124693625 0.8668300656250001 0.5981719765625 0.859681371875 0.5869383171875 0.8555964046875 0.5848958328125 0.8504901953124999 0.585917075 0.8474264703125 0.5869383171875 0.840277778125 0.59612949375 0.83823529375 0.6124693625 0.8474264703125 0.617575571875
1 0.85866013125 0.6185968140625 0.840277778125 0.6124693625 0.83823529375 0.6165543296875 0.843341503125 0.6237030234375001 0.8535539218749999 0.6237030234375001 0.85866013125 0.6185968140625