1 0.1671875 0.4578125 0.0484375 0.04375
1 0.521875 0.5171875 0.0453125 0.046875
1 0.5171875 0.4703125 0.0421875 0.04375
1 0.9015625 0.534375 0.053125 0.0515625
2 0.9015625 0.484375 0.05625 0.0453125
2 0.7140625 0.5234375 0.05 0.046875
2 0.7015625 0.478125 0.05 0.0453125
2 0.1578125 0.5015625 0.0546875 0.0421875
2 0.7373046875 0.412109375 0.7255859375 0.408203125 0.7138671875 0.41015625 0.7060546875 0.4140625 0.701171875 0.4189453125 0.6953125 0.4326171875 0.6953125 0.4365234375 0.69921875 0.4404296875 0.697265625 0.4482421875 0.7099609375 0.458984375 0.7158203125 0.4609375 0.72265625 0.4599609375 0.7294921875 0.458984375 0.7333984375 0.453125 0.7373046875 0.455078125 0.744140625 0.4482421875 0.7421875 0.4443359375 0.75 0.4384765625 0.748046875 0.4228515625 0.7373046875 0.412109375
1 0.5380859375 0.40625 0.5302734375 0.40234375 0.5146484375 0.40234375 0.50390625 0.4111328125 0.5 0.4208984375 0.5 0.4306640625 0.50390625 0.4326171875 0.50390625 0.4404296875 0.5087890625 0.447265625 0.5185546875 0.447265625 0.5205078125 0.44921875 0.5244140625 0.447265625 0.5263671875 0.44921875 0.529296875 0.4482421875 0.5361328125 0.4453125 0.541015625 0.4404296875 0.541015625 0.4345703125 0.5458984375 0.43359375 0.548828125 0.4306640625 0.548828125 0.4228515625 0.544921875 0.4130859375 0.5380859375 0.40625
1 0.1689453125 0.396484375 0.1611328125 0.392578125 0.1435546875 0.392578125 0.1376953125 0.39453125 0.130859375 0.4013671875 0.126953125 0.4091796875 0.126953125 0.4169921875 0.1328125 0.4248046875 0.1328125 0.4287109375 0.1376953125 0.43359375 0.1435546875 0.43359375 0.1494140625 0.4375 0.15625 0.4365234375 0.1689453125 0.435546875 0.173828125 0.4306640625 0.1728515625 0.42578125 0.166015625 0.4248046875 0.1787109375 0.423828125 0.1796875 0.4111328125 0.17578125 0.4033203125 0.1689453125 0.396484375
3 0.1609375 0.4765625 0.090625 0.128125
3 0.3390625 0.484375 0.06875 0.121875
3 0.5171875 0.4890625 0.08125 0.1296875
3 0.709375 0.4953125 0.078125 0.13125
3 0.9078125 0.5078125 0.1 0.1234375