0 0.4378993609375 0.7384185296875 0.44588658125 0.7344249203125 0.47284344999999994 0.70946485625 0.48482428125 0.6875 0.48482428125 0.6795127796875 0.4868210859375 0.677515975 0.4868210859375 0.6555511187499999 0.48482428125 0.6535543125000001 0.48482428125 0.6435702875 0.4768370609375 0.627595846875 0.4648562296875 0.61162140625 0.451876996875 0.600638978125 0.44189297187500004 0.5946485625 0.423921725 0.5886581468750001 0.39396964843750004 0.5866613421875 0.3839856234375 0.5906549515624999 0.3779952078125 0.5906549515624999 0.3600239609375 0.598642171875 0.34305111875 0.6136182109375 0.337060703125 0.62160543125 0.3270766765625 0.6475638984375001 0.3270766765625 0.6735223640625 0.32907348281250004 0.67551916875 0.32907348281250004 0.6835063890625 0.3450479234375 0.7134584671875001 0.364017571875 0.730431309375 0.3799920125 0.7384185296875 0.39097444062500003 0.7414137375000001 0.4159345046875 0.742412140625 0.417931309375 0.7404153359375 0.4378993609375 0.7384185296875
0 0.9121405749999999 0.7114616609375 0.9201277953125 0.69948083125 0.9261182109374999 0.681509584375 0.928115015625 0.659544728125 0.9261182109374999 0.6575479234375 0.9241214062499999 0.6455670921875 0.9201277953125 0.637579871875 0.9091453671874999 0.6265974437499999 0.8991613421875 0.622603834375 0.8831869015624999 0.622603834375 0.8692092656250001 0.6285942484375 0.8502396171875001 0.6435702875 0.84624600625 0.6515575078125 0.8472444093749999 0.6565495203125 0.8652156546875001 0.664536740625 0.8761980828124999 0.677515975 0.8821884984375 0.6954872203125 0.8821884984375 0.7254392968750001 0.88019169375 0.7314297125 0.88518370625 0.732428115625 0.8971645374999999 0.7264377 0.9121405749999999 0.7114616609375
0 0.6186102234375 0.3001198078125 0.6186102234375 0.288138978125 0.61162140625 0.27715655 0.6036341859375 0.2731629390625 0.5896565500000001 0.2731629390625 0.5806709265625 0.2801517578125 0.578674121875 0.2841453671875 0.578674121875 0.298123003125 0.58765974375 0.30910543125 0.5966453671874999 0.31210063906249996 0.6036341859375 0.3130990421875 0.6146166140625 0.3061102234375 0.6186102234375 0.3001198078125
0 0.51876996875 0.27815495156250003 0.51876996875 0.26817092656249997 0.5167731625 0.264177315625 0.5037939296875 0.25519169375 0.4918130984375 0.25519169375 0.4878194890625 0.2571884984375 0.47883386562499997 0.26817092656249997 0.4808306703125 0.28214856250000003 0.4928115015625 0.2921325875 0.5037939296875 0.29313099062500003 0.507787540625 0.29113418593749996 0.51876996875 0.27815495156250003
0 0.46086262031249997 0.3180910546875 0.462859425 0.30411341875 0.46086262031249997 0.3001198078125 0.451876996875 0.2891373796875 0.44388977656249995 0.2851437703125 0.4339057515625 0.2851437703125 0.43190894531249996 0.28314696562499997 0.42991214062500005 0.2851437703125 0.417931309375 0.287140575 0.40694888125000006 0.3021166140625 0.40694888125000006 0.3180910546875 0.4109424921875 0.32607827500000003 0.417931309375 0.33306709218749997 0.424920128125 0.3360623 0.44388977656249995 0.337060703125 0.45487220468749995 0.3280750796875 0.46086262031249997 0.3180910546875
0 0.4538738015625 0.27715655 0.44588658125 0.2731629390625 0.4279153359375 0.2731629390625 0.4149361015625 0.2841453671875 0.4159345046875 0.287140575 0.4219249203125 0.287140575 0.42991214062500005 0.28314696562499997 0.44588658125 0.2851437703125 0.45487220468749995 0.2921325875 0.45686900937499997 0.298123003125 0.462859425 0.298123003125 0.462859425 0.2901357828125 0.4538738015625 0.27715655
0 0.215255590625 0.2921325875 0.21725239687500003 0.288138978125 0.21725239687500003 0.276158146875 0.21026357812500002 0.2691693296875 0.198282746875 0.2691693296875 0.18730031875 0.27815495156250003 0.183306709375 0.2901357828125 0.18730031875 0.298123003125 0.193290734375 0.3021166140625 0.2042731625 0.303115015625 0.209265175 0.3001198078125 0.215255590625 0.2921325875
2 0.36301916875 0.2841453671875 0.3670127796875 0.276158146875 0.3670127796875 0.266174121875 0.3600239609375 0.2571884984375 0.34804313124999997 0.25319488749999997 0.3380591046875 0.2571884984375 0.3310702875 0.264177315625 0.3270766765625 0.2721645375 0.3270766765625 0.27815495156250003 0.32907348281250004 0.2841453671875 0.3390575078125 0.2921325875 0.3500399359375 0.29313099062500003 0.35603035156249996 0.29113418593749996 0.36301916875 0.2841453671875
2 0.5047923328125 0.39396964843750004 0.5087859421875 0.385982428125 0.510782746875 0.3680111828125 0.5067891375 0.35603035156249996 0.49580670937500004 0.34305111875 0.485822684375 0.337060703125 0.463857828125 0.3350638984375 0.451876996875 0.3390575078125 0.4329073484375 0.3600239609375 0.43091054375000004 0.3779952078125 0.43690095781249993 0.39396964843750004 0.44788338593750004 0.4049520765625 0.46086262031249997 0.4099440890625 0.48182907343750003 0.4109424921875 0.4878194890625 0.4089456875 0.5047923328125 0.39396964843750004
2 0.8372603828124999 0.6545527156250001 0.8432507984375001 0.6505591046875 0.8582268375 0.6335862624999999 0.8662140578124999 0.6136182109375 0.8682108625 0.5976437703124999 0.8602236421875 0.571685303125 0.845247603125 0.554712459375 0.8292731625 0.5487220453125 0.8172923328125 0.5487220453125 0.8013178906249999 0.554712459375 0.7823482421875 0.573682109375 0.7823482421875 0.5796725234375 0.796325878125 0.593650159375 0.8063099046875 0.6136182109375 0.8083067093749999 0.6415734828125 0.8043130984375001 0.6515575078125 0.8043130984375001 0.6575479234375 0.8063099046875 0.659544728125 0.813298721875 0.6605431312500001 0.8272763578125 0.6545527156250001 0.8372603828124999 0.6545527156250001
2 0.129392971875 0.3660143765625 0.13338658125 0.35802715625000003 0.14337060625 0.34804313124999997 0.14137380156249998 0.342052715625 0.1323881796875 0.3350638984375 0.1204073484375 0.3350638984375 0.11242012812499999 0.3390575078125 0.10742811562500001 0.34404952031249997 0.1014377 0.35802715625000003 0.1014377 0.374001596875 0.1084265171875 0.3829872203125 0.1154153359375 0.385982428125 0.122404153125 0.38698083125 0.129392971875 0.3819888171875 0.129392971875 0.3660143765625
2 0.08945686875 0.364017571875 0.08945686875 0.3500399359375 0.0804712453125 0.3390575078125 0.0764776359375 0.337060703125 0.0664936109375 0.3390575078125 0.0575079875 0.34804313124999997 0.0535143765625 0.35603035156249996 0.051517571875 0.3720047921875 0.0575079875 0.3819888171875 0.06449680468749999 0.3829872203125 0.072484025 0.37300319531250004 0.08945686875 0.364017571875
2 0.0435303515625 0.4279153359375 0.049520767187499995 0.41393769999999996 0.049520767187499995 0.3999600640625 0.0475239609375 0.39396964843750004 0.0425319484375 0.38698083125 0.034544728125 0.3829872203125 0.0225638984375 0.384984025 0.015575079687500002 0.39197284374999997 0.007587859375 0.4099440890625 0.009584664062500001 0.4279153359375 0.018570287499999998 0.4388977640625 0.0215654953125 0.439896165625 0.0285543125 0.44089456875 0.0325479234375 0.4388977640625 0.0435303515625 0.4279153359375
2 0.43190894531249996 0.2731629390625 0.439896165625 0.26517571875 0.44388977656249995 0.26517571875 0.446884984375 0.26018370625 0.4339057515625 0.2511980828125 0.419928115625 0.25319488749999997 0.4089456875 0.264177315625 0.4089456875 0.2741613421875 0.41293929687500003 0.28214856250000003 0.4159345046875 0.28314696562499997 0.423921725 0.27515974375 0.43190894531249996 0.2731629390625
2 0.9460862625 0.43590255625 0.9460862625 0.42991214062500005 0.9420926515625 0.419928115625 0.9311102234374999 0.4109424921875 0.9251198078125 0.41293929687500003 0.918130990625 0.4219249203125 0.918130990625 0.43590255625 0.9221246000000001 0.44388977656249995 0.928115015625 0.44788338593750004 0.9371006390625001 0.4488817890625 0.9440894562500001 0.44189297187500004 0.9460862625 0.43590255625
1 0.57268370625 0.54373003125 0.5806709265625 0.527755590625 0.58266773125 0.5157747609375 0.5846645374999999 0.5137779546875 0.5846645374999999 0.5017971250000001 0.5806709265625 0.4918130984375 0.5806709265625 0.48382587812500005 0.576677315625 0.47983226874999996 0.57268370625 0.4698482421875 0.5617012781249999 0.45886581406250004 0.5457268375 0.45087859375 0.53374600625 0.4488817890625 0.5317492015624999 0.446884984375 0.5137779546875 0.446884984375 0.4918130984375 0.45487220468749995 0.4808306703125 0.46585463281250006 0.47284344999999994 0.47783546250000003 0.47284344999999994 0.48182907343750003 0.468849840625 0.485822684375 0.466853034375 0.4918130984375 0.466853034375 0.521765175 0.468849840625 0.527755590625 0.47284344999999994 0.5317492015624999 0.47484025625 0.539736421875 0.4918130984375 0.556709265625 0.4978035140625 0.5587060703125 0.5017971250000001 0.56269968125 0.5147763578125 0.5656948875000001 0.5377396171875 0.566693290625 0.5577076671875 0.5587060703125 0.57268370625 0.54373003125
1 0.6236022359375 0.5067891375 0.63158945625 0.5067891375 0.6335862624999999 0.5047923328125 0.659544728125 0.5067891375 0.6635383390625 0.510782746875 0.677515975 0.5167731625 0.6845047921875 0.507787540625 0.686501596875 0.49580670937500004 0.688498403125 0.4938099046875 0.688498403125 0.485822684375 0.686501596875 0.48382587812500005 0.6845047921875 0.4698482421875 0.6765175718750001 0.45587060625 0.6635383390625 0.44289137343749996 0.6435702875 0.434904153125 0.6255990421875001 0.434904153125 0.6076277953125 0.44289137343749996 0.5926517578125 0.4578674125 0.5846645374999999 0.4758386578125 0.5846645374999999 0.4978035140625 0.5946485625 0.517771565625 0.599640575 0.51876996875 0.61162140625 0.510782746875 0.6236022359375 0.5067891375
1 0.688498403125 0.6096246 0.6964856234375 0.599640575 0.7004792328125 0.58765974375 0.7004792328125 0.5597044734375001 0.6924920125 0.5357428109375 0.677515975 0.51876996875 0.6555511187499999 0.5067891375 0.6255990421875001 0.5067891375 0.605630990625 0.5147763578125 0.5926517578125 0.5257587859374999 0.578674121875 0.549720446875 0.578674121875 0.5557108625 0.576677315625 0.5577076671875 0.576677315625 0.58765974375 0.5866613421875 0.6096246 0.5906549515624999 0.61162140625 0.6016373796875001 0.6246006390625001 0.6196086265625 0.632587859375 0.6285942484375 0.6335862624999999 0.6475638984375001 0.6345846640625 0.6675319484375 0.6265974437499999 0.688498403125 0.6096246
1 0.8003194890625001 0.6635383390625 0.8003194890625001 0.659544728125 0.8043130984375001 0.6535543125000001 0.8063099046875 0.6415734828125 0.8083067093749999 0.6395766765625 0.8083067093749999 0.6255990421875001 0.8063099046875 0.6236022359375 0.80231629375 0.605630990625 0.7943290734375 0.5916533546875 0.7733626203124999 0.5746805109374999 0.7513977640625 0.5706869015625 0.7494009578124999 0.57268370625 0.7334265171875 0.5746805109374999 0.7214456874999999 0.5806709265625 0.7024760390625 0.5976437703124999 0.6904952078125 0.6176118203125001 0.688498403125 0.63158945625 0.686501596875 0.6335862624999999 0.686501596875 0.6475638984375001 0.688498403125 0.6495607031249999 0.688498403125 0.659544728125 0.6924920125 0.671525559375 0.70946485625 0.6904952078125 0.7244408953125 0.697484025 0.7513977640625 0.6984824281249999 0.769369009375 0.6924920125 0.8003194890625001 0.6635383390625
1 0.835263578125 0.7843450484375001 0.853234825 0.774361021875 0.8722044734375001 0.7513977640625 0.88019169375 0.7334265171875 0.88019169375 0.7274361015624999 0.8821884984375 0.7254392968750001 0.8821884984375 0.6954872203125 0.8761980828124999 0.677515975 0.867212459375 0.666533546875 0.8472444093749999 0.6565495203125 0.8252795531249999 0.6565495203125 0.803314696875 0.664536740625 0.7823482421875 0.6875 0.7703674125 0.703474440625 0.7663738015625 0.7134584671875001 0.7663738015625 0.7214456874999999 0.764376996875 0.7234424921875 0.764376996875 0.747404153125 0.7703674125 0.7613817890625 0.7853434499999999 0.7803514375 0.79732428125 0.7863418531249999 0.8083067093749999 0.78734025625 0.8172923328125 0.7883386578125 0.8192891375 0.7863418531249999 0.835263578125 0.7843450484375001
1 0.972044728125 0.4918130984375 0.9660543125000001 0.47983226874999996 0.957068690625 0.47284344999999994 0.9470846640625 0.47484025625 0.9380990421875 0.4878194890625 0.9380990421875 0.5097843453124999 0.9420926515625 0.5197683703125 0.950079871875 0.5257587859374999 0.9590654953125 0.5267571890625 0.972044728125 0.5137779546875 0.972044728125 0.4918130984375
1 0.9121405749999999 0.41393769999999996 0.9101437703125 0.395966453125 0.9051517578125001 0.3889776359375 0.8951677312499999 0.384984025 0.889177315625 0.38698083125 0.884185303125 0.39396964843750004 0.884185303125 0.4099440890625 0.8861821093750001 0.4159345046875 0.8921725234375 0.4219249203125 0.9031549515625 0.4229233234375 0.9101437703125 0.417931309375 0.9121405749999999 0.41393769999999996
1 0.7284345046875 0.332068690625 0.7284345046875 0.320087859375 0.7214456874999999 0.30910543125 0.7134584671875001 0.3051118203125 0.69948083125 0.3051118203125 0.6924920125 0.310103834375 0.688498403125 0.3180910546875 0.688498403125 0.32607827500000003 0.6954872203125 0.3390575078125 0.708466453125 0.34404952031249997 0.7174520765625 0.34305111875 0.7264377 0.3360623 0.7284345046875 0.332068690625
1 0.2452076671875 0.43190894531249996 0.2511980828125 0.417931309375 0.2511980828125 0.395966453125 0.2452076671875 0.3839856234375 0.23821884999999998 0.37699680468749996 0.2242412140625 0.369009584375 0.20826677343750002 0.369009584375 0.198282746875 0.37300319531250004 0.1813099046875 0.3879792328125 0.17731629375 0.395966453125 0.17731629375 0.40195686875 0.1753194890625 0.4039536734375 0.1753194890625 0.423921725 0.17731629375 0.42991214062500005 0.1813099046875 0.4378993609375 0.19029552656249998 0.446884984375 0.1972843453125 0.44988019218749997 0.222244409375 0.45087859375 0.232228434375 0.446884984375 0.2452076671875 0.43190894531249996
1 0.17731629375 0.39396964843750004 0.1853035140625 0.3779952078125 0.1853035140625 0.3600239609375 0.1813099046875 0.352036740625 0.1703274765625 0.34305111875 0.1463658140625 0.3450479234375 0.13338658125 0.35802715625000003 0.129392971875 0.3660143765625 0.129392971875 0.3879792328125 0.1313897765625 0.39197284374999997 0.14037539999999998 0.40295527187499997 0.149361021875 0.40595047968750003 0.1583466453125 0.40694888125000006 0.16833067031249999 0.40295527187499997 0.17731629375 0.39396964843750004
1 0.0804712453125 0.3889776359375 0.0964456875 0.39097444062500003 0.1064297125 0.40295527187499997 0.1084265171875 0.40295527187499997 0.1094249203125 0.385982428125 0.0984424921875 0.3710063890625 0.09444888125 0.369009584375 0.078474440625 0.369009584375 0.0654952078125 0.3799920125 0.061501596874999995 0.385982428125 0.0595047921875 0.4039536734375 0.0605031953125 0.4049520765625 0.07448083125 0.39097444062500003 0.0804712453125 0.3889776359375
1 0.1014377 0.42991214062500005 0.1094249203125 0.4219249203125 0.111421725 0.4159345046875 0.1094249203125 0.41393769999999996 0.1094249203125 0.40794728437499994 0.0964456875 0.39097444062500003 0.0804712453125 0.3889776359375 0.072484025 0.3929712453125 0.0575079875 0.4099440890625 0.0575079875 0.41393769999999996 0.0535143765625 0.419928115625 0.0535143765625 0.42991214062500005 0.0605031953125 0.43091054375000004 0.068490415625 0.4269169328125 0.0764776359375 0.4269169328125 0.0824680515625 0.4289137375 0.0934504796875 0.4378993609375 0.0964456875 0.4388977640625 0.0994408953125 0.43590255625 0.1014377 0.42991214062500005
1 0.0934504796875 0.4978035140625 0.0934504796875 0.4918130984375 0.09744408906249999 0.48382587812500005 0.095447284375 0.46785143749999997 0.0934504796875 0.46585463281250006 0.095447284375 0.44189297187500004 0.0884584671875 0.4329073484375 0.0764776359375 0.4269169328125 0.0664936109375 0.4269169328125 0.052515975000000006 0.4329073484375 0.041533546875 0.44788338593750004 0.037539935937500005 0.45986421718750004 0.037539935937500005 0.48182907343750003 0.0435303515625 0.4978035140625 0.0545127796875 0.5087859421875 0.0654952078125 0.51178115 0.0764776359375 0.510782746875 0.08446485625 0.5067891375 0.0934504796875 0.4978035140625
1 0.1303913734375 0.45287540000000004 0.1523562296875 0.45487220468749995 0.16833067031249999 0.462859425 0.1693290734375 0.44189297187500004 0.161341853125 0.4259185296875 0.1523562296875 0.41693290781250003 0.14037539999999998 0.4109424921875 0.1244009578125 0.4109424921875 0.11641373749999999 0.4149361015625 0.1014377 0.42991214062500005 0.095447284375 0.44189297187500004 0.0934504796875 0.463857828125 0.09744408906249999 0.4758386578125 0.100439296875 0.4768370609375 0.11441693281250001 0.46086262031249997 0.1303913734375 0.45287540000000004
1 0.173322684375 0.5417332265625 0.183306709375 0.5157747609375 0.183306709375 0.48981629375 0.1753194890625 0.4718450484375 0.16234025624999998 0.45886581406250004 0.144369009375 0.45287540000000004 0.1244009578125 0.45487220468749995 0.11441693281250001 0.46086262031249997 0.0994408953125 0.47783546250000003 0.095447284375 0.4878194890625 0.095447284375 0.49580670937500004 0.0934504796875 0.4978035140625 0.0934504796875 0.5157747609375 0.0994408953125 0.53374600625 0.11441693281250001 0.55071885 0.127396165625 0.5577076671875 0.1483626203125 0.5587060703125 0.1643370609375 0.55071885 0.173322684375 0.5417332265625
0 0.798322684375 0.3600239609375 0.8003194890625001 0.35603035156249996 0.8003194890625001 0.342052715625 0.7893370609375 0.32907348281250004 0.7793530343749999 0.3270766765625 0.7733626203124999 0.32907348281250004 0.76837060625 0.3340654953125 0.7663738015625 0.3380591046875 0.7663738015625 0.3500399359375 0.7703674125 0.35802715625000003 0.7773562296875001 0.365015975 0.7823482421875 0.3660143765625 0.78734025625 0.3670127796875 0.7933306703125 0.365015975 0.798322684375 0.3600239609375
1 0.4089456875 0.2801517578125 0.4089456875 0.266174121875 0.3999600640625 0.25519169375 0.385982428125 0.25319488749999997 0.3779952078125 0.2571884984375 0.369009584375 0.266174121875 0.3670127796875 0.27016773125000004 0.3670127796875 0.2801517578125 0.375998403125 0.29113418593749996 0.3789936109375 0.2921325875 0.395966453125 0.29313099062500003 0.4049520765625 0.286142171875 0.4089456875 0.2801517578125
0 0.40794728437499994 0.2472044734375 0.39197284374999997 0.2472044734375 0.384984025 0.2521964859375 0.395966453125 0.25319488749999997 0.4039536734375 0.2571884984375 0.40694888125000006 0.2621805109375 0.4099440890625 0.2631789140625 0.4149361015625 0.2561900953125 0.40794728437499994 0.2472044734375
0 0.3720047921875 0.25319488749999997 0.364017571875 0.249201278125 0.352036740625 0.249201278125 0.347044728125 0.2521964859375 0.34804313124999997 0.25519169375 0.3600239609375 0.2571884984375 0.365015975 0.264177315625 0.3700079875 0.26517571875 0.375 0.26018370625 0.3720047921875 0.25319488749999997
2 0.47084664531250003 0.29412939374999997 0.47284344999999994 0.2921325875 0.47284344999999994 0.288138978125 0.47484025625 0.286142171875 0.47484025625 0.2841453671875 0.47284344999999994 0.28214856250000003 0.47284344999999994 0.27815495156250003 0.463857828125 0.26717252343750003 0.461861021875 0.26717252343750003 0.45986421718750004 0.26517571875 0.45587060625 0.26517571875 0.4538738015625 0.2631789140625 0.44788338593750004 0.2631789140625 0.44588658125 0.26517571875 0.439896165625 0.26517571875 0.434904153125 0.27016773125000004 0.4378993609375 0.2731629390625 0.44588658125 0.2731629390625 0.44788338593750004 0.27515974375 0.44988019218749997 0.27515974375 0.46086262031249997 0.286142171875 0.46086262031249997 0.2901357828125 0.462859425 0.2921325875 0.462859425 0.3021166140625 0.463857828125 0.303115015625 0.47084664531250003 0.2961261984375 0.47084664531250003 0.29412939374999997