1 0.5625 0.27681518125000004 0.5583745875 0.28300329999999996 0.55218646875 0.28300329999999996 0.542904290625 0.294348184375 0.5408415843750001 0.310849834375 0.544966996875 0.32116336562500003 0.5501237625 0.32632013125000003 0.554249175 0.32632013125000003 0.5625 0.3325082515625 0.570750825 0.3325082515625 0.5831270625 0.3283828390625 0.588283828125 0.323226071875 0.58931518125 0.30981848125 0.590346534375 0.28816006562499996 0.57693894375 0.27681518125000004 0.5625 0.27681518125000004
1 0.6326320125 0.2871287125 0.6243811874999999 0.28506600625 0.6202557750000001 0.28919141875 0.61819306875 0.28506600625 0.61200495 0.28506600625 0.6058168312500001 0.2871287125 0.5944719468749999 0.29847359687499997 0.5944719468749999 0.304661715625 0.592409240625 0.306724421875 0.592409240625 0.325288778125 0.60169141875 0.3366336640625 0.6058168312500001 0.3386963703125 0.61406765625 0.3386963703125 0.6161303625000001 0.3345709578125 0.6202557750000001 0.3386963703125 0.62644389375 0.3386963703125 0.6439768984375001 0.323226071875 0.6450082515625 0.3201320125 0.6460396046875 0.304661715625 0.6419141921875 0.296410890625 0.6326320125 0.2871287125
2 0.62231848125 0.497524753125 0.60169141875 0.495462046875 0.5913778875 0.501650165625 0.588283828125 0.50680693125 0.588283828125 0.521245875 0.590346534375 0.5253712875 0.586221121875 0.5294966999999999 0.586221121875 0.53568481875 0.60169141875 0.549092409375 0.61819306875 0.549092409375 0.62644389375 0.544966996875 0.633663365625 0.537747525 0.635726071875 0.53155940625 0.633663365625 0.5294966999999999 0.636757425 0.526402640625 0.637788778125 0.51299505 0.62644389375 0.499587459375 0.62231848125 0.497524753125
2 0.57281353125 0.489273928125 0.5666254125 0.487211221875 0.554249175 0.487211221875 0.5501237625 0.489273928125 0.536716171875 0.5006188125000001 0.532590759375 0.5088696374999999 0.532590759375 0.5191831687499999 0.536716171875 0.52330858125 0.534653465625 0.52743399375 0.536716171875 0.53155940625 0.55218646875 0.542904290625 0.5666254125 0.542904290625 0.57693894375 0.538778878125 0.580033003125 0.5336221125 0.580033003125 0.52743399375 0.577970296875 0.5253712875 0.58106435625 0.522277228125 0.582095709375 0.50268151875 0.580033003125 0.49649340000000003 0.57281353125 0.489273928125
2 0.615099009375 0.9337871281250001 0.5996287125 0.92450495 0.5851897687500001 0.92450495 0.577970296875 0.931724421875 0.577970296875 0.935849834375 0.5738448843749999 0.937912540625 0.567656765625 0.9544141921874999 0.567656765625 0.9667904296875 0.5738448843749999 0.9791666671874999 0.5831270625 0.9884488453125 0.5913778875 0.9925742578125 0.603754125 0.9925742578125 0.619224421875 0.9791666671874999 0.62231848125 0.9719471953125 0.623349834375 0.948226071875 0.615099009375 0.937912540625 0.615099009375 0.9337871281250001
2 0.53155940625 0.28300329999999996 0.52743399375 0.28506600625 0.5253712875 0.28094059374999997 0.521245875 0.27887788750000003 0.5088696374999999 0.28094059374999997 0.495462046875 0.292285478125 0.493399340625 0.296410890625 0.49133663437499997 0.310849834375 0.497524753125 0.325288778125 0.51299505 0.3345709578125 0.5253712875 0.3345709578125 0.52743399375 0.33044554531250003 0.5294966999999999 0.3325082515625 0.5336221125 0.33044554531250003 0.5418729375 0.31806930625 0.542904290625 0.296410890625 0.536716171875 0.28609735937499997 0.53155940625 0.28300329999999996
1 0.534653465625 0.521245875 0.534653465625 0.51299505 0.532590759375 0.50680693125 0.5253712875 0.499587459375 0.521245875 0.497524753125 0.5191831687499999 0.499587459375 0.5150577562499999 0.495462046875 0.5006188125000001 0.495462046875 0.49649340000000003 0.497524753125 0.487211221875 0.50680693125 0.4830858078125 0.5150577562499999 0.4830858078125 0.52743399375 0.487211221875 0.537747525 0.49236798750000005 0.542904290625 0.50680693125 0.549092409375 0.51299505 0.549092409375 0.5191831687499999 0.544966996875 0.52330858125 0.544966996875 0.534653465625 0.5336221125 0.53568481875 0.528465346875 0.536716171875 0.52743399375 0.532590759375 0.52330858125 0.534653465625 0.521245875
1 0.631600659375 0.7213283828125 0.6202557750000001 0.7079207921874999 0.61406765625 0.7058580859375 0.603754125 0.7079207921874999 0.60169141875 0.7058580859375 0.587252475 0.7058580859375 0.580033003125 0.7110148515625 0.577970296875 0.7172029703125 0.577970296875 0.7440181515625001 0.587252475 0.7553630359375 0.59756600625 0.7615511546875 0.6058168312500001 0.7594884484375 0.61200495 0.7615511546875 0.6202557750000001 0.7574257421875 0.631600659375 0.7440181515625001 0.6326320125 0.7367986796875 0.633663365625 0.7295792078125001 0.631600659375 0.7275165015625 0.631600659375 0.7213283828125
2 0.6460396046875 0.0901402640625 0.6429455453124999 0.08292079218750001 0.6346947187499999 0.0787953796875 0.6285065999999999 0.0787953796875 0.62644389375 0.0808580859375 0.61406765625 0.08292079218750001 0.6078795375 0.0911716171875 0.6047854781249999 0.0922029703125 0.598597359375 0.10664191406250001 0.598597359375 0.1210808578125 0.600660065625 0.1272689765625 0.61200495 0.1386138609375 0.6285065999999999 0.1406765671875 0.636757425 0.1365511546875 0.6501650171875 0.1231435640625 0.6532590765624999 0.11179867968749999 0.6542904296875001 0.0983910890625 0.6522277234375 0.0942656765625 0.6460396046875 0.0901402640625
1 0.5191831687499999 0.6996699671875 0.51093234375 0.6996699671875 0.5088696374999999 0.6914191421875 0.49443069375000004 0.6914191421875 0.48617986875 0.6955445546875 0.4789603953125 0.7027640265625 0.4727722765625 0.7151402640625 0.4748349828125 0.7337046203125 0.48617986875 0.7471122109375 0.49443069375000004 0.7512376234375 0.50680693125 0.7512376234375 0.51093234375 0.7450495046875 0.5150577562499999 0.7471122109375 0.522277228125 0.7398927390625001 0.52743399375 0.7264851484375 0.528465346875 0.7151402640625 0.522277228125 0.7027640265625 0.5191831687499999 0.6996699671875
1 0.554249175 0.7120462046875 0.54806105625 0.7120462046875 0.5336221125 0.7182343234374999 0.528465346875 0.7233910890625 0.528465346875 0.7275165015625 0.524339934375 0.7337046203125 0.524339934375 0.7481435640625 0.526402640625 0.7502062703125 0.526402640625 0.7563943890625 0.532590759375 0.7605198015625 0.532590759375 0.7646452140625 0.53568481875 0.7677392734375 0.5418729375 0.7718646859375 0.55631188125 0.7739273921875001 0.5697194718749999 0.7667079203125 0.57281353125 0.7574257421875 0.5738448843749999 0.7254537953125 0.56456270625 0.7161716171875 0.554249175 0.7120462046875
3 0.59375 0.1140625 0.121875 0.0953125
3 0.5859375 0.3046875 0.128125 0.075
3 0.578125 0.521875 0.1328125 0.096875
3 0.571875 0.7390625 0.1265625 0.084375
3 0.56875 0.9484375 0.1328125 0.103125