2 0.584122984375 0.7129032265624999 0.5901713703125 0.7149193546875 0.5982358875 0.7149193546875 0.6103326609375 0.710887096875 0.6194052421875 0.701814515625 0.6234375 0.69375 0.6214213703125 0.6776209671875 0.612348790625 0.6685483875 0.6022681453125001 0.6645161296875 0.5942036296875 0.6645161296875 0.5821068546875 0.670564515625 0.5730342734375 0.679637096875 0.5720262093749999 0.68467741875 0.5710181453125001 0.6957661296875 0.575050403125 0.7038306453125001 0.584122984375 0.7129032265624999
2 0.6607358875 0.6423387093749999 0.6708165328125 0.6423387093749999 0.674848790625 0.64032258125 0.6839213703125 0.6292338703125 0.6839213703125 0.617137096875 0.6728326609375 0.608064515625 0.6607358875 0.6100806453125001 0.6506552421875 0.62217741875 0.6496471781250001 0.63125 0.6567036296875 0.64032258125 0.6607358875 0.6423387093749999
2 0.7111391125 0.49717741875000004 0.7181955640625 0.4901209671875 0.7202116937499999 0.486088709375 0.7202116937499999 0.47600806406249996 0.7131552421875 0.466935484375 0.7050907265624999 0.4649193546875 0.6990423390625 0.466935484375 0.6929939515625 0.4729838703125 0.6919858875 0.48810483906249996 0.7010584671875 0.49717741875000004 0.7111391125 0.49717741875000004
2 0.6970262093749999 0.5274193546875 0.7071068546875 0.5274193546875 0.7111391125 0.523387096875 0.7131552421875 0.523387096875 0.7161794359375 0.520362903125 0.7161794359375 0.514314515625 0.71416330625 0.5122983875 0.71416330625 0.5102822578125 0.7121471781250001 0.5082661296875 0.7121471781250001 0.5042338703125 0.7101310484375001 0.5022177421875 0.7101310484375001 0.5002016125 0.7071068546875 0.49717741875000004 0.7010584671875 0.49717741875000004 0.6990423390625 0.4991935484375 0.69501008125 0.4991935484375 0.6899697578125 0.5042338703125 0.6899697578125 0.50625 0.6889616937499999 0.5072580640625 0.6879536296875 0.5082661296875 0.6879536296875 0.5183467734375 0.6970262093749999 0.5274193546875
2 0.7101310484375001 0.5042338703125 0.7121471781250001 0.50625 0.7121471781250001 0.5082661296875 0.7171875 0.5133064515625 0.7192036296875 0.5133064515625 0.722227821875 0.5102822578125 0.722227821875 0.50625 0.7202116937499999 0.5042338703125 0.7202116937499999 0.5022177421875 0.7151713703125 0.49717741875000004 0.709122984375 0.49717741875000004 0.70811491875 0.498185484375 0.7101310484375001 0.5002016125 0.7101310484375001 0.5042338703125
2 0.7212197578125 0.44274193593750005 0.72626008125 0.4377016125 0.7282762093749999 0.4336693546875 0.7282762093749999 0.423588709375 0.7232358875 0.41653225781250003 0.7192036296875 0.4145161296875 0.709122984375 0.4145161296875 0.703074596875 0.420564515625 0.7020665328125 0.435685484375 0.709122984375 0.44274193593750005 0.7212197578125 0.44274193593750005
2 0.7192036296875 0.307661290625 0.7282762093749999 0.3006048390625 0.7282762093749999 0.29052419375 0.7232358875 0.2834677421875 0.7192036296875 0.2814516125 0.709122984375 0.2814516125 0.7050907265624999 0.2854838703125 0.7040826609375 0.29858870937500004 0.7111391125 0.3056451609375 0.7192036296875 0.307661290625
2 0.6647681453125001 0.0939516125 0.6708165328125 0.0939516125 0.6798891125 0.08689516093750001 0.677872984375 0.0788306453125 0.6667842734375 0.0697580640625 0.6567036296875 0.0697580640625 0.6506552421875 0.0758064515625 0.6496471781250001 0.08084677343749999 0.65166330625 0.0848790328125 0.6647681453125001 0.0939516125
2 0.6889616937499999 0.0939516125 0.6899697578125 0.082862903125 0.6849294359375 0.07782258125 0.67686491875 0.0758064515625 0.677872984375 0.088911290625 0.674848790625 0.091935484375 0.674848790625 0.0939516125 0.6788810484375001 0.09596774218750001 0.6889616937499999 0.0939516125
1 0.67686491875 0.1040322578125 0.6929939515625 0.1040322578125 0.6960181453125001 0.1010080640625 0.6960181453125001 0.0929435484375 0.69501008125 0.091935484375 0.6929939515625 0.091935484375 0.690977821875 0.0899193546875 0.6869455640625 0.0939516125 0.67686491875 0.0939516125 0.6758568546875 0.094959678125 0.6758568546875 0.10302419375 0.67686491875 0.1040322578125
1 0.68291330625 0.11814516093750001 0.6869455640625 0.11814516093750001 0.6889616937499999 0.120161290625 0.690977821875 0.120161290625 0.6929939515625 0.11814516093750001 0.6970262093749999 0.11814516093750001 0.6980342734375 0.117137096875 0.6980342734375 0.1151209671875 0.700050403125 0.11310483906249999 0.700050403125 0.10907258125 0.6980342734375 0.10705645156250002 0.6980342734375 0.10504032187500001 0.6970262093749999 0.1040322578125 0.69501008125 0.1040322578125 0.6929939515625 0.1020161296875 0.6808971781250001 0.1020161296875 0.6788810484375001 0.1 0.67686491875 0.1 0.6758568546875 0.1010080640625 0.6758568546875 0.111088709375 0.68291330625 0.11814516093750001
1 0.6970262093749999 0.19072580625 0.6990423390625 0.19072580625 0.7010584671875 0.1927419359375 0.709122984375 0.1927419359375 0.7161794359375 0.18568548437500002 0.7161794359375 0.179637096875 0.71416330625 0.1776209671875 0.71416330625 0.1756048390625 0.709122984375 0.170564515625 0.7071068546875 0.170564515625 0.7050907265624999 0.1685483875 0.6970262093749999 0.1685483875 0.690977821875 0.1745967734375 0.6899697578125 0.1756048390625 0.6899697578125 0.1836693546875 0.6970262093749999 0.19072580625
1 0.725252015625 0.41653225781250003 0.7302923390625 0.41149193593750005 0.7302923390625 0.3993951609375 0.7212197578125 0.39032258125 0.7111391125 0.39233870937500004 0.7050907265624999 0.39838709687499996 0.7040826609375 0.40745967812500006 0.709122984375 0.4145161296875 0.725252015625 0.41653225781250003
1 0.6869455640625 0.5818548390625 0.6960181453125001 0.5747983875 0.700050403125 0.5647177421875 0.700050403125 0.5586693546875 0.6960181453125001 0.5506048390625 0.6889616937499999 0.545564515625 0.6788810484375001 0.545564515625 0.6657762093749999 0.5566532265624999 0.6647681453125001 0.5616935484375001 0.66376008125 0.56875 0.6728326609375 0.5798387093749999 0.6869455640625 0.5818548390625