2 0.6308021328125 0.44092811718749997 0.615783075 0.4418703578125 0.6126761000000001 0.4432643890625 0.5989070859375001 0.4528686890625 0.5989070859375001 0.4588210703125 0.5974443640625 0.46600568593749997 0.5972220125 0.47231090625 0.6008912125 0.48064646718750004 0.6050016796875 0.48519646875 0.615390475 0.48982310625 0.627277190625 0.49055757031249997 0.6336293078125 0.48957503750000003 0.6375975625 0.48759091093749996 0.6485102609375 0.4746940859375 0.647518196875 0.4617972609375 0.64454200625 0.4588210703125 0.6465261328125 0.45683694218750004 0.64454200625 0.45088456250000003 0.6375975625 0.4439401171875 0.6308021328125 0.44092811718749997
1 0.6124181375 0.2341046859375 0.6044816296875 0.2380729390625 0.5975371859374999 0.2430332578125 0.5915848046875001 0.2529538921875 0.5915848046875001 0.2589062734375 0.5896006781249999 0.26089039999999997 0.5915848046875001 0.276763415625 0.6005133765624999 0.28767611406250004 0.614402265625 0.28767611406250004 0.6163863921875 0.2856919875 0.61837051875 0.28767611406250004 0.63027528125 0.28767611406250004 0.6392038531249999 0.2787475421875 0.6451562328125 0.26882690781249996 0.6441641703125 0.2499777015625 0.634243534375 0.2380729390625 0.6263070265625 0.2341046859375 0.6203546453125 0.2341046859375 0.61837051875 0.23608881249999997 0.6124181375 0.2341046859375
1 0.6045084296875001 0.660429225 0.6064925578125 0.67828636875 0.6129388390625 0.6847545171875 0.619738815625 0.688641046875 0.62320038125 0.6901981984375001 0.630223409375 0.690136884375 0.64076931875 0.6900776859375 0.6476390656250001 0.6849173140625 0.652413584375 0.6799519859375 0.6548851484375 0.67263084375 0.6556666703125 0.665988 0.653237475 0.6551276578125 0.6473980390625 0.6459277921875 0.63902028125 0.6415352875 0.6233473453125 0.6397823218750001 0.615421128125 0.64158001875 0.6064925578125 0.65447684375 0.6045084296875001 0.660429225
1 0.607640559375 0.6870848765625001 0.6075784921875 0.6835285171875001 0.606586428125 0.67261581875 0.605542371875 0.6665242078125 0.59666579375 0.656742803125 0.5946816671875 0.656742803125 0.594141290625 0.65628883125 0.5917054765625 0.6557507390625 0.584918175 0.653234965625 0.582276946875 0.6536248390625 0.5760028375 0.65379584375 0.5748245625 0.6541003125 0.572496778125 0.6546900859375 0.56366325625 0.6618884109375001 0.5579753171874999 0.669639628125 0.55646515625 0.680229 0.5574589890625 0.68687514375 0.559894834375 0.6910523734375 0.566269025 0.7002770875000001 0.5753745125 0.705603053125 0.5798572015625 0.7057022625 0.585778859375 0.705471209375 0.5924624234375 0.705084815625 0.597237084375 0.7019858343750001 0.6000945703125 0.69822110625 0.6027044671875 0.6948083984375 0.607640559375 0.6870848765625001
2 0.5504337234375 0.4759486203125 0.5627246484375 0.486356440625 0.567667290625 0.48874661562500005 0.57634799375 0.48930133906249995 0.585546240625 0.486560078125 0.5913384781250001 0.48109362187500004 0.5993551203124999 0.468722140625 0.5990708609375 0.45512835156250003 0.5930707843749999 0.4472245234375 0.585493025 0.4400595078125 0.574101078125 0.43608913281249995 0.56465840625 0.4371470109375 0.553796078125 0.44369771093750004 0.547843696875 0.45758660000000007 0.547843696875 0.467507234375 0.5504337234375 0.4759486203125
2 0.5492330109375 0.4771236359375 0.548240946875 0.47414744531249997 0.547248884375 0.46720300156250005 0.5469341109375 0.4663223375 0.5468592921875 0.46558118437499996 0.5453627234375 0.460972221875 0.5452647578125001 0.4572823671875 0.5383203125 0.450337921875 0.534262359375 0.4485315390625 0.528399678125 0.44636966874999995 0.5146786125 0.4470519171875 0.5110119046875 0.44892464375 0.5007702953125001 0.4591400046875 0.49962983593750004 0.463234746875 0.4992943953125 0.46575500156249994 0.49887173437500004 0.476833871875 0.49962983593750004 0.4791077640625 0.5007928234375 0.48314938906249993 0.5030247609375 0.48688450781250003 0.514909475 0.49547474375 0.5211636078125 0.4964560609375 0.532554409375 0.49580609999999997 0.5383203125 0.49200458906250005 0.542222734375 0.49029837187499997 0.5475064890625 0.4824225140625 0.5492330109375 0.4771236359375
1 0.5391727484375 0.243344596875 0.53810601875 0.249960809375 0.5381681281249999 0.2579605078125 0.5403378187500001 0.2657852671875 0.5436648171875 0.27075091875 0.5479721078125 0.2762284578125 0.5523166671874999 0.279091703125 0.5572533328125 0.2816407796875 0.5613696390625 0.2820331046875 0.5667669531249999 0.2823219125 0.570665875 0.2811433859375 0.5785092656249999 0.2786522796875 0.5838931203125 0.27397854062500004 0.5870332734375 0.27125400625 0.591425446875 0.2580433203125 0.5915626046875 0.253178596875 0.5915253390624999 0.24768294375000002 0.59023656875 0.24206876562500002 0.586734628125 0.23615025156249997 0.5834360984375 0.2317824015625 0.5802033015625 0.229015425 0.574439540625 0.22594100625000002 0.568313478125 0.2244374390625 0.5615145625 0.2245259453125 0.5559692203125 0.22614389687499997 0.5511629828125 0.22784724843749998 0.547457634375 0.23043876718749998 0.54473879375 0.23415136093750002 0.5418998734375 0.2384705578125 0.5391727484375 0.243344596875
3 0.6078125 0.859375 0.13125 0.0859375
3 0.603125 0.66875 0.1296875 0.0859375
3 0.59375 0.4671875 0.15 0.0921875
3 0.5875 0.2640625 0.128125 0.09375
3 0.5578125 0.0578125 0.09375 0.075