0 0.57421875 0.2822265625 0.572265625 0.2919921875 0.57421875 0.2939453125 0.57421875 0.2998046875 0.5849609375 0.310546875 0.5908203125 0.3125 0.59765625 0.3115234375 0.6025390625 0.310546875 0.611328125 0.3017578125 0.61328125 0.2978515625 0.61328125 0.2861328125 0.6025390625 0.2734375 0.5888671875 0.271484375 0.5830078125 0.2734375 0.57421875 0.2822265625
0 0.546875 0.2802734375 0.546875 0.2939453125 0.5576171875 0.3046875 0.5615234375 0.306640625 0.5703125 0.3056640625 0.57421875 0.3037109375 0.572265625 0.2861328125 0.576171875 0.2802734375 0.576171875 0.2763671875 0.5712890625 0.271484375 0.5576171875 0.26953125 0.5537109375 0.271484375 0.546875 0.2802734375
0 0.51953125 0.2705078125 0.5263671875 0.2734375 0.533203125 0.2841796875 0.53125 0.2978515625 0.5390625 0.2978515625 0.544921875 0.2939453125 0.546875 0.2880859375 0.546875 0.2783203125 0.548828125 0.2763671875 0.546875 0.2724609375 0.5341796875 0.263671875 0.5224609375 0.265625 0.51953125 0.2705078125
0 0.498046875 0.2783203125 0.498046875 0.2919921875 0.5 0.2978515625 0.5107421875 0.306640625 0.51953125 0.3056640625 0.5244140625 0.3046875 0.533203125 0.2958984375 0.533203125 0.2822265625 0.53125 0.2783203125 0.5224609375 0.271484375 0.5166015625 0.26953125 0.5048828125 0.271484375 0.498046875 0.2783203125
0 0.466796875 0.2802734375 0.4609375 0.2900390625 0.462890625 0.3056640625 0.4736328125 0.314453125 0.486328125 0.3134765625 0.498046875 0.3037109375 0.5 0.2978515625 0.498046875 0.2880859375 0.49609375 0.2841796875 0.4873046875 0.27734375 0.4814453125 0.275390625 0.4716796875 0.27734375 0.466796875 0.2802734375
0 0.4951171875 0.283203125 0.49609375 0.2822265625 0.498046875 0.2802734375 0.498046875 0.2744140625 0.4931640625 0.26953125 0.4873046875 0.267578125 0.4736328125 0.26953125 0.466796875 0.2783203125 0.4873046875 0.27734375 0.4951171875 0.283203125
0 0.435546875 0.2998046875 0.4423828125 0.30859375 0.4482421875 0.310546875 0.458984375 0.3095703125 0.462890625 0.3076171875 0.4609375 0.2880859375 0.46484375 0.2822265625 0.4599609375 0.275390625 0.4482421875 0.275390625 0.4375 0.2841796875 0.435546875 0.2880859375 0.435546875 0.2998046875
0 0.58203125 0.2705078125 0.5732421875 0.263671875 0.5615234375 0.263671875 0.556640625 0.2685546875 0.5673828125 0.26953125 0.5771484375 0.275390625 0.58203125 0.2744140625 0.58203125 0.2705078125
0 0.55859375 0.2529296875 0.5498046875 0.248046875 0.53515625 0.2529296875 0.5361328125 0.259765625 0.55078125 0.2587890625 0.5576171875 0.2578125 0.55859375 0.2529296875
0 0.6064453125 0.244140625 0.5947265625 0.248046875 0.58984375 0.2548828125 0.5927734375 0.2578125 0.6171875 0.2568359375 0.615234375 0.2509765625 0.6064453125 0.244140625
0 0.6494140625 0.24609375 0.6396484375 0.24609375 0.6328125 0.2509765625 0.6337890625 0.259765625 0.658203125 0.2587890625 0.658203125 0.2529296875 0.6494140625 0.24609375
1 0.8603515625 0.27734375 0.8544921875 0.27734375 0.849609375 0.2802734375 0.8603515625 0.29296875 0.8671875 0.2919921875 0.869140625 0.2861328125 0.8603515625 0.27734375
1 0.8701171875 0.2890625 0.8671875 0.2919921875 0.8681640625 0.294921875 0.8779296875 0.298828125 0.88671875 0.2978515625 0.8759765625 0.2890625 0.8701171875 0.2890625