2 0.62480031875 0.4460862625 0.608825878125 0.4460862625 0.593849840625 0.4590654953125 0.593849840625 0.4650559109375 0.5978434499999999 0.46904952031249997 0.5958466453125 0.47304313125 0.5958466453125 0.4870207671875 0.5988418531249999 0.49201277968749996 0.608825878125 0.4980031953125 0.6287939296875 0.49600638906250005 0.632787540625 0.494009584375 0.64376996875 0.48103035156249996 0.642771565625 0.46805111874999994 0.6397763578125 0.4650559109375 0.6417731625 0.4630591046875 0.6397763578125 0.457068690625 0.632787540625 0.450079871875 0.62480031875 0.4460862625
1 0.5779139234375 0.0742857609375 0.5829059359375 0.0752841625 0.58090913125 0.081274578125 0.591891559375 0.0902602015625 0.607866 0.088263396875 0.6118596109375 0.0842697859375 0.617850025 0.08227298125 0.630829259375 0.0672969421875 0.62983085625 0.044333684375 0.617850025 0.0283592421875 0.607866 0.0243656328125 0.5938883640625 0.026362437500000002 0.5829059359375 0.037344865625 0.574918715625 0.05331930625 0.574918715625 0.071290553125 0.5779139234375 0.0742857609375
2 0.5589057515625 0.45407348281250004 0.5459265171875 0.4650559109375 0.5419329078125 0.477036740625 0.5419329078125 0.4870207671875 0.5529153359375 0.5019968046875001 0.564896165625 0.5079872203125 0.5748801921875 0.5079872203125 0.587859425 0.500998403125 0.5898562296875001 0.4930111828125 0.5958466453125 0.48502396093750005 0.5948482421875 0.47404153281249994 0.5898562296875001 0.4710463265625 0.5918530343749999 0.46705271562500006 0.5848642171875 0.45607028749999995 0.566892971875 0.4520766765625 0.564896165625 0.45407348281250004 0.5589057515625 0.45407348281250004
1 0.6143363703125 0.24257467031250002 0.6123395656249999 0.2445714765625 0.60634915 0.24257467031250002 0.5983619296875 0.24656828125 0.5913731125 0.25156029375 0.585382696875 0.26154431875 0.585382696875 0.26753473437499997 0.583385890625 0.269531540625 0.585382696875 0.28550598125 0.59436831875 0.296488409375 0.6083459546875 0.296488409375 0.6103427609375001 0.294491603125 0.6123395656249999 0.296488409375 0.624320396875 0.296488409375 0.63330601875 0.2875027859375 0.6392964343750001 0.2775187609375 0.63829803125 0.2585491125 0.62831400625 0.24656828125 0.6203267859375 0.24257467031250002 0.6143363703125 0.24257467031250002
1 0.552041246875 0.23002886406249998 0.5500444421874999 0.234022475 0.5480476375000001 0.23202566875000002 0.5390620140625 0.243008096875 0.5350684046875 0.254988928125 0.5390620140625 0.2729601734375 0.554038053125 0.2859394078125 0.57001249375 0.2859394078125 0.574006103125 0.2839426015625 0.5849885312499999 0.2729601734375 0.5839901296875001 0.2420096953125 0.5829917265625 0.23901448749999998 0.5789981171874999 0.2370176828125 0.5789981171874999 0.233024071875 0.57001249375 0.22803205937499998 0.5560348578125 0.22803205937499998 0.552041246875 0.23002886406249998
2 0.5239616609375 0.051717253124999994 0.5239616609375 0.071685303125 0.527955271875 0.0756789140625 0.5299520765625 0.083666134375 0.5389377 0.0926517578125 0.542931309375 0.0906549515625 0.5469249203125 0.0946485625 0.5589057515625 0.0926517578125 0.5698881796874999 0.083666134375 0.571884984375 0.0796725234375 0.5698881796874999 0.073682109375 0.571884984375 0.0696884984375 0.57088658125 0.03873801875 0.5589057515625 0.02875399375 0.544928115625 0.02875399375 0.5369408953125 0.032747603125000004 0.5299520765625 0.039736421875 0.5239616609375 0.051717253124999994
2 0.5329472843749999 0.4480830671875 0.5269568687499999 0.4480830671875 0.522963259375 0.44408945624999996 0.5089856234375 0.4460862625 0.4980031953125 0.455071884375 0.494009584375 0.4630591046875 0.494009584375 0.477036740625 0.49600638906250005 0.47903354687500005 0.49600638906250005 0.48302715625000003 0.5109824281249999 0.49600638906250005 0.51697284375 0.49600638906250005 0.5189696484375 0.4980031953125 0.5249600640625001 0.49600638906250005 0.5289536734375 0.49201277968749996 0.5349440890625 0.49201277968749996 0.5419329078125 0.48502396093750005 0.5419329078125 0.47304313125 0.5439297125 0.4710463265625 0.542931309375 0.46206070312499997 0.5419329078125 0.457068690625 0.5329472843749999 0.4480830671875
1 0.6328644140625 0.90094948125 0.6408516343749999 0.898952675 0.6448452437500001 0.8969558703124999 0.657824478125 0.8819798328124999 0.656826075 0.8610133781249999 0.6538308671874999 0.8540245609375001 0.6388548296875001 0.841045328125 0.6228803875 0.8390485218749999 0.6148931671875 0.8430421328125 0.6059075453125 0.856021365625 0.6039107390625 0.86201178125 0.6059075453125 0.8799830265624999 0.6208835828125 0.8969558703124999 0.6328644140625 0.90094948125
2 0.604385840625 0.6988992984375 0.61536826875 0.7098817265624999 0.6273490984375 0.7098817265624999 0.6293459046875001 0.7078849218750001 0.6313427093749999 0.7098817265624999 0.641326734375 0.7098817265624999 0.6503123578125 0.7008961031250001 0.65430596875 0.6929088828125 0.653307565625 0.6799296499999999 0.648315553125 0.6709440265625 0.6353363187500001 0.6599615984375 0.6173650734375 0.6599615984375 0.604385840625 0.6709440265625 0.6003922296875001 0.6849216625000001 0.602389034375 0.68691846875 0.604385840625 0.6988992984375
1 0.5968450484375001 0.855431309375 0.5908546328125001 0.8534345046875 0.5748801921875 0.8534345046875 0.559904153125 0.8664137375 0.5579073484375 0.8883785937500001 0.5638977640625 0.894369009375 0.5619009578124999 0.8963658140625 0.5638977640625 0.9003594250000001 0.5748801921875 0.9113418531249999 0.586861021875 0.9133386578125 0.588857828125 0.9113418531249999 0.5968450484375001 0.9113418531249999 0.603833865625 0.906349840625 0.603833865625 0.894369009375 0.6018370609375 0.8923722046875 0.6058306703125 0.8883785937500001 0.60483226875 0.8813897765625001 0.603833865625 0.8664137375 0.6018370609375 0.8604233234375 0.5968450484375001 0.855431309375
1 0.5592556765625 0.889777465625 0.5592556765625 0.8797934390625001 0.5612524828125001 0.877796634375 0.5602540796875 0.8668142062499999 0.557258871875 0.8578285828125001 0.5502700546875 0.8508397656250001 0.5482732484375 0.8508397656250001 0.54627644375 0.8548333749999999 0.5452780421875 0.8498413625 0.5382892234375001 0.8448493499999999 0.5322988078125 0.8448493499999999 0.530302003125 0.8468461546875 0.52630839375 0.8468461546875 0.5223147828125 0.848842959375 0.515325965625 0.855831778125 0.5113323546874999 0.8638189984375 0.5113323546874999 0.8837870499999999 0.515325965625 0.8917742703125 0.5243115875 0.9007598937499999 0.5283051984375 0.9027566984375 0.5342956140624999 0.9027566984375 0.53629241875 0.904753503125 0.5442796390625 0.9027566984375 0.5482732484375 0.8967662828125 0.5542636640625 0.8967662828125 0.5592556765625 0.889777465625
1 0.564896165625 0.6956869015625 0.566892971875 0.6936900953125 0.5688897765625 0.69768370625 0.586861021875 0.69768370625 0.5908546328125001 0.6956869015625 0.5978434499999999 0.6886980828125 0.5968450484375001 0.67571885 0.5958466453125 0.65874600625 0.5908546328125001 0.6497603828125 0.564896165625 0.6497603828125 0.5589057515625 0.6517571890625 0.5519169328125 0.6627396171875 0.5519169328125 0.6807108625 0.5579073484375 0.6906948875000001 0.564896165625 0.6956869015625
3 0.5984375 0.8703125 0.1296875 0.08125
3 0.5953125 0.6765625 0.1265625 0.078125
3 0.5890625 0.475 0.13125 0.0796875
3 0.58125 0.2671875 0.13125 0.0859375
3 0.5734375 0.0578125 0.134375 0.1046875