0 0.8064516125000001 0.690977821875 0.8064516125000001 0.7010584671875 0.80947580625 0.706098790625 0.8195564515625 0.7101310484375001 0.8256048390625 0.70811491875 0.8346774187499999 0.6990423390625 0.8366935484375 0.69501008125 0.8366935484375 0.6849294359375 0.8286290328125 0.67686491875 0.8195564515625 0.6758568546875 0.8104838703125001 0.68291330625 0.8064516125000001 0.690977821875
1 0.6723790328125 0.6194052421875 0.65927419375 0.6345262093749999 0.65927419375 0.640574596875 0.6572580640625 0.6425907265624999 0.6572580640625 0.6546875 0.6612903218749999 0.6647681453125001 0.670362903125 0.6738407265624999 0.6824596781250001 0.677872984375 0.7006048390624999 0.6738407265624999 0.7116935484375 0.6647681453125001 0.7177419359375 0.6526713703125 0.7177419359375 0.6385584671875 0.7116935484375 0.6264616937499999 0.7006048390624999 0.6173891125 0.6935483875 0.6163810484375001 0.6864919359375 0.615372984375 0.68447580625 0.6173891125 0.6723790328125 0.6194052421875
1 0.67842741875 0.6758568546875 0.6713709671875 0.6849294359375 0.673387096875 0.69501008125 0.6864919359375 0.706098790625 0.7006048390624999 0.706098790625 0.7086693546875 0.7020665328125 0.7177419359375 0.6889616937499999 0.7177419359375 0.6788810484375001 0.7116935484375 0.668800403125 0.7086693546875 0.6677923390625 0.6945564515625 0.6758568546875 0.67842741875 0.6758568546875
1 0.6209677421875 0.515574596875 0.6129032265625 0.5337197578125 0.6129032265625 0.5599294359375 0.6189516125 0.5740423390625 0.6260080640625 0.58311491875 0.6381048390624999 0.5911794359375 0.6542338703125 0.597227821875 0.6743951609375001 0.5952116937499999 0.68447580625 0.5911794359375 0.6995967734375 0.578074596875 0.7056451609375001 0.57001008125 0.70967741875 0.5599294359375 0.70967741875 0.5337197578125 0.7056451609375001 0.521622984375 0.6885080640625 0.5024697578125 0.667338709375 0.49541330625 0.648185484375 0.4944052421875 0.6401209671875 0.4984375 0.6209677421875 0.515574596875
1 0.4979838703125 0.6385584671875 0.4868951609375 0.6496471781250001 0.47479838750000003 0.6536794359375 0.47177419374999996 0.6567036296875 0.47580645156249995 0.6667842734375 0.4848790328125 0.6758568546875 0.49294354843750005 0.6798891125 0.50907258125 0.6798891125 0.517137096875 0.6758568546875 0.5241935484375 0.668800403125 0.52822580625 0.6607358875 0.5302419359375 0.6506552421875 0.5262096781250001 0.6385584671875 0.517137096875 0.6274697578125 0.5100806453125 0.6244455640625 0.5050403218749999 0.6234375 0.5020161296875 0.6264616937499999 0.4979838703125 0.6385584671875
1 0.4395161296875 0.600252015625 0.4334677421875 0.6103326609375 0.4334677421875 0.6244455640625 0.4395161296875 0.640574596875 0.44455645156249995 0.64561491875 0.460685484375 0.6536794359375 0.476814515625 0.6536794359375 0.482862903125 0.65166330625 0.4979838703125 0.6385584671875 0.5020161296875 0.6304939515625 0.5020161296875 0.6103326609375 0.5 0.606300403125 0.482862903125 0.5871471781250001 0.47177419374999996 0.584122984375 0.460685484375 0.58311491875 0.454637096875 0.5851310484375001 0.4395161296875 0.600252015625
1 0.41532258125 0.6446068546875 0.41733870937499995 0.6506552421875 0.42842741875 0.66376008125 0.4364919359375 0.6677923390625 0.44858870937499995 0.6698084671875 0.4506048390625 0.6677923390625 0.45665322656249996 0.6677923390625 0.4697580640625 0.6587197578125 0.4697580640625 0.6546875 0.4586693546875 0.6536794359375 0.4395161296875 0.6425907265624999 0.4375 0.63251008125 0.4334677421875 0.6264616937499999 0.4334677421875 0.612348790625 0.42842741875 0.6133568546875 0.41532258125 0.628477821875 0.41532258125 0.6446068546875
1 0.2822580640625 0.5256552421875 0.27217741875 0.537752015625 0.25907258125 0.546824596875 0.25302419375 0.546824596875 0.25 0.549848790625 0.2540322578125 0.5679939515625 0.26915322656249996 0.58311491875 0.2832661296875 0.58916330625 0.29939516093749996 0.5871471781250001 0.30745967812499997 0.58311491875 0.3165322578125 0.5740423390625 0.3225806453125 0.5619455640625 0.3225806453125 0.5397681453125001 0.320564515625 0.5337197578125 0.3165322578125 0.5256552421875 0.30342741875 0.512550403125 0.298387096875 0.5115423390625 0.28729838750000003 0.5105342734375 0.2822580640625 0.5196068546875 0.2822580640625 0.5256552421875
1 0.0806451609375 0.475252015625 0.0685483875 0.48936491875000004 0.070564515625 0.5054939515625 0.0745967734375 0.5135584671875 0.0877016125 0.5246471781250001 0.0997983875 0.5246471781250001 0.1038306453125 0.5226310484375001 0.1149193546875 0.5115423390625 0.11693548437500001 0.49944556406249996 0.1189516125 0.49742943593750005 0.11693548437500001 0.4772681453125 0.1129032265625 0.4692036296875 0.10786290312499999 0.46416330625 0.10080645156250001 0.4611391125 0.0897177421875 0.4601310484375 0.085685484375 0.46214717812500006 0.0806451609375 0.475252015625
1 0 0.42686491875000004 0.0040322578125000005 0.43492943593750005 0.017137096875 0.4460181453125 0.03125 0.444002015625 0.042338709375 0.43089717812500006 0.0463709671875 0.42081653281250003 0.048387096875 0.4046875 0.0463709671875 0.4026713703125 0.0463709671875 0.39057459687499996 0.03427419375 0.37646169375 0.023185484375000003 0.3754536296875 0.0151209671875 0.3794858875 0.0060483875 0.3885584671875 0.0060483875 0.3925907265625 0 0.4046875 0 0.42686491875000004
1 0 0.39057459687499996 0.0020161296875000003 0.3885584671875 0.0100806453125 0.37041330625 0.0100806453125 0.356300403125 0.0120967734375 0.3542842734375 0.0100806453125 0.3522681453125 0.0100806453125 0.3442036296875 0.0020161296875000003 0.3321068546875 0 0.33195176718749997 0 0.39057459687499996
0 0.20967741874999998 0.4792842734375 0.20967741874999998 0.48331653281250003 0.2056451609375 0.48936491875000004 0.2056451609375 0.515574596875 0.2116935484375 0.5276713703125 0.22681451562500002 0.5427923390625 0.23487903281250003 0.546824596875 0.2570564515625 0.546824596875 0.2651209671875 0.5427923390625 0.27620967812499997 0.5337197578125 0.28629032187500003 0.5115423390625 0.28427419375 0.4913810484375 0.2741935484375 0.4692036296875 0.26310483906250004 0.46214717812500006 0.2540322578125 0.459122984375 0.238911290625 0.45811491875000004 0.22883064531250003 0.46214717812500006 0.20967741874999998 0.4792842734375
0 0.026209678125000004 0.4792842734375 0.028225806250000002 0.49742943593750005 0.039314515625000004 0.5105342734375 0.051411290624999995 0.5105342734375 0.0604838703125 0.503477821875 0.0645161296875 0.49541330625 0.0645161296875 0.48936491875000004 0.055443548437500004 0.4883568546875 0.0473790328125 0.48432459687499996 0.042338709375 0.4792842734375 0.036290321874999996 0.4631552421875 0.0352822578125 0.46214717812500006 0.0302419359375 0.4671875 0.026209678125000004 0.4792842734375
0 0.042338709375 0.43089717812500006 0.036290321874999996 0.447026209375 0.036290321874999996 0.4651713703125 0.038306451562499996 0.47121975781250003 0.0473790328125 0.48432459687499996 0.055443548437500004 0.4883568546875 0.06552419375 0.4883568546875 0.073588709375 0.48432459687499996 0.08467741875 0.4651713703125 0.08467741875 0.43492943593750005 0.082661290625 0.4288810484375 0.070564515625 0.418800403125 0.05947580625 0.41779233906249996 0.05342741875 0.4198084671875 0.042338709375 0.43089717812500006