2 0.3711834015625 0.47786885312500005 0.3916752046875 0.4799180328125 0.40192110625 0.4737704921875 0.40499487656250005 0.46864754062499997 0.40499487656250005 0.454303278125 0.402945696875 0.45020491875 0.40704405781249997 0.44610655781249997 0.40704405781249997 0.43995901562500006 0.3916752046875 0.42663934374999996 0.3752817625 0.42663934374999996 0.367085040625 0.43073770468749994 0.359912909375 0.4379098359375 0.3578637296875 0.44405737656250005 0.359912909375 0.44610655781249997 0.3568391390625 0.44918032812500003 0.3558145484375 0.4625 0.367085040625 0.47581967187499996 0.3711834015625 0.47786885312500005
1 0.380881021875 0 0.3701192765625 0.01434899375 0.36909468749999996 0.0379145671875 0.382414359375 0.053283420312499996 0.3885619 0.055332599999999996 0.3926602609375 0.0594309609375 0.409053703125 0.061480140625 0.4203241953125 0.052258829687499994 0.4182750140625 0.0461112890625 0.423397965625 0.0450866984375 0.4264717359375 0.042012928125 0.4264717359375 0.023570304687499998 0.4182750140625 0.007176862500000001 0.41109815312500003 0 0.380881021875 0
2 0.41319159843750003 0.482991803125 0.4265112703125 0.49016393437500005 0.43675717187499996 0.49016393437500005 0.4490522546875 0.48401639375 0.4603227453125 0.46864754062499997 0.4603227453125 0.4584016390625 0.45622438593750003 0.44610655781249997 0.4429047125 0.434836065625 0.43675717187499996 0.434836065625 0.4347079921875 0.43278688593750003 0.41626536875 0.4368852453125 0.40909323750000004 0.44815573750000004 0.41114241875 0.45225409843750003 0.40601946718750004 0.45532786875 0.40499487656250005 0.4665983609375 0.41114241875 0.47479508125000003 0.41319159843750003 0.482991803125
1 0.3757742734375 0.2731176125 0.38806935625 0.2731176125 0.3901185359375 0.27106843281250004 0.39216771562499997 0.2731176125 0.406511978125 0.2731176125 0.415733290625 0.261847121875 0.41778247031250004 0.245453678125 0.415733290625 0.24340449843749998 0.415733290625 0.23725695781249997 0.4095857484375 0.22701105625 0.40241361875 0.2218881046875 0.394216896875 0.21778974375 0.38806935625 0.219838925 0.38602017499999997 0.21778974375 0.37987263437499996 0.21778974375 0.3716759125 0.2218881046875 0.3614300109375 0.2341831875 0.360405421875 0.2536504 0.3665529625 0.2638963015625 0.3757742734375 0.2731176125
1 0.43150664531249994 0.262291915625 0.44790008906249995 0.262291915625 0.463268940625 0.24897224375000002 0.4673673015625 0.230529621875 0.463268940625 0.2182345390625 0.4540476296875 0.20696404687499997 0.4519984484375 0.20901322812499998 0.44994926875 0.2049148671875 0.44585090781250003 0.20286568749999997 0.43150664531249994 0.20286568749999997 0.422285334375 0.20798863750000002 0.422285334375 0.2120869984375 0.4181869734375 0.21413617812500002 0.417162384375 0.2172099484375 0.41613779375000004 0.24897224375000002 0.4274082859375 0.2602427359375 0.43150664531249994 0.262291915625
2 0.4409375 0 0.43060963125 0.0086065578125 0.42958504062499997 0.040368853125 0.431634221875 0.0444672125 0.42958504062499997 0.0506147546875 0.431634221875 0.0547131140625 0.4429047125 0.06393442656250001 0.45519979531250004 0.06598360625000001 0.45929815625000003 0.061885245312500003 0.46339651562500006 0.06393442656250001 0.47261782812500003 0.0547131140625 0.4746670078125 0.04651639375 0.47876536875 0.0424180328125 0.47876536875 0.0219262296875 0.47261782812500003 0.009631146875 0.465445696875 0.002459015625 0.4605276640625 0 0.4409375 0
2 0.4603227453125 0.4665983609375 0.46749487656250005 0.4737704921875 0.47364241875 0.4737704921875 0.477740778125 0.47786885312500005 0.48388832031250006 0.4799180328125 0.4859375 0.47786885312500005 0.49208504062499997 0.47786885312500005 0.5074538937499999 0.4645491796875 0.5074538937499999 0.46045082031250006 0.5095030734375 0.4584016390625 0.5095030734375 0.44405737656250005 0.5054047125000001 0.43586065625000003 0.494134221875 0.42663934374999996 0.479789959375 0.4245901640625 0.47569159843750003 0.428688525 0.46954405781249997 0.428688525 0.4603227453125 0.4379098359375 0.45929815625000003 0.44303278749999997 0.458273565625 0.45225409843750003 0.4603227453125 0.454303278125 0.4603227453125 0.4665983609375
1 0.3588094296875 0.891384221875 0.3670061515625 0.8934334015625 0.3793012328125 0.889335040625 0.39467008593749997 0.8719170078125 0.396719265625 0.8534743859375 0.39467008593749997 0.84732684375 0.3854487734375 0.834007171875 0.377252053125 0.8299088109375001 0.36085860937500003 0.8319579921875 0.3454897578125 0.8452776640625 0.3424159875 0.8524497953125 0.34139139687500003 0.8739661890624999 0.35471106875 0.889335040625 0.3588094296875 0.891384221875
1 0.479789959375 0.2770491796875 0.4859375 0.2852459015625 0.5002817625 0.283196721875 0.513601434375 0.2719262296875 0.5176997953125 0.26168032812500003 0.5156506140625 0.2452868859375 0.5095030734375 0.235040984375 0.5002817625 0.227868853125 0.4859375 0.225819671875 0.4818391390625 0.22991803281249998 0.47364241875 0.2319672125 0.46851946718750004 0.2370901640625 0.465445696875 0.2442622953125 0.46442110625 0.26782786875000003 0.47364241875 0.2770491796875 0.479789959375 0.2770491796875
2 0.3609375 0.6868852453125001 0.3711834015625 0.6868852453125001 0.37323258125000003 0.684836065625 0.3752817625 0.6868852453125001 0.38757684375 0.6868852453125001 0.3988473359375 0.6756147546875 0.40089651562500006 0.663319671875 0.402945696875 0.6612704921875 0.3988473359375 0.6469262296875 0.3855276640625 0.6356557375 0.367085040625 0.6356557375 0.35376536875000003 0.6469262296875 0.34864241875 0.6561475406249999 0.34761782812500003 0.6694672125000001 0.3517161890625 0.677663934375 0.3609375 0.6868852453125001
1 0.39679815625 0.886680328125 0.39679815625 0.898975409375 0.40397028749999997 0.9040983609375 0.4121670078125 0.9040983609375 0.4142161890625 0.906147540625 0.4265112703125 0.9040983609375 0.43778176249999995 0.8928278687500001 0.4398309421875 0.8887295078124999 0.43778176249999995 0.886680328125 0.443929303125 0.8805327875 0.44188012343749994 0.8579918031249999 0.4265112703125 0.84467213125 0.41011782812500003 0.84467213125 0.40397028749999997 0.8467213109375 0.3988473359375 0.8518442625 0.39679815625 0.8579918031249999 0.395773565625 0.87336065625 0.394748975 0.8805327875 0.3988473359375 0.8846311468750001 0.39679815625 0.886680328125
1 0.443929303125 0.8764344265625 0.4490522546875 0.8836065578125 0.45519979531250004 0.8836065578125 0.45929815625000003 0.8897540984375001 0.46749487656250005 0.891803278125 0.46954405781249997 0.8897540984375001 0.47569159843750003 0.8897540984375001 0.479789959375 0.8877049187500001 0.4890112703125 0.87848360625 0.49310963125 0.8702868859375 0.49310963125 0.8497950812499999 0.4890112703125 0.8415983609375 0.4818391390625 0.8344262296875 0.477740778125 0.8323770484375 0.47364241875 0.8323770484375 0.47159323750000004 0.8303278687500001 0.465445696875 0.8303278687500001 0.458273565625 0.8354508203125001 0.457248975 0.8405737703125 0.45519979531250004 0.836475409375 0.4531506140625 0.836475409375 0.445978484375 0.843647540625 0.4429047125 0.8528688531249999 0.44188012343749994 0.86413934375 0.443929303125 0.8661885249999999 0.443929303125 0.8764344265625
3 0.3953125 0.8671875 0.125 0.0953125
3 0.4015625 0.6671875 0.1296875 0.090625
3 0.409375 0.4546875 0.1203125 0.0734375
3 0.4203125 0.2390625 0.1234375 0.0984375
3 0.4265625 0.0421875 0.1390625 0.084375