2 0.4990522546875 0.2073770484375 0.5031506140625 0.20327868906250002 0.5092981562500001 0.2012295078125 0.5185194671875 0.1879098359375 0.5185194671875 0.1612704921875 0.5092981562500001 0.15 0.507248975 0.15 0.49700307343750005 0.141803278125 0.4929047125 0.143852459375 0.48060963125 0.143852459375 0.46728995937500006 0.1551229515625 0.46114241875 0.1674180328125 0.4631915984375 0.17151639375 0.46114241875 0.1756147546875 0.4621670078125 0.184836065625 0.465240778125 0.1940573765625 0.4785604515625 0.20532786875000003 0.48265881093749996 0.2073770484375 0.4990522546875 0.2073770484375
1 0.45294569687499997 0.40717213125 0.458068646875 0.408196721875 0.46626536874999996 0.41844262343749994 0.4785604515625 0.422540984375 0.48265881093749996 0.420491803125 0.48880635312500004 0.422540984375 0.4990522546875 0.41844262343749994 0.5041752046875 0.41331967187499996 0.5041752046875 0.40922131093749997 0.5123719265625 0.4030737703125 0.51442110625 0.3969262296875 0.51442110625 0.38258196718750004 0.5103227453125 0.372336065625 0.49700307343750005 0.35901639375 0.4908555328125 0.35696721249999996 0.4785604515625 0.35901639375 0.4765112703125 0.35696721249999996 0.46626536874999996 0.3610655734375 0.45499487656250004 0.372336065625 0.4488473359375 0.38668032812500003 0.44987192656249997 0.3959016390625 0.45294569687499997 0.40717213125
2 0.45944379375000005 0.6636355203125001 0.465591334375 0.659537159375 0.4696896953125 0.6636355203125001 0.49018149843750003 0.6636355203125001 0.501451990625 0.652365028125 0.5035011703125 0.6462174875 0.5035011703125 0.6216273234374999 0.499402809375 0.6134306015625001 0.49018149843750003 0.604209290625 0.4819847765625 0.6001109296875 0.47378805625 0.6001109296875 0.47173887499999995 0.602160109375 0.4614929734375 0.6001109296875 0.4471487109375 0.6083076515625 0.43997657968750004 0.6175289625 0.4358782203125 0.62982404375 0.436902809375 0.645192896875 0.43792739999999997 0.650315846875 0.4491978921875 0.6615863390625 0.45944379375000005 0.6636355203125001
2 0.42630635312500004 0.9297131140625 0.42015881093749996 0.9338114750000001 0.41810963125 0.939959015625 0.419134221875 0.9655737703125 0.4304047125 0.9829918031249999 0.43757684374999994 0.990163934375 0.445773565625 0.9942622953125 0.45192110625000004 0.9922131140625 0.460117828125 0.9942622953125 0.474462090625 0.9881147546875001 0.48573258125 0.9768442625 0.493929303125 0.9604508203125001 0.493929303125 0.942008196875 0.4898309421875 0.9379098359375 0.493929303125 0.93586065625 0.493929303125 0.9297131140625 0.48573258125 0.913319671875 0.472412909375 0.9020491796875 0.4642161890625 0.9020491796875 0.4621670078125 0.9040983609375 0.4560194671875 0.9 0.45192110625000004 0.9 0.43757684374999994 0.906147540625 0.42220799218750005 0.9235655734374999 0.42220799218750005 0.927663934375 0.42630635312500004 0.9297131140625
1 0.54823258125 0.9819672125000001 0.5615522546875 0.970696721875 0.5676997953125 0.9584016390625001 0.569748975 0.9256147546875001 0.5615522546875 0.9092213109375 0.5502817624999999 0.8979508203125001 0.5461834015625 0.8979508203125001 0.5379866796874999 0.891803278125 0.5256915984375 0.891803278125 0.5041752046875 0.9030737703125 0.5000768437499999 0.913319671875 0.5000768437499999 0.9235655734374999 0.4980276640625 0.9256147546875001 0.4980276640625 0.93586065625 0.5041752046875 0.942008196875 0.4980276640625 0.9440573765625 0.4990522546875 0.9635245906250001 0.5113473359375 0.9778688531249999 0.52364241875 0.9840163937499999 0.54823258125 0.9819672125000001
1 0.51442110625 0.6612704921875 0.51442110625 0.665368853125 0.5174948765625 0.6684426234374999 0.527740778125 0.672540984375 0.5461834015625 0.672540984375 0.5543801234375 0.66229508125 0.5605276640625 0.66229508125 0.5676997953125 0.6551229515625 0.5717981562500001 0.6469262296875 0.5717981562500001 0.6387295078124999 0.5738473359375 0.636680328125 0.5717981562500001 0.6243852453125001 0.5656506140625 0.6120901640625 0.5523309421875 0.600819671875 0.542085040625 0.5987704921875 0.5400358609375 0.5967213109375 0.5318391390625 0.5967213109375 0.5297899593750001 0.5987704921875 0.5195440578125 0.600819671875 0.5062243859375 0.616188525 0.507248975 0.6561475406249999 0.51442110625 0.6612704921875
2 0.5174948765625 0.38770491875 0.5215932375000001 0.3959016390625 0.5359375 0.4040983609375 0.5523309421875 0.4040983609375 0.5584784843749999 0.3979508203125 0.5605276640625 0.4 0.5717981562500001 0.38872950781250004 0.5738473359375 0.3805327875 0.575896515625 0.37848360625 0.575896515625 0.3620901640625 0.5738473359375 0.360040984375 0.5738473359375 0.3559426234375 0.564626025 0.34467213124999996 0.556429303125 0.34467213124999996 0.5523309421875 0.338524590625 0.5359375 0.338524590625 0.5318391390625 0.34057377031249997 0.527740778125 0.34467213124999996 0.5215932375000001 0.34672131093749997 0.5185194671875 0.34979508125000003 0.5185194671875 0.3538934421875 0.5164702875 0.3559426234375 0.5174948765625 0.38770491875
3 0.528125 0.025 0.1296875 0.05
3 0.525 0.171875 0.140625 0.1109375
3 0.51875 0.384375 0.175 0.096875
3 0.5125 0.6328125 0.1640625 0.090625
3 0.4984375 0.9390625 0.18125 0.1203125