1 0.8069927390625 0.5436751734375 0.8069927390625 0.5396558812500001 0.813021678125 0.5316172953125 0.815031325 0.503482246875 0.8090023859375 0.48539543125 0.8009638000000001 0.47333755312500003 0.785891453125 0.45826520625 0.7678046359375 0.45223626718750004 0.7537371125 0.45223626718750004 0.7517274656249999 0.45424591249999996 0.74368888125 0.45424591249999996 0.731631003125 0.4602748515625 0.7225875953124999 0.4673086140625 0.714549009375 0.4793664921875 0.704500778125 0.50549189375 0.704500778125 0.5275980031249999 0.714549009375 0.5497041125 0.7225875953124999 0.5597523437499999 0.731631003125 0.56678610625 0.7477081734375 0.5748246906250001 0.77081910625 0.57381986875 0.785891453125 0.56678610625 0.8069927390625 0.5436751734375
1 0.7289089734374999 0.4645712640625 0.753024728125 0.4545230328125 0.7731211906250001 0.4545230328125 0.7891983625 0.46256161718750005 0.79221283125 0.46155679374999997 0.7962321234374999 0.45150856250000004 0.7962321234374999 0.4314121 0.79221283125 0.4233735140625 0.79221283125 0.417344575 0.7861838921875 0.40930599062499995 0.7711115453125 0.3962432890625 0.7610633140624999 0.392223996875 0.7490054359375 0.392223996875 0.7469957890625001 0.39021435000000004 0.74498614375 0.392223996875 0.7369475578125 0.392223996875 0.7268993265625 0.3962432890625 0.713836625 0.40930599062499995 0.70378839375 0.4314121 0.70378839375 0.44748927031249996 0.7118269796875001 0.4655760875 0.718860740625 0.4726098484375 0.7218752109375 0.471605025 0.7289089734374999 0.4645712640625
1 0.8770426062500001 0.44662053437499993 0.8599606124999999 0.425519246875 0.847902734375 0.419490309375 0.8298159187499999 0.419490309375 0.8117291015625 0.42752889375 0.8046953390624999 0.43456265624999996 0.7986664 0.4446108875 0.7946471078124999 0.4626977046875 0.8127339250000001 0.48882310625000003 0.8167532171874999 0.500880984375 0.8187628640625 0.5169581546875001 0.8298159187499999 0.5219822703125 0.8468979109375001 0.520977446875 0.857950965625 0.517962978125 0.866994375 0.50891956875 0.8730233140625 0.4928423984375 0.8810618984374999 0.48480381406250006 0.8810618984374999 0.45867841093750006 0.8770426062500001 0.44662053437499993
1 0.94938155625 0.53486524375 0.94938155625 0.5087398421875 0.9433526171875 0.490653025 0.9282802703125 0.4735710328125 0.9182320390625 0.4695517390625 0.8981355750000001 0.4695517390625 0.8840680515624999 0.477590325 0.87502464375 0.4866337328125 0.8689957046875 0.49668196406250004 0.8689957046875 0.5007012578125 0.8649764109375001 0.506730196875 0.8649764109375001 0.5228073671875 0.862966765625 0.5248170125 0.8649764109375001 0.5288363046875 0.8649764109375001 0.5429038296875001 0.8730149968750001 0.558981 0.8900969906249999 0.57606299375 0.8941162828125 0.5780726406250001 0.9152175687499999 0.5770678171875 0.92225133125 0.57606299375 0.939333325 0.560990646875 0.94938155625 0.53486524375
1 0.7349529687499999 0.35989098125 0.7279192078125 0.36692474218750004 0.72189026875 0.3789826203125 0.72189026875 0.3890308515625 0.719880621875 0.3910404984375 0.7228950921874999 0.40008390625 0.7349529687499999 0.3940549671875 0.7610783718749999 0.3940549671875 0.7751458953125 0.402093553125 0.7892134203125 0.4161610765625 0.7922278890625 0.41515625468749995 0.7962471812499999 0.40711766875000005 0.7962471812499999 0.385011559375 0.7902182421874999 0.37094403593749997 0.7771555421875 0.35788133437499997 0.7630880171875 0.3518523953125 0.7550494328124999 0.3518523953125 0.7349529687499999 0.35989098125
1 0.9898048515625 0.53829239375 0.995833790625 0.5222152234374999 0.995833790625 0.5001091140625 0.9877952062500001 0.4800126515625 0.9767421515624999 0.46694994999999995 0.9666939203125 0.4629306578125 0.9566456875 0.4629306578125 0.9445878109375 0.468959596875 0.9375540484375 0.47599335781249996 0.9375540484375 0.4800126515625 0.9455926328125001 0.4900608828125 0.9455926328125001 0.494080175 0.9516215718750001 0.506138053125 0.9516215718750001 0.536282746875 0.9455926328125001 0.550350271875 0.9455926328125001 0.560398503125 0.9636794500000001 0.560398503125 0.9747325046875 0.557384034375 0.9837759125 0.548340625 0.9857855593749999 0.5423116859375 0.9898048515625 0.53829239375
1 0.4308681671875 0.27471865 0.44091639843749997 0.2666800640625 0.4429260453125 0.262660771875 0.4429260453125 0.252612540625 0.43790192968749997 0.245578778125 0.42986334375 0.2415594859375 0.421824759375 0.2415594859375 0.40876205781249997 0.252612540625 0.40876205781249997 0.262660771875 0.4107717046875 0.2686897109375 0.4157958203125 0.2737138265625 0.4198151125 0.2757234734375 0.4308681671875 0.27471865
0 0.4459405140625 0.313906753125 0.451969453125 0.3159163984375 0.46704179999999995 0.314911575 0.47005627031249997 0.313906753125 0.481109325 0.3008440515625 0.4831189703125 0.2867765265625 0.479099678125 0.2787379421875 0.466036978125 0.269694534375 0.451969453125 0.269694534375 0.4459405140625 0.2717041796875 0.43689710625 0.2807475890625 0.43287781406250003 0.2887861734375 0.43488745937499995 0.3028536984375 0.4459405140625 0.313906753125
0 0.49618167187499995 0.299839228125 0.5042202578125 0.3038585203125 0.5192926046874999 0.3028536984375 0.5223070734374999 0.301848875 0.533360128125 0.2887861734375 0.533360128125 0.272709003125 0.5243167203125 0.2616559484375 0.5142684890625 0.25763665625 0.5042202578125 0.25763665625 0.49618167187499995 0.2616559484375 0.489147909375 0.2686897109375 0.4871382640625 0.272709003125 0.4871382640625 0.2887861734375 0.49618167187499995 0.299839228125
0 0.6149447984374999 0.3070566125 0.6189640921875 0.3150951984375 0.630017146875 0.326148253125 0.6420750234375 0.33016754531250003 0.64508949375 0.329162721875 0.6541329015625 0.3281578984375 0.6671956031249999 0.31710484375000003 0.6692052484375 0.3130855515625 0.6692052484375 0.294998734375 0.6561425484375001 0.277916740625 0.6481039625 0.27389744843749997 0.6340364390625 0.27389744843749997 0.625997853125 0.277916740625 0.6169544453125 0.2889697953125 0.6149447984374999 0.3070566125
0 0.5906350484375 0.2274919609375 0.574557878125 0.2274919609375 0.5705385859375001 0.2295016078125 0.5635048234375 0.23854501562500002 0.56551446875 0.248593246875 0.5785771703125 0.2596463015625 0.589630225 0.2586414796875 0.5956591640625 0.2546221859375 0.59967845625 0.24658360156249998 0.5976688109375 0.2345257234375 0.5906350484375 0.2274919609375
0 0.72528135 0.2536173640625 0.72930064375 0.24959807031249998 0.73532958125 0.247588425 0.7363344046875 0.242564309375 0.7313102890625001 0.2375401921875 0.72528135 0.23553054687500002 0.71523311875 0.2375401921875 0.7061897109374999 0.25060289375 0.7061897109374999 0.2586414796875 0.70819935625 0.2586414796875 0.7192524109375 0.2536173640625 0.72528135 0.2536173640625
0 0.7383440515624999 0.296824759375 0.7483922828125 0.28476688125 0.7483922828125 0.27069935625 0.744372990625 0.26467041875 0.727290996875 0.2536173640625 0.7192524109375 0.2536173640625 0.7112138265625 0.25763665625 0.7041800640625 0.2686897109375 0.7041800640625 0.272709003125 0.71221865 0.2807475890625 0.7162379421875 0.2948151125 0.7212620578125 0.29782958125 0.7383440515624999 0.296824759375
0 0.6941318328125 0.2325160765625 0.700160771875 0.2405546625 0.70217041875 0.248593246875 0.7041800640625 0.248593246875 0.707194534375 0.247588425 0.71221865 0.23854501562500002 0.7182475890625 0.2345257234375 0.7112138265625 0.2295016078125 0.6991559484375001 0.2295016078125 0.6941318328125 0.2325160765625
1 0.6750401921875 0.2315112546875 0.6710209 0.23352089999999998 0.665996784375 0.2405546625 0.665996784375 0.252612540625 0.66800643125 0.2566318328125 0.6770498390624999 0.265675240625 0.6941318328125 0.26467041875 0.70217041875 0.252612540625 0.700160771875 0.2405546625 0.6870980703125 0.2315112546875 0.6750401921875 0.2315112546875
1 0.739348875 0.23352089999999998 0.734324759375 0.2365353703125 0.734324759375 0.2405546625 0.7413585203124999 0.247588425 0.7504019296875 0.24658360156249998 0.75643086875 0.242564309375 0.751406753125 0.23553054687500002 0.739348875 0.23352089999999998
1 0.764469453125 0.260651125 0.774517684375 0.2546221859375 0.761454984375 0.24356913125 0.751406753125 0.245578778125 0.7504019296875 0.24658360156249998 0.7624598078125 0.260651125 0.764469453125 0.260651125
1 0.7483922828125 0.27069935625 0.7483922828125 0.28476688125 0.754421221875 0.28476688125 0.7584405140625 0.282757234375 0.7584405140625 0.27471865 0.7624598078125 0.26467041875 0.7604501609375001 0.2566318328125 0.74939710625 0.247588425 0.73532958125 0.247588425 0.72930064375 0.24959807031249998 0.7262861734375 0.2546221859375 0.73532958125 0.25763665625 0.744372990625 0.26467041875 0.7483922828125 0.27069935625
0 0 0.4967622359375 0.00884244375 0.4957797421875 0.006832796875 0.4776929265625 0.010852090625 0.46764469531249997 0.0078376203125 0.46463022499999995 0 0.46463022499999995 0 0.4967622359375
1 0.0259244375 0.43850482343749997 0.018890675000000003 0.4455385859375 0.0168810296875 0.46161575624999995 0.0198954984375 0.46463022499999995 0.023914790624999998 0.46463022499999995 0.029943729687499997 0.47065916406249997 0.0349678453125 0.469654340625 0.038987137500000005 0.4636254015625 0.038987137500000005 0.4455385859375 0.031953376562500004 0.43850482343749997 0.0259244375 0.43850482343749997
1 0.10128617343749999 0.3671623796875 0.0992765265625 0.3792202578125 0.1063102890625 0.388263665625 0.11736334374999999 0.3872588421875 0.12138263593750001 0.38323955 0.1233922828125 0.3772106109375 0.1233922828125 0.3651527328125 0.1163585203125 0.3581189703125 0.11032958125 0.3581189703125 0.10128617343749999 0.3671623796875
0 0.065112540625 0.40936495156249997 0.0671221859375 0.40132636718750003 0.0741559484375 0.3942926046875 0.08721865 0.395297428125 0.0801848875 0.388263665625 0.07013665625 0.388263665625 0.06310289375 0.3973070734375 0.06310289375 0.40936495156249997 0.065112540625 0.40936495156249997
0 0.243391628125 0.29005996093749997 0.243391628125 0.3021178390625 0.2524350375 0.3091516015625 0.257459153125 0.308146778125 0.26248326875 0.3071419546875 0.267507384375 0.3021178390625 0.26951703125000004 0.2920696078125 0.2644929140625 0.2830262 0.2544446828125 0.281016553125 0.243391628125 0.29005996093749997
1 0.2034868796875 0.3362435078125 0.2085109953125 0.3312193921875 0.2085109953125 0.32920974531249997 0.21052064218750002 0.3272001 0.21052064218750002 0.315142221875 0.20549652499999999 0.31011810624999997 0.2014772328125 0.31011810624999997 0.1994675875 0.308108459375 0.197457940625 0.31011810624999997 0.1934386484375 0.31011810624999997 0.1864048859375 0.31715186875 0.1864048859375 0.31916151406250004 0.1843952390625 0.3211711609375 0.1843952390625 0.32920974531249997 0.1864048859375 0.3312193921875 0.1864048859375 0.3332290390625 0.18941935468749999 0.3362435078125 0.1914290015625 0.3362435078125 0.1934386484375 0.3382531546875 0.1994675875 0.3382531546875 0.20047240937500002 0.33724833125 0.2014772328125 0.3362435078125 0.2034868796875 0.3362435078125
1 0.21518332031249998 0.3214347875 0.22299128124999998 0.3239843265625 0.23062493750000002 0.320641309375 0.2346150953125 0.3117979234375 0.23440827031249997 0.3008739296875 0.22722923750000001 0.29555306875 0.21944859375 0.2963283375 0.21327962031249997 0.3019672390625 0.2126162203125 0.303284284375 0.2120972078125 0.3144326625 0.21518332031249998 0.3214347875
1 0.230888234375 0.294388534375 0.22899364218749999 0.294388534375 0.2275998484375 0.2928588109375 0.2290086 0.2928588109375 0.2261839453125 0.2919105390625 0.223970659375 0.292136225 0.2214523390625 0.2926929609375 0.218935321875 0.2939365109375 0.216388384375 0.295572246875 0.214298021875 0.2971611578125 0.21351234843750003 0.29837609062500003 0.21861857968749998 0.296863928125 0.2236025375 0.2955325734375 0.2270762828125 0.29625711093749996 0.23113603437500002 0.2982447109375 0.23418247343749998 0.29890811093749997 0.23252722343749999 0.296047684375 0.230888234375 0.294388534375
0 0.6068088234375 0.4237552921875 0.6108281156250001 0.419736 0.60881846875 0.4016491828125 0.60278953125 0.38959130468750003 0.5857075375 0.3745189578125 0.573649659375 0.37049966562500003 0.553553196875 0.37049966562500003 0.5374760249999999 0.3765286046875 0.5264229703125001 0.3855720125 0.5163747390625 0.40767812187499997 0.5163747390625 0.4237552921875 0.524413325 0.441842109375 0.529437440625 0.44686622500000006 0.54149531875 0.44686622500000006 0.5455146109375 0.444856578125 0.5475242578125 0.44686622500000006 0.56159178125 0.448875871875 0.5776689515625 0.45691445625 0.5826930671875 0.4559096328125 0.5897268296875 0.4528951640625 0.5967605921875 0.4458614015625 0.6068088234375 0.4237552921875