0 0.08823529375 0.4708639703125 0.0861928109375 0.47699142187500004 0.08823529375 0.4810763890625 0.0892565359375 0.48209763125 0.0923202609375 0.4790339046875 0.0943627453125 0.45860906874999996 0.08823529375 0.44431168281250005 0.08517156875000001 0.4412479578125 0.07495915 0.4392054734375 0.061683006250000005 0.44839665 0.057598039062499995 0.46882148749999997 0.0627042484375 0.47801266406250004 0.071895425 0.4790339046875 0.07393790781250001 0.48516135625 0.07087418281249999 0.4861825984375 0.07087418281249999 0.48822508124999997 0.080065359375 0.487203840625 0.0841503265625 0.48516135625 0.08210784374999999 0.4790339046875 0.08517156875000001 0.469842728125 0.08823529375 0.4708639703125
0 0.0361519609375 0.5209048203125 0.040236928125 0.5229473046875001 0.053513071875 0.5219260625000001 0.061683006250000005 0.5117136437500001 0.063725490625 0.487203840625 0.057598039062499995 0.47494893749999995 0.052491829687500005 0.469842728125 0.048406862499999995 0.469842728125 0.0463643796875 0.4718852125 0.040236928125 0.4718852125 0.0310457515625 0.4810763890625 0.02900326875 0.487203840625 0.02900326875 0.5096711593750001 0.0361519609375 0.5209048203125
1 0.0494281046875 0.4708639703125 0.057598039062499995 0.46882148749999997 0.0596405234375 0.4545241015625 0.063725490625 0.44839665 0.0606617640625 0.44533292500000005 0.050449346875 0.4473754078125 0.041258170312499995 0.46065155156250004 0.041258170312499995 0.4708639703125 0.0494281046875 0.4708639703125
2 0.1076388890625 0.400398284375 0.0974264703125 0.3983558 0.0861928109375 0.4075469765625 0.08210784374999999 0.41571691250000004 0.08210784374999999 0.43001429687500003 0.0912990203125 0.4412479578125 0.10253267968749999 0.440226715625 0.1055964046875 0.4392054734375 0.1127450984375 0.43001429687500003 0.11478758124999999 0.41163194374999995 0.1076388890625 0.400398284375
1 0.1495098046875 0.37486723906249997 0.1474673203125 0.3728247546875 0.1474673203125 0.3666973046875 0.1444035953125 0.363633578125 0.1321486921875 0.3615910953125 0.12295751562499999 0.36873978749999997 0.11887254843749999 0.376909721875 0.11887254843749999 0.3932495921875 0.12806372500000002 0.400398284375 0.13929738593750002 0.3993770421875 0.1495098046875 0.387122140625 0.1495098046875 0.37486723906249997
0 0.16584967343749998 0.3830371734375 0.17095588281250002 0.38201593125 0.1760620921875 0.376909721875 0.1821895421875 0.36261233593750003 0.180147059375 0.350357434375 0.17095588281250002 0.34320874218749997 0.1607434640625 0.34320874218749997 0.1495098046875 0.3544424015625 0.1474673203125 0.360569853125 0.1474673203125 0.3728247546875 0.1495098046875 0.376909721875 0.156658496875 0.38201593125 0.16584967343749998 0.3830371734375
1 0.22099673125 0.3278901140625 0.22099673125 0.3176776953125 0.2158905234375 0.310529003125 0.2036356203125 0.3084865203125 0.19035947656250002 0.3197201796875 0.18831699375 0.3299325984375 0.19035947656250002 0.3360600484375 0.1954656859375 0.3411662578125 0.199550653125 0.34320874218749997 0.20874182968750002 0.3421875 0.2169117640625 0.3360600484375 0.22099673125 0.3278901140625
0 0.3190359484375 0.297252859375 0.329248365625 0.289082925 0.33129084999999997 0.28499795781250004 0.33129084999999997 0.27274305625 0.32414215625 0.2655943625 0.3139297390625 0.2635518796875 0.3078022875 0.2655943625 0.2986111109375 0.2747855390625 0.296568628125 0.28499795781250004 0.2986111109375 0.29112540781249996 0.3037173203125 0.2962316171875 0.3078022875 0.2982741015625 0.3190359484375 0.297252859375
1 0.392565359375 0.28091299062499997 0.39767156875 0.2798917484375 0.40277777812500004 0.2747855390625 0.4068627453125 0.2666156046875 0.4068627453125 0.2584456703125 0.39767156875 0.247212009375 0.3813317 0.247212009375 0.37214052343750004 0.25436070312500003 0.36805555624999997 0.2666156046875 0.3700980390625 0.27274305625 0.37724673124999997 0.2798917484375 0.3813317 0.28193423125 0.392565359375 0.28091299062499997
0 0.508986928125 0.24619076875 0.508986928125 0.23597834999999998 0.5069444437499999 0.2318933828125 0.49775326875000003 0.2247446890625 0.485498365625 0.2247446890625 0.47426470624999995 0.233935865625 0.47222222187499996 0.23802083281250003 0.47222222187499996 0.2482332515625 0.485498365625 0.2594669125 0.49673202656250004 0.2584456703125 0.5069444437499999 0.25027573593749997 0.508986928125 0.24619076875
0 0.5641339875 0.23802083281250003 0.5733251640625 0.247212009375 0.588643790625 0.24619076875 0.591707515625 0.24516952656250002 0.596813725 0.23802083281250003 0.598856209375 0.2318933828125 0.596813725 0.2237234484375 0.5896650328125 0.2165747546875 0.5692401953124999 0.2165747546875 0.562091503125 0.22576593125 0.5641339875 0.23802083281250003
1 0.4385212421875 0.32891135625 0.4201388890625 0.32891135625 0.40379902031250003 0.337081290625 0.39460784375 0.34831495156250003 0.392565359375 0.360569853125 0.3905228765625 0.36261233593750003 0.3905228765625 0.376909721875 0.3986928109375 0.3912071078125 0.4078839875 0.400398284375 0.4201388890625 0.4044832515625 0.435457515625 0.403462009375 0.44260620937499995 0.40244076875 0.455882353125 0.3932495921875 0.46609477187500004 0.376909721875 0.4681372546875 0.36261233593750003 0.4620098046875 0.34627246718750004 0.4548611109375 0.337081290625 0.4385212421875 0.32891135625
1 0.392565359375 0.5178410953125 0.39460784375 0.5055861921875 0.3966503265625 0.5035437093749999 0.39460784375 0.4729064546875 0.3864379078125 0.45860906874999996 0.3649918296875 0.44329044062499995 0.3568218953125 0.44329044062499995 0.3547794125 0.4412479578125 0.334354575 0.44329044062499995 0.31801470625 0.4514603765625 0.3006535953125 0.4708639703125 0.29452614375 0.48924632343749996 0.29452614375 0.5055861921875 0.296568628125 0.5076286765625 0.296568628125 0.513756128125 0.3067810453125 0.5321384796874999 0.3220996734375 0.5454146234375 0.3323120921875 0.5494995921875 0.3578431375 0.54847835 0.37724673124999997 0.5372446890625 0.3884803921875 0.5260110296875 0.392565359375 0.5178410953125
0 0.565155228125 0.37793096406250004 0.5529003265625 0.384058415625 0.535539215625 0.403462009375 0.5294117640625 0.4218443625 0.5314542484375 0.4422692 0.5375816999999999 0.4545241015625 0.5529003265625 0.469842728125 0.5712826796875 0.47597017968750005 0.5866013078125001 0.47494893749999995 0.6060049015625 0.469842728125 0.6233660125 0.4545241015625 0.6315359484374999 0.4340992640625 0.6315359484374999 0.42592932968749997 0.6233660125 0.4014195265625 0.601919934375 0.38201593125 0.591707515625 0.37793096406250004 0.565155228125 0.37793096406250004
0 0.715277778125 0.41367442812500005 0.71323529375 0.3912071078125 0.7009803921875 0.3728247546875 0.6877042484375 0.363633578125 0.68361928125 0.363633578125 0.6774918296875 0.3595486109375 0.6529820265625 0.3595486109375 0.6407271234375 0.3656760625 0.6274509796875 0.37895220625000003 0.6233660125 0.387122140625 0.6233660125 0.3932495921875 0.6213235296875 0.395292075 0.6315359484374999 0.4218443625 0.6315359484374999 0.43205678125 0.6407271234375 0.44329044062499995 0.6488970593750001 0.4473754078125 0.6611519609375 0.4494178921875 0.6631944437499999 0.4514603765625 0.6825980390625 0.450439134375 0.6979166671875 0.44329044062499995 0.70710784375 0.4340992640625 0.715277778125 0.41367442812500005
1 0.6774918296875 0.3595486109375 0.6529820265625 0.3595486109375 0.6325571890624999 0.3718035125 0.6233660125 0.387122140625 0.6233660125 0.3993770421875 0.6315359484374999 0.4218443625 0.6315359484374999 0.43205678125 0.6488970593750001 0.4473754078125 0.6611519609375 0.4494178921875 0.6631944437499999 0.4514603765625 0.6825980390625 0.450439134375 0.6979166671875 0.44329044062499995 0.7091503265625 0.43001429687500003 0.715277778125 0.41163194374999995 0.71323529375 0.3912071078125 0.7009803921875 0.3728247546875 0.6877042484375 0.363633578125 0.6774918296875 0.3595486109375
1 0.76327614375 0.3186989375 0.755106209375 0.32278390468749996 0.7459150328125 0.33197508125 0.741830065625 0.3421875 0.741830065625 0.35852736875 0.747957515625 0.3728247546875 0.761233659375 0.3861008984375 0.7734885625000001 0.390185865625 0.78676470625 0.3891646234375 0.7959558828125 0.3861008984375 0.8051470593750001 0.376909721875 0.811274509375 0.36261233593750003 0.8092320265625 0.34422998437499996 0.8051470593750001 0.3360600484375 0.78982843125 0.32278390468749996 0.781658496875 0.3186989375 0.76327614375 0.3186989375
2 0.96650326875 0.35239991875 0.96956699375 0.3513786765625 0.9746732031249999 0.34422998437499996 0.9767156859374999 0.33810253281249997 0.9746732031249999 0.3278901140625 0.9613970593750001 0.310529003125 0.951184640625 0.310529003125 0.9470996734374999 0.31257148749999997 0.9419934640625 0.3197201796875 0.9440359484374999 0.33810253281249997 0.9532271234374999 0.3493361921875 0.9613970593750001 0.35342115937499996 0.96650326875 0.35239991875
2 0.90625 0.3656760625 0.9185049015625 0.3718035125 0.9256535953125 0.370782271875 0.9307598046875001 0.3697610296875 0.9399509796875 0.3564848859375 0.9399509796875 0.340145015625 0.9338235296875 0.3299325984375 0.92258986875 0.3186989375 0.90625 0.3186989375 0.9021650328125 0.320741421875 0.895016340625 0.3299325984375 0.895016340625 0.34831495156250003 0.8970588234375001 0.3544424015625 0.90625 0.3656760625
2 0.895016340625 0.334017565625 0.8970588234375001 0.32584763125 0.9021650328125 0.320741421875 0.90625 0.3186989375 0.921568628125 0.3176776953125 0.91952614375 0.307465278125 0.90625 0.2982741015625 0.8939950984375 0.30031658437500003 0.8868464046875 0.3095077609375 0.8868464046875 0.32584763125 0.8888888890625 0.33197508125 0.8919526140625 0.3350388078125 0.895016340625 0.334017565625
2 0.6989379078125 0.27274305625 0.7009803921875 0.2829554734375 0.7122140515625001 0.2962316171875 0.7203839875 0.30031658437500003 0.7357026140625 0.29929534375 0.747957515625 0.289082925 0.747957515625 0.2829554734375 0.75 0.28091299062499997 0.747957515625 0.270700571875 0.7438725484375001 0.2645731203125 0.7326388890625 0.25538194375 0.7265114374999999 0.25333946093750004 0.71017156875 0.25538194375 0.7009803921875 0.2666156046875 0.6989379078125 0.27274305625
1 0.678513071875 0.27274305625 0.691789215625 0.28397671562500004 0.7009803921875 0.2829554734375 0.7009803921875 0.26865808750000003 0.705065359375 0.260488153125 0.71017156875 0.25538194375 0.7142565359375 0.25538194375 0.7173202609375 0.25231821875 0.71017156875 0.24312704218749998 0.691789215625 0.241084559375 0.6856617640625 0.24312704218749998 0.6764705875 0.25231821875 0.6764705875 0.26865808750000003 0.678513071875 0.27274305625
1 0.615196078125 0.297252859375 0.6325571890624999 0.31257148749999997 0.6499183000000001 0.3115502453125 0.65706699375 0.3084865203125 0.6642156859375 0.3013378265625 0.668300653125 0.2931678921875 0.6662581703125 0.2747855390625 0.655024509375 0.2635518796875 0.646854575 0.2594669125 0.6325571890624999 0.2594669125 0.622344771875 0.2635518796875 0.6131535953125 0.2747855390625 0.6131535953125 0.2931678921875 0.615196078125 0.297252859375
2 0.6325571890624999 0.2594669125 0.6448120921875 0.2594669125 0.655024509375 0.2635518796875 0.6611519609375 0.2696793296875 0.6642156859375 0.26865808750000003 0.6703431375 0.260488153125 0.6703431375 0.25231821875 0.6611519609375 0.23904207500000002 0.6509395421875 0.23495710781249998 0.638684640625 0.23495710781249998 0.6274509796875 0.24210579999999998 0.625408496875 0.24619076875 0.625408496875 0.2584456703125 0.628472221875 0.2615093953125 0.6325571890624999 0.2594669125
2 0.6744281046875 0.2482332515625 0.6774918296875 0.2512969765625 0.678513071875 0.25027573593749997 0.6877042484375 0.24312704218749998 0.6938316999999999 0.241084559375 0.69995915 0.241084559375 0.7122140515625001 0.247212009375 0.7142565359375 0.247212009375 0.715277778125 0.24414828437499997 0.7040441171875 0.2329146234375 0.6877042484375 0.230872140625 0.678513071875 0.23802083281250003 0.6744281046875 0.24619076875 0.6744281046875 0.2482332515625
2 0.6080473859375 0.2615093953125 0.6162173203125 0.2655943625 0.6213235296875 0.2645731203125 0.625408496875 0.260488153125 0.625408496875 0.24619076875 0.628472221875 0.241084559375 0.635620915625 0.23802083281250003 0.635620915625 0.233935865625 0.6243872546875 0.2267871734375 0.6162173203125 0.2267871734375 0.6029411765625 0.23597834999999998 0.6008986921874999 0.2400633171875 0.6008986921874999 0.25231821875 0.6080473859375 0.2615093953125
2 0.7254901953124999 0.233935865625 0.7162990203125 0.22270220625 0.7122140515625001 0.220659721875 0.69995915 0.220659721875 0.6928104578125 0.22780841562499998 0.6938316999999999 0.230872140625 0.7060866015625 0.23495710781249998 0.715277778125 0.24414828437499997 0.7162990203125 0.24925449375 0.721405228125 0.2482332515625 0.7254901953124999 0.24414828437499997 0.7254901953124999 0.233935865625
2 0.6621732031249999 0.23802083281250003 0.6621732031249999 0.22576593125 0.6529820265625 0.2165747546875 0.6315359484374999 0.217595996875 0.6325571890624999 0.220659721875 0.6427696078125 0.220659721875 0.6509395421875 0.2247446890625 0.66013071875 0.23802083281250003 0.6621732031249999 0.23802083281250003
1 0.6427696078125 0.220659721875 0.6345996734375 0.220659721875 0.625408496875 0.22576593125 0.63664215625 0.23495710781249998 0.6580882359375 0.23597834999999998 0.6560457515625 0.2298508984375 0.6488970593750001 0.22270220625 0.6427696078125 0.220659721875
0 0.6591094765625 0.2165747546875 0.6580882359375 0.2216809640625 0.6621732031249999 0.22780841562499998 0.6621732031249999 0.23802083281250003 0.6642156859375 0.24210579999999998 0.6672794125 0.24516952656250002 0.6744281046875 0.24414828437499997 0.678513071875 0.23802083281250003 0.68668300625 0.2318933828125 0.68668300625 0.2216809640625 0.6815767968750001 0.2165747546875 0.6591094765625 0.2165747546875
0 0.6907679734375 0.2298508984375 0.6958741828125 0.22270220625 0.7040441171875 0.2186172390625 0.71017156875 0.220659721875 0.71323529375 0.217595996875 0.68974673125 0.2165747546875 0.68668300625 0.2196384796875 0.68668300625 0.2298508984375 0.6907679734375 0.2298508984375
0 0.7254901953124999 0.233935865625 0.7254901953124999 0.24414828437499997 0.7326388890625 0.24925449375 0.741830065625 0.2482332515625 0.75 0.24210579999999998 0.75 0.2298508984375 0.7408088234375 0.2186172390625 0.728553921875 0.2165747546875 0.721405228125 0.2216809640625 0.7254901953124999 0.233935865625
1 0.7734885625000001 0.2267871734375 0.761233659375 0.22882965624999999 0.7540849671875 0.23597834999999998 0.752042484375 0.24414828437499997 0.758169934375 0.25231821875 0.765318628125 0.257424428125 0.778594771875 0.2564031859375 0.784722221875 0.25027573593749997 0.784722221875 0.2400633171875 0.7826797390625 0.23597834999999998 0.7734885625000001 0.2267871734375
1 0.761233659375 0.2186172390625 0.755106209375 0.2186172390625 0.7489787578125 0.22270220625 0.747957515625 0.2298508984375 0.75 0.2318933828125 0.75 0.2400633171875 0.752042484375 0.2400633171875 0.761233659375 0.22882965624999999 0.7724673203125 0.22576593125 0.7673611109375 0.220659721875 0.761233659375 0.2186172390625
1 0.791870915625 0.2247446890625 0.7857434640625 0.2247446890625 0.778594771875 0.2298508984375 0.784722221875 0.2400633171875 0.784722221875 0.25231821875 0.7877859484374999 0.25538194375 0.7969771234375 0.2564031859375 0.8051470593750001 0.25027573593749997 0.8071895421875 0.23802083281250003 0.80004085 0.22882965624999999 0.791870915625 0.2247446890625
1 0.8071895421875 0.24210579999999998 0.8051470593750001 0.25231821875 0.81025326875 0.25538194375 0.8194444437499999 0.25436070312500003 0.8194444437499999 0.24414828437499997 0.8255718953125 0.23597834999999998 0.81638071875 0.2267871734375 0.8061683000000001 0.2267871734375 0.8031045750000001 0.2298508984375 0.8071895421875 0.24210579999999998
2 0.8194444437499999 0.24414828437499997 0.8194444437499999 0.2564031859375 0.8265931375 0.2635518796875 0.8296568625 0.2625306375 0.8347630718750001 0.25538194375 0.848039215625 0.25231821875 0.8408905234375 0.241084559375 0.8306781046875 0.23699959218750002 0.824550653125 0.23904207500000002 0.8194444437499999 0.24414828437499997
1 0.8470179734375 0.2696793296875 0.8602941171875 0.26865808750000003 0.858251634375 0.260488153125 0.8470179734375 0.25333946093750004 0.8368055562500001 0.25333946093750004 0.8296568625 0.2625306375 0.8296568625 0.2747855390625 0.831699346875 0.27887050625 0.8368055562500001 0.28397671562500004 0.8378267968750001 0.2829554734375 0.83986928125 0.2768280234375 0.8470179734375 0.2696793296875
1 0.8674428109375001 0.273764296875 0.877655228125 0.28601920000000003 0.8807189546874999 0.28499795781250004 0.8848039218749999 0.2768280234375 0.8848039218749999 0.26865808750000003 0.8807189546874999 0.260488153125 0.871527778125 0.25333946093750004 0.8654003265625001 0.2512969765625 0.8592728765625001 0.25333946093750004 0.85620915 0.2564031859375 0.85620915 0.260488153125 0.8602941171875 0.2645731203125 0.8602941171875 0.26865808750000003 0.8674428109375001 0.273764296875
1 0.8766339875 0.3013378265625 0.8766339875 0.28499795781250004 0.874591503125 0.28091299062499997 0.861315359375 0.2696793296875 0.8470179734375 0.2696793296875 0.8378267968750001 0.28091299062499997 0.8378267968750001 0.29112540781249996 0.8490604578125 0.3084865203125 0.8592728765625001 0.31257148749999997 0.8643790843750001 0.3115502453125 0.871527778125 0.3084865203125 0.8766339875 0.3013378265625