2 0.8671875 0.4560546875 0.86328125 0.4521484375 0.86328125 0.4482421875 0.859375 0.4423828125 0.8505859375 0.43359375 0.8369140625 0.42578125 0.8212890625 0.423828125 0.8056640625 0.4296875 0.7890625 0.4482421875 0.783203125 0.4658203125 0.78515625 0.4697265625 0.78515625 0.4873046875 0.787109375 0.4892578125 0.787109375 0.4951171875 0.791015625 0.4990234375 0.79296875 0.5048828125 0.798828125 0.5126953125 0.8095703125 0.521484375 0.8193359375 0.525390625 0.837890625 0.5244140625 0.8486328125 0.521484375 0.859375 0.5107421875 0.8671875 0.4990234375 0.869140625 0.4853515625 0.87109375 0.4833984375 0.87109375 0.4736328125 0.869140625 0.4716796875 0.8671875 0.4560546875
2 0.9208984375 0.380859375 0.9130859375 0.384765625 0.90625 0.3935546875 0.904296875 0.3994140625 0.904296875 0.4169921875 0.91015625 0.4306640625 0.9208984375 0.44140625 0.9248046875 0.443359375 0.94140625 0.4423828125 0.947265625 0.4384765625 0.951171875 0.4306640625 0.953125 0.4248046875 0.953125 0.4072265625 0.94921875 0.3974609375 0.9384765625 0.384765625 0.9306640625 0.380859375 0.9208984375 0.380859375
2 0.2373046875 0.4765625 0.2197265625 0.474609375 0.2080078125 0.478515625 0.19140625 0.4951171875 0.185546875 0.5087890625 0.18359375 0.5224609375 0.185546875 0.5244140625 0.1875 0.5419921875 0.2001953125 0.55859375 0.2119140625 0.56640625 0.2177734375 0.56640625 0.2197265625 0.568359375 0.232421875 0.5673828125 0.2470703125 0.5625 0.2578125 0.5517578125 0.265625 0.5341796875 0.265625 0.5087890625 0.259765625 0.4951171875 0.2470703125 0.484375 0.2451171875 0.48046875 0.2373046875 0.4765625
2 0.228515625 0.3798828125 0.228515625 0.3896484375 0.2373046875 0.40234375 0.2470703125 0.40625 0.251953125 0.4052734375 0.2626953125 0.400390625 0.26953125 0.3916015625 0.271484375 0.3740234375 0.2626953125 0.361328125 0.2529296875 0.357421875 0.2470703125 0.357421875 0.234375 0.3662109375 0.228515625 0.3798828125
2 0.3056640625 0.314453125 0.294921875 0.3212890625 0.291015625 0.3291015625 0.291015625 0.3388671875 0.2958984375 0.345703125 0.298828125 0.3447265625 0.298828125 0.3369140625 0.302734375 0.3310546875 0.3076171875 0.326171875 0.3193359375 0.322265625 0.322265625 0.3193359375 0.3193359375 0.31640625 0.3154296875 0.314453125 0.3056640625 0.314453125
2 0.24609375 0.3466796875 0.24609375 0.3544921875 0.2490234375 0.357421875 0.2578125 0.3564453125 0.263671875 0.3505859375 0.267578125 0.3427734375 0.267578125 0.3369140625 0.2587890625 0.326171875 0.2490234375 0.326171875 0.2421875 0.3310546875 0.240234375 0.3388671875 0.24609375 0.3466796875
2 0.216796875 0.3505859375 0.216796875 0.3623046875 0.21875 0.3662109375 0.2255859375 0.37109375 0.232421875 0.3701171875 0.2373046875 0.36328125 0.24609375 0.3583984375 0.24609375 0.3466796875 0.244140625 0.3427734375 0.2373046875 0.337890625 0.2275390625 0.33984375 0.2216796875 0.34375 0.216796875 0.3505859375
2 0.111328125 0.4072265625 0.1201171875 0.41796875 0.126953125 0.4169921875 0.1328125 0.4130859375 0.13671875 0.4052734375 0.13671875 0.3955078125 0.1318359375 0.388671875 0.1240234375 0.38671875 0.115234375 0.3935546875 0.111328125 0.4013671875 0.111328125 0.4072265625
2 0.021484375 0.5087890625 0.029296875 0.5009765625 0.029296875 0.4833984375 0.0244140625 0.4765625 0.0166015625 0.4765625 0.009765625 0.4853515625 0.009765625 0.5009765625 0.0166015625 0.509765625 0.021484375 0.5087890625
1 0.296875 0.3447265625 0.30078125 0.3544921875 0.3076171875 0.361328125 0.3134765625 0.36328125 0.32421875 0.3623046875 0.3310546875 0.359375 0.337890625 0.3505859375 0.33984375 0.3369140625 0.3310546875 0.32421875 0.3212890625 0.3203125 0.3076171875 0.326171875 0.30078125 0.3330078125 0.296875 0.3447265625
1 0.333984375 0.3271484375 0.337890625 0.3310546875 0.337890625 0.3349609375 0.3427734375 0.341796875 0.3466796875 0.34375 0.35546875 0.3427734375 0.3642578125 0.33984375 0.369140625 0.3349609375 0.369140625 0.3134765625 0.3603515625 0.306640625 0.3486328125 0.306640625 0.337890625 0.3134765625 0.333984375 0.3212890625 0.333984375 0.3271484375
1 0.6904296875 0.30859375 0.6728515625 0.310546875 0.6669921875 0.314453125 0.66015625 0.3232421875 0.658203125 0.3388671875 0.6640625 0.3505859375 0.6728515625 0.359375 0.6845703125 0.365234375 0.69921875 0.3642578125 0.705078125 0.3603515625 0.712890625 0.3486328125 0.712890625 0.3427734375 0.71484375 0.3408203125 0.712890625 0.3271484375 0.708984375 0.3212890625 0.6962890625 0.310546875 0.6904296875 0.30859375
1 0.8515625 0.3623046875 0.84765625 0.3701171875 0.84765625 0.3876953125 0.849609375 0.3935546875 0.8623046875 0.41015625 0.8740234375 0.416015625 0.88671875 0.4150390625 0.8984375 0.3974609375 0.8984375 0.3779296875 0.896484375 0.3720703125 0.8818359375 0.35546875 0.8701171875 0.353515625 0.8681640625 0.3515625 0.8623046875 0.353515625 0.8515625 0.3623046875
1 0.9287109375 0.365234375 0.9130859375 0.36328125 0.904296875 0.3701171875 0.900390625 0.3798828125 0.900390625 0.3974609375 0.8984375 0.3994140625 0.904296875 0.4013671875 0.91015625 0.3876953125 0.9208984375 0.380859375 0.9287109375 0.380859375 0.9345703125 0.3828125 0.9384765625 0.38671875 0.94140625 0.3857421875 0.939453125 0.3759765625 0.9287109375 0.365234375