1 0.697265625 0.5751953125 0.69140625 0.5712890625 0.69140625 0.5654296875 0.6806640625 0.556640625 0.6650390625 0.5546875 0.6552734375 0.55859375 0.650390625 0.5634765625 0.650390625 0.5673828125 0.64453125 0.5751953125 0.64453125 0.5830078125 0.6484375 0.5947265625 0.6533203125 0.599609375 0.666015625 0.6005859375 0.6865234375 0.6015625 0.697265625 0.5888671875 0.697265625 0.5751953125
1 0.6875 0.6416015625 0.689453125 0.6337890625 0.685546875 0.6298828125 0.689453125 0.6279296875 0.689453125 0.6220703125 0.6875 0.6162109375 0.6767578125 0.60546875 0.6708984375 0.60546875 0.6689453125 0.603515625 0.6513671875 0.603515625 0.640625 0.6123046875 0.638671875 0.6162109375 0.638671875 0.6240234375 0.642578125 0.6259765625 0.638671875 0.6298828125 0.638671875 0.6357421875 0.6533203125 0.65234375 0.65625 0.6533203125 0.6708984375 0.654296875 0.6787109375 0.650390625 0.6875 0.6416015625
2 0.48828125 0.6318359375 0.490234375 0.6123046875 0.484375 0.6025390625 0.4794921875 0.599609375 0.4658203125 0.599609375 0.4619140625 0.6015625 0.4580078125 0.59765625 0.4521484375 0.59765625 0.439453125 0.6123046875 0.439453125 0.6279296875 0.443359375 0.6357421875 0.4501953125 0.642578125 0.4560546875 0.64453125 0.4580078125 0.642578125 0.4609375 0.6455078125 0.4736328125 0.646484375 0.486328125 0.6357421875 0.48828125 0.6318359375
2 0.49609375 0.5849609375 0.498046875 0.5791015625 0.498046875 0.5673828125 0.49609375 0.5634765625 0.4853515625 0.55078125 0.4775390625 0.546875 0.4677734375 0.546875 0.4638671875 0.55078125 0.4599609375 0.548828125 0.4560546875 0.55078125 0.4453125 0.5654296875 0.4453125 0.5791015625 0.44921875 0.5888671875 0.4541015625 0.591796875 0.4599609375 0.591796875 0.4619140625 0.58984375 0.46484375 0.5927734375 0.4833984375 0.59375 0.4892578125 0.591796875 0.49609375 0.5849609375
2 0.0751953125 0.625 0.083984375 0.6103515625 0.083984375 0.5966796875 0.0771484375 0.58984375 0.0732421875 0.58984375 0.0712890625 0.5859375 0.0556640625 0.580078125 0.0439453125 0.580078125 0.0322265625 0.5859375 0.0234375 0.5947265625 0.01953125 0.6025390625 0.01953125 0.6142578125 0.0322265625 0.62890625 0.0390625 0.6318359375 0.0615234375 0.6328125 0.0712890625 0.625 0.0751953125 0.625
2 0.69140625 0.5458984375 0.689453125 0.5419921875 0.693359375 0.5400390625 0.6953125 0.5361328125 0.693359375 0.5244140625 0.6826171875 0.51171875 0.6787109375 0.509765625 0.6650390625 0.5078125 0.6513671875 0.513671875 0.642578125 0.5283203125 0.642578125 0.5400390625 0.646484375 0.5419921875 0.64453125 0.5439453125 0.646484375 0.5478515625 0.658203125 0.5556640625 0.6787109375 0.556640625 0.6884765625 0.55078125 0.69140625 0.5458984375
1 0.4658203125 0.548828125 0.4736328125 0.548828125 0.4794921875 0.546875 0.486328125 0.5400390625 0.48828125 0.5361328125 0.486328125 0.5341796875 0.490234375 0.5302734375 0.490234375 0.5166015625 0.48828125 0.5126953125 0.4794921875 0.50390625 0.4716796875 0.5 0.4599609375 0.5 0.4501953125 0.50390625 0.4453125 0.5087890625 0.439453125 0.5224609375 0.439453125 0.5283203125 0.443359375 0.5341796875 0.443359375 0.5380859375 0.4541015625 0.548828125 0.458984375 0.5498046875 0.4599609375 0.55078125 0.4638671875 0.546875 0.4658203125 0.548828125
1 0.2763671875 0.640625 0.2890625 0.6298828125 0.291015625 0.6240234375 0.2890625 0.6142578125 0.291015625 0.6123046875 0.291015625 0.5986328125 0.2861328125 0.591796875 0.2802734375 0.58984375 0.2548828125 0.58984375 0.244140625 0.5986328125 0.23828125 0.6083984375 0.240234375 0.6162109375 0.23828125 0.6220703125 0.2421875 0.6298828125 0.2548828125 0.640625 0.26171875 0.6416015625 0.2685546875 0.642578125 0.2705078125 0.640625 0.2763671875 0.640625
2 0.8740234375 0.654296875 0.880859375 0.6513671875 0.884765625 0.6435546875 0.884765625 0.6376953125 0.8828125 0.6357421875 0.880859375 0.6240234375 0.873046875 0.6181640625 0.8720703125 0.615234375 0.8583984375 0.609375 0.8447265625 0.609375 0.8388671875 0.611328125 0.828125 0.6220703125 0.826171875 0.6376953125 0.830078125 0.6455078125 0.8427734375 0.658203125 0.853515625 0.6611328125 0.8662109375 0.662109375 0.8701171875 0.66015625 0.8740234375 0.654296875
1 0.296875 0.5341796875 0.296875 0.5263671875 0.3046875 0.5244140625 0.3046875 0.5107421875 0.30078125 0.5029296875 0.2939453125 0.49609375 0.2822265625 0.490234375 0.2646484375 0.4921875 0.251953125 0.5029296875 0.248046875 0.5107421875 0.248046875 0.5224609375 0.25390625 0.5263671875 0.251953125 0.5302734375 0.2587890625 0.537109375 0.271484375 0.5419921875 0.2822265625 0.54296875 0.2939453125 0.537109375 0.296875 0.5341796875
1 0.28515625 0.5673828125 0.28515625 0.5615234375 0.279296875 0.5478515625 0.2744140625 0.54296875 0.2705078125 0.54296875 0.2646484375 0.5390625 0.2509765625 0.5390625 0.2490234375 0.541015625 0.2431640625 0.541015625 0.2392578125 0.546875 0.2353515625 0.546875 0.232421875 0.5498046875 0.228515625 0.5556640625 0.2265625 0.5693359375 0.2333984375 0.58203125 0.2421875 0.5849609375 0.2724609375 0.5859375 0.28125 0.5771484375 0.28515625 0.5673828125
3 0.8515625 0.6046875 0.090625 0.115625
3 0.671875 0.596875 0.0703125 0.121875
3 0.4640625 0.590625 0.0921875 0.125
3 0.2609375 0.584375 0.08125 0.1203125
3 0.059375 0.58125 0.1 0.125