0 0.724540440625 1 0.7388378265625 0.9918300656250001 0.758241421875 0.9744689546874999 0.7592626640625 0.9673202609375 0.7551776953125 0.96323529375 0.744965278125 0.96323529375 0.7306678921875001 0.95710784375 0.71943423125 0.9438316999999999 0.7173917484375 0.93361928125 0.708200571875 0.9325980390625 0.6857332515625 0.9448529406249999 0.668372140625 0.9622140515625001 0.6622446890625 0.9724264703125 0.6622446890625 0.988766340625 0.6642871734375 0.9928513078125001 0.6727356296875 1 0.718412990625 1 0.724540440625 1
0 0.5979064546874999 1 0.6091401140625 0.9908088234375001 0.61322508125 0.984681371875 0.61322508125 0.9785539218749999 0.615267565625 0.9765114374999999 0.6142463234375 0.971405228125 0.6040339046875001 0.9591503265625001 0.5979064546874999 0.95710784375 0.5733966500000001 0.95710784375 0.5713541671875 0.9591503265625001 0.5652267156249999 0.9591503265625001 0.55705678125 0.96323529375 0.5458231203125 0.9744689546874999 0.5437806375 0.9785539218749999 0.5437806375 0.9908088234375001 0.5529718140625 1 0.5979064546874999 1
0 0.49271854531250003 0.9560866015625 0.49986723906249997 0.965277778125 0.5080371734375 0.9693627453125 0.5162071078125 0.9693627453125 0.5182495921875 0.971405228125 0.53663194375 0.9693627453125 0.551950571875 0.9581290843750001 0.5580780234375 0.9438316999999999 0.55705678125 0.9407679734375 0.5560355390625 0.9377042484375 0.5427593953125001 0.9264705875000001 0.5182495921875 0.9244281046875 0.5059946890625 0.9285130718750001 0.4947610296875 0.93974673125 0.49271854531250003 0.9438316999999999 0.49271854531250003 0.9560866015625
0 0.4396139703125 0.8519199343749999 0.44369893749999995 0.86008986875 0.45901756562499996 0.8713235296875 0.465145015625 0.8733660125 0.485569853125 0.8733660125 0.4937397875 0.8692810453125001 0.5049734484374999 0.8580473859375 0.5111008984375001 0.84375 0.5100796562500001 0.838643790625 0.49986723906249997 0.8223039218749999 0.4794424015625 0.8141339875 0.4671875 0.8141339875 0.45084763125 0.8202614374999999 0.44574142187500004 0.825367646875 0.4396139703125 0.8355800656250001 0.4396139703125 0.8519199343749999
0 0.43757148749999997 0.8927696078125 0.448805146875 0.901960784375 0.4549325984375 0.90400326875 0.47739991875000004 0.90400326875 0.4814848859375 0.901960784375 0.49271854531250003 0.888684640625 0.49169730468750006 0.8733660125 0.48965482031249996 0.8713235296875 0.485569853125 0.8733660125 0.4631025328125 0.8733660125 0.45084763125 0.8672385625000001 0.44472017968750005 0.8611111109375 0.435529003125 0.8703022875 0.4334865203125 0.8825571890624999 0.43757148749999997 0.8927696078125
0 0.45391135625 0.6946486921874999 0.44472017968750005 0.689542484375 0.4365502453125 0.689542484375 0.42838031093750006 0.685457515625 0.422252859375 0.685457515625 0.4110192 0.6946486921874999 0.40693423125 0.7048611109375 0.40693423125 0.7232434640625 0.4110192 0.7334558828125 0.422252859375 0.7446895421875 0.4345077609375 0.75081699375 0.45084763125 0.7528594765625 0.4528901140625 0.75081699375 0.46106004843750004 0.75081699375 0.4712724671875 0.7467320265625 0.482506128125 0.7334558828125 0.48352736875 0.72426470625 0.465145015625 0.7120098046875001 0.455953840625 0.70077614375 0.45391135625 0.6946486921874999
0 0.366084559375 0.7395833328125 0.37731821875 0.75081699375 0.385488153125 0.7549019609375 0.4018280234375 0.7549019609375 0.4079554734375 0.7528594765625 0.41714665 0.745710784375 0.4161254078125 0.7385620921875 0.40693423125 0.7252859484374999 0.40693423125 0.7069035953125 0.39774305625 0.6997549015625 0.385488153125 0.6997549015625 0.37527573593749997 0.70383986875 0.364042075 0.7171160125 0.364042075 0.735498365625 0.366084559375 0.7395833328125
0 0.33748978749999997 0.6252042484375 0.3487234484375 0.634395425 0.3548508984375 0.6364379078125 0.37119076875 0.6364379078125 0.3865093953125 0.6231617640625 0.3905943625 0.612949346875 0.3895731203125 0.6017156859375 0.3865093953125 0.592524509375 0.37527573593749997 0.5833333328125 0.3671058 0.579248365625 0.35076593125 0.579248365625 0.34668096406250004 0.58129085 0.3334048203125 0.5966094765625 0.3334048203125 0.6170343140625 0.33748978749999997 0.6252042484375
0 0.36097835 0.38725490156250003 0.3517871734375 0.3984885625 0.34770220625000003 0.40870097968749997 0.34770220625000003 0.43116830000000006 0.3517871734375 0.43525326875000003 0.35382965624999996 0.44138071874999996 0.3671058 0.4526143796875 0.37936070312500003 0.45669934687499997 0.3916156046875 0.45669934687499997 0.40591299062499997 0.4505718953125 0.419189134375 0.4372957515625 0.425316584375 0.42504084999999997 0.42429534375 0.4076797390625 0.419189134375 0.396446078125 0.40591299062499997 0.383169934375 0.395700571875 0.3790849671875 0.37527573593749997 0.3790849671875 0.36097835 0.38725490156250003
0 0.3354473046875 0.226919934375 0.33136233593750003 0.23508986875 0.33136233593750003 0.247344771875 0.3354473046875 0.2575571890625 0.3446384796875 0.266748365625 0.35076593125 0.2708333328125 0.3650633171875 0.2728758171875 0.3834456703125 0.2647058828125 0.3946793296875 0.25347222187499996 0.398764296875 0.2432598046875 0.39774305625 0.22998365937499998 0.392636846875 0.220792484375 0.3834456703125 0.2116013078125 0.37731821875 0.2095588234375 0.36097835 0.2095588234375 0.34668096406250004 0.215686275 0.3354473046875 0.226919934375
1 0.40387050625 0.5220588234375 0.3905943625 0.5353349671875 0.3844669125 0.5537173203125 0.3844669125 0.56801470625 0.392636846875 0.5863970593750001 0.40387050625 0.59763071875 0.4181678921875 0.6037581703125 0.4406352125 0.6037581703125 0.45901756562499996 0.5935457515625 0.46820874218749997 0.5823120921875 0.46820874218749997 0.5782271234375 0.47433619218749995 0.565972221875 0.4733149515625 0.5486111109375 0.4661662578125 0.5353349671875 0.4528901140625 0.5220588234375 0.438592728125 0.515931371875 0.42429534375 0.5138888890625 0.40387050625 0.5220588234375
1 0.41306168281250005 0.6170343140625 0.40693423125 0.6252042484375 0.4028492640625 0.6354166671875 0.4028492640625 0.655841503125 0.408976715625 0.6701388890625 0.422252859375 0.6834150328125 0.43042279375000003 0.6875 0.448805146875 0.689542484375 0.4498263890625 0.6640114374999999 0.451868871875 0.6578839875 0.46003880781250006 0.6415441171875 0.478421159375 0.6252042484375 0.47739991875000004 0.6200980390625 0.46922998437499996 0.6098856203125 0.46106004843750004 0.605800653125 0.438592728125 0.6037581703125 0.422252859375 0.6098856203125 0.41306168281250005 0.6170343140625
1 0.5243770421875 0.6282679734375 0.5162071078125 0.62418300625 0.5059946890625 0.62418300625 0.5039522062499999 0.6221405234375 0.485569853125 0.62418300625 0.47535743437500005 0.6282679734375 0.46003880781250006 0.6415441171875 0.4498263890625 0.6640114374999999 0.4498263890625 0.6864787578125 0.45799632343749996 0.702818628125 0.4733149515625 0.7181372546875 0.49169730468750006 0.72426470625 0.5182495921875 0.722222221875 0.53050449375 0.716094771875 0.5458231203125 0.70077614375 0.5539930562500001 0.676266340625 0.5529718140625 0.6650326796875 0.5478656046875 0.6497140515625001 0.53663194375 0.6364379078125 0.5243770421875 0.6282679734375
1 0.6959456703125 0.748774509375 0.6979881531250001 0.75081699375 0.71637050625 0.748774509375 0.734752859375 0.7426470593750001 0.7408803109375001 0.7385620921875 0.744965278125 0.7385620921875 0.764368871875 0.7212009796875 0.7704963234375 0.7130310453125001 0.776623775 0.6966911765625 0.7807087421875 0.692606209375 0.7847937093749999 0.6803513078125001 0.7837724671874999 0.64460784375 0.7807087421875 0.6313316999999999 0.7725388078125001 0.6170343140625 0.7613051468750001 0.605800653125 0.7470077609375 0.59763071875 0.734752859375 0.5955882359375 0.7327103765625 0.5935457515625 0.724540440625 0.5935457515625 0.7224979578124999 0.59150326875 0.6979881531250001 0.59150326875 0.6959456703125 0.5935457515625 0.68369076875 0.5955882359375 0.6591809640624999 0.6098856203125 0.6479473046875001 0.62111928125 0.631607434375 0.6497140515625001 0.631607434375 0.655841503125 0.6295649515624999 0.6578839875 0.6295649515624999 0.6946486921874999 0.63364991875 0.7069035953125 0.6438623359375 0.7232434640625 0.6591809640624999 0.7385620921875 0.681648284375 0.748774509375 0.6959456703125 0.748774509375
1 0.7214767156249999 0.9479166671874999 0.7306678921875001 0.95710784375 0.7470077609375 0.96323529375 0.7613051468750001 0.96323529375 0.76334763125 0.9611928109375001 0.771517565625 0.9611928109375001 0.777645015625 0.95710784375 0.7868361921875 0.9458741828124999 0.7858149515624999 0.85702614375 0.7796875 0.85702614375 0.7510927281249999 0.8733660125 0.7337316171875 0.8907271234374999 0.7255616828125 0.9029820265625 0.7173917484375 0.9234068625 0.7173917484375 0.9377042484375 0.7214767156249999 0.9479166671874999
1 0.5019097218749999 0.9305555562500001 0.5213133171875 0.9234068625 0.520292075 0.9162581703124999 0.5141646234375 0.9080882359375 0.5039522062499999 0.90400326875 0.4794424015625 0.90400326875 0.4733149515625 0.9060457515625 0.464123775 0.9152369281249999 0.46208129062500003 0.9193218953125 0.46208129062500003 0.9315767968750001 0.4712724671875 0.9428104578125 0.48965482031249996 0.9489379078125 0.5019097218749999 0.9305555562500001
1 0.5080371734375 0.98366013125 0.5243770421875 0.98366013125 0.5345894609374999 0.9795751640624999 0.5437806375 0.9703839875 0.5427593953125001 0.965277778125 0.53663194375 0.9693627453125 0.5182495921875 0.971405228125 0.5162071078125 0.9693627453125 0.5039522062499999 0.9673202609375 0.49169730468750006 0.955065359375 0.48863357812499997 0.9601715687500001 0.49067606250000007 0.9724264703125 0.4978247546875 0.9795751640624999 0.5080371734375 0.98366013125
1 0.2884701796875 0.46180555625 0.299703840625 0.47508169999999994 0.3037888078125 0.4771241828125 0.3180861921875 0.4771241828125 0.32421364375 0.47303921562499995 0.3334048203125 0.46180555625 0.332383578125 0.44444444375 0.32727736875 0.43525326875000003 0.32217115937499996 0.43218954218750005 0.31604370937500004 0.43014705937500003 0.3017463234375 0.43014705937500003 0.2935763890625 0.436274509375 0.2884701796875 0.44342320312499994 0.2864276953125 0.44955065312500003 0.2884701796875 0.46180555625
1 0.398764296875 0.05535130781249999 0.4079554734375 0.064542484375 0.4181678921875 0.0686274515625 0.44267769531249995 0.0665849671875 0.4549325984375 0.060457515625 0.46003880781250006 0.05535130781249999 0.45901756562499996 0.0502450984375 0.44369893749999995 0.041053921874999996 0.43757148749999997 0.030841503125000003 0.4365502453125 0.017565359375 0.4202103765625 0.017565359375 0.4079554734375 0.0236928109375 0.3967218140625 0.0369689546875 0.3967218140625 0.051266340625 0.398764296875 0.05535130781249999
1 0.4110192 0 0.4110192 0.00224673125 0.41306168281250005 0.0063317 0.42429534375 0.0155228765625 0.4365502453125 0.0155228765625 0.45084763125 0.001225490625 0.4545241015625 0 0.4110192 0
2 0.329319853125 0.333129084375 0.329319853125 0.353553921875 0.3405535125 0.3688725484375 0.3548508984375 0.375 0.37119076875 0.375 0.37936070312500003 0.3709150328125 0.392636846875 0.3576388890625 0.3967218140625 0.3453839875 0.395700571875 0.3361928109375 0.392636846875 0.3229166671875 0.3814031859375 0.31168300625 0.3732332515625 0.3075980390625 0.3548508984375 0.3075980390625 0.3405535125 0.31576797343749996 0.33136233593750003 0.327001634375 0.329319853125 0.333129084375
2 0.3568933828125 0.2728758171875 0.3446384796875 0.26879084999999997 0.3303410953125 0.2749183 0.32114991875 0.2861519609375 0.319107434375 0.2922794125 0.319107434375 0.30861928125000004 0.3303410953125 0.321895425 0.3344260625 0.321895425 0.3405535125 0.31576797343749996 0.3548508984375 0.3075980390625 0.3732332515625 0.3075980390625 0.37527573593749997 0.30964052343750004 0.38038194375 0.3045343140625 0.382424428125 0.2984068625 0.3814031859375 0.29330065312500003 0.38038194375 0.2861519609375 0.3732332515625 0.2749183 0.36914828437499997 0.2728758171875 0.3568933828125 0.2728758171875
2 0.342595996875 0.17075163437500002 0.33748978749999997 0.17585784375 0.33136233593750003 0.1881127453125 0.3334048203125 0.20649509843749997 0.3354473046875 0.210580065625 0.3446384796875 0.2177287578125 0.3487234484375 0.213643790625 0.358935865625 0.2095588234375 0.3814031859375 0.2095588234375 0.3865093953125 0.20445261406249998 0.385488153125 0.20138888906250002 0.3732332515625 0.197303921875 0.3619995921875 0.1860702609375 0.3579146234375 0.17790032656250002 0.3568933828125 0.1666666671875 0.35076593125 0.1666666671875 0.342595996875 0.17075163437500002
2 0.40387050625 0.1380718953125 0.4018280234375 0.1360294125 0.385488153125 0.1380718953125 0.3732332515625 0.144199346875 0.364042075 0.15339052343749998 0.3579146234375 0.16564542499999999 0.3579146234375 0.17790032656250002 0.3619995921875 0.1860702609375 0.3732332515625 0.197303921875 0.3814031859375 0.20138888906250002 0.3997855390625 0.20138888906250002 0.4181678921875 0.1932189546875 0.4232741015625 0.1881127453125 0.42940155156250004 0.17790032656250002 0.42940155156250004 0.1717728765625 0.4314440359375 0.1697303921875 0.43042279375000003 0.1564542484375 0.4202103765625 0.144199346875 0.4099979578125 0.1380718953125 0.40387050625 0.1380718953125
2 0.4181678921875 0.07271241875 0.41204044062499995 0.0747549015625 0.3967218140625 0.0859885625 0.3905943625 0.0962009796875 0.3885518796875 0.1084558828125 0.3946793296875 0.12275326875 0.3997855390625 0.12785947656250002 0.41408292500000005 0.133986928125 0.4345077609375 0.133986928125 0.45084763125 0.12785947656250002 0.46208129062500003 0.11662581718750001 0.4661662578125 0.1084558828125 0.465145015625 0.0931372546875 0.46208129062500003 0.0859885625 0.44472017968750005 0.07271241875 0.432465278125 0.07271241875 0.43042279375000003 0.070669934375 0.4181678921875 0.07271241875
2 0.3701695265625 0.083946078125 0.3701695265625 0.0900735296875 0.3681270421875 0.0921160125 0.3701695265625 0.094158496875 0.3701695265625 0.10232843124999999 0.37936070312500003 0.1115196078125 0.3895731203125 0.11356209218749999 0.3885518796875 0.104370915625 0.392636846875 0.0921160125 0.4018280234375 0.080882353125 0.4079554734375 0.07883986875 0.41204044062499995 0.0747549015625 0.4161254078125 0.0747549015625 0.419189134375 0.0716911765625 0.4181678921875 0.0686274515625 0.4079554734375 0.064542484375 0.395700571875 0.064542484375 0.3814031859375 0.070669934375 0.3701695265625 0.083946078125
2 0.4545241015625 0 0.45084763125 0.001225490625 0.43757148749999997 0.0165441171875 0.43757148749999997 0.030841503125000003 0.45084763125 0.04616013125 0.45901756562499996 0.0502450984375 0.465145015625 0.052287581250000006 0.4876123359375 0.052287581250000006 0.5059946890625 0.04616013125 0.5192708328125 0.0328839875 0.5213133171875 0.0267565359375 0.520292075 0.0155228765625 0.5192708328125 0.010416667187500001 0.5100796562500001 0.001225490625 0.5072201796875 0 0.4545241015625 0
2 0.3048100484375 0.5189950984375 0.314001225 0.5302287578125 0.32217115937499996 0.534313725 0.3385110296875 0.534313725 0.3517871734375 0.523080065625 0.355872140625 0.512867646875 0.3548508984375 0.5016339875 0.3497446890625 0.4904003265625 0.3405535125 0.483251634375 0.32217115937499996 0.48120915000000003 0.314001225 0.4852941171875 0.3048100484375 0.4985702609375 0.3048100484375 0.5067401953124999 0.302767565625 0.5087826796875 0.3048100484375 0.5189950984375
2 0.3048100484375 0.584354575 0.31195874218749997 0.5955882359375 0.32217115937499996 0.6017156859375 0.3303410953125 0.6017156859375 0.3354473046875 0.592524509375 0.3497446890625 0.5802696078125 0.35076593125 0.5751633984375 0.3497446890625 0.56801470625 0.342595996875 0.5588235296875 0.3364685453125 0.5547385625000001 0.32421364375 0.552696078125 0.314001225 0.5567810453125001 0.308895015625 0.5618872546875 0.3048100484375 0.5700571890624999 0.3048100484375 0.584354575
2 0.345659721875 0.70077614375 0.3568933828125 0.7120098046875001 0.3650633171875 0.7140522875 0.3681270421875 0.708946078125 0.37527573593749997 0.70383986875 0.3834456703125 0.6997549015625 0.39365808750000003 0.6997549015625 0.3967218140625 0.6966911765625 0.395700571875 0.6834150328125 0.392636846875 0.676266340625 0.37936070312500003 0.6650326796875 0.3630208328125 0.6629901953124999 0.352808415625 0.6670751640625 0.345659721875 0.67422385625 0.3415747546875 0.6885212421875 0.345659721875 0.70077614375
2 0.31604370937500004 0.4852941171875 0.32114991875 0.48018790781250004 0.3201286765625 0.4791666671875 0.3017463234375 0.4771241828125 0.2905126640625 0.486315359375 0.2884701796875 0.4904003265625 0.2884701796875 0.5067401953124999 0.29766135625 0.51797385625 0.3017463234375 0.520016340625 0.3048100484375 0.5189950984375 0.3048100484375 0.4985702609375 0.3109375 0.48835784374999996 0.31604370937500004 0.4852941171875