2 0.1546875 0.4921875 0.0515625 0.04375
2 0.1484375 0.5359375 0.053125 0.0453125
2 0.3296875 0.4875 0.0484375 0.0484375
2 0.528125 0.525 0.046875 0.046875
1 0.521875 0.4765625 0.05 0.0484375
1 0.504537953125 0.562912540625 0.506600659375 0.564975246875 0.504537953125 0.567037953125 0.504537953125 0.5814768984375001 0.5158828390625 0.5948844890625 0.5303217828125 0.5990099015625 0.5426980203125 0.5948844890625 0.5499174921875001 0.5876650171875 0.5540429046875001 0.5794141921875 0.5540429046875001 0.564975246875 0.5499174921875001 0.562912540625 0.5499174921875001 0.556724421875 0.5416666671875 0.550536303125 0.5158828390625 0.54950495 0.506600659375 0.558787128125 0.504537953125 0.562912540625
1 0.7128712875 0.567037953125 0.71493399375 0.573226071875 0.726278878125 0.5845709578125 0.734529703125 0.5886963703125 0.753094059375 0.5886963703125 0.7572194718749999 0.5866336640625 0.76856435625 0.575288778125 0.7706270625 0.569100659375 0.7706270625 0.558787128125 0.767533003125 0.5536303625000001 0.76443894375 0.552599009375 0.76650165 0.550536303125 0.7623762375 0.544348184375 0.7572194718749999 0.53919141875 0.753094059375 0.541254125 0.74793729375 0.536097359375 0.730404290625 0.53506600625 0.71493399375 0.546410890625 0.7128712875 0.567037953125
1 0.9108910890624999 0.5422854781249999 0.9067656765625 0.550536303125 0.9067656765625 0.560849834375 0.9108910890624999 0.569100659375 0.9181105609375001 0.5763201312499999 0.9387376234374999 0.5845709578125 0.9511138609374999 0.5825082515625 0.9593646859374999 0.5783828390625 0.9665841578125001 0.573226071875 0.9707095703125 0.564975246875 0.9707095703125 0.552599009375 0.9645214515625 0.5422854781249999 0.9511138609374999 0.53094059375 0.9459570953125 0.529909240625 0.9284240921875 0.5288778875 0.9201732671875 0.5330033000000001 0.9108910890624999 0.5422854781249999
1 0.9390625 0.5046875 0.05625 0.0453125
1 0.9296875 0.4578125 0.059375 0.0484375
2 0.71875 0.515625 0.05 0.046875
2 0.73125 0.465625 0.053125 0.0484375
3 0.1515625 0.521875 0.084375 0.121875
3 0.334375 0.5203125 0.075 0.1265625
3 0.5203125 0.509375 0.08125 0.128125
3 0.7265625 0.49375 0.090625 0.1328125
3 0.9296875 0.4890625 0.1125 0.1328125