1 0.7464622640624999 0.5037441031250001 0.7405660375 0.51553655625 0.7405660375 0.5351906453125 0.7464622640624999 0.54894850625 0.755306603125 0.5577928453125 0.76709905625 0.5636890718750001 0.78085691875 0.5636890718750001 0.7906839625 0.5597582546875 0.798545596875 0.553862028125 0.8054245281249999 0.5450176890625 0.8093553453125001 0.5351906453125 0.8093553453125001 0.5253636 0.8113207546875 0.5233981921875 0.8093553453125001 0.5214327828124999 0.8093553453125001 0.5116057390625001 0.80345911875 0.49981328593749996 0.7926493703124999 0.48900353750000003 0.7867531453125001 0.48703812968750004 0.762185534375 0.48802083281249997 0.7572720125 0.48900353750000003 0.7464622640624999 0.497847878125 0.7464622640624999 0.5037441031250001
1 0.44968553437500003 0.5882566828125 0.466391509375 0.6029972484375 0.4742531453125 0.606928065625 0.5017688671875 0.606928065625 0.5056996859375 0.6029972484375 0.5155267296875 0.59906643125 0.526336478125 0.5882566828125 0.5341981125 0.56860259375 0.5341981125 0.550913915625 0.5243710687500001 0.5332252359375 0.5155267296875 0.524380896875 0.499803459375 0.5165192609375 0.489976415625 0.5165192609375 0.48801100625 0.5145538515625 0.4791666671875 0.51553655625 0.466391509375 0.5184846703125 0.45361635156249996 0.527329009375 0.4437893078125 0.546983096875 0.4418239 0.570568003125 0.44968553437500003 0.5882566828125
1 0.2079402515625 0.546983096875 0.20007861562499998 0.5528793234375 0.1981132078125 0.55877555 0.194182390625 0.5627063671875 0.194182390625 0.56860259375 0.19221698125 0.570568003125 0.19221698125 0.5921875 0.194182390625 0.5980837265625001 0.1981132078125 0.60201454375 0.20007861562499998 0.6079107703125 0.2128537734375 0.61872051875 0.21678459062500002 0.61872051875 0.22268081718750002 0.6226513359375 0.24233490624999998 0.6226513359375 0.250196540625 0.61872051875 0.26493710625 0.60201454375 0.268867925 0.590222090625 0.268867925 0.5764642296875 0.266902515625 0.570568003125 0.2610062890625 0.55877555 0.2462657234375 0.544034984375 0.2344732703125 0.5401041671875 0.21187106875 0.5410868703125 0.2079402515625 0.546983096875
1 0.5273191828125 0.6678557390625001 0.536163521875 0.6609768078125 0.5400943390624999 0.6413227203125 0.5341981125 0.62559945 0.5273191828125 0.61872051875 0.5155267296875 0.6128242921875 0.502751571875 0.613806996875 0.49587264218750005 0.6147897015625 0.48506289375 0.6216686328125001 0.47720125781249995 0.63542649375 0.47720125781249995 0.6452535375 0.481132075 0.657045990625 0.489976415625 0.6678557390625001 0.5037342765624999 0.673751965625 0.5135613203125 0.673751965625 0.5273191828125 0.6678557390625001
1 0.5283018875 0.66883844375 0.5391116359375 0.6757173734374999 0.5450078609375 0.6757173734374999 0.5469732703125 0.6776827828124999 0.5587657234375001 0.6757173734374999 0.5666273578125 0.67178655625 0.5754716984375 0.6629422171875 0.579402515625 0.6531151734375 0.579402515625 0.6413227203125 0.5754716984375 0.6373919031249999 0.5735062890625 0.6314956765625 0.5568003140625 0.620685928125 0.547955975 0.6216686328125001 0.543042453125 0.6226513359375 0.536163521875 0.6275648578124999 0.5400943390624999 0.6393573109374999 0.5400943390624999 0.6491843546875 0.536163521875 0.6609768078125 0.5283018875 0.66883844375
1 0.5833333328125 0.6432881296875 0.59414308125 0.654097878125 0.5980738999999999 0.6560632859375 0.615762578125 0.6560632859375 0.6344339625 0.6432881296875 0.6383647796874999 0.63542649375 0.6383647796874999 0.6177378140625 0.6344339625 0.6098761796875001 0.625589621875 0.6010318390625 0.615762578125 0.597101021875 0.6010220125 0.5980837265625001 0.5921776734375 0.6010318390625 0.5852987421875 0.6079107703125 0.5852987421875 0.6118415875000001 0.581367925 0.61577240625 0.579402515625 0.6216686328125001 0.579402515625 0.633461084375 0.5833333328125 0.6432881296875
1 0.71403301875 0.606928065625 0.7081367921874999 0.6049626578125 0.6953616359375 0.6059453609375 0.685534590625 0.6118415875000001 0.6796383640625 0.623634040625 0.6796383640625 0.6373919031249999 0.6884827046875001 0.650167059375 0.702240565625 0.654097878125 0.704205975 0.65213246875 0.7101022015625 0.65213246875 0.72091195 0.6432881296875 0.7248427671875 0.63542649375 0.7248427671875 0.6197032234375001 0.71403301875 0.606928065625
1 1 0.47622838125 0.9911556609375 0.4654186328125 0.9842767296874999 0.4664013359375 0.9783805031249999 0.47622838125 0.9783805031249999 0.49195165156250004 0.9823113203125 0.49981328593749996 0.9891902515625001 0.5047268078125 0.9931210687500001 0.5027614 1 0.493917059375 1 0.47622838125
1 0.9017295593749999 0.5568101421875 0.9017295593749999 0.56860259375 0.90664308125 0.5774469343749999 0.9164701265625 0.5794123421874999 0.92040094375 0.5774469343749999 0.9253144656250001 0.570568003125 0.9272798734375 0.5548447328125 0.92040094375 0.54600039375 0.9164701265625 0.544034984375 0.911556603125 0.5450176890625 0.9056603781250001 0.54894850625 0.9017295593749999 0.5568101421875
1 0.812303459375 0.63837460625 0.8181996859374999 0.6364091984375 0.825078615625 0.6295302671874999 0.827044025 0.62559945 0.827044025 0.6118415875000001 0.82016509375 0.6049626578125 0.8073899375 0.6059453609375 0.8014937109375 0.6118415875000001 0.8014937109375 0.6314956765625 0.8044418234374999 0.6364091984375 0.812303459375 0.63837460625
0 0.749410378125 0.6560632859375 0.759237421875 0.6580286953125001 0.76709905625 0.654097878125 0.775943396875 0.6452535375 0.7739779875 0.6275648578124999 0.7710298734375 0.6246167453125 0.7680817609374999 0.62559945 0.755306603125 0.6364091984375 0.742531446875 0.6393573109374999 0.742531446875 0.647218946875 0.749410378125 0.6560632859375
0 0.7680817609374999 0.6000491359375 0.7572720125 0.5912047953124999 0.7405660375 0.5921875 0.73073899375 0.6000491359375 0.7268081765625001 0.6118415875000001 0.7268081765625001 0.6216686328125001 0.73073899375 0.6295302671874999 0.737617925 0.6364091984375 0.749410378125 0.63837460625 0.755306603125 0.6364091984375 0.7661163515625 0.6275648578124999 0.7700471703125 0.6177378140625 0.7700471703125 0.603979953125 0.7680817609374999 0.6000491359375
0 0.9744496859374999 0.5116057390625001 0.9705188671875 0.49981328593749996 0.9656053453125001 0.49489976406249997 0.9547955968749999 0.49588246874999997 0.9488993703125 0.5037441031250001 0.9488993703125 0.5214327828124999 0.95381289375 0.530277121875 0.9636399375 0.53224253125 0.968553459375 0.5292944187499999 0.9744496859374999 0.5116057390625001
0 0.72779088125 0.6698211484375001 0.7199292453125 0.6698211484375001 0.7101022015625 0.6580286953125001 0.7051886796875 0.6590114 0.7071540875 0.6708038515625 0.7179638359375 0.6796481921875 0.725825471875 0.6796481921875 0.7346698109375 0.6708038515625 0.73368710625 0.6658903296875 0.72779088125 0.6698211484375001
1 0.709119496875 0.6531151734375 0.709119496875 0.6590114 0.7130503140625 0.6649076265625 0.7199292453125 0.6698211484375001 0.73368710625 0.6678557390625001 0.742531446875 0.657045990625 0.742531446875 0.6432881296875 0.7405660375 0.6393573109374999 0.7317216984375 0.63247838125 0.7248427671875 0.633461084375 0.72091195 0.6432881296875 0.709119496875 0.6531151734375
1 0.78085691875 0.6482016515625 0.788718553125 0.6482016515625 0.7946147796874999 0.6442708328125 0.8014937109375 0.63542649375 0.8014937109375 0.6197032234375001 0.7926493703124999 0.6128242921875 0.781839621875 0.613806996875 0.7739779875 0.6216686328125001 0.7739779875 0.6373919031249999 0.775943396875 0.6432881296875 0.78085691875 0.6482016515625