1 0.6728515625 0.44140625 0.6796875 0.4326171875 0.6796875 0.4287109375 0.68359375 0.4248046875 0.68359375 0.4111328125 0.6796875 0.4052734375 0.6796875 0.4033203125 0.6767578125 0.400390625 0.6708984375 0.3984375 0.6689453125 0.396484375 0.6533203125 0.396484375 0.6513671875 0.3984375 0.6474609375 0.3984375 0.638671875 0.4072265625 0.638671875 0.4091796875 0.63671875 0.4111328125 0.63671875 0.4208984375 0.634765625 0.4228515625 0.63671875 0.4248046875 0.63671875 0.4287109375 0.64453125 0.4306640625 0.64453125 0.4384765625 0.650390625 0.4423828125 0.6552734375 0.443359375 0.6572265625 0.44140625 0.6728515625 0.44140625
1 0.8583984375 0.431640625 0.8603515625 0.431640625 0.865234375 0.4267578125 0.865234375 0.4248046875 0.87109375 0.4169921875 0.87109375 0.4111328125 0.869140625 0.4091796875 0.869140625 0.4052734375 0.8671875 0.4033203125 0.8671875 0.4013671875 0.8603515625 0.39453125 0.8583984375 0.39453125 0.8564453125 0.392578125 0.8525390625 0.392578125 0.8505859375 0.390625 0.8447265625 0.390625 0.8427734375 0.392578125 0.8369140625 0.392578125 0.8310546875 0.396484375 0.8291015625 0.396484375 0.822265625 0.4033203125 0.8203125 0.4091796875 0.818359375 0.4111328125 0.818359375 0.4228515625 0.82421875 0.4248046875 0.822265625 0.4267578125 0.82421875 0.4287109375 0.82421875 0.4306640625 0.830078125 0.4345703125 0.8310546875 0.435546875 0.8525390625 0.435546875 0.8583984375 0.431640625
2 0.30078125 0.4501953125 0.30078125 0.4404296875 0.302734375 0.4384765625 0.302734375 0.4267578125 0.30078125 0.4228515625 0.2919921875 0.4140625 0.2841796875 0.41015625 0.2666015625 0.41015625 0.25390625 0.4208984375 0.251953125 0.4248046875 0.251953125 0.4326171875 0.25 0.4345703125 0.25 0.4384765625 0.255859375 0.4443359375 0.25390625 0.4462890625 0.255859375 0.4501953125 0.2626953125 0.45703125 0.2685546875 0.455078125 0.2705078125 0.458984375 0.2734375 0.4599609375 0.2861328125 0.4609375 0.2939453125 0.45703125 0.30078125 0.4501953125
2 0.296875 0.4796875 0.046875 0.0453125
2 0.2859375 0.528125 0.0515625 0.046875
2 0.48125 0.471875 0.0484375 0.0484375
2 0.6640625 0.5078125 0.053125 0.04375
2 0.8421875 0.5015625 0.053125 0.0421875
1 0.8359375 0.4578125 0.05 0.04375
1 0.6671875 0.4640625 0.046875 0.04375
1 0.4875 0.51875 0.0453125 0.04375
1 0.0859375 0.5390625 0.0578125 0.0546875
3 0.8375 0.471875 0.08125 0.11875
3 0.6609375 0.475 0.06875 0.115625
3 0.48125 0.48125 0.06875 0.125
3 0.2890625 0.4953125 0.075 0.1296875
3 0.096875 0.5015625 0.08125 0.1234375