0 0.36328125 0.5986328125 0.353515625 0.5791015625 0.3310546875 0.55859375 0.3076171875 0.55078125 0.2958984375 0.55078125 0.2939453125 0.552734375 0.2763671875 0.5546875 0.2666015625 0.5625 0.2607421875 0.564453125 0.25 0.5751953125 0.2421875 0.5888671875 0.2421875 0.5947265625 0.23828125 0.6025390625 0.23828125 0.6220703125 0.240234375 0.6240234375 0.2421875 0.6357421875 0.251953125 0.6552734375 0.2724609375 0.677734375 0.2919921875 0.685546875 0.326171875 0.6845703125 0.3310546875 0.6796875 0.3349609375 0.6796875 0.3486328125 0.671875 0.359375 0.6591796875 0.359375 0.6552734375 0.3671875 0.6396484375 0.3671875 0.6103515625 0.36328125 0.5986328125
0 0.2470703125 0.36328125 0.23046875 0.3759765625 0.224609375 0.3896484375 0.224609375 0.3994140625 0.2265625 0.4052734375 0.2333984375 0.4140625 0.2470703125 0.419921875 0.2578125 0.4189453125 0.2626953125 0.41796875 0.26953125 0.4130859375 0.26953125 0.3935546875 0.275390625 0.3818359375 0.275390625 0.3779296875 0.2666015625 0.3671875 0.2587890625 0.36328125 0.2470703125 0.36328125
0 0.4838196859375 0.35119301406250003 0.4760071859375 0.34728676406250003 0.4603821859375 0.34533363906250003 0.4486634359375 0.34923988906250003 0.4369446859375 0.35705238906250003 0.4281556234375 0.36974770156250003 0.4262024984375 0.39318520156250003 0.4310853109375 0.40002113906250003 0.4340149984375 0.39904457656250003 0.4340149984375 0.39513832656250003 0.4428040609375 0.38439613906250003 0.4603821859375 0.37463051406250003 0.4818665609375 0.37267738906250003 0.4994446859375 0.38048988906250003 0.5004212484375 0.37170082656250003 0.4965149984375 0.36388832656250003 0.4838196859375 0.35119301406250003
0 0.4990234375 0.28125 0.4931640625 0.28125 0.4833984375 0.28515625 0.474609375 0.2978515625 0.474609375 0.3076171875 0.4814453125 0.31640625 0.484375 0.3154296875 0.4951171875 0.310546875 0.5166015625 0.3125 0.51953125 0.3076171875 0.51953125 0.2958984375 0.517578125 0.2919921875 0.5068359375 0.283203125 0.5009765625 0.283203125 0.4990234375 0.28125
1 0.556640625 0.2880859375 0.552734375 0.2958984375 0.552734375 0.3076171875 0.55859375 0.3173828125 0.5673828125 0.32421875 0.5859375 0.3232421875 0.5888671875 0.322265625 0.599609375 0.3095703125 0.599609375 0.2958984375 0.595703125 0.2880859375 0.5869140625 0.28125 0.5830078125 0.279296875 0.5693359375 0.279296875 0.556640625 0.2880859375
1 0.5283203125 0.326171875 0.5087890625 0.326171875 0.4970703125 0.33203125 0.490234375 0.3388671875 0.484375 0.3505859375 0.49609375 0.3642578125 0.5 0.3798828125 0.5146484375 0.39453125 0.525390625 0.3935546875 0.5380859375 0.388671875 0.548828125 0.3779296875 0.552734375 0.3701171875 0.552734375 0.3603515625 0.5546875 0.3583984375 0.546875 0.3388671875 0.5419921875 0.333984375 0.5283203125 0.326171875
1 0.5107421875 0.43359375 0.4912109375 0.423828125 0.4716796875 0.421875 0.4697265625 0.423828125 0.4560546875 0.42578125 0.4443359375 0.431640625 0.43359375 0.4423828125 0.42578125 0.4560546875 0.42578125 0.4619140625 0.421875 0.4697265625 0.421875 0.4853515625 0.42578125 0.4931640625 0.427734375 0.5068359375 0.4423828125 0.5234375 0.4658203125 0.53515625 0.482421875 0.5341796875 0.5048828125 0.52734375 0.521484375 0.5126953125 0.53125 0.4931640625 0.533203125 0.4755859375 0.53125 0.4736328125 0.53125 0.4638671875 0.525390625 0.4501953125 0.5107421875 0.43359375
1 0.523539496875 0.4041121171875 0.519633246875 0.3982527421875 0.519633246875 0.3943464921875 0.503031684375 0.3777449296875 0.48935980937499995 0.3718855546875 0.47373480937499995 0.3718855546875 0.45420355937499995 0.3796980546875 0.43955512187499995 0.3943464921875 0.43760199687499995 0.3982527421875 0.43760199687499995 0.4080183671875 0.43564887187499995 0.4099714921875 0.43564887187499995 0.4236433671875 0.44150824687499995 0.4353621171875 0.44736762187499995 0.4353621171875 0.46201605937499995 0.4265730546875 0.46787543437499995 0.4265730546875 0.47764105937499995 0.4226668046875 0.49326605937499995 0.4226668046875 0.504984809375 0.4265730546875 0.518656684375 0.4343855546875 0.523539496875 0.4255964921875 0.523539496875 0.4041121171875
1 0.2958984375 0.3671875 0.2841796875 0.373046875 0.275390625 0.3818359375 0.26953125 0.3935546875 0.26953125 0.4130859375 0.2734375 0.4208984375 0.2880859375 0.43359375 0.2939453125 0.435546875 0.306640625 0.4345703125 0.3193359375 0.4296875 0.32421875 0.4248046875 0.33203125 0.4091796875 0.333984375 0.3955078125 0.328125 0.3798828125 0.3193359375 0.37109375 0.3115234375 0.3671875 0.2958984375 0.3671875
1 0.2080078125 0.375 0.2021484375 0.376953125 0.201171875 0.3798828125 0.189453125 0.3896484375 0.185546875 0.4091796875 0.189453125 0.4189453125 0.1982421875 0.427734375 0.2041015625 0.4296875 0.212890625 0.4287109375 0.2197265625 0.427734375 0.2255859375 0.423828125 0.23046875 0.4111328125 0.224609375 0.4013671875 0.224609375 0.3876953125 0.2265625 0.3818359375 0.2158203125 0.375 0.2080078125 0.375
1 0.263671875 0.3388671875 0.263671875 0.3447265625 0.2685546875 0.34765625 0.2744140625 0.34765625 0.2802734375 0.3515625 0.2861328125 0.359375 0.2890625 0.3583984375 0.2939453125 0.357421875 0.30078125 0.3486328125 0.302734375 0.3447265625 0.302734375 0.3310546875 0.2939453125 0.3203125 0.2783203125 0.3203125 0.267578125 0.3291015625 0.263671875 0.3388671875
1 0.4033203125 0.310546875 0.3984375 0.3154296875 0.392578125 0.3271484375 0.392578125 0.3349609375 0.396484375 0.3466796875 0.4033203125 0.353515625 0.412109375 0.3564453125 0.412109375 0.3427734375 0.41796875 0.3291015625 0.4267578125 0.3203125 0.4375 0.3154296875 0.4375 0.3134765625 0.4287109375 0.306640625 0.4111328125 0.306640625 0.4033203125 0.310546875
1 0.3955078125 0.294921875 0.3828125 0.3056640625 0.37890625 0.3154296875 0.380859375 0.3251953125 0.3896484375 0.333984375 0.392578125 0.3330078125 0.39453125 0.3212890625 0.400390625 0.3134765625 0.4111328125 0.306640625 0.4189453125 0.306640625 0.421875 0.3037109375 0.4169921875 0.296875 0.4130859375 0.294921875 0.3955078125 0.294921875
2 0.720703125 0.3212890625 0.720703125 0.3349609375 0.7255859375 0.341796875 0.7294921875 0.341796875 0.7353515625 0.337890625 0.7529296875 0.337890625 0.7646484375 0.345703125 0.76953125 0.3447265625 0.771484375 0.3427734375 0.771484375 0.3251953125 0.767578125 0.3173828125 0.7568359375 0.306640625 0.7392578125 0.302734375 0.7314453125 0.306640625 0.724609375 0.3134765625 0.720703125 0.3212890625
2 0.5185546875 0.314453125 0.5087890625 0.310546875 0.4951171875 0.310546875 0.4833984375 0.31640625 0.470703125 0.3330078125 0.470703125 0.3427734375 0.4794921875 0.349609375 0.484375 0.3505859375 0.48828125 0.3408203125 0.5029296875 0.328125 0.5068359375 0.326171875 0.5166015625 0.326171875 0.5185546875 0.32421875 0.5263671875 0.326171875 0.52734375 0.3232421875 0.5185546875 0.314453125
2 0.4365234375 0.31640625 0.4345703125 0.318359375 0.4287109375 0.318359375 0.41796875 0.3291015625 0.412109375 0.3427734375 0.412109375 0.3525390625 0.416015625 0.3603515625 0.4228515625 0.3671875 0.427734375 0.3662109375 0.431640625 0.3583984375 0.4423828125 0.349609375 0.4580078125 0.34375 0.470703125 0.3427734375 0.470703125 0.3310546875 0.4599609375 0.3203125 0.4521484375 0.31640625 0.4365234375 0.31640625
2 0.4365234375 0.310546875 0.4375 0.3134765625 0.4423828125 0.31640625 0.4521484375 0.31640625 0.4599609375 0.3203125 0.4658203125 0.326171875 0.466796875 0.3251953125 0.47265625 0.3193359375 0.47265625 0.3037109375 0.4638671875 0.29296875 0.4541015625 0.2890625 0.4443359375 0.2890625 0.431640625 0.2958984375 0.4267578125 0.306640625 0.4365234375 0.310546875
2 0.3359375 0.3095703125 0.333984375 0.3134765625 0.333984375 0.3251953125 0.3427734375 0.3359375 0.3466796875 0.337890625 0.35546875 0.3369140625 0.3642578125 0.333984375 0.37109375 0.3271484375 0.373046875 0.3232421875 0.373046875 0.3095703125 0.3642578125 0.298828125 0.3525390625 0.296875 0.3466796875 0.298828125 0.3359375 0.3095703125
2 0.2490234375 0.36328125 0.2626953125 0.365234375 0.2666015625 0.3671875 0.2763671875 0.37890625 0.279296875 0.3779296875 0.2890625 0.3681640625 0.283203125 0.3544921875 0.2744140625 0.34765625 0.2587890625 0.34765625 0.24609375 0.3564453125 0.244140625 0.3603515625 0.2451171875 0.365234375 0.2490234375 0.36328125
2 0.2421875 0.3369140625 0.2421875 0.3505859375 0.2451171875 0.35546875 0.248046875 0.3544921875 0.2509765625 0.3515625 0.263671875 0.3466796875 0.263671875 0.3369140625 0.26953125 0.3271484375 0.2685546875 0.32421875 0.2568359375 0.322265625 0.248046875 0.3271484375 0.2421875 0.3369140625
1 0.7470703125 0.341796875 0.7373046875 0.345703125 0.7294921875 0.3515625 0.724609375 0.3583984375 0.720703125 0.3662109375 0.720703125 0.3857421875 0.7265625 0.3974609375 0.7373046875 0.41015625 0.7451171875 0.4140625 0.765625 0.4130859375 0.7744140625 0.41015625 0.783203125 0.4013671875 0.7890625 0.3896484375 0.7890625 0.3720703125 0.78125 0.3564453125 0.7724609375 0.34765625 0.7607421875 0.341796875 0.7470703125 0.341796875
0 0.701171875 0.4306640625 0.6865234375 0.4140625 0.6669921875 0.40625 0.6435546875 0.40625 0.6416015625 0.408203125 0.6357421875 0.408203125 0.6259765625 0.4140625 0.609375 0.4326171875 0.603515625 0.4501953125 0.60546875 0.4716796875 0.61328125 0.4873046875 0.6318359375 0.50390625 0.6494140625 0.5078125 0.6513671875 0.509765625 0.66796875 0.5087890625 0.6748046875 0.5078125 0.6865234375 0.501953125 0.697265625 0.4912109375 0.703125 0.4794921875 0.70703125 0.4619140625 0.708984375 0.4599609375 0.70703125 0.4482421875 0.701171875 0.4306640625
1 0.99609375 0.5419921875 0.994140625 0.5400390625 0.994140625 0.5341796875 0.9833984375 0.51953125 0.9716796875 0.513671875 0.9599609375 0.513671875 0.9501953125 0.517578125 0.935546875 0.5322265625 0.931640625 0.5380859375 0.923828125 0.5634765625 0.923828125 0.5791015625 0.921875 0.5849609375 0.923828125 0.5869140625 0.92578125 0.6064453125 0.9345703125 0.615234375 0.9443359375 0.62109375 0.95703125 0.6201171875 0.9619140625 0.619140625 0.98046875 0.6044921875 0.990234375 0.5869140625 0.9921875 0.5751953125 0.994140625 0.5732421875 0.994140625 0.5634765625 0.99609375 0.5615234375 0.99609375 0.5419921875