2 0.6308392078125 0.4373557734375 0.61572418125 0.4383040328125 0.612597353125 0.4397069734375 0.5987403578125 0.44937264218750006 0.5987403578125 0.4553630578125 0.5972682890625001 0.46259358125 0.5970445171875001 0.468939090625 0.6007371625 0.4773279140625 0.6048738953125 0.4819069890625 0.615329071875 0.486563190625 0.627291740625 0.48730234687499996 0.633684446875 0.48631353749999995 0.6376780578125001 0.48431673125 0.6486604859375 0.4713374984375 0.6476620828125 0.458358265625 0.644666875 0.4553630578125 0.64666368125 0.453366253125 0.644666875 0.4473758375 0.6376780578125001 0.44038701874999997 0.6308392078125 0.4373557734375
1 0.5861552390625 0.0710284921875 0.5971376671875 0.080014115625 0.613112109375 0.078017309375 0.61710571875 0.0740237 0.623096134375 0.0720268953125 0.6360753671875 0.057050856250000004 0.6350769656249999 0.034087596875 0.623096134375 0.01811315625 0.613112109375 0.014119546875 0.5991344734374999 0.0161163515625 0.5881520453125 0.0270987796875 0.580164825 0.0430732203125 0.580164825 0.06104446718749999 0.58316003125 0.0640396734375 0.5851598046875 0.06738714999999999 0.5861552390625 0.0710284921875
1 0.6123377421875 0.22921078593750002 0.604350521875 0.233204396875 0.5973617046874999 0.23819640937500003 0.5913712890625 0.24818043437499998 0.5913712890625 0.25417085 0.5893744843750001 0.25616765468749997 0.5913712890625 0.2721420953125 0.6003569125 0.2831245234375 0.6143345484375 0.2831245234375 0.616331353125 0.28112771875 0.6183281578125001 0.2831245234375 0.6303089890625 0.2831245234375 0.6392946125 0.2741389015625 0.6452850265625 0.264154875 0.644286625 0.2451852265625 0.6343025984375 0.233204396875 0.6263153781249999 0.22921078593750002 0.6203249625 0.22921078593750002 0.6183281578125001 0.23120759062500001 0.6123377421875 0.22921078593750002
1 0.60437749375 0.65825944375 0.6063742984375 0.676230690625 0.612861771875 0.68274016875 0.6197051984375 0.6866515328125 0.62318888125 0.688218634375 0.6302567859375 0.688156928125 0.64087008125 0.6880973515625 0.6477837234375 0.68290400625 0.6525887515625 0.67790695 0.655076109375 0.670539028125 0.6558626234375 0.6638537375 0.65341790625 0.652924 0.6475411578125 0.64366535 0.6391098671875 0.6392447781249999 0.6233367859375 0.6374806125 0.615359921875 0.6392897953125 0.6063742984375 0.652269028125 0.60437749375 0.65825944375
1 0.6075296359375 0.6850854187500001 0.607467171875 0.6815063359375 0.6064687703125 0.6705239078125 0.6054180421875001 0.6643933718749999 0.5964847437499999 0.6545494671875 0.5944879390625 0.6545494671875 0.5939441109375 0.65409259375 0.59149273125 0.6535510640625 0.5846620609375 0.6510192140625 0.58200395625 0.6514115796875 0.5756897578125 0.6515836765625 0.5745039515625 0.651890090625 0.57216129375 0.6524836328125 0.563271328125 0.659727953125 0.5575470453125 0.6675287 0.5560272328125 0.678185734375 0.5570274171875 0.684874346875 0.5594788281249999 0.6890782671875 0.5658937468749999 0.698361925 0.5750574171875 0.7037219218749999 0.5795687484375 0.703821765625 0.58552824375 0.7035892359375 0.592254515625 0.7032003734375001 0.5970596859375 0.700081590625 0.5999354296875 0.69629280625 0.602562003125 0.6928582921875 0.6075296359375 0.6850854187500001
2 0.5499572625 0.47260004999999994 0.5623267234375 0.4830743734375 0.567300946875 0.48547982031250003 0.57603711875 0.48603808906249996 0.5852941406250001 0.48327931093750004 0.5911233874999999 0.4777779265625 0.5991912562499999 0.4653273953125 0.5989051796875 0.4516467421875 0.5928667640625 0.4436924125 0.5852405843749999 0.43648161406249997 0.5737758453125 0.43248586875 0.5642728375 0.43355050625 0.5533411 0.4401430640625 0.5473506859375 0.4541207 0.5473506859375 0.464104725 0.5499572625 0.47260004999999994
2 0.5487488765624999 0.47378257343749997 0.547750475 0.470787365625 0.5467520718750001 0.4637985484375 0.5464352875 0.4629122578125 0.546359990625 0.4621663671875 0.5448538593750001 0.45752795468749996 0.5447552671875 0.45381452187500004 0.5377664484375 0.44682570468750005 0.533682565625 0.4450077796875 0.5277824234375 0.44283209375 0.513973684375 0.44351870312499997 0.510283546875 0.445403396875 0.4999764953125 0.45568402968750005 0.4988287484375 0.45980493750000007 0.49849116406249994 0.4623412953125 0.498065803125 0.47349095625000004 0.4988287484375 0.47577937812500004 0.4999991671875 0.4798468296875 0.502245365625 0.48360581406250003 0.5142060203125001 0.49225094062499997 0.5205001171875 0.4932385265625 0.531963703125 0.49258441406250003 0.5377664484375 0.4887586125 0.54169380625 0.4870414921875 0.5470113234375 0.479115309375 0.5487488765624999 0.47378257343749997
3 0.609375 0.8625 0.1265625 0.090625
3 0.590625 0.6640625 0.1140625 0.084375
3 0.590625 0.4640625 0.13125 0.0875
3 0.5796875 0.2515625 0.13125 0.09375
3 0.571875 0.05 0.11875 0.1