1 0.32179588593749997 0.5557753171875001 0.310917721875 0.5646756328125 0.310917721875 0.5706091765625 0.3049841765625 0.5745648734375 0.3049841765625 0.588409809375 0.3158623421875 0.6012658234375 0.336629746875 0.6002768984375 0.349485759375 0.599287975 0.3544303796875 0.5943433546875 0.3583860765625 0.582476265625 0.3583860765625 0.5745648734375 0.35245253125 0.56665348125 0.35245253125 0.562697784375 0.3475079109375 0.5577531640625 0.33761867031250004 0.55379746875 0.32179588593749997 0.5557753171875001
1 0.3603639234375 0.6259889234375 0.3643196203125 0.6240110765625 0.3643196203125 0.6160996828124999 0.362341771875 0.6121439875 0.3514636078125 0.6032436703124999 0.33366297500000003 0.6032436703124999 0.3316851265625 0.60522151875 0.3257515828125 0.60522151875 0.3148734171875 0.6160996828124999 0.3128955703125 0.6220332281250001 0.3128955703125 0.6279667718749999 0.316851265625 0.6299446203125 0.3128955703125 0.6339003171875001 0.3148734171875 0.641811709375 0.323773734375 0.650712025 0.3316851265625 0.654667721875 0.3465189875 0.653678796875 0.349485759375 0.6526898734375 0.3643196203125 0.6358781640625 0.3643196203125 0.6299446203125 0.3603639234375 0.6259889234375
1 0.7747231015625 0.6071993671875 0.7737341765625 0.61807753125 0.772745253125 0.61906645625 0.76977848125 0.6160996828124999 0.7717563296875001 0.6141218359375 0.7717563296875001 0.602254746875 0.76977848125 0.596321203125 0.7608781640625 0.589398734375 0.733188290625 0.589398734375 0.720332278125 0.6042325953125001 0.7223101265625 0.6299446203125 0.7410996828124999 0.640822784375 0.759889240625 0.6398338609375 0.7717563296875001 0.63192246875 0.7717563296875001 0.6259889234375 0.775712025 0.6220332281250001 0.775712025 0.6160996828124999 0.7816455703125 0.6121439875 0.7747231015625 0.6071993671875
2 0.5532041140625 0.5973101265625 0.5472705703125 0.5973101265625 0.5433148734375 0.6012658234375 0.5393591765625 0.599287975 0.525514240625 0.599287975 0.5205696203125 0.602254746875 0.5146360765625 0.6121439875 0.5166139234375 0.63192246875 0.5185917718749999 0.6358781640625 0.531447784375 0.6467563296875001 0.544303796875 0.6457674046874999 0.5472705703125 0.6428006328125 0.5492484171875 0.64477848125 0.5551819625000001 0.6428006328125 0.5621044296875 0.6358781640625 0.5660601265625 0.6279667718749999 0.5660601265625 0.6121439875 0.5532041140625 0.5973101265625
2 0.5601265828125 0.5785205703125 0.5601265828125 0.5646756328125 0.5492484171875 0.5498417718749999 0.545292721875 0.5478639234375 0.541337025 0.5498417718749999 0.5373813296875001 0.5458860765625 0.5274920890625 0.5458860765625 0.5195806968750001 0.5498417718749999 0.50870253125 0.562697784375 0.5067246828124999 0.56665348125 0.5067246828124999 0.5785205703125 0.50870253125 0.5844541140625 0.515625 0.5913765828125 0.52155854375 0.5933544296875 0.5403481015625 0.59236550625 0.5433148734375 0.589398734375 0.545292721875 0.5913765828125 0.551226265625 0.5913765828125 0.5561708859375 0.588409809375 0.5601265828125 0.5785205703125
1 0.1556566453125 0.5597310125 0.1398338609375 0.5597310125 0.13192246875 0.563686709375 0.125 0.5706091765625 0.125 0.5745648734375 0.128955696875 0.576542721875 0.125 0.5804984171875 0.125 0.6002768984375 0.12697784843749998 0.6042325953125001 0.13192246875 0.6071993671875 0.140822784375 0.60621044375 0.16356803749999999 0.60522151875 0.17049050625 0.602254746875 0.174446203125 0.5943433546875 0.17642405 0.5785205703125 0.1655458859375 0.563686709375 0.161590190625 0.563686709375 0.1556566453125 0.5597310125
1 0.10522151875 0.63192246875 0.10522151875 0.647745253125 0.109177215625 0.653678796875 0.1299446203125 0.6645569625000001 0.1329113921875 0.6635680374999999 0.14378955625 0.6625791140625 0.160601265625 0.647745253125 0.16455696250000001 0.6398338609375 0.16455696250000001 0.6259889234375 0.1625791140625 0.6220332281250001 0.153678796875 0.6131329109375 0.14378955625 0.609177215625 0.1339003171875 0.609177215625 0.11609968281250001 0.6170886078125 0.10522151875 0.63192246875
2 0.9695411390625001 0.5587420890625 0.9695411390625001 0.55280854375 0.9636075953125 0.54094145625 0.958662975 0.5359968359375 0.9467958859375001 0.530063290625 0.934928796875 0.530063290625 0.9329509500000001 0.5320411390625 0.928995253125 0.530063290625 0.9191060125 0.5340189875 0.9082278484374999 0.5429193031249999 0.90625 0.5488528484375 0.90625 0.562697784375 0.9082278484374999 0.5686313296875001 0.91317246875 0.5735759500000001 0.9171281640625001 0.575553796875 0.9329509500000001 0.575553796875 0.9369066453125001 0.5735759500000001 0.93888449375 0.575553796875 0.95174050625 0.576542721875 0.958662975 0.575553796875 0.96558544375 0.5686313296875001 0.9695411390625001 0.5587420890625
2 0.93888449375 0.5854430374999999 0.9369066453125001 0.589398734375 0.9329509500000001 0.589398734375 0.92602848125 0.596321203125 0.92602848125 0.6101661390625 0.934928796875 0.625 0.93888449375 0.625 0.948773734375 0.6329113921875 0.9715189875 0.63192246875 0.97844145625 0.6289556968750001 0.99129746875 0.6141218359375 0.99129746875 0.602254746875 0.9873417718749999 0.5943433546875 0.97844145625 0.5854430374999999 0.9665743671874999 0.57950949375 0.954707278125 0.57950949375 0.93888449375 0.5854430374999999
1 0.954707278125 0.4806170890625 0.934928796875 0.48259493593749997 0.92503955625 0.48852848125000004 0.916139240625 0.4994066453125 0.9181170890624999 0.5152294296875 0.922072784375 0.517207278125 0.9240506328125001 0.5231408234375 0.9270174046875 0.5261075953125001 0.9329509500000001 0.5261075953125001 0.934928796875 0.530063290625 0.9408623421875 0.530063290625 0.942840190625 0.5320411390625 0.961629746875 0.531052215625 0.9705300640625 0.5261075953125001 0.9814082281250001 0.511273734375 0.9814082281250001 0.50138449375 0.9754746828125 0.491495253125 0.9705300640625 0.4865506328125 0.954707278125 0.4806170890625
2 0.33761867031250004 0.5063291140625 0.323773734375 0.5083069625000001 0.31981803750000004 0.510284809375 0.3089398734375 0.5231408234375 0.30696202499999997 0.5350079109375 0.3089398734375 0.5389636078125 0.3128955703125 0.54094145625 0.310917721875 0.5448971515625 0.31388449375 0.5498417718749999 0.323773734375 0.5557753171875001 0.3445411390625 0.5547863921875 0.356408228125 0.546875 0.3583860765625 0.5429193031249999 0.356408228125 0.54094145625 0.3603639234375 0.5389636078125 0.3603639234375 0.52709651875 0.3514636078125 0.5122626578125 0.33761867031250004 0.5063291140625
3 0.1359375 0.6015625 0.0921875 0.11875
3 0.328125 0.6015625 0.078125 0.1296875
3 0.5390625 0.5859375 0.075 0.134375
3 0.7453125 0.5796875 0.0765625 0.1375
3 0.940625 0.5671875 0.0921875 0.121875