1 0.615814696875 0.47983226874999996 0.6228035140625 0.47883386562499997 0.63678115 0.47084664531250003 0.6497603828125 0.45587060625 0.65375399375 0.44388977656249995 0.65375399375 0.4259185296875 0.6517571890625 0.423921725 0.6517571890625 0.417931309375 0.6457667734375 0.40595047968750003 0.6267971250000001 0.3889776359375 0.610822684375 0.3829872203125 0.5908546328125001 0.3829872203125 0.57088658125 0.3949680515625 0.5638977640625 0.40195686875 0.5579073484375 0.41393769999999996 0.5579073484375 0.4378993609375 0.559904153125 0.439896165625 0.559904153125 0.44588658125 0.56589456875 0.4538738015625 0.5678913734375 0.461861021875 0.58087060625 0.47484025625 0.5968450484375001 0.4808306703125 0.615814696875 0.47983226874999996
1 0.5539137375000001 0.423921725 0.5479233234375 0.4099440890625 0.5329472843749999 0.3949680515625 0.5089856234375 0.38698083125 0.4930111828125 0.3889776359375 0.477036740625 0.39696485625 0.46206070312499997 0.4119408953125 0.45607028749999995 0.42991214062500005 0.4590654953125 0.4329073484375 0.47304313125 0.434904153125 0.4870207671875 0.44289137343749996 0.5019968046875001 0.45986421718750004 0.509984025 0.47783546250000003 0.509984025 0.48382587812500005 0.52196485625 0.48382587812500005 0.5329472843749999 0.47883386562499997 0.5459265171875 0.46585463281250006 0.5539137375000001 0.44788338593750004 0.5539137375000001 0.423921725
1 0.43310702812499996 0.544728434375 0.43909744375 0.5467252390625 0.4640575078125 0.5457268375 0.4710463265625 0.544728434375 0.48502396093750005 0.5367412140625001 0.4930111828125 0.5307507984375001 0.5039936109375 0.517771565625 0.5079872203125 0.507787540625 0.5079872203125 0.49580670937500004 0.509984025 0.4938099046875 0.5079872203125 0.473841853125 0.5019968046875001 0.45986421718750004 0.49600638906250005 0.451876996875 0.477036740625 0.43690095781249993 0.4650559109375 0.4329073484375 0.44309105468750004 0.4329073484375 0.4410942484375 0.434904153125 0.43310702812499996 0.434904153125 0.4211261984375 0.44089456875 0.40914536718749994 0.45087859375 0.40015974375 0.461861021875 0.3941693296875 0.47983226874999996 0.396166134375 0.507787540625 0.40415335468749997 0.5237619812500001 0.43310702812499996 0.544728434375
1 0.3392571890625 0.5946485625 0.352236421875 0.583666134375 0.364217253125 0.5636980828125 0.3662140578125 0.53374600625 0.364217253125 0.5317492015624999 0.362220446875 0.5197683703125 0.352236421875 0.5037939296875 0.3432507984375 0.49480830625000005 0.323282746875 0.48482428125 0.303314696875 0.4828274765625 0.2773562296875 0.4928115015625 0.264376996875 0.505790734375 0.254392971875 0.529752396875 0.254392971875 0.5597044734375001 0.2603833859375 0.571685303125 0.2603833859375 0.5756789140625 0.2733626203125 0.5906549515624999 0.2993210859375 0.6026357828125 0.320287540625 0.6016373796875001 0.335263578125 0.5946485625 0.3392571890625 0.5946485625
1 0.36022364218749997 0.4698482421875 0.3582268375 0.463857828125 0.352236421875 0.451876996875 0.3332667734375 0.43690095781249993 0.3212859421875 0.434904153125 0.3192891375 0.4329073484375 0.29732428125 0.434904153125 0.28734025625 0.44089456875 0.26837060625000003 0.463857828125 0.2663738015625 0.4698482421875 0.2663738015625 0.49580670937500004 0.26936900937499997 0.4988019171875 0.2833466453125 0.48881789062500003 0.301317890625 0.48482428125 0.303314696875 0.4828274765625 0.3172923328125 0.4828274765625 0.3372603828125 0.49081469687499996 0.35323482500000003 0.5047923328125 0.35623003125 0.5037939296875 0.36022364218749997 0.4938099046875 0.36022364218749997 0.4698482421875
1 0.35623003125 0.417931309375 0.352236421875 0.4099440890625 0.34125399375 0.3989616609375 0.3292731625 0.3929712453125 0.30930511250000003 0.3929712453125 0.303314696875 0.39696485625 0.2993210859375 0.39696485625 0.286341853125 0.40794728437499994 0.276357828125 0.4279153359375 0.2773562296875 0.446884984375 0.29732428125 0.434904153125 0.303314696875 0.434904153125 0.3053115015625 0.4329073484375 0.323282746875 0.4329073484375 0.3392571890625 0.4388977640625 0.35123801875 0.45087859375 0.3542332265625 0.44988019218749997 0.3582268375 0.44189297187500004 0.3582268375 0.423921725 0.35623003125 0.417931309375
1 0.3063207015625 0.3990658265625 0.32029833750000003 0.3910786046875 0.34599058125000004 0.398846040625 0.36604329375 0.42117920625 0.3675566828125 0.42420742968749997 0.374745390625 0.415501284375 0.3712168671875 0.3840897875 0.358237634375 0.3691137484375 0.3502504140625 0.36512013906249996 0.3322791671875 0.36512013906249996 0.32429194687499996 0.3691137484375 0.3113127140625 0.3800961765625 0.30532229843750003 0.3920770078125 0.3063207015625 0.3990658265625
2 0.9442891375 0.34105431249999996 0.93230830625 0.34105431249999996 0.92731629375 0.3460463265625 0.9253194890625001 0.3500399359375 0.9263178906249999 0.3550319484375 0.938298721875 0.35303514375 0.9422923328125 0.3550319484375 0.95626996875 0.3710063890625 0.9572683703125 0.3700079875 0.9552715656249999 0.354033546875 0.9442891375 0.34105431249999996
2 1 0.440073659375 0.9932108625 0.44988019218749997 0.9932108625 0.4758386578125 0.999201278125 0.48981629375 1 0.490615015625 1 0.440073659375
0 0.39217252343750003 0.49580670937500004 0.396166134375 0.4918130984375 0.3981629390625 0.4698482421875 0.406150159375 0.45587060625 0.413138978125 0.45087859375 0.4171325875 0.4448881796875 0.42911341875 0.43690095781249993 0.450079871875 0.43190894531249996 0.450079871875 0.4259185296875 0.4460862625 0.419928115625 0.435103834375 0.4089456875 0.423123003125 0.40295527187499997 0.4171325875 0.40295527187499997 0.41513578281249996 0.40095846718750006 0.39317092656249997 0.40295527187499997 0.3771964859375 0.4109424921875 0.3662140578125 0.4219249203125 0.362220446875 0.42991214062500005 0.36022364218749997 0.43590255625 0.36022364218749997 0.461861021875 0.362220446875 0.46785143749999997 0.379193290625 0.49081469687499996 0.39217252343750003 0.49580670937500004
2 0.8654153359375 0.3280750796875 0.8654153359375 0.342052715625 0.8694089453125 0.3500399359375 0.8763977640625 0.3570287546875 0.8853833859375 0.3600239609375 0.8873801921875 0.35802715625000003 0.889376996875 0.342052715625 0.8983626203125 0.3350638984375 0.899361021875 0.332068690625 0.8903753999999999 0.3210862625 0.8823881796874999 0.3170926515625 0.8763977640625 0.3170926515625 0.872404153125 0.31908945625 0.8654153359375 0.3280750796875
0 0.8264776359375 0.3390575078125 0.8085063890624999 0.3390575078125 0.79552715625 0.34804313124999997 0.791533546875 0.35603035156249996 0.791533546875 0.3720047921875 0.7995207671875 0.3879792328125 0.8105031953124999 0.3989616609375 0.8164936109375001 0.40095846718750006 0.8254792328124999 0.3999600640625 0.83446485625 0.39696485625 0.8434504796875 0.3879792328125 0.8474440890625001 0.3779952078125 0.8474440890625001 0.3660143765625 0.8414536734375 0.352036740625 0.8304712453124999 0.34105431249999996 0.8264776359375 0.3390575078125
0 0.8873801921875 0.3620207671875 0.889376996875 0.3680111828125 0.8963658140625 0.37699680468749996 0.9043530343749999 0.380990415625 0.9133386578125 0.3799920125 0.9193290734374999 0.375998403125 0.921325878125 0.3620207671875 0.923322684375 0.3600239609375 0.923322684375 0.3500399359375 0.9143370609374999 0.3390575078125 0.9003594250000001 0.33306709218749997 0.8923722046875 0.337060703125 0.8873801921875 0.3460463265625 0.8873801921875 0.3620207671875
0 0.6737220453125 0.3160942484375 0.6807108625 0.325079871875 0.6857028749999999 0.3240814703125 0.703674121875 0.2961261984375 0.7056709265625 0.2901357828125 0.70267571875 0.287140575 0.6886980828125 0.287140575 0.6737220453125 0.30411341875 0.6737220453125 0.3160942484375
0 0.48003194843749997 0.3600239609375 0.4590654953125 0.3490415328125 0.43909744375 0.3510383390625 0.42711661406249996 0.3570287546875 0.41813099062500003 0.3660143765625 0.41413737968750003 0.3839856234375 0.412140575 0.385982428125 0.41413737968750003 0.397963259375 0.41912939375 0.40295527187499997 0.423123003125 0.40295527187499997 0.435103834375 0.4089456875 0.4530750796875 0.4269169328125 0.45407348281250004 0.4259185296875 0.46206070312499997 0.4099440890625 0.4750399359375 0.39696485625 0.49001597500000005 0.3879792328125 0.48801916875 0.3720047921875 0.48003194843749997 0.3600239609375
1 0.41813099062500003 0.3660143765625 0.42711661406249996 0.3570287546875 0.440095846875 0.3500399359375 0.43310702812499996 0.34305111875 0.42511980781250003 0.3390575078125 0.40914536718749994 0.337060703125 0.39516773125000004 0.34305111875 0.3821884984375 0.35603035156249996 0.37819488749999997 0.3680111828125 0.37819488749999997 0.3779952078125 0.3821884984375 0.3899760390625 0.39317092656249997 0.40095846718750006 0.3981629390625 0.40195686875 0.41413737968750003 0.3999600640625 0.412140575 0.3879792328125 0.41413737968750003 0.385982428125 0.41413737968750003 0.3779952078125 0.41813099062500003 0.3660143765625
1 0.5509185296875 0.30910543125 0.5349440890625 0.30910543125 0.5289536734375 0.3111022359375 0.5139776359375 0.3240814703125 0.51198083125 0.3360623 0.509984025 0.3380591046875 0.51198083125 0.34804313124999997 0.515974440625 0.35603035156249996 0.5289536734375 0.3670127796875 0.5329472843749999 0.369009584375 0.5519169328125 0.3680111828125 0.5569089453125 0.3670127796875 0.5698881796874999 0.35603035156249996 0.5738817890625 0.34804313124999997 0.5738817890625 0.330071884375 0.564896165625 0.3170926515625 0.5509185296875 0.30910543125
1 0.6447683703125 0.3350638984375 0.6287939296875 0.3270766765625 0.608825878125 0.3270766765625 0.6028354625000001 0.32907348281250004 0.5898562296875001 0.3400559109375 0.5858626203124999 0.3500399359375 0.5858626203124999 0.3700079875 0.5898562296875001 0.3779952078125 0.5928514375 0.380990415625 0.61481629375 0.3829872203125 0.6287939296875 0.3889776359375 0.63678115 0.3949680515625 0.637779553125 0.39396964843750004 0.647763578125 0.385982428125 0.6557507984375001 0.374001596875 0.6557507984375001 0.354033546875 0.6517571890625 0.34404952031249997 0.6447683703125 0.3350638984375
2 0.921325878125 0.364017571875 0.921325878125 0.3839856234375 0.92731629375 0.39396964843750004 0.9363019171875001 0.40095846718750006 0.94928115 0.3999600640625 0.9572683703125 0.39197284374999997 0.9572683703125 0.3839856234375 0.959265175 0.3819888171875 0.9572683703125 0.3799920125 0.9572683703125 0.3700079875 0.9442891375 0.3550319484375 0.93230830625 0.35303514375 0.928314696875 0.3550319484375 0.921325878125 0.364017571875