0 0.6061543640625 1 0.615099009375 0.9890676562499999 0.615099009375 0.98081683125 0.6058168312500001 0.9694719468749999 0.59344059375 0.965346534375 0.5851897687500001 0.965346534375 0.56456270625 0.973597359375 0.559405940625 0.978754125 0.557343234375 0.9828795375 0.5583745875 0.994224421875 0.560849834375 1 0.6061543640625 1
0 0.554249175 0.9034653468749999 0.56043729375 0.9034653468749999 0.5625 0.9055280531250001 0.5831270625 0.9034653468749999 0.59756600625 0.895214521875 0.606848184375 0.8838696374999999 0.608910890625 0.87768151875 0.608910890625 0.8611798687500001 0.606848184375 0.8549917484374999 0.5955033000000001 0.8436468640625 0.587252475 0.8395214515625 0.58106435625 0.8374587453125001 0.56043729375 0.8395214515625 0.5501237625 0.8457095703125 0.536716171875 0.8591171609374999 0.532590759375 0.8673679875 0.5336221125 0.880775578125 0.536716171875 0.89005775625 0.54599835 0.8993399343749999 0.554249175 0.9034653468749999
0 0.6491336640625 0.8518976890625 0.6429455453124999 0.8477722765625 0.61406765625 0.8436468640625 0.610973596875 0.8488036296875 0.61200495 0.8622112218750001 0.615099009375 0.8673679875 0.6243811874999999 0.874587459375 0.6285065999999999 0.876650165625 0.6388201312499999 0.876650165625 0.6532590765624999 0.8704620468750001 0.6604785484375 0.8611798687500001 0.6625412546875 0.8549917484374999 0.6553217828125 0.8518976890625 0.6491336640625 0.8518976890625
0 0.61819306875 0.60643564375 0.6202557750000001 0.60849835 0.6346947187499999 0.60643564375 0.6450082515625 0.6023102312499999 0.6542904296875001 0.590965346875 0.6584158421875 0.580651815625 0.6584158421875 0.568275578125 0.6542904296875001 0.562087459375 0.6542904296875001 0.557962046875 0.6481023109375 0.549711221875 0.6408828390625 0.5445544546875001 0.636757425 0.5424917484375 0.61819306875 0.5424917484375 0.6078795375 0.5466171609375 0.598597359375 0.555899340625 0.592409240625 0.574463696875 0.59344059375 0.58580858125 0.596534653125 0.5930280531250001 0.61200495 0.60643564375 0.61819306875 0.60643564375
0 0.6646039609375001 0.5373349828125 0.6687293734375 0.5290841578125 0.6707920796875 0.5228960390624999 0.6687293734375 0.5084570953124999 0.6553217828125 0.4929867984375 0.6511963703125 0.4929867984375 0.6481023109375 0.5022689765624999 0.636757425 0.5136138609375 0.6285065999999999 0.5177392734375 0.61406765625 0.5177392734375 0.61406765625 0.5301155109375 0.617161715625 0.5373349828125 0.62231848125 0.5404290421875 0.6388201312499999 0.5424917484375 0.6429455453124999 0.5466171609375 0.6532590765624999 0.5466171609375 0.6646039609375001 0.5373349828125
0 0.6573844890625 0.5445544546875001 0.6501650171875 0.5476485156249999 0.6511963703125 0.5528052812500001 0.6553217828125 0.55693069375 0.6656353140625 0.55693069375 0.6790429046875001 0.5476485156249999 0.6831683171875 0.5393976890625 0.6831683171875 0.5249587453125 0.6738861390625 0.5115511546875 0.6707920796875 0.5125825078124999 0.6707920796875 0.5228960390624999 0.6666666671875 0.5352722765625 0.6573844890625 0.5445544546875001
0 0.6450082515625 0.4558580859375 0.6419141921875 0.4589521453125 0.6429455453124999 0.46204620468749996 0.6522277234375 0.4795792078125 0.6522277234375 0.4919554453125 0.6635726078124999 0.5012376234375 0.6676980203125 0.5012376234375 0.6749174921875001 0.4919554453125 0.6749174921875001 0.4795792078125 0.6687293734375 0.46514026406250003 0.6635726078124999 0.45998349843749997 0.6532590765624999 0.4558580859375 0.6450082515625 0.4558580859375
0 0.6635726078124999 0.4476072609375 0.6707920796875 0.4403877890625 0.6749174921875001 0.4321369640625 0.6749174921875001 0.4218234328125 0.6707920796875 0.4115099015625 0.6573844890625 0.4042904296875 0.6491336640625 0.41047854843750003 0.6450082515625 0.41047854843750003 0.637788778125 0.4218234328125 0.627475246875 0.4321369640625 0.6285065999999999 0.43316831718750004 0.629537953125 0.4383250828125 0.6408828390625 0.4476072609375 0.6450082515625 0.44966996718749996 0.6553217828125 0.44966996718749996 0.6573844890625 0.4476072609375 0.6635726078124999 0.4476072609375
0 0.6615099015625 0.3939768984375 0.6584158421875 0.3991336640625 0.6594471953125 0.4063531359375 0.6635726078124999 0.4063531359375 0.6707920796875 0.4115099015625 0.6759488453125 0.42904290468750006 0.6800742578125 0.42904290468750006 0.6852310234375001 0.4238861390625 0.6872937296875 0.41976072656249996 0.6872937296875 0.40738448906249997 0.6780115515625 0.3960396046875 0.6738861390625 0.3939768984375 0.6615099015625 0.3939768984375
0 0.6594471953125 0.377475246875 0.6676980203125 0.377475246875 0.6790429046875001 0.36819306875 0.6790429046875001 0.353754125 0.6718234328125 0.344471946875 0.6635726078124999 0.342409240625 0.6460396046875 0.35169141875 0.6439768984375001 0.35581683124999997 0.6450082515625 0.363036303125 0.6491336640625 0.365099009375 0.6594471953125 0.377475246875
1 0.6419141921875 0.4135726078125 0.6419141921875 0.3970709578125 0.635726071875 0.38469471875 0.62644389375 0.377475246875 0.6078795375 0.373349834375 0.5955033000000001 0.377475246875 0.586221121875 0.386757425 0.580033003125 0.4032590765625 0.58106435625 0.40841584218750004 0.5841584156249999 0.41976072656249996 0.5913778875 0.4269801984375 0.60169141875 0.43316831718750004 0.61819306875 0.43523102343750003 0.6285065999999999 0.43110561093750005 0.637788778125 0.4218234328125 0.6419141921875 0.4135726078125
1 0.6522277234375 0.4919554453125 0.6522277234375 0.4795792078125 0.6481023109375 0.4692656765625 0.6346947187499999 0.4558580859375 0.6161303625000001 0.45173267343749995 0.60169141875 0.4579207921875 0.592409240625 0.4692656765625 0.588283828125 0.47751650156250003 0.58931518125 0.4971122109375 0.590346534375 0.5022689765624999 0.5996287125 0.5115511546875 0.61200495 0.5177392734375 0.62644389375 0.5177392734375 0.636757425 0.5136138609375 0.6481023109375 0.5022689765624999 0.6522277234375 0.4919554453125
1 0.6573844890625 0.616749175 0.6635726078124999 0.616749175 0.6759488453125 0.61056105625 0.6852310234375001 0.595090759375 0.6852310234375001 0.5827145218750001 0.6811056109375 0.574463696875 0.6738861390625 0.5672442249999999 0.6656353140625 0.5631188125000001 0.6573844890625 0.5631188125000001 0.6584158421875 0.580651815625 0.6563531359375 0.586839934375 0.6501650171875 0.597153465625 0.6450082515625 0.600247525 0.6398514843750001 0.605404290625 0.6408828390625 0.60643564375 0.6419141921875 0.609529703125 0.6491336640625 0.61468646875 0.6553217828125 0.61468646875 0.6573844890625 0.616749175
1 0.6635726078124999 0.8147689765624999 0.6769801984375 0.7992986796875 0.6769801984375 0.7827970296875 0.6697607265625 0.7735148515625 0.6615099015625 0.7693894390625 0.6450082515625 0.7714521453125001 0.629537953125 0.7827970296875 0.625412540625 0.7931105609375 0.62644389375 0.8044554453125 0.6573844890625 0.8147689765624999 0.6635726078124999 0.8147689765624999
1 0.5955033000000001 0.356848184375 0.6047854781249999 0.34756600625 0.608910890625 0.33931518125000004 0.608910890625 0.3248762375 0.602722771875 0.31043729375 0.5831270625 0.297029703125 0.57693894375 0.297029703125 0.5666254125 0.305280528125 0.5583745875 0.309405940625 0.55218646875 0.309405940625 0.542904290625 0.31868811875 0.5408415843750001 0.3248762375 0.5418729375 0.332095709375 0.544966996875 0.34550329999999996 0.549092409375 0.35169141875 0.5666254125 0.36097359687499997 0.5851897687500001 0.36097359687499997 0.5955033000000001 0.356848184375
1 0.5944719468749999 0.29599834999999997 0.598597359375 0.287747525 0.598597359375 0.26918316875000003 0.5851897687500001 0.253712871875 0.57693894375 0.249587459375 0.56868811875 0.249587459375 0.56868811875 0.251650165625 0.570750825 0.251650165625 0.575907590625 0.2588696375 0.580033003125 0.26918316875000003 0.580033003125 0.287747525 0.575907590625 0.29599834999999997 0.5831270625 0.299092409375 0.58931518125 0.299092409375 0.5944719468749999 0.29599834999999997
1 0.577970296875 0.29393564375 0.580033003125 0.287747525 0.580033003125 0.26918316875000003 0.5738448843749999 0.254744225 0.56456270625 0.247524753125 0.55218646875 0.243399340625 0.5336221125 0.243399340625 0.52330858125 0.247524753125 0.511963696875 0.2588696375 0.507838284375 0.271245875 0.5088696374999999 0.282590759375 0.511963696875 0.2918729375 0.5253712875 0.305280528125 0.537747525 0.309405940625 0.55631188125 0.309405940625 0.5666254125 0.305280528125 0.577970296875 0.29393564375
1 0.6285065999999999 0.363036303125 0.617161715625 0.37231848125 0.61819306875 0.375412540625 0.62644389375 0.377475246875 0.6398514843750001 0.3908828390625 0.6429455453124999 0.41047854843750003 0.6511963703125 0.40841584218750004 0.6584158421875 0.4011963703125 0.6604785484375 0.3970709578125 0.6604785484375 0.3785066 0.6511963703125 0.367161715625 0.6429455453124999 0.363036303125 0.6285065999999999 0.363036303125
1 0.6573844890625 0.311468646875 0.6346947187499999 0.309405940625 0.623349834375 0.320750825 0.621287128125 0.3248762375 0.62231848125 0.332095709375 0.625412540625 0.34137788750000003 0.63056930625 0.346534653125 0.6408828390625 0.35066006562499996 0.6470709578125 0.35066006562499996 0.6666666671875 0.33931518125000004 0.6687293734375 0.33518976875 0.6687293734375 0.32281353125 0.6666666671875 0.31868811875 0.6573844890625 0.311468646875
1 0.636757425 0.309405940625 0.6511963703125 0.309405940625 0.6563531359375 0.30218646875 0.6563531359375 0.28981023125 0.6491336640625 0.280528053125 0.6408828390625 0.27640264062500003 0.6326320125 0.27640264062500003 0.619224421875 0.287747525 0.6202557750000001 0.30115511562499997 0.6326320125 0.311468646875 0.636757425 0.309405940625
1 0.6934818484374999 0.48783003281250004 0.6883250828125 0.4785478546875 0.6831683171875 0.4795792078125 0.6687293734375 0.5002062703125 0.6666666671875 0.5043316828125 0.6676980203125 0.5074257421875 0.6800742578125 0.5156765671875 0.6914191421875 0.5063943890625 0.6934818484374999 0.5022689765624999 0.6934818484374999 0.48783003281250004
1 0.6780115515625 0.44348184843749994 0.6728547859375 0.4486386140625 0.6738861390625 0.44966996718749996 0.6811056109375 0.4568894390625 0.6852310234375001 0.47545379531250004 0.6883250828125 0.4785478546875 0.6996699671875 0.47339108906250005 0.7037953796875 0.46514026406250003 0.7037953796875 0.4568894390625 0.7017326734375 0.4507013203125 0.6965759078125 0.4455445546875 0.6924504953125 0.44348184843749994 0.6780115515625 0.44348184843749994