0 0.1455078125 0.482421875 0.1357421875 0.482421875 0.1259765625 0.486328125 0.1171875 0.4951171875 0.11328125 0.5029296875 0.111328125 0.5146484375 0.109375 0.5166015625 0.111328125 0.5361328125 0.115234375 0.5439453125 0.1259765625 0.5546875 0.1416015625 0.560546875 0.15234375 0.5595703125 0.15625 0.5576171875 0.15625 0.5537109375 0.146484375 0.5380859375 0.14453125 0.5126953125 0.150390625 0.5009765625 0.150390625 0.4951171875 0.154296875 0.4892578125 0.1455078125 0.482421875
0 0.0283203125 0.568359375 0.0205078125 0.5703125 0.01171875 0.5810546875 0.009765625 0.5869140625 0.009765625 0.6123046875 0.01171875 0.6181640625 0.017578125 0.6298828125 0.0244140625 0.634765625 0.02734375 0.6337890625 0.025390625 0.6181640625 0.0234375 0.6162109375 0.0234375 0.6064453125 0.029296875 0.5888671875 0.033203125 0.5830078125 0.041015625 0.5771484375 0.0400390625 0.57421875 0.0283203125 0.568359375
0 0.2646484375 0.490234375 0.2529296875 0.484375 0.2333984375 0.484375 0.2275390625 0.486328125 0.2177734375 0.494140625 0.205078125 0.5087890625 0.19921875 0.5205078125 0.19921875 0.5458984375 0.2109375 0.5673828125 0.2236328125 0.578125 0.2431640625 0.5859375 0.259765625 0.5849609375 0.2763671875 0.568359375 0.2783203125 0.568359375 0.28515625 0.5595703125 0.28515625 0.5498046875 0.287109375 0.5478515625 0.287109375 0.5224609375 0.275390625 0.4990234375 0.2646484375 0.490234375
0 0.3369140625 0.56640625 0.3193359375 0.560546875 0.2958984375 0.5625 0.2880859375 0.56640625 0.2822265625 0.56640625 0.259765625 0.5869140625 0.25 0.6083984375 0.25 0.6318359375 0.251953125 0.6337890625 0.251953125 0.6416015625 0.25390625 0.6435546875 0.255859375 0.6552734375 0.26171875 0.6650390625 0.2763671875 0.6796875 0.2939453125 0.69140625 0.2978515625 0.69140625 0.3037109375 0.6953125 0.337890625 0.6943359375 0.3466796875 0.69140625 0.36328125 0.6767578125 0.376953125 0.6494140625 0.37890625 0.6162109375 0.375 0.6044921875 0.365234375 0.5869140625 0.3505859375 0.57421875 0.3369140625 0.56640625
0 0.58984375 0.5791015625 0.58984375 0.5615234375 0.587890625 0.5595703125 0.5859375 0.5458984375 0.57421875 0.5263671875 0.5654296875 0.517578125 0.5458984375 0.505859375 0.5400390625 0.505859375 0.5380859375 0.50390625 0.5126953125 0.50390625 0.5107421875 0.505859375 0.4970703125 0.5078125 0.4853515625 0.513671875 0.4755859375 0.521484375 0.458984375 0.5458984375 0.455078125 0.5576171875 0.455078125 0.5712890625 0.453125 0.5732421875 0.45703125 0.5966796875 0.466796875 0.6142578125 0.4814453125 0.62890625 0.4892578125 0.6328125 0.49609375 0.6318359375 0.5205078125 0.623046875 0.5361328125 0.623046875 0.5380859375 0.62109375 0.5615234375 0.623046875 0.578125 0.6083984375 0.5859375 0.5947265625 0.587890625 0.5810546875 0.58984375 0.5791015625
1 0.630859375 0.7119140625 0.62890625 0.6845703125 0.62109375 0.6669921875 0.615234375 0.6591796875 0.5966796875 0.640625 0.5849609375 0.6328125 0.5556640625 0.623046875 0.5244140625 0.623046875 0.5224609375 0.625 0.5048828125 0.62890625 0.4931640625 0.634765625 0.466796875 0.6591796875 0.45703125 0.6728515625 0.451171875 0.6884765625 0.44921875 0.7197265625 0.466796875 0.7587890625 0.4697265625 0.759765625 0.4833984375 0.775390625 0.4912109375 0.779296875 0.5146484375 0.779296875 0.5166015625 0.78125 0.556640625 0.7802734375 0.5830078125 0.779296875 0.5947265625 0.775390625 0.6103515625 0.763671875 0.619140625 0.7529296875 0.619140625 0.7490234375 0.62890625 0.7275390625 0.62890625 0.7138671875 0.630859375 0.7119140625
1 0.6884765625 0.46484375 0.6767578125 0.462890625 0.6748046875 0.4609375 0.6533203125 0.4609375 0.6513671875 0.462890625 0.6337890625 0.466796875 0.611328125 0.4912109375 0.603515625 0.5126953125 0.603515625 0.5361328125 0.611328125 0.5595703125 0.6298828125 0.580078125 0.6474609375 0.587890625 0.6552734375 0.587890625 0.6572265625 0.58984375 0.669921875 0.5888671875 0.6787109375 0.587890625 0.6943359375 0.580078125 0.712890625 0.5576171875 0.72265625 0.5341796875 0.72265625 0.5048828125 0.7109375 0.4814453125 0.7021484375 0.47265625 0.6884765625 0.46484375
1 0.6435546875 0.419921875 0.6328125 0.4326171875 0.62890625 0.4501953125 0.626953125 0.4521484375 0.626953125 0.4658203125 0.6298828125 0.46875 0.6513671875 0.4609375 0.6767578125 0.4609375 0.7001953125 0.470703125 0.7119140625 0.482421875 0.716796875 0.4814453125 0.720703125 0.4716796875 0.720703125 0.4423828125 0.71484375 0.4287109375 0.7021484375 0.416015625 0.6826171875 0.408203125 0.6669921875 0.408203125 0.6513671875 0.4140625 0.6435546875 0.419921875
1 0.1982421875 0.48046875 0.1904296875 0.4765625 0.1767578125 0.4765625 0.1650390625 0.482421875 0.15234375 0.4931640625 0.14453125 0.5146484375 0.146484375 0.5361328125 0.15234375 0.5478515625 0.1611328125 0.556640625 0.1845703125 0.564453125 0.197265625 0.5634765625 0.201171875 0.5595703125 0.19921875 0.5380859375 0.197265625 0.5361328125 0.19921875 0.5185546875 0.20703125 0.5068359375 0.2109375 0.4951171875 0.20703125 0.4873046875 0.1982421875 0.48046875
1 0.1201171875 0.58984375 0.1064453125 0.595703125 0.09765625 0.6044921875 0.091796875 0.6162109375 0.091796875 0.6240234375 0.08984375 0.6259765625 0.08984375 0.6455078125 0.091796875 0.6474609375 0.091796875 0.6533203125 0.099609375 0.6728515625 0.1181640625 0.693359375 0.1376953125 0.701171875 0.15234375 0.7001953125 0.1630859375 0.6953125 0.17578125 0.6787109375 0.177734375 0.6728515625 0.17578125 0.6357421875 0.16796875 0.6181640625 0.1552734375 0.6015625 0.1396484375 0.591796875 0.1201171875 0.58984375
1 0.02734375 0.5927734375 0.025390625 0.6044921875 0.0234375 0.6064453125 0.025390625 0.6279296875 0.03515625 0.6435546875 0.0458984375 0.654296875 0.0615234375 0.66015625 0.068359375 0.6591796875 0.072265625 0.6572265625 0.080078125 0.6435546875 0.078125 0.6142578125 0.0703125 0.5908203125 0.0556640625 0.578125 0.0439453125 0.576171875 0.0400390625 0.578125 0.02734375 0.5927734375