2 0.4943101421875 0.9170597484374999 0.5041371859375 0.9209905656249999 0.517895046875 0.9209905656249999 0.5237912734375 0.9190251578125 0.53656643125 0.9082154093750001 0.5385318390625 0.9042845906249999 0.53656643125 0.8924921390625 0.527722090625 0.8836477984375 0.517895046875 0.87971698125 0.5002063671875 0.8816823906250001 0.4923447328125 0.8856132078125001 0.484483096875 0.8954402515625001 0.48350039375 0.9023191828125 0.48546580156249997 0.9082154093750001 0.4943101421875 0.9170597484374999
2 0.5119988203125 0.8109276734374999 0.531652909375 0.81289308125 0.5336183171875 0.8109276734374999 0.5454107703125 0.8089622640625 0.558185928125 0.798152515625 0.5640821546875 0.7824292453125 0.5640821546875 0.7726022015625 0.558185928125 0.7608097484375 0.551306996875 0.7578616359375 0.5355837265625001 0.7755503140625 0.527722090625 0.7794811328125 0.5139642296875 0.781446540625 0.5119988203125 0.78341195 0.50610259375 0.781446540625 0.4923447328125 0.781446540625 0.49332743749999997 0.7922562890625 0.5021717765625 0.8050314468750001 0.5119988203125 0.8109276734374999
2 0.51986045625 0.7028301890625 0.531652909375 0.70676100625 0.53951454375 0.7126572328125 0.55327240625 0.7126572328125 0.5670302671874999 0.70676100625 0.577840015625 0.6979166671875 0.5857016515625 0.682193396875 0.5857016515625 0.6625393078124999 0.5817708328125 0.6527122640624999 0.5748919031249999 0.643867925 0.5670302671874999 0.6379716984375 0.5572032234375001 0.63404088125 0.5473761796875001 0.63404088125 0.5434453609375 0.632075471875 0.5257566828125 0.6379716984375 0.5188777515624999 0.6428852203125001 0.5090507078125001 0.6546776734375 0.50610259375 0.6635220125 0.505119890625 0.682193396875 0.5090507078125001 0.692020440625 0.51986045625 0.7028301890625
2 0.5768573109374999 0.6458333328125 0.5886497640624999 0.6497641515625 0.6024076265625 0.6497641515625 0.618130896875 0.643867925 0.630906053125 0.6310927671875 0.6387676890625 0.6134040875 0.6368022796874999 0.595715409375 0.630906053125 0.5858883640625 0.618130896875 0.5750786156250001 0.6083038515625 0.5711477984375 0.6004422171875 0.5711477984375 0.584718946875 0.588836478125 0.570961084375 0.5966981125 0.5650648578124999 0.5966981125 0.5591686328125001 0.6006289312499999 0.558185928125 0.6193003140625 0.5601513359375 0.625196540625 0.5768573109374999 0.6458333328125
2 0.59258058125 0.6988993703124999 0.6053557390625001 0.6861242140625 0.60928655625 0.6762971703125 0.60928655625 0.658608490625 0.604373034375 0.6497641515625 0.579805425 0.648781446875 0.5857016515625 0.6605738999999999 0.5857016515625 0.682193396875 0.5817708328125 0.692020440625 0.5748919031249999 0.6988993703124999 0.5748919031249999 0.7028301890625 0.584718946875 0.7028301890625 0.59258058125 0.6988993703124999
2 0.60928655625 0.6762971703125 0.6073211484375001 0.6802279875 0.614200078125 0.6812106921875001 0.6220617140625 0.6772798734375 0.6289406453125 0.668435534375 0.6328714625 0.658608490625 0.6328714625 0.6448506296875001 0.627957940625 0.6379716984375 0.624027121875 0.6379716984375 0.618130896875 0.643867925 0.60633844375 0.6477987421875 0.6053557390625001 0.6527122640624999 0.60928655625 0.658608490625 0.60928655625 0.6762971703125
2 0.6004422171875 0.7205188671875 0.614200078125 0.718553459375 0.6289406453125 0.7057783015625 0.630906053125 0.701847484375 0.6328714625 0.692020440625 0.630906053125 0.69005503125 0.630906053125 0.6841588046875 0.624027121875 0.675314465625 0.614200078125 0.6812106921875001 0.6102692609375 0.6812106921875001 0.5965114 0.6969339625 0.584718946875 0.7028301890625 0.5837362421875001 0.7057783015625 0.59258058125 0.71658805 0.6004422171875 0.7205188671875
2 0.46679441875 0.531839621875 0.4874312109375 0.55051100625 0.491362028125 0.56033805 0.49529284531249995 0.5642688671875 0.5002063671875 0.5829402515625 0.517895046875 0.5829402515625 0.5296875 0.577044025 0.5385318390625 0.5681996859375 0.5522897015625 0.5426493703124999 0.5522897015625 0.5229952828125 0.546393475 0.509237421875 0.5375491359375 0.49842767343750005 0.51986045625 0.48270440312499996 0.5139642296875 0.48073899375 0.49627555 0.48073899375 0.4943101421875 0.48270440312499996 0.4805522796875 0.48466981093749995 0.4599154875 0.5072720125 0.455001965625 0.5180817609374999 0.45401926093749995 0.5249606921875001 0.4569673734375 0.5279088046875 0.46679441875 0.531839621875
2 0.5355837265625001 0.2448899375 0.541479953125 0.2488207546875 0.5591686328125001 0.2488207546875 0.5788227203125 0.2389937109375 0.58963246875 0.226218553125 0.5935632859375 0.2144261 0.591597878125 0.1987028296875 0.587667059375 0.1908411953125 0.5748919031249999 0.1761006296875 0.5650648578124999 0.17020440312500001 0.55327240625 0.16823899375 0.5503242921875 0.17118710625 0.5522897015625 0.173152515625 0.5522897015625 0.182979559375 0.5503242921875 0.18494496875 0.5503242921875 0.1908411953125 0.5424626578125 0.20459905625000002 0.531652909375 0.2154088046875 0.517895046875 0.22130503125 0.5169123421874999 0.2321147796875 0.5257566828125 0.242924528125 0.5355837265625001 0.2448899375
2 0.39997051875 0.10927672968749999 0.418641903125 0.1259827046875 0.42453812968750004 0.13384433906249998 0.428468946875 0.1456367921875 0.428468946875 0.17118710625 0.431417059375 0.1741352203125 0.43731328593749996 0.1741352203125 0.4392786953125 0.1721698109375 0.4569673734375 0.16823899375 0.47072523593750004 0.1603773578125 0.481534984375 0.149567609375 0.491362028125 0.129913521875 0.491362028125 0.110259434375 0.48350039375 0.09453616406250001 0.46679441875 0.079795596875 0.4510711484375 0.0738993703125 0.441244103125 0.0738993703125 0.43731328593749996 0.0719339625 0.435347878125 0.0738993703125 0.41765919843750005 0.0738993703125 0.398005109375 0.08176100625 0.38031643125 0.0955188671875 0.3793337265625 0.100432390625 0.3822818390625 0.103380503125 0.39997051875 0.10927672968749999
2 0.2879422171875 0.34905660312500003 0.2977692609375 0.34905660312500003 0.31742334843750003 0.339229559375 0.33806014218749997 0.32055817656249996 0.3557488203125 0.29107704375 0.3596796390625 0.279284590625 0.3596796390625 0.2635613203125 0.361645046875 0.259630503125 0.3596796390625 0.25766509375 0.3596796390625 0.24390723281249999 0.3577142296875 0.2419418234375 0.3557488203125 0.2281839625 0.3439563671875 0.21049528281250002 0.33707743749999997 0.20361635156250002 0.31742334843750003 0.1918239 0.305630896875 0.18789308124999998 0.28008058125 0.1859276734375 0.248634040625 0.1977201265625 0.22111831718750002 0.2173742140625 0.2171875 0.22327044062499998 0.2162047953125 0.283215409375 0.21817020468749998 0.2851808171875 0.21817020468749998 0.2969732703125 0.2162047953125 0.30090408750000003 0.21817020468749998 0.302869496875 0.21817020468749998 0.3087657234375 0.2162047953125 0.31466194999999997 0.21817020468749998 0.3166273578125 0.21817020468749998 0.322523584375 0.2162047953125 0.32448899375 0.2162047953125 0.3323506296875 0.22504913593749998 0.343160378125 0.248634040625 0.352987421875 0.2761497640625 0.352987421875 0.2879422171875 0.34905660312500003
2 0.228979953125 0.18789308124999998 0.238806996875 0.1839622640625 0.2447032234375 0.1839622640625 0.25059945 0.180031446875 0.26828812968750004 0.1741352203125 0.28008058125 0.166273584375 0.308579009375 0.1358097484375 0.3164406453125 0.12008647812499999 0.3164406453125 0.11222484218749999 0.3203714625 0.1023977984375 0.3203714625 0.0886399375 0.31840605312500003 0.08667452812500001 0.3164406453125 0.074882075 0.2997346703125 0.0562106921875 0.28008058125 0.04834905625 0.26828812968750004 0.04834905625 0.25747838125 0.057193396875000004 0.2564956765625 0.060141509375 0.23291077031250002 0.0778301890625 0.2171875 0.09355345937500001 0.2162047953125 0.18494496875 0.21915290937499998 0.18789308124999998 0.228979953125 0.18789308124999998
0 0.231928065625 0.456171384375 0.23585888437500002 0.46403301875 0.23585888437500002 0.4699292453125 0.24175510937500003 0.4817216984375 0.25846108437500004 0.50039308125 0.282045990625 0.51415094375 0.29383844375 0.5161163515625 0.2958038515625 0.5180817609374999 0.305630896875 0.5161163515625 0.3075963046875 0.5180817609374999 0.3213541671875 0.5180817609374999 0.3292158015625 0.51415094375 0.335112028125 0.51415094375 0.354766115625 0.5043238999999999 0.3734375 0.485652515625 0.38522995312499997 0.465998428125 0.3891607703125 0.454205975 0.3891607703125 0.4168632078125 0.3793337265625 0.389347484375 0.3645931609375 0.3706761 0.34886989062499996 0.3588836484375 0.323319575 0.34905660312500003 0.2997346703125 0.34905660312500003 0.291873034375 0.352987421875 0.28008058125 0.3549528296875 0.25256485781250004 0.372641509375 0.24175510937500003 0.3834512578125 0.233893475 0.39720911875 0.22996265781249997 0.409001571875 0.228979953125 0.41981132031249996 0.2279972484375 0.43848270468750006 0.231928065625 0.44830974843750004 0.231928065625 0.456171384375
0 0.36655856875000004 0.372641509375 0.37147209062500003 0.375589621875 0.3822818390625 0.39229559687500004 0.38621265781249997 0.39426100625 0.398005109375 0.39426100625 0.39997051875 0.39229559687500004 0.4156937890625 0.3903301890625 0.435347878125 0.38050314531249996 0.45401926093749995 0.3618317609375 0.461880896875 0.3480739 0.46581171406250005 0.3303852203125 0.46777712187500003 0.3284198109375 0.46777712187500003 0.3068003140625 0.46581171406250005 0.30483490625 0.4638463046875 0.293042453125 0.4599154875 0.2851808171875 0.4432095125 0.26650943437499997 0.423555425 0.25471698125 0.4097975625 0.252751571875 0.4078321546875 0.2507861640625 0.378351021875 0.252751571875 0.36655856875000004 0.2586477984375 0.361645046875 0.2635613203125 0.361645046875 0.2753537734375 0.3577142296875 0.283215409375 0.3577142296875 0.2891116359375 0.3459217765625 0.312696540625 0.3341293234375 0.32645440312499996 0.3341293234375 0.3303852203125 0.33019850625 0.3343160375 0.3292158015625 0.343160378125 0.3292158015625 0.3470911953125 0.36066234218750004 0.36477987343749996 0.36655856875000004 0.372641509375
0 0.305630896875 0.18789308124999998 0.3292158015625 0.19575471718749998 0.341990959375 0.206564465625 0.358696934375 0.22916666718749998 0.3763856125 0.2272012578125 0.398005109375 0.2154088046875 0.41667649375 0.196737421875 0.428468946875 0.173152515625 0.428468946875 0.14760220156249998 0.42257272031250004 0.13187893125 0.411762971875 0.1191037734375 0.4039013359375 0.11320754687500001 0.378351021875 0.10141509374999999 0.358696934375 0.10141509374999999 0.356731525 0.103380503125 0.33707743749999997 0.10731132031249999 0.33314661874999996 0.1112421390625 0.325284984375 0.11320754687500001 0.31840605312500003 0.11812106874999999 0.308579009375 0.1377751578125 0.2958038515625 0.1544811328125 0.29482114843749996 0.1770833328125 0.29678655625 0.1810141515625 0.305630896875 0.18789308124999998
0 0.5660475625 0.42275943437499997 0.5768573109374999 0.4296383640625 0.584718946875 0.4296383640625 0.6004422171875 0.41981132031249996 0.6073211484375001 0.41096698125 0.6132173734374999 0.399174528125 0.6132173734374999 0.37755503125 0.6053557390625001 0.3618317609375 0.5886497640624999 0.3470911953125 0.5748919031249999 0.3451257859375 0.5650648578124999 0.3510220125 0.57587460625 0.375589621875 0.57587460625 0.399174528125 0.5660475625 0.42275943437499997
0 0.6024076265625 0.51415094375 0.6122346703125 0.5082547171875 0.6250098265624999 0.495479559375 0.6289406453125 0.48368710625 0.6289406453125 0.46796383593749996 0.6191136 0.44830974843750004 0.614200078125 0.44339622656250005 0.5965114 0.435534590625 0.5906151734375 0.435534590625 0.587667059375 0.44044811250000004 0.5955286953125001 0.45027515781250005 0.5974941031250001 0.456171384375 0.5974941031250001 0.47975628906249995 0.58963246875 0.49744496875 0.5807881296875 0.5062893078124999 0.579805425 0.5112028296875 0.584718946875 0.5161163515625 0.6024076265625 0.51415094375
0 0.601424921875 0.57016509375 0.6161654875 0.5731132078125001 0.6250098265624999 0.5642688671875 0.6328714625 0.55051100625 0.630906053125 0.528891509375 0.6250098265624999 0.519064465625 0.614200078125 0.5102201265625 0.5906151734375 0.5180817609374999 0.58963246875 0.5210298734375 0.601424921875 0.538718553125 0.601424921875 0.57016509375
0 0.5522897015625 0.754913521875 0.561134040625 0.7637578609375 0.5650648578124999 0.7657232703125 0.570961084375 0.7637578609375 0.5827535375 0.7578616359375 0.591597878125 0.7490172953124999 0.5955286953125001 0.7411556609375001 0.5974941031250001 0.7293632078125001 0.5935632859375 0.7175707546875 0.5807881296875 0.704795596875 0.5689956765625 0.704795596875 0.5591686328125001 0.7106918234374999 0.5454107703125 0.7126572328125 0.5434453609375 0.7146226421875 0.544428065625 0.7195361640625 0.5522897015625 0.7313286156250001 0.5522897015625 0.754913521875
0 0.4943101421875 0.781446540625 0.5119988203125 0.78341195 0.5139642296875 0.781446540625 0.5218258640625 0.781446540625 0.5375491359375 0.77358490625 0.548358884375 0.7627751578125 0.5522897015625 0.754913521875 0.5522897015625 0.733294025 0.546393475 0.721501571875 0.5355837265625001 0.7106918234374999 0.5237912734375 0.704795596875 0.5149469343749999 0.7057783015625 0.5208431609375 0.7195361640625 0.5208431609375 0.7431210687500001 0.5100334125 0.761792453125 0.5002063671875 0.7696540875 0.488413915625 0.7755503140625 0.4874312109375 0.77653301875 0.49037932343749996 0.7794811328125 0.4943101421875 0.781446540625
0 0.584718946875 0.8030660375 0.5965114 0.7991352203125001 0.611251965625 0.7863600625 0.611251965625 0.7706367921874999 0.604373034375 0.761792453125 0.59258058125 0.771619496875 0.5650648578124999 0.771619496875 0.56309945 0.7853773578125 0.56309945 0.7971698109375 0.570961084375 0.8011006296875 0.584718946875 0.8030660375
0 0.577840015625 0.8119103781250001 0.5837362421875001 0.8197720125 0.584718946875 0.8286163515625 0.59258058125 0.82665094375 0.5994595125 0.8197720125 0.6033903296875 0.80994496875 0.601424921875 0.8079795593749999 0.601424921875 0.8020833328125001 0.5984768078125 0.7991352203125001 0.584718946875 0.8011006296875 0.5827535375 0.8030660375 0.5689956765625 0.8011006296875 0.5670302671874999 0.7991352203125001 0.5572032234375001 0.8011006296875 0.5572032234375001 0.8050314468750001 0.570961084375 0.8069968546874999 0.577840015625 0.8119103781250001
0 0.46679441875 0.9485062890625 0.47465605312500003 0.95243710625 0.4943101421875 0.95243710625 0.5002063671875 0.9504716984374999 0.511016115625 0.9416273578125001 0.512981525 0.937696540625 0.511016115625 0.9278694968750001 0.5041371859375 0.9209905656249999 0.488413915625 0.9150943390625 0.4687598265625 0.9170597484374999 0.461880896875 0.9219732703125001 0.45893278281249994 0.9288522015625 0.457950078125 0.9357311328125 0.4599154875 0.9416273578125001 0.46679441875 0.9485062890625
1 0.53951454375 0.8482704406250001 0.551306996875 0.8522012578125 0.5591686328125001 0.8522012578125 0.570961084375 0.8482704406250001 0.5817708328125 0.8374606921875 0.5837362421875001 0.8197720125 0.5768573109374999 0.8109276734374999 0.570961084375 0.8069968546874999 0.551306996875 0.8050314468750001 0.53951454375 0.8109276734374999 0.534601021875 0.8158411953125 0.5296875 0.8286163515625 0.5287047953124999 0.8315644656250001 0.5326356125 0.841391509375 0.53951454375 0.8482704406250001
1 0.60928655625 0.7863600625 0.6122346703125 0.7873427671875 0.6230444187499999 0.778498428125 0.6269752359375 0.764740565625 0.6200963046875 0.751965409375 0.6161654875 0.751965409375 0.60633844375 0.7578616359375 0.6053557390625001 0.7627751578125 0.611251965625 0.7726022015625 0.60928655625 0.7863600625
1 0.611251965625 0.7411556609375001 0.60928655625 0.754913521875 0.6122346703125 0.7558962265625 0.621079009375 0.7490172953124999 0.6269752359375 0.7391902515625 0.6269752359375 0.72346698125 0.6200963046875 0.7146226421875 0.614200078125 0.718553459375 0.604373034375 0.7205188671875 0.6033903296875 0.725432390625 0.6073211484375001 0.7293632078125001 0.611251965625 0.7411556609375001
1 0.5906151734375 0.771619496875 0.60928655625 0.754913521875 0.611251965625 0.7391902515625 0.6024076265625 0.7224842765624999 0.5984768078125 0.7205188671875 0.5955286953125001 0.721501571875 0.5955286953125001 0.7293632078125001 0.5974941031250001 0.7313286156250001 0.5955286953125001 0.733294025 0.5955286953125001 0.7411556609375001 0.58963246875 0.7509827046875001 0.5748919031249999 0.761792453125 0.56309945 0.7637578609375 0.5640821546875 0.7686713843749999 0.5689956765625 0.771619496875 0.5906151734375 0.771619496875
1 0.42453812968750004 0.745086478125 0.428468946875 0.7529481125 0.4510711484375 0.77358490625 0.464829009375 0.7755503140625 0.46679441875 0.7775157234375001 0.4766214625 0.7775157234375001 0.48644850625 0.77358490625 0.4923447328125 0.77358490625 0.5021717765625 0.7676886796875 0.5149469343749999 0.754913521875 0.5149469343749999 0.7509827046875001 0.5188777515624999 0.7470518875 0.5208431609375 0.7411556609375001 0.5208431609375 0.721501571875 0.5188777515624999 0.7195361640625 0.5188777515624999 0.7136399375 0.5041371859375 0.694968553125 0.4923447328125 0.68710691875 0.4766214625 0.685141509375 0.47465605312500003 0.6831761000000001 0.46286360000000004 0.6831761000000001 0.4510711484375 0.68710691875 0.441244103125 0.6930031453125001 0.428468946875 0.7057783015625 0.423555425 0.71658805 0.42257272031250004 0.7372248421875 0.42453812968750004 0.7391902515625 0.42453812968750004 0.745086478125
1 0.423555425 0.651729559375 0.44910573906250006 0.651729559375 0.4510711484375 0.6497641515625 0.4569673734375 0.6497641515625 0.46286360000000004 0.6477987421875 0.479569575 0.6350235843750001 0.49332743749999997 0.61733490625 0.49725825468749996 0.605542453125 0.49725825468749996 0.5976808171875 0.4992236640625 0.595715409375 0.4992236640625 0.5780267296875 0.491362028125 0.5583726421875 0.47858687031249997 0.5416666671875 0.45303655625 0.525943396875 0.44517492187499996 0.525943396875 0.4432095125 0.5239779875 0.4156937890625 0.525943396875 0.40586674531250005 0.5298742140625 0.40095322343750006 0.5347877359375001 0.40095322343750006 0.5406839625 0.4088148578125 0.5544418234374999 0.41078026718749994 0.5662342765624999 0.41274567656250005 0.5681996859375 0.41471108437500004 0.5996462265625 0.40684945 0.6232311328125 0.39997051875 0.63404088125 0.3989878140625 0.638954403125 0.4039013359375 0.643867925 0.423555425 0.651729559375
1 0.28302869531249997 0.6350235843750001 0.3036654875 0.65369496875 0.33314661874999996 0.6635220125 0.3508352984375 0.6635220125 0.3528007078125 0.661556603125 0.358696934375 0.661556603125 0.38621265781249997 0.6477987421875 0.4029186328125 0.6291273578125 0.41274567656250005 0.60357704375 0.41274567656250005 0.572130503125 0.40095322343750006 0.5406839625 0.38621265781249997 0.525943396875 0.358696934375 0.5102201265625 0.34690448125 0.5102201265625 0.3410082546875 0.51415094375 0.335112028125 0.51415094375 0.32725039375 0.5180817609374999 0.3075963046875 0.5200471703125 0.282045990625 0.53380503125 0.2732016515625 0.5426493703124999 0.265340015625 0.5583726421875 0.262391903125 0.577044025 0.26337460625000003 0.5976808171875 0.267305425 0.6094732703125 0.28302869531249997 0.6350235843750001
1 0.48644850625 0.42767295625 0.49037932343749996 0.42767295625 0.5002063671875 0.435534590625 0.5100334125 0.439465409375 0.531652909375 0.439465409375 0.5336183171875 0.4375 0.551306996875 0.4335691828125 0.5640821546875 0.42275943437499997 0.57587460625 0.399174528125 0.57587460625 0.375589621875 0.56997838125 0.3618317609375 0.55327240625 0.343160378125 0.5473761796875001 0.339229559375 0.5355837265625001 0.3372641515625 0.5336183171875 0.3352987421875 0.5100334125 0.3352987421875 0.4923447328125 0.343160378125 0.481534984375 0.35397012656250004 0.479569575 0.3598663515625 0.4736733484375 0.365762578125 0.4687598265625 0.38050314531249996 0.46777712187500003 0.39131289375 0.4756387578125 0.41489779843749997 0.48644850625 0.42767295625
1 0.51986045625 0.48270440312499996 0.546393475 0.5072720125 0.548358884375 0.5131682390625001 0.55327240625 0.5180817609374999 0.561134040625 0.5180817609374999 0.570961084375 0.51415094375 0.5748919031249999 0.5102201265625 0.5788227203125 0.5102201265625 0.5935632859375 0.49154874218750005 0.5974941031250001 0.47975628906249995 0.5994595125 0.46796383593749996 0.5974941031250001 0.465998428125 0.5974941031250001 0.456171384375 0.5935632859375 0.4463443390625 0.5768573109374999 0.4296383640625 0.5650648578124999 0.4237421390625 0.55327240625 0.4335691828125 0.5493415875000001 0.4335691828125 0.5434453609375 0.4375 0.508068003125 0.44339622656250005 0.5041371859375 0.45518867968750004 0.50315448125 0.4738600625 0.505119890625 0.47779088124999997 0.51986045625 0.48270440312499996
1 0.5493415875000001 0.5966981125 0.5689956765625 0.5966981125 0.584718946875 0.588836478125 0.5974941031250001 0.5740959125 0.601424921875 0.5662342765624999 0.601424921875 0.5564072328125 0.6033903296875 0.5524764156249999 0.601424921875 0.55051100625 0.601424921875 0.5406839625 0.5955286953125001 0.5269261000000001 0.5866843546875 0.5180817609374999 0.5768573109374999 0.512185534375 0.57292649375 0.512185534375 0.56309945 0.5180817609374999 0.5552378140625 0.5180817609374999 0.5522897015625 0.5210298734375 0.554255109375 0.53085691875 0.5522897015625 0.5328223265625 0.5522897015625 0.5446147796874999 0.53656643125 0.57016509375 0.527722090625 0.577044025 0.5267393874999999 0.58392295625 0.5336183171875 0.5908018875 0.5493415875000001 0.5966981125
1 0.5011890718750001 0.32055817656249996 0.5100334125 0.3333333328125 0.53951454375 0.3352987421875 0.5552378140625 0.343160378125 0.561134040625 0.34905660312500003 0.5670302671874999 0.34905660312500003 0.570961084375 0.3451257859375 0.5768573109374999 0.343160378125 0.5857016515625 0.3343160375 0.5935632859375 0.32055817656249996 0.5955286953125001 0.302869496875 0.5935632859375 0.30090408750000003 0.5935632859375 0.293042453125 0.5837362421875001 0.2753537734375 0.5670302671874999 0.26257861562499996 0.5552378140625 0.2586477984375 0.5375491359375 0.2586477984375 0.517895046875 0.26650943437499997 0.5011890718750001 0.2851808171875 0.5002063671875 0.29009433906250004 0.4992236640625 0.3087657234375 0.5011890718750001 0.31073113281250003 0.5011890718750001 0.32055817656249996
1 0.41372838125 0.2507861640625 0.43338246874999997 0.2586477984375 0.45008844375 0.27142295625 0.464829009375 0.2920597484375 0.47269064531250005 0.2920597484375 0.498240959375 0.27830188749999996 0.5090507078125001 0.2655267296875 0.5169123421874999 0.2458726421875 0.5169123421874999 0.22425314531249999 0.512981525 0.2124606921875 0.505119890625 0.1987028296875 0.49037932343749996 0.1859276734375 0.46679441875 0.1780660375 0.4432095125 0.1780660375 0.42552083281249997 0.1839622640625 0.41667649375 0.1987028296875 0.395056996875 0.2203223265625 0.3940742921875 0.22523584843750002 0.3930915875 0.24390723281249999 0.3960397015625 0.2488207546875 0.41372838125 0.2507861640625
1 0.4943101421875 0.18789308124999998 0.5070852984374999 0.2006682390625 0.517895046875 0.22130503125 0.527722090625 0.2173742140625 0.5404972484375 0.206564465625 0.548358884375 0.1947720125 0.5522897015625 0.182979559375 0.5503242921875 0.1672562890625 0.5424626578125 0.15153301875 0.527722090625 0.1387578609375 0.508068003125 0.1308962265625 0.4923447328125 0.1308962265625 0.48350039375 0.14760220156249998 0.46679441875 0.16430817656250002 0.45303655625 0.1721698109375 0.45303655625 0.1761006296875 0.4766214625 0.180031446875 0.4943101421875 0.18789308124999998
1 0.5159296390625 0.1328616359375 0.531652909375 0.1407232703125 0.5424626578125 0.15153301875 0.5493415875000001 0.16430817656250002 0.561134040625 0.1603773578125 0.56997838125 0.15153301875 0.57587460625 0.1377751578125 0.57587460625 0.12401729531250001 0.56997838125 0.11222484218749999 0.5572032234375001 0.0994496859375 0.5375491359375 0.09158805 0.534601021875 0.0925707546875 0.5326356125 0.096501571875 0.5306702046875 0.106328615625 0.51986045625 0.1191037734375 0.50610259375 0.126965409375 0.5021717765625 0.126965409375 0.5011890718750001 0.1279481125 0.5041371859375 0.1308962265625 0.5159296390625 0.1328616359375
1 0.47072523593750004 0.08176100625 0.48546580156249997 0.096501571875 0.491362028125 0.110259434375 0.4923447328125 0.125 0.5100334125 0.125 0.5139642296875 0.12106918281250001 0.51986045625 0.1191037734375 0.5306702046875 0.106328615625 0.5326356125 0.0925707546875 0.534601021875 0.0906053453125 0.5326356125 0.07881289375 0.51986045625 0.060141509375 0.50610259375 0.0522798734375 0.4943101421875 0.04834905625 0.47465605312500003 0.04834905625 0.45893278281249994 0.0640723265625 0.44910573906250006 0.069968553125 0.44910573906250006 0.0738993703125 0.455001965625 0.0738993703125 0.47072523593750004 0.08176100625
1 0.397218946875 0 0.390143475 0.0031446546875000003 0.38621265781249997 0.0031446546875000003 0.3744202046875 0.0110062890625 0.36557586406250003 0.0198506296875 0.358696934375 0.0345911953125 0.3577142296875 0.051297170312499994 0.3596796390625 0.057193396875000004 0.3704893875 0.069968553125 0.3763856125 0.0738993703125 0.388178065625 0.0758647796875 0.390143475 0.0778301890625 0.4039013359375 0.0778301890625 0.4156937890625 0.0738993703125 0.4432095125 0.0719339625 0.455001965625 0.0660377359375 0.46777712187500003 0.0552279875 0.4756387578125 0.0414701265625 0.4756387578125 0.023781446875 0.46777712187500003 0.010023584375 0.454108596875 0 0.397218946875 0