0 0.940163934375 0.6079149593750001 0.9504098359375 0.5874231562500001 0.9524590156249999 0.5689805328124999 0.9504098359375 0.566931353125 0.94836065625 0.552587090625 0.9442622953124999 0.54439036875 0.932991803125 0.5331198765625 0.9268442625000001 0.531070696875 0.9125 0.531070696875 0.904303278125 0.5351690578125 0.8909836062500001 0.5484887296875 0.8827868859375 0.566931353125 0.8827868859375 0.591521515625 0.8868852453124999 0.5976690578125 0.8868852453124999 0.60176741875 0.8981557375 0.615087090625 0.90532786875 0.6181608609375 0.9227459015624999 0.6191854515624999 0.9288934421875 0.6171362703125001 0.940163934375 0.6079149593750001
0 0.5426229515625 0.355865778125 0.5467213109375 0.34357069687499997 0.5426229515625 0.3271772546875 0.538524590625 0.3210297125 0.5231557375 0.3118084015625 0.5129098359375 0.3118084015625 0.4985655734375 0.3179559421875 0.48934426249999996 0.329226434375 0.48729508125 0.335373975 0.48729508125 0.3456198765625 0.49139344218750003 0.355865778125 0.502663934375 0.36713627031249996 0.5139344265625 0.370210040625 0.5190573765625001 0.37123463125 0.5313524593750001 0.36713627031249996 0.5426229515625 0.355865778125
0 0.5231557375 0.3118084015625 0.5375 0.3200051234375 0.538524590625 0.30873463125 0.5323770484375 0.2984887296875 0.52520491875 0.293365778125 0.51086065625 0.2913165984375 0.5047131140625 0.293365778125 0.49344262343749995 0.302587090625 0.49139344218750003 0.30668545156250004 0.49139344218750003 0.316931353125 0.49344262343749995 0.3189805328125 0.49651639375 0.3200051234375 0.51086065625 0.3118084015625 0.5231557375 0.3118084015625
0 0.6143442625 0.3456198765625 0.6184426234375 0.341521515625 0.6184426234375 0.33742315624999997 0.61229508125 0.3251280734375 0.6051229515625 0.3179559421875 0.5948770484375 0.31385758125 0.584631146875 0.31385758125 0.5764344265625 0.3179559421875 0.57336065625 0.3210297125 0.5743852453125 0.32410348437500003 0.5907786890625 0.3261526640625 0.6020491796874999 0.33742315624999997 0.606147540625 0.3476690578125 0.606147540625 0.3599641390625 0.60717213125 0.3609887296875 0.6102459015624999 0.357914959375 0.6143442625 0.3456198765625
0 0.348975409375 0.42451332031250005 0.365368853125 0.4163165984375 0.372540984375 0.4091444671875 0.3807377046875 0.39070184375 0.378688525 0.3743084015625 0.370491803125 0.3599641390625 0.36127049218749996 0.35279200781250003 0.351024590625 0.34869364687500004 0.334631146875 0.34869364687500004 0.32848360625 0.35279200781250003 0.3243852453125 0.35279200781250003 0.31106557343749996 0.3661116796875 0.30491803281249996 0.3784067625 0.30491803281249996 0.4009477453125 0.3069672125 0.40504610625000004 0.3182377046875 0.418365778125 0.3336065578125 0.425537909375 0.34077868906250003 0.4265625 0.34282786875000004 0.42451332031250005 0.348975409375 0.42451332031250005
1 0 0.5778329921875 0.009836065625 0.593570696875 0.0190573765625 0.6027920078125 0.0344262296875 0.6079149593750001 0.045696721875 0.6089395484375 0.053893442187499994 0.6048411890625001 0.0672131140625 0.591521515625 0.07336065625 0.57307889375 0.0754098359375 0.5546362703125001 0.071311475 0.5423411890625001 0.071311475 0.5341444671875 0.05901639374999999 0.5116034843749999 0.045696721875 0.5003329921875 0.039549179687500005 0.49828381093749996 0.023155737500000002 0.49828381093749996 0.0036885250000000002 0.5157018437499999 0 0.5230788937499999 0 0.5778329921875
1 0.12151639375 0.43885758125 0.13278688593750002 0.427587090625 0.1368852453125 0.4152920078125 0.1389344265625 0.3968493859375 0.1368852453125 0.3948002046875 0.1368852453125 0.3886526640625 0.1235655734375 0.37328381093749996 0.1174180328125 0.37123463125 0.1051229515625 0.37123463125 0.09282786875 0.379431353125 0.08155737656249999 0.4009477453125 0.08155737656249999 0.41939036874999996 0.0856557375 0.427587090625 0.09282786875 0.43680840156249995 0.1040983609375 0.44193135312500004 0.10717213125 0.4429559421875 0.10922131093750001 0.44090676249999994 0.12151639375 0.43885758125
1 0.08155737656249999 0.4009477453125 0.08770491875 0.38660348437500003 0.08155737656249999 0.37635758125 0.072336065625 0.36918545156250004 0.062090164062499995 0.36918545156250004 0.057991803125 0.37123463125 0.0487704921875 0.3804559421875 0.0426229515625 0.3968493859375 0.044672131250000004 0.4152920078125 0.053893442187499994 0.4265625 0.0610655734375 0.4296362703125 0.066188525 0.4306608609375 0.08155737656249999 0.42143954843750003 0.08155737656249999 0.4009477453125
1 0.1235655734375 0.35279200781250003 0.10717213125 0.35279200781250003 0.10307377031250001 0.3548411890625 0.093852459375 0.3640625 0.08770491875 0.37635758125 0.0887295078125 0.3835297125 0.101024590625 0.37328381093749996 0.1174180328125 0.37123463125 0.1235655734375 0.37328381093749996 0.134836065625 0.384554303125 0.1368852453125 0.384554303125 0.1368852453125 0.3681608609375 0.1235655734375 0.35279200781250003
1 0.30491803281249996 0.39889856562500003 0.30491803281249996 0.3784067625 0.3069672125 0.372259221875 0.315163934375 0.3620133203125 0.315163934375 0.357914959375 0.3018442625 0.34254610625000004 0.2977459015625 0.3404969265625 0.281352459375 0.3384477453125 0.27520491874999997 0.3404969265625 0.267008196875 0.3445952875 0.25163934375 0.3620133203125 0.2495901640625 0.3825051234375 0.25163934375 0.3886526640625 0.2557377046875 0.3968493859375 0.264959015625 0.40607069687499997 0.272131146875 0.4091444671875 0.293647540625 0.4101690578125 0.302868853125 0.40299692656249997 0.30491803281249996 0.39889856562500003
1 0.48729508125 0.3476690578125 0.48729508125 0.3333247953125 0.49344262343749995 0.3210297125 0.48831967187499997 0.3118084015625 0.47397540937500005 0.3036116796875 0.4575819671875 0.3036116796875 0.4493852453125 0.307710040625 0.440163934375 0.3189805328125 0.4381147546875 0.335373975 0.440163934375 0.341521515625 0.4514344265625 0.3548411890625 0.454508196875 0.355865778125 0.4719262296875 0.35689036875 0.48217213125 0.35279200781250003 0.48729508125 0.3476690578125
1 0.6020491796874999 0.3661116796875 0.606147540625 0.357914959375 0.606147540625 0.3476690578125 0.6020491796874999 0.33742315624999997 0.586680328125 0.32410348437500003 0.5764344265625 0.32410348437500003 0.5743852453125 0.322054303125 0.572336065625 0.32410348437500003 0.566188525 0.32410348437500003 0.557991803125 0.32820184375 0.550819671875 0.335373975 0.5467213109375 0.34357069687499997 0.5467213109375 0.357914959375 0.550819671875 0.3661116796875 0.565163934375 0.3784067625 0.584631146875 0.379431353125 0.5907786890625 0.377382171875 0.6020491796874999 0.3661116796875
1 0.663524590625 0.3784067625 0.6676229515625 0.370210040625 0.6676229515625 0.3599641390625 0.663524590625 0.3497182375 0.6584016390625 0.34254610625000004 0.6440573765625001 0.3343493859375 0.6317622953125 0.3343493859375 0.62151639375 0.3384477453125 0.6143442625 0.3456198765625 0.6102459015624999 0.3538165984375 0.6102459015624999 0.3681608609375 0.6143442625 0.37635758125 0.627663934375 0.3896772546875 0.6327868859375 0.39070184375 0.642008196875 0.391726434375 0.654303278125 0.3876280734375 0.663524590625 0.3784067625
1 0.870491803125 0.48291495937500006 0.872540984375 0.47061987656250004 0.8745901640625 0.46857069687499997 0.872540984375 0.4521772546875 0.8684426234375 0.4439805328125 0.8571721312499999 0.43271004062499996 0.8448770484375 0.42861167968749997 0.8305327874999999 0.43271004062499996 0.8192622953124999 0.4439805328125 0.815163934375 0.45422643437500004 0.815163934375 0.47061987656250004 0.8172131140625 0.47676741875 0.8254098359375 0.49111167968749997 0.8356557375 0.497259221875 0.851024590625 0.49828381093749996 0.8592213109375001 0.4941854515625 0.870491803125 0.48291495937500006
1 1 0.60689036875 0.988319671875 0.60689036875 0.9842213109375001 0.6089395484375 0.9709016390625 0.622259221875 0.9627049187500001 0.6386526640625 0.9606557375 0.6509477453125 0.9586065578125 0.6529969265625 0.9586065578125 0.6714395484375 0.9647540984375 0.6878329921875 0.9729508203125 0.6939805328124999 0.9903688531249999 0.6950051234375 0.9944672125 0.6929559421875 1 0.6874231562500001 1 0.60689036875