1 0.3517156859375 0.506668709375 0.349673203125 0.512796159375 0.349673203125 0.5270935453125001 0.3537581703125 0.5311785125 0.3537581703125 0.5373059640625 0.36294934687499997 0.546497140625 0.37111928125000004 0.5505821078124999 0.3854166671875 0.5526245921874999 0.39767156875 0.5485396234375 0.4068627453125 0.5393484484375 0.40890522812499996 0.5311785125 0.4129901953125 0.5291360296875001 0.4129901953125 0.5087111921874999 0.41094771249999995 0.504626225 0.4048202609375 0.5005412578125 0.4048202609375 0.496456290625 0.40175653593750005 0.49339256562499995 0.39460784375 0.49237132343749995 0.369076796875 0.49135008124999996 0.3609068625 0.4954350484375 0.3517156859375 0.506668709375
1 0.35579933124999996 0.436815584375 0.34967188125000004 0.44907048749999995 0.34967188125000004 0.4531554546875 0.3517143640625 0.45519793750000004 0.34967188125000004 0.457240421875 0.34967188125000004 0.46745284062500003 0.3537568484375 0.475622775 0.36499050781250003 0.4848139515625 0.3752029265625 0.48889891875 0.38745782812499996 0.48889891875 0.397670246875 0.4848139515625 0.4017552140625 0.47868649999999996 0.40890390625000006 0.475622775 0.4150313578125 0.46336787187499995 0.4129888734375 0.4592829046875 0.4129888734375 0.44702800312499996 0.41094639062500005 0.4449855203125 0.41094639062500005 0.4409005515625 0.40788266562500003 0.4378368265625 0.40379769843749996 0.4378368265625 0.400733971875 0.430688134375 0.3925640375 0.42456068281250003 0.3752029265625 0.42353944062500004 0.3670329921875 0.4276244078125 0.35579933124999996 0.436815584375
2 0.9160150187499999 0.4004984328125 0.9098875671875 0.396413465625 0.8945689390625 0.409689609375 0.8863990046874999 0.42602947812499997 0.8884414890624999 0.4301144453125 0.8884414890624999 0.4423693484375 0.9017176328125001 0.45973045937499996 0.9139725343749999 0.46585790937500005 0.924184953125 0.4638154265625 0.9262274359375 0.46585790937500005 0.9466522734374999 0.46585790937500005 0.958907175 0.4617729421875 0.9742258015624999 0.44645431562500004 0.9783107703124999 0.43828438125 0.9783107703124999 0.42807196249999996 0.9762682859374999 0.4239869953125 0.9783107703124999 0.41785954375 0.9742258015624999 0.409689609375 0.967077109375 0.4025409171875 0.9517584812500001 0.393349740625 0.924184953125 0.3923284984375 0.9170362593749999 0.3974347078125 0.9160150187499999 0.4004984328125
2 1 0.487060865625 0.987949346875 0.4750102125 0.980800653125 0.4719464875 0.9450571890624999 0.4709252453125 0.9389297390625 0.4750102125 0.9287173203125001 0.472967728125 0.92258986875 0.47705269531249994 0.911356209375 0.496456290625 0.911356209375 0.5107536765625 0.917483659375 0.523008578125 0.9328022875 0.536284721875 0.9450571890624999 0.53832720625 0.951184640625 0.5424121734375 0.96956699375 0.5424121734375 0.9716094765625 0.5403696890624999 0.9777369281249999 0.5403696890624999 0.9940767968750001 0.5301572718750001 1 0.5210032296875 1 0.487060865625
2 0.6111111109375 0.498498775 0.609068628125 0.516881128125 0.6111111109375 0.523008578125 0.615196078125 0.5250510625 0.615196078125 0.5311785125 0.6264297390625 0.5424121734375 0.6345996734375 0.546497140625 0.6509395421875 0.5485396234375 0.665236928125 0.5424121734375 0.6764705875 0.533220996875 0.6805555562500001 0.523008578125 0.6825980390625 0.5107536765625 0.6764705875 0.49237132343749995 0.665236928125 0.483180146875 0.6591094765625 0.48522263125 0.6560457515625 0.4821589046875 0.628472221875 0.4811376640625 0.6131535953125 0.49441380781250005 0.6111111109375 0.498498775
1 0.590686275 0.433139296875 0.588643790625 0.44539419999999996 0.590686275 0.44743668281250004 0.590686275 0.4576491015625 0.5947712421875 0.4658190359375 0.60396241875 0.4750102125 0.612132353125 0.47909517968750004 0.6427696078125 0.47705269531249994 0.651960784375 0.469904003125 0.6560457515625 0.46377655156250003 0.6580882359375 0.453564134375 0.6621732031249999 0.44947916718750003 0.6621732031249999 0.44539419999999996 0.6560457515625 0.433139296875 0.65400326875 0.4208843953125 0.6376633984375 0.4106719765625 0.6182598046875001 0.4096507359375 0.60396241875 0.41782067031250003 0.590686275 0.433139296875
2 1 0.5631229578125 0.99611928125 0.5607945265625001 0.9899918296875001 0.5607945265625001 0.9910130718750001 0.5536458328125 0.9838643796875 0.546497140625 0.9685457515625 0.5393484484375 0.94914215625 0.53832720625 0.9450571890624999 0.5424121734375 0.940972221875 0.53832720625 0.9328022875 0.5403696890624999 0.9154411765624999 0.5536458328125 0.9133986921874999 0.5577308000000001 0.917483659375 0.5597732843750001 0.909313725 0.5659007359375 0.909313725 0.5842830875 0.911356209375 0.5904105390625001 0.924632353125 0.6057291671875 0.9328022875 0.6118566171875 0.951184640625 0.615941584375 0.9532271234374999 0.61798406875 0.9777369281249999 0.615941584375 0.9899918296875001 0.609814134375 0.99918300625 0.6006229578125 1 0.5989889703125 1 0.5631229578125
3 0.01875 0.5046875 0.0375 0.1375
3 0.16875 0.4984375 0.0828125 0.1390625
3 0.3796875 0.4921875 0.0953125 0.1578125
3 0.6390625 0.478125 0.0953125 0.1578125
3 0.94375 0.4796875 0.1125 0.1703125