2 0.3664137375 0.48162939375 0.3863817890625 0.4836261984375 0.39636581406250004 0.47763578281249996 0.399361021875 0.4726437703125 0.399361021875 0.45866613437500003 0.3973642171875 0.4546725234375 0.401357828125 0.4506789140625 0.401357828125 0.4446884984375 0.3863817890625 0.431709265625 0.3704073484375 0.431709265625 0.362420128125 0.43570287499999993 0.355431309375 0.44269169374999995 0.3534345046875 0.44868210937499997 0.355431309375 0.4506789140625 0.3524361015625 0.45367412187499995 0.3514377 0.46665335468749997 0.362420128125 0.4796325875 0.3664137375 0.48162939375
1 0.38228369687499997 0.0746351265625 0.38627730625 0.0786287359375 0.40225174687500004 0.0806255421875 0.41323417500000004 0.07163991875 0.41123737031249996 0.065649503125 0.4162293828125 0.06465109999999999 0.419224590625 0.06165589375 0.419224590625 0.043684646875 0.41123737031249996 0.02771020625 0.4002549421875 0.016727778125000002 0.38627730625 0.0147309734375 0.37629328125 0.0187245828125 0.36431245 0.0346990234375 0.36331404843750004 0.0576622828125 0.37629328125 0.0726383203125 0.38228369687499997 0.0746351265625
1 0.37027372187499996 0.27698688437499996 0.382254553125 0.27698688437499996 0.3842513578125 0.2749900796875 0.3862481625 0.27698688437499996 0.40022579843750006 0.27698688437499996 0.409211421875 0.26600445625 0.4112082265625 0.250030015625 0.409211421875 0.2480332109375 0.409211421875 0.2420427953125 0.40322100625 0.23205877031250002 0.3962321890625 0.2270667578125 0.38824496875 0.22307314687500002 0.382254553125 0.2250699515625 0.380257746875 0.22307314687500002 0.3742673328125 0.22307314687500002 0.36628011250000003 0.2270667578125 0.3562960859375 0.2390475875 0.355297684375 0.25801723593750003 0.3612880984375 0.2680012625 0.37027372187499996 0.27698688437499996
1 0.3511631546875 0.8909643781250001 0.359150375 0.8929611843749999 0.37113120624999996 0.8889675734375 0.38610724375 0.8719947296875 0.38810405000000003 0.854023484375 0.38610724375 0.8480330687500001 0.377121621875 0.8350538359374999 0.3691344015625 0.8310602250000001 0.353159959375 0.8330570296875001 0.338183921875 0.8460362640625 0.3351887140625 0.85302508125 0.3341903109375 0.8739915343750001 0.3471695453125 0.8889675734375 0.3511631546875 0.8909643781250001
2 0.3555004765625 0.6830901203125 0.3654845015625 0.6830901203125 0.36748130625000003 0.6810933140625 0.3694781125 0.6830901203125 0.3814589421875 0.6830901203125 0.3924413703125 0.6721076921875 0.394438175 0.6601268609375001 0.39643498125 0.65813005625 0.3924413703125 0.6441524203125 0.3794621375 0.6331699921875 0.361490890625 0.6331699921875 0.3485116578125 0.6441524203125 0.3435196453125 0.6531380437500001 0.3425212421875 0.6661172765625001 0.346514853125 0.674104496875 0.3555004765625 0.6830901203125
1 0.3915333453125 0.69080100625 0.3965253578125 0.697789825 0.4025157734375 0.697789825 0.4065093828125 0.7037802390625 0.41449660312500003 0.7057770453125001 0.416493409375 0.7037802390625 0.42248382500000004 0.7037802390625 0.426477434375 0.701783434375 0.43546305781249994 0.6927978109375 0.43945666718750004 0.6848105906249999 0.43945666718750004 0.664842540625 0.43546305781249994 0.65685531875 0.42847423906250004 0.6498665015625 0.4244806296875 0.647869696875 0.42048701875 0.647869696875 0.4184902140625 0.645872890625 0.41249979843749995 0.645872890625 0.40551098124999996 0.6508649046875 0.404512578125 0.6558569171874999 0.4025157734375 0.65186330625 0.40051896875 0.65186330625 0.39353015 0.658852125 0.3905349421875 0.667837746875 0.389536540625 0.678820175 0.3915333453125 0.68081698125 0.3915333453125 0.69080100625
2 0.43765231250000003 0.28353911875 0.4416459234375 0.2815423125 0.44563953281249996 0.28353911875 0.45662196093749996 0.2745534953125 0.460615571875 0.2645694703125 0.460615571875 0.25458544375000003 0.45462515625 0.24060780781250002 0.4476363390625 0.233618990625 0.44364272812500005 0.233618990625 0.43964911874999996 0.2296253796875 0.4256714828125 0.2296253796875 0.4126922484375 0.24060780781250002 0.411693846875 0.24360301562500003 0.41069544375 0.270559884375 0.41968106718750003 0.2815423125 0.43765231250000003 0.28353911875
2 0.4552348125 0.68502253125 0.45823002031250004 0.6840241296875 0.4592284234375 0.6890161421875 0.47719966875 0.6890161421875 0.49217570781250003 0.6760369093749999 0.49417251249999994 0.6720432984375 0.49417251249999994 0.652075246875 0.490178903125 0.6440880265625 0.47719966875 0.6331055984375 0.461225228125 0.6331055984375 0.45723161875 0.6390960140625 0.45323800781249995 0.637099209375 0.4432539828125 0.6510768453125 0.44225557968749996 0.6700464937499999 0.45124120312500005 0.6830257265624999 0.4552348125 0.68502253125
1 0.417806675 0.48970981562500004 0.42313129375 0.491706228125 0.4308963546875 0.49148439843749997 0.43555536874999995 0.4901534609375 0.44132370937500004 0.48904434218750004 0.44531716406250005 0.485273346875 0.44886690468749996 0.48172416875 0.451307340625 0.4777313453125 0.4528603609375 0.47351670468749996 0.45197292187500004 0.46664016249999996 0.45197292187500004 0.4593199765625 0.44953247812499997 0.45577081093749994 0.44731389374999997 0.45133434218749996 0.44132370937500004 0.44334869374999997 0.4382176859375 0.44024316093750004 0.43289308281250005 0.438468578125 0.42845591250000004 0.437803103125 0.420912715625 0.43913404062500005 0.4180285578125 0.44024316093750004 0.4131476546875 0.44268321874999994 0.40760118749999996 0.44667604375 0.4042733125 0.44955976093750005 0.403164015625 0.45288710937500004 0.40205473437499994 0.4559926265625 0.40116727343749997 0.45976363593749997 0.40116727343749997 0.46420010468750006 0.40342833593750005 0.46738745625 0.406713740625 0.4748476265625 0.410263496875 0.48305510468749996 0.4140351015625 0.487269759375 0.417806675 0.48970981562500004
3 0.3890625 0.8609375 0.128125 0.0859375
3 0.4015625 0.6671875 0.1296875 0.08125
3 0.4109375 0.4625 0.1484375 0.0796875
3 0.4140625 0.246875 0.13125 0.0796875
3 0.428125 0.0484375 0.1359375 0.0953125