1 0.6668632078125001 0.44299331718749996 0.675707546875 0.4361143875 0.675707546875 0.43218356875 0.6786556609375001 0.42923545625 0.6816037734375 0.4282527515625 0.6816037734375 0.41252948125 0.672759434375 0.40171973281250006 0.662932390625 0.39778891562499996 0.6550707546875 0.39778891562499996 0.64131289375 0.4036851421875 0.6363993703124999 0.410564071875 0.6344339625 0.414494890625 0.6344339625 0.43021816093750004 0.637382075 0.43316627343749997 0.642295596875 0.434148978125 0.642295596875 0.4400452046875 0.6462264156249999 0.443976021875 0.6570361640625 0.4449587265625 0.659001571875 0.44299331718749996 0.6668632078125001 0.44299331718749996
1 0.1165487421875 0.5078518078125 0.12342767343750001 0.500972878125 0.12342767343750001 0.489180425 0.11556603750000001 0.47542256250000003 0.10475628906250001 0.4685436328125 0.10082547187499999 0.4685436328125 0.0988600625 0.47247445 0.0978773578125 0.467560928125 0.0949292453125 0.4646128140625 0.08510220156250001 0.4646128140625 0.07527515781250001 0.4685436328125 0.064465409375 0.47935338125 0.0625 0.4931112421875 0.0664308171875 0.5029382859375 0.0762578609375 0.510799921875 0.0949292453125 0.5117826265625001 0.10279088125 0.5078518078125 0.1165487421875 0.5078518078125
1 0.12047955937499999 0.5275058968749999 0.110652515625 0.5255404875 0.10966981093749999 0.53241941875 0.1136006296875 0.5363502359375001 0.10966981093749999 0.540281053125 0.10966981093749999 0.5481426890625001 0.1136006296875 0.554038915625 0.127358490625 0.55207350625 0.127358490625 0.5383156453125 0.12047955937499999 0.5275058968749999
1 0.107704403125 0.5422464625 0.10377358437499999 0.5383156453125 0.10573899375 0.5363502359375001 0.10573899375 0.5265231921875 0.10377358437499999 0.5245577828125 0.10377358437499999 0.51866155625 0.0988600625 0.513748034375 0.07527515781250001 0.51571344375 0.0664308171875 0.5225923734375 0.0625 0.5284886 0.0625 0.5343848265625 0.060534590624999995 0.5363502359375001 0.0625 0.5383156453125 0.0625 0.5481426890625001 0.0733097484375 0.5589524375 0.0821540875 0.56190055 0.0988600625 0.5628832546875 0.107704403125 0.5579697328125001 0.107704403125 0.5422464625
1 0.10868710625 0.5216096703125 0.107704403125 0.5245577828125 0.10966981093749999 0.5265231921875 0.11556603750000001 0.5245577828125 0.11261792500000001 0.5216096703125 0.10868710625 0.5216096703125
2 0.313089621875 0.4999901734375 0.3160377359375 0.497042059375 0.3140723265625 0.467560928125 0.3052279875 0.460681996875 0.29147012656250004 0.4587165875 0.2895047171875 0.460681996875 0.283608490625 0.460681996875 0.2727987421875 0.4695263359375 0.2718160375 0.4744398578125 0.268867925 0.47542256250000003 0.268867925 0.49114583281249996 0.2708333328125 0.4950766515625 0.2777122640625 0.5019555812500001 0.2826257859375 0.5029382859375 0.3052279875 0.5019555812500001 0.30719339687499997 0.4999901734375 0.313089621875 0.4999901734375
2 0.30031446562499997 0.5481426890625001 0.30621069218749997 0.5383156453125 0.3052279875 0.5294713046874999 0.2993317609375 0.5294713046874999 0.2973663515625 0.5314367140625 0.2845911953125 0.530454009375 0.2973663515625 0.5294713046874999 0.30621069218749997 0.5265231921875 0.3042452828125 0.5166961484375 0.2993317609375 0.5117826265625001 0.28753930781250003 0.5058864 0.2718160375 0.5058864 0.2698506296875 0.5098172171875001 0.26395440312499996 0.5117826265625001 0.257075471875 0.51866155625 0.2551100625 0.5225923734375 0.2551100625 0.5363502359375001 0.257075471875 0.540281053125 0.2659198109375 0.5510908015625 0.2698506296875 0.5510908015625 0.2708333328125 0.5363502359375001 0.268867925 0.5343848265625 0.266902515625 0.5166961484375 0.2698506296875 0.513748034375 0.2708333328125 0.5147307390625 0.2708333328125 0.5284886 0.2747641515625 0.53241941875 0.2727987421875 0.5343848265625 0.2727987421875 0.55207350625 0.2747641515625 0.554038915625 0.28753930781250003 0.55502161875 0.29343553437500003 0.5530562109375 0.30031446562499997 0.5481426890625001
2 0.50766509375 0.4646128140625 0.502751571875 0.46559551875 0.502751571875 0.47935338125 0.50471698125 0.48328419843750003 0.5056996859375 0.484266903125 0.5086477984375 0.4813187890625 0.50766509375 0.4646128140625
2 0.492924528125 0.46363010937500004 0.49783805000000003 0.46264740625 0.5007861640625 0.45969929218749994 0.5007861640625 0.455768475 0.49587264218750005 0.450854953125 0.4801493703125 0.44888954375 0.4742531453125 0.450854953125 0.46540880468749996 0.45773388437499996 0.46344339687499997 0.46559551875 0.459512578125 0.4695263359375 0.459512578125 0.47542256250000003 0.46344339687499997 0.48524960625 0.469339621875 0.49114583281249996 0.5007861640625 0.49114583281249996 0.5007861640625 0.46559551875 0.492924528125 0.46363010937500004
1 0.4948899375 0.5343848265625 0.4988207546875 0.5265231921875 0.4968553453125 0.5166961484375 0.4988207546875 0.5147307390625 0.4948899375 0.506869103125 0.48408018906250005 0.49605935468749995 0.46835691874999996 0.49605935468749995 0.459512578125 0.500972878125 0.45558176093749997 0.5088345125 0.459512578125 0.5166961484375 0.45852987343749996 0.5255404875 0.45361635156249996 0.520626965625 0.45558176093749997 0.51866155625 0.45558176093749997 0.5127653296875 0.45165094375 0.5127653296875 0.45165094375 0.5284886 0.45656446562499997 0.53536753125 0.45754717031250003 0.5284886 0.459512578125 0.5284886 0.459512578125 0.540281053125 0.46540880468749996 0.5442118703125 0.4801493703125 0.545194575 0.48408018906250005 0.5432291671875 0.4948899375 0.5343848265625
2 0.6875 0.47935338125 0.6875 0.46166470156250006 0.6845518875 0.4587165875 0.67767295625 0.45773388437499996 0.6865172953124999 0.4567511796875 0.6875 0.4518376578125 0.6806210687500001 0.4449587265625 0.6766902515625 0.44299331718749996 0.66096698125 0.44299331718749996 0.6550707546875 0.4449587265625 0.6462264156249999 0.453803065625 0.64720911875 0.4567511796875 0.6521226421875 0.45773388437499996 0.64720911875 0.4587165875 0.642295596875 0.46363010937500004 0.64426100625 0.47542256250000003 0.6511399375 0.484266903125 0.65408805 0.48524960625 0.6806210687500001 0.48623231093749997 0.685534590625 0.48328419843750003 0.6875 0.47935338125
2 0.6835691828125 0.5265231921875 0.685534590625 0.5225923734375 0.685534590625 0.5088345125 0.6875 0.5029382859375 0.6835691828125 0.4950766515625 0.6766902515625 0.49016312968750003 0.6531053453125 0.49016312968750003 0.6462264156249999 0.4950766515625 0.6403301890625 0.5049036953125 0.642295596875 0.510799921875 0.6462264156249999 0.5127653296875 0.642295596875 0.5147307390625 0.64426100625 0.5245577828125 0.6550707546875 0.533402121875 0.6599842765624999 0.5343848265625 0.6688286156250001 0.53536753125 0.6747248421875 0.533402121875 0.6835691828125 0.5265231921875
1 0.8643867921874999 0.45969929218749994 0.8594732703125001 0.450854953125 0.8545597484374999 0.45969929218749994 0.8545597484374999 0.47345715468750005 0.8575078609375 0.4744398578125 0.860455975 0.47149174531250004 0.8643867921874999 0.45969929218749994
1 0.8506289312499999 0.4518376578125 0.8545597484374999 0.44790683906249995 0.8545597484374999 0.443976021875 0.8496462265625 0.4390625 0.8417845906249999 0.4390625 0.8398191828125 0.437097090625 0.8378537734375 0.4390625 0.8280267296874999 0.4390625 0.81721698125 0.44790683906249995 0.8113207546875 0.455768475 0.8113207546875 0.46559551875 0.82016509375 0.47837067656250004 0.8349056609375 0.47935338125 0.8525943390625 0.477387971875 0.8525943390625 0.453803065625 0.8506289312499999 0.4518376578125
1 0.8496462265625 0.523575078125 0.8575078609375 0.5216096703125 0.8663522015625 0.510799921875 0.8663522015625 0.5049036953125 0.860455975 0.49114583281249996 0.8555424531250001 0.4881977203125 0.85357704375 0.49016312968750003 0.8496462265625 0.484266903125 0.8457154093750001 0.48230149375 0.83392295625 0.48230149375 0.8221305031249999 0.4881977203125 0.81721698125 0.4931112421875 0.8132861640625 0.5029382859375 0.8132861640625 0.510799921875 0.81721698125 0.51866155625 0.8280267296874999 0.5275058968749999 0.8329402515625001 0.5284886 0.84375 0.5294713046874999 0.8476808171875 0.5275058968749999 0.8496462265625 0.523575078125
3 0.8359375 0.4765625 0.0828125 0.1109375
3 0.665625 0.48125 0.0734375 0.1171875
3 0.4796875 0.4890625 0.075 0.121875
3 0.2828125 0.4984375 0.0859375 0.1125
3 0.096875 0.503125 0.0921875 0.125