1 0.36516312968750003 0.39131289375 0.3730247640625 0.409001571875 0.3838345125 0.41981132031249996 0.3995577828125 0.425707546875 0.40938482656249997 0.425707546875 0.425108096875 0.41981132031249996 0.441814071875 0.4050707546875 0.4477102984375 0.3932783015625 0.448693003125 0.3765723265625 0.4477102984375 0.3637971703125 0.425108096875 0.3470911953125 0.41331564531250004 0.343160378125 0.3916961484375 0.3451257859375 0.3838345125 0.34905660312500003 0.3710593546875 0.3618317609375 0.36516312968750003 0.379520440625 0.36516312968750003 0.39131289375
1 0.42609080156249995 0.1220518875 0.420194575 0.13974056562499998 0.422159984375 0.14170597499999998 0.422159984375 0.15153301875 0.4349351421875 0.16823899375 0.448693003125 0.1761006296875 0.45458922968750004 0.1761006296875 0.45655463906250005 0.1780660375 0.48013954375 0.1780660375 0.4958628140625 0.17020440312500001 0.5125687890624999 0.15153301875 0.5145341984375 0.1456367921875 0.51355149375 0.126965409375 0.5106033812499999 0.12008647812499999 0.4958628140625 0.10731132031249999 0.48013954375 0.0994496859375 0.45852004687500003 0.0994496859375 0.438865959375 0.10927672968749999 0.42609080156249995 0.1220518875
1 0.3140625 0.3303852203125 0.31602790937499997 0.3343160375 0.32683765781249996 0.3451257859375 0.3366647015625 0.34905660312500003 0.3464917453125 0.34905660312500003 0.35631878906250003 0.3451257859375 0.36909394687499997 0.3323506296875 0.3710593546875 0.32645440312499996 0.37007665156249997 0.3038522015625 0.3661458328125 0.297955975 0.35042256250000003 0.2920597484375 0.33863010937500004 0.2920597484375 0.328803065625 0.29599056562500003 0.31602790937499997 0.312696540625 0.31602790937499997 0.3185927671875 0.3140625 0.32055817656249996 0.3140625 0.3303852203125
1 0.3170106125 0.43160377343749995 0.32683765781249996 0.435534590625 0.342560928125 0.4335691828125 0.3533706765625 0.42472484218749995 0.35730149375 0.4168632078125 0.359266903125 0.41096698125 0.3582841984375 0.396226415625 0.35435338125000004 0.3903301890625 0.342560928125 0.382468553125 0.32683765781249996 0.382468553125 0.32094143124999996 0.3844339625 0.3101316828125 0.3952437109375 0.3062008640625 0.4050707546875 0.3062008640625 0.412932390625 0.312097090625 0.42669025156249996 0.3170106125 0.43160377343749995
1 0.34747445 0.6094732703125 0.35435338125000004 0.6163522015625 0.37007665156249997 0.622248428125 0.381869103125 0.62028301875 0.3897307390625 0.6163522015625 0.3966096703125 0.6094732703125 0.4005404875 0.6016116359375 0.402505896875 0.595715409375 0.40152319218750004 0.577044025 0.395626965625 0.569182390625 0.3799036953125 0.5613207546875 0.3661458328125 0.5593553453125 0.35042256250000003 0.56721698125 0.345509040625 0.5740959125 0.3415782234375 0.58392295625 0.3415782234375 0.5976808171875 0.34747445 0.6094732703125
1 0.3229068390625 0.3706761 0.3248722484375 0.372641509375 0.34059551875 0.36871069218749997 0.3533706765625 0.35593553437500003 0.352387971875 0.3470911953125 0.3464917453125 0.34905660312500003 0.330768475 0.3470911953125 0.32683765781249996 0.3451257859375 0.3130797953125 0.329402515625 0.3111143875 0.329402515625 0.30423545625 0.33824685468750004 0.30423545625 0.35593553437500003 0.3062008640625 0.3598663515625 0.3170106125 0.3706761 0.3229068390625 0.3706761
1 0.330768475 0.45715408750000003 0.328803065625 0.4532232703125 0.3170106125 0.44732704375 0.3032527515625 0.44732704375 0.299321934375 0.449292453125 0.29047759375000004 0.46010220156250003 0.29047759375000004 0.4738600625 0.292443003125 0.47975628906249995 0.299321934375 0.48663522031250006 0.30718356875 0.4905660375 0.32094143124999996 0.48663522031250006 0.3317511796875 0.4738600625 0.330768475 0.45715408750000003
1 0.292443003125 0.47975628906249995 0.29047759375000004 0.462067609375 0.2944084125 0.454205975 0.2934257078125 0.449292453125 0.2816332546875 0.449292453125 0.2777024375 0.4512578609375 0.27082350625 0.46010220156250003 0.27278891562499996 0.4738600625 0.2835986640625 0.48270440312499996 0.292443003125 0.47975628906249995
1 0.2983392296875 0.6546776734375 0.2983392296875 0.6645047171875 0.3003046390625 0.668435534375 0.30718356875 0.67334905625 0.31504520468749997 0.675314465625 0.325854953125 0.6664701265625 0.3248722484375 0.655660378125 0.32094143124999996 0.6497641515625 0.309148978125 0.6458333328125 0.3003046390625 0.6507468546874999 0.2983392296875 0.6546776734375
1 0.335681996875 0.764740565625 0.342560928125 0.77358490625 0.35435338125000004 0.7775157234375001 0.36024960625 0.7755503140625 0.36516312968750003 0.7706367921874999 0.3671285375 0.766705975 0.3661458328125 0.75982704375 0.36024960625 0.751965409375 0.3464917453125 0.748034590625 0.335681996875 0.7568789312499999 0.335681996875 0.764740565625
0 0.328803065625 0.7106918234374999 0.32192413593749997 0.7195361640625 0.32388954375 0.7293632078125001 0.3346992921875 0.738207546875 0.3464917453125 0.7362421390625 0.3514052671875 0.7313286156250001 0.352387971875 0.7224842765624999 0.3514052671875 0.7175707546875 0.3464917453125 0.7126572328125 0.3366647015625 0.7087264156249999 0.328803065625 0.7106918234374999
0 0.2944084125 0.5210298734375 0.3032527515625 0.5298742140625 0.309148978125 0.5298742140625 0.3111143875 0.531839621875 0.32094143124999996 0.5298742140625 0.3317511796875 0.51709905625 0.330768475 0.50039308125 0.318976021875 0.4905660375 0.3032527515625 0.4905660375 0.292443003125 0.5033411953125 0.2944084125 0.5210298734375