2 0.2998046875 0.37109375 0.29296875 0.3779296875 0.2890625 0.3857421875 0.2890625 0.4033203125 0.291015625 0.4072265625 0.3017578125 0.416015625 0.3056640625 0.41796875 0.31640625 0.4169921875 0.3232421875 0.4140625 0.33203125 0.4052734375 0.3359375 0.3974609375 0.3359375 0.3837890625 0.3271484375 0.37109375 0.3193359375 0.3671875 0.3076171875 0.3671875 0.2998046875 0.37109375
2 0.3662109375 0.310546875 0.359375 0.3193359375 0.359375 0.3330078125 0.3681640625 0.341796875 0.376953125 0.3408203125 0.3818359375 0.33984375 0.388671875 0.3330078125 0.390625 0.3291015625 0.390625 0.3173828125 0.388671875 0.3134765625 0.3818359375 0.30859375 0.3701171875 0.30859375 0.3662109375 0.310546875
2 0.4912109375 0.28125 0.4892578125 0.279296875 0.4853515625 0.279296875 0.4833984375 0.27734375 0.4775390625 0.27734375 0.470703125 0.2841796875 0.470703125 0.2880859375 0.46875 0.2900390625 0.46875 0.2939453125 0.47265625 0.2978515625 0.47265625 0.2998046875 0.4775390625 0.3046875 0.4892578125 0.3046875 0.490234375 0.3037109375 0.498046875 0.2958984375 0.498046875 0.2900390625 0.5 0.2880859375 0.5 0.2861328125 0.498046875 0.2841796875 0.498046875 0.2822265625 0.4970703125 0.28125 0.4912109375 0.28125
2 0.4833984375 0.2734375 0.4814453125 0.2734375 0.48046875 0.2744140625 0.4833984375 0.27734375 0.4853515625 0.27734375 0.4873046875 0.279296875 0.4892578125 0.279296875 0.4912109375 0.28125 0.4951171875 0.28125 0.4970703125 0.283203125 0.498046875 0.2822265625 0.5 0.2802734375 0.498046875 0.2783203125 0.498046875 0.2763671875 0.4951171875 0.2734375 0.4931640625 0.2734375 0.4912109375 0.271484375 0.4853515625 0.271484375 0.4833984375 0.2734375
2 0.5068359375 0.30078125 0.521484375 0.2998046875 0.529296875 0.2919921875 0.529296875 0.2822265625 0.52734375 0.2783203125 0.5205078125 0.2734375 0.5087890625 0.2734375 0.5 0.2822265625 0.5 0.2919921875 0.5068359375 0.30078125
2 0.552734375 0.2841796875 0.5595703125 0.291015625 0.572265625 0.2900390625 0.5751953125 0.2890625 0.578125 0.2841796875 0.578125 0.2724609375 0.5712890625 0.265625 0.5595703125 0.265625 0.5556640625 0.267578125 0.55078125 0.2744140625 0.552734375 0.2841796875
2 0.703125 0.2880859375 0.708984375 0.2822265625 0.708984375 0.2744140625 0.6962890625 0.263671875 0.6884765625 0.265625 0.68359375 0.2724609375 0.685546875 0.2841796875 0.6904296875 0.2890625 0.703125 0.2880859375
2 0.8974609375 0.33984375 0.9013671875 0.341796875 0.908203125 0.3408203125 0.9140625 0.3310546875 0.912109375 0.3232421875 0.9052734375 0.314453125 0.8994140625 0.314453125 0.8974609375 0.3125 0.890625 0.3193359375 0.890625 0.3310546875 0.8974609375 0.33984375
2 0.8916015625 0.318359375 0.892578125 0.3173828125 0.8955078125 0.314453125 0.90625 0.3134765625 0.90625 0.3095703125 0.8994140625 0.302734375 0.8916015625 0.302734375 0.888671875 0.3056640625 0.888671875 0.3154296875 0.8916015625 0.318359375
1 0.888671875 0.3154296875 0.888671875 0.3056640625 0.892578125 0.2998046875 0.8896484375 0.296875 0.8818359375 0.296875 0.880859375 0.3056640625 0.8828125 0.3076171875 0.8828125 0.3134765625 0.888671875 0.3154296875
1 0.880859375 0.3154296875 0.880859375 0.2978515625 0.8779296875 0.294921875 0.8681640625 0.294921875 0.865234375 0.2978515625 0.865234375 0.3076171875 0.8671875 0.3115234375 0.8740234375 0.31640625 0.880859375 0.3154296875
1 0.8037109375 0.302734375 0.8125 0.3017578125 0.81640625 0.2978515625 0.818359375 0.2919921875 0.814453125 0.2822265625 0.8076171875 0.27734375 0.7978515625 0.279296875 0.794921875 0.2822265625 0.794921875 0.2958984375 0.8037109375 0.302734375
1 0.5849609375 0.2890625 0.59375 0.2880859375 0.6015625 0.2822265625 0.6015625 0.2705078125 0.5927734375 0.263671875 0.5810546875 0.263671875 0.576171875 0.2705078125 0.578125 0.2724609375 0.580078125 0.2841796875 0.5849609375 0.2890625
1 0.41796875 0.3037109375 0.41796875 0.3154296875 0.419921875 0.3193359375 0.4267578125 0.326171875 0.4306640625 0.328125 0.43359375 0.3271484375 0.4443359375 0.32421875 0.451171875 0.3154296875 0.453125 0.3056640625 0.44921875 0.2978515625 0.4423828125 0.29296875 0.4306640625 0.29296875 0.4208984375 0.298828125 0.41796875 0.3037109375
1 0.177734375 0.4384765625 0.20703125 0.4130859375 0.2001953125 0.404296875 0.1865234375 0.404296875 0.1826171875 0.40625 0.173828125 0.4169921875 0.171875 0.4345703125 0.1748046875 0.439453125 0.177734375 0.4384765625