1 0.7226267296875 0.6608664875 0.7246759093749999 0.652669765625 0.7205775484375 0.6485714046875 0.7246759093749999 0.646522225 0.7246759093749999 0.640374684375 0.7226267296875 0.6342271421875 0.7113562375 0.6229566515625 0.705208696875 0.6229566515625 0.703159515625 0.6209074703125 0.68471689375 0.6209074703125 0.6734464015625 0.63012878125 0.6713972218750001 0.6342271421875 0.6713972218750001 0.6424238640625 0.6754955812500001 0.6444730437499999 0.6713972218750001 0.6485714046875 0.6713972218750001 0.6547189453125 0.6867660734375 0.672136978125 0.68983984375 0.67316156875 0.705208696875 0.674186159375 0.7134054187500001 0.6700877984375 0.7226267296875 0.6608664875
2 0.5106557375 0.6501280734375 0.51270491875 0.6296362703125 0.5065573765625 0.61939036875 0.5014344265624999 0.6163165984375001 0.4870901640625 0.6163165984375001 0.482991803125 0.618365778125 0.4788934421875 0.61426741875 0.47274590156249996 0.61426741875 0.45942622968749997 0.6296362703125 0.45942622968749997 0.6460297125000001 0.46352459062499995 0.654226434375 0.470696721875 0.661398565625 0.47684426249999995 0.6634477453125001 0.4788934421875 0.661398565625 0.4819672125 0.6644723359375 0.49528688593750003 0.6654969265624999 0.5086065578125 0.654226434375 0.5106557375 0.6501280734375
1 0.08811948593749999 0.632749575 0.0922178453125 0.6286512140625 0.0942670265625 0.612257771875 0.0850457140625 0.6009872796875 0.0788981734375 0.6030364609375 0.077873584375 0.597913509375 0.07479981249999999 0.5948397390625 0.056357190625 0.5948397390625 0.039963746875 0.6030364609375 0.02869325625 0.614306953125 0.026644075 0.6286512140625 0.0307424359375 0.6388971156250001 0.047135878125 0.6511921984375 0.07070145312500001 0.6522167890625 0.0860703046875 0.6388971156250001 0.08811948593749999 0.632749575
2 0.5157786890625 0.6081198765625 0.5229508203125001 0.5948002046875 0.5229508203125001 0.584554303125 0.516803278125 0.572259221875 0.5014344265624999 0.5609887296875 0.491188525 0.5609887296875 0.4788934421875 0.565087090625 0.4676229515625 0.5784067625 0.4676229515625 0.584554303125 0.4655737703125 0.586603484375 0.46967213125 0.60504610625 0.48094262343749994 0.6122182375 0.485040984375 0.6101690578125 0.4881147546875 0.6152920078124999 0.4993852453125 0.6163165984375001 0.5075819671875 0.6101690578125 0.5157786890625 0.6081198765625
1 0.3059044984375 0.6455372015624999 0.3059044984375 0.6332421203124999 0.30385531875 0.6311929390625 0.3059044984375 0.629143759375 0.3059044984375 0.614799496875 0.29463400625 0.6055781859375 0.2782405640625 0.6035290046874999 0.276191384375 0.6055781859375 0.2700438421875 0.6055781859375 0.259797940625 0.6117257265625 0.254674990625 0.6188978578125 0.2505766296875 0.627094578125 0.252625809375 0.6332421203124999 0.2505766296875 0.6352913 0.2505766296875 0.641438840625 0.254674990625 0.6496355625 0.266970071875 0.6598814640625 0.2864372859375 0.6609060546875 0.2966831875 0.6547585125000001 0.3059044984375 0.6455372015624999
1 0.2950788015625 0.5898048296875 0.2950788015625 0.5734113875 0.2817591296875 0.558042534375 0.26331650624999997 0.5539441734375 0.251021425 0.558042534375 0.23975093281249998 0.5672638453125 0.2418001125 0.5693130265625 0.237701753125 0.57136220625 0.235652571875 0.5754605671874999 0.235652571875 0.5898048296875 0.24077552343750003 0.599026140625 0.24487388437500002 0.599026140625 0.24692306406250003 0.6031245015625 0.249996834375 0.6041490921875 0.2817591296875 0.6051736812499999 0.29302962187500003 0.5939031906250001 0.2950788015625 0.5898048296875
2 0.0834016390625 0.591726434375 0.0875 0.5896772546875 0.0967213109375 0.5784067625 0.0987704921875 0.5661116796875 0.09467213125 0.5620133203125001 0.0967213109375 0.557914959375 0.0875 0.548693646875 0.079303278125 0.5466444671875 0.07520491875 0.54254610625 0.0547131140625 0.54254610625 0.0424180328125 0.548693646875 0.0352459015625 0.555865778125 0.031147540624999998 0.5640625 0.031147540624999998 0.5784067625 0.041393442187500004 0.59070184375 0.0731557375 0.591726434375 0.0772540984375 0.5896772546875 0.0834016390625 0.591726434375
2 0.4993852453125 0.5609887296875 0.5065573765625 0.5538165984375001 0.5065573765625 0.5476690578125 0.5106557375 0.543570696875 0.51270491875 0.53742315625 0.5106557375 0.535373975 0.5106557375 0.529226434375 0.497336065625 0.51385758125 0.49323770468749994 0.51385758125 0.491188525 0.5118084015625 0.47684426249999995 0.5118084015625 0.46864754062499997 0.5159067625 0.45942622968749997 0.5271772546875 0.45737704843750004 0.5415215156250001 0.46147540937500003 0.5456198765625 0.46147540937500003 0.55176741875 0.470696721875 0.5609887296875 0.47581967187499996 0.5620133203125001 0.485040984375 0.563037909375 0.4870901640625 0.5609887296875 0.4993852453125 0.5609887296875
1 0.9307377046875001 0.6644723359375 0.9327868859375 0.6562756140625 0.9286885249999999 0.6439805328125 0.9112704921875 0.6286116796875 0.8928278687500001 0.6265625 0.886680328125 0.6286116796875 0.87336065625 0.6378329921875 0.8692622953125 0.6460297125000001 0.8713114750000001 0.66242315625 0.8846311468750001 0.6777920078124999 0.891803278125 0.680865778125 0.913319671875 0.68189036875 0.9286885249999999 0.668570696875 0.9307377046875001 0.6644723359375
2 0.7217213109375 0.613242828125 0.7217213109375 0.6070952875 0.725819671875 0.60504610625 0.727868853125 0.598898565625 0.727868853125 0.5886526640625 0.7217213109375 0.584554303125 0.7217213109375 0.5804559421875 0.7104508203125001 0.5712346312500001 0.704303278125 0.5691854515625 0.68586065625 0.5712346312500001 0.67663934375 0.5784067625 0.67663934375 0.5825051234374999 0.672540984375 0.584554303125 0.670491803125 0.59070184375 0.6745901640625 0.6091444671875 0.683811475 0.6163165984375001 0.6930327875 0.6173411890625 0.7145491796875 0.618365778125 0.7186475406249999 0.6163165984375001 0.7217213109375 0.613242828125
1 0.309836065625 0.5415215156250001 0.3180327875 0.535373975 0.31598360625 0.5210297125000001 0.3047131140625 0.5077100406249999 0.29446721249999996 0.5036116796875 0.27807377031249997 0.5056608609375 0.26782786875000003 0.5118084015625 0.2606557375 0.5210297125000001 0.25860655781249997 0.535373975 0.26270491875 0.5394723359375 0.2647540984375 0.5476690578125 0.2698770484375 0.5527920078124999 0.2770491796875 0.555865778125 0.3006147546875 0.55689036875 0.309836065625 0.5476690578125 0.309836065625 0.5415215156250001
3 0.896875 0.615625 0.08125 0.121875
3 0.6953125 0.615625 0.0796875 0.1265625
3 0.6953125 0.6171875 0.090625 0.1421875
3 0.4875 0.6078125 0.0828125 0.134375
3 0.2734375 0.603125 0.084375 0.1390625
3 0.0640625 0.590625 0.1078125 0.1421875