2 0.625 0.963662790625 0.625 0.9574335546875 0.613579734375 0.9439368765625 0.6073504984375 0.941860465625 0.5928156140625 0.941860465625 0.57828073125 0.9480897015625 0.566860465625 0.9595099671874999 0.564784053125 0.963662790625 0.565822259375 0.9709302328125 0.57412790625 0.9813122921874999 0.586586378125 0.985465115625 0.5948920265625001 0.985465115625 0.5969684390625 0.9833887046875001 0.603197675 0.9833887046875001 0.6177325578125 0.9750830562499999 0.625 0.963662790625
2 0.6706810625 0.9096760796875 0.659260796875 0.9003322265625 0.6426495015625 0.9003322265625 0.6301910296875 0.9065614625 0.625 0.9117524921875001 0.6208471765625 0.9200581390625 0.6218853828124999 0.92524916875 0.6229235875 0.9304401999999999 0.6281146171875001 0.9356312296875 0.638496678125 0.9397840531250001 0.6447259140625 0.9397840531250001 0.661337209375 0.9335548171875001 0.6706810625 0.9242109640624999 0.6727574749999999 0.913828903125 0.6706810625 0.9096760796875
2 0.6727574749999999 0.8515365453125 0.663413621875 0.844269103125 0.638496678125 0.844269103125 0.6301910296875 0.8484219265625 0.625 0.85568936875 0.6208471765625 0.8639950171875 0.6218853828124999 0.8733388703125 0.625 0.8806063125 0.6343438531250001 0.8878737546875 0.6509551499999999 0.8878737546875 0.6654900328125 0.8816445187499999 0.6706810625 0.8764534890625001 0.6748338875 0.868147840625 0.6748338875 0.85568936875 0.6727574749999999 0.8515365453125
2 0.7225913625 0.61274916875 0.7184385375 0.625207640625 0.71947674375 0.630398671875 0.72051495 0.6355897015624999 0.7298588046875001 0.6449335546875 0.7443936875 0.6449335546875 0.755813953125 0.6355897015624999 0.759966778125 0.625207640625 0.759966778125 0.6189784046875 0.7526993359375 0.6075581390625 0.7443936875 0.603405315625 0.736088040625 0.603405315625 0.7225913625 0.61274916875
2 0.7443936875 0.570182725 0.7506229234374999 0.5681063125 0.759966778125 0.5587624578125 0.7620431890625 0.552533221875 0.759966778125 0.5379983390625 0.7506229234374999 0.528654484375 0.74335548125 0.529692690625 0.7537375421875 0.5421511625 0.7537375421875 0.552533221875 0.7516611296875 0.5587624578125 0.74335548125 0.56914451875 0.7443936875 0.570182725
2 0.5564784046875 0.0687292359375 0.55440199375 0.072882059375 0.5554401999999999 0.0822259140625 0.5564784046875 0.08741694375 0.565822259375 0.096760796875 0.5845099671875 0.100913621875 0.5969684390625 0.096760796875 0.6042358796875 0.08949335625 0.6063122921875 0.0791112953125 0.5969684390625 0.0656146171875 0.5824335546875 0.0593853828125 0.5699750828125 0.0593853828125 0.5564784046875 0.0687292359375
2 0.586586378125 0.0427740859375 0.5699750828125 0.0427740859375 0.565822259375 0.044850498437500004 0.5585548171875 0.052117940625000005 0.5595930234375001 0.06146179375000001 0.5616694359375 0.06353820624999999 0.5699750828125 0.0593853828125 0.5845099671875 0.0593853828125 0.5969684390625 0.0676910296875 0.6011212625 0.0676910296875 0.6042358796875 0.0645764125 0.60215946875 0.0541943515625 0.5948920265625001 0.0469269109375 0.586586378125 0.0427740859375
2 0.567898671875 0.01370431875 0.57620431875 0.0178571421875 0.5834717609375 0.025124584374999998 0.5845099671875 0.036544850000000004 0.590739203125 0.036544850000000004 0.5959302328125 0.0313538203125 0.5959302328125 0.0209717609375 0.588662790625 0.01370431875 0.57828073125 0.0095514953125 0.5699750828125 0.0095514953125 0.566860465625 0.012666112500000002 0.567898671875 0.01370431875
0 0.551287375 0.0427740859375 0.567898671875 0.044850498437500004 0.5803571421875 0.040697675 0.5855481734375 0.0334302328125 0.5813953484375001 0.0209717609375 0.5637458468750001 0.01162790625 0.5575166109375 0.01370431875 0.55440199375 0.0168189375 0.5564784046875 0.0209717609375 0.5564784046875 0.0313538203125 0.55024916875 0.039659468749999996 0.551287375 0.0427740859375
0 0.639534884375 0.08741694375 0.637458471875 0.0832641203125 0.6281146171875001 0.075996678125 0.6218853828124999 0.075996678125 0.6198089703125 0.07392026562500001 0.6073504984375 0.075996678125 0.6063122921875 0.08534053124999999 0.60215946875 0.0915697671875 0.603197675 0.096760796875 0.6052740859375 0.100913621875 0.613579734375 0.1050664453125 0.6198089703125 0.1050664453125 0.6218853828124999 0.10714285781249999 0.6322674421875 0.1050664453125 0.639534884375 0.09779900312499999 0.639534884375 0.08741694375
0 0.42462624531250004 0.3542358796875 0.397632890625 0.3542358796875 0.374792359375 0.362541528125 0.35818106250000004 0.375 0.350913621875 0.388496678125 0.3446843859375 0.3947259140625 0.3426079734375 0.41133720937499996 0.34053156093750003 0.413413621875 0.3415697671875 0.4393687703125 0.3426079734375 0.44663621249999996 0.347799003125 0.4539036546875 0.35818106250000004 0.4559800671875 0.3768687703125 0.46428571406249997 0.3810215953125 0.4684385375 0.38517441875 0.4684385375 0.396594684375 0.4777823921875 0.40801495 0.49335548124999995 0.418397009375 0.49750830625000003 0.420473421875 0.49543189375 0.43500830625000003 0.49335548124999995 0.447466778125 0.48712624531250004 0.46303986718749995 0.47362956875 0.4754983390625 0.45494186093750005 0.4796511625 0.4424833890625 0.481727575 0.413413621875 0.4734219265625 0.388496678125 0.45992524843749993 0.3708471765625 0.447466778125 0.362541528125 0.43293189375 0.3563122921875 0.4267026578125 0.3563122921875 0.42462624531250004 0.3542358796875
0 0.69975083125 0.361503321875 0.6976744187499999 0.36565614687500003 0.698712625 0.375 0.7018272421875 0.3822674421875 0.7132475078125 0.3916112953125 0.7277823921875 0.3916112953125 0.731935215625 0.389534884375 0.7392026578124999 0.3801910296875 0.7392026578124999 0.36565614687500003 0.731935215625 0.3542358796875 0.7236295687500001 0.35008305625 0.7132475078125 0.35008305625 0.69975083125 0.361503321875
0 0.7526993359375 0.5992524921875 0.7568521593749999 0.5971760796875001 0.7661960140625 0.5857558140625 0.7661960140625 0.5712209296874999 0.7589285718750001 0.5618770765625001 0.7464701 0.570182725 0.731935215625 0.5722591359375 0.7288205984375 0.5753737546875 0.7298588046875001 0.5867940203125 0.7381644515625 0.5971760796875001 0.7526993359375 0.5992524921875
0 0.71947674375 0.480897009375 0.72051495 0.486088040625 0.7298588046875001 0.49335548124999995 0.7443936875 0.49543189375 0.7485465109375 0.49335548124999995 0.757890365625 0.48193521562499997 0.755813953125 0.4632475078125 0.7443936875 0.4539036546875 0.734011628125 0.4539036546875 0.72051495 0.4653239203125 0.7184385375 0.47155315625 0.71947674375 0.480897009375
0 0.7526993359375 0.601328903125 0.7443936875 0.601328903125 0.7443936875 0.603405315625 0.757890365625 0.6148255812500001 0.7568521593749999 0.63662790625 0.7641196015625 0.627284053125 0.7641196015625 0.61274916875 0.7620431890625 0.6085963453125001 0.7526993359375 0.601328903125
0 0.7392026578124999 0.5276162796875 0.7298588046875001 0.5161960140625 0.7215531562499999 0.5120431890625 0.7132475078125 0.5120431890625 0.7132475078125 0.5161960140625 0.7246677734375 0.5255398671875 0.7267441859375 0.531769103125 0.7267441859375 0.5504568109375 0.7246677734375 0.556686046875 0.72051495 0.5608388703125 0.7257059796875 0.5618770765625001 0.7371262453125 0.5504568109375 0.7392026578124999 0.5442275750000001 0.7392026578124999 0.5276162796875
0 0.7267441859375 0.5276162796875 0.7174003328125 0.5161960140625 0.7049418609375 0.5120431890625 0.6966362125 0.5120431890625 0.682101328125 0.5203488375 0.6727574749999999 0.531769103125 0.67379568125 0.5514950171875 0.6769102984375001 0.5587624578125 0.6883305640625 0.5681063125 0.6924833890625 0.570182725 0.709094684375 0.570182725 0.71947674375 0.5639534890625 0.7267441859375 0.554609634375 0.7288205984375 0.5483803984375 0.7267441859375 0.5276162796875
1 0.33534053125 0.45805647812499994 0.327034884375 0.45805647812499994 0.3083471765625 0.46428571406249997 0.2917358796875 0.4746677734375 0.27616279062500004 0.49024086406249995 0.26578073125 0.5089285718750001 0.26578073125 0.5151578078125 0.2595514953125 0.5276162796875 0.2595514953125 0.5379983390625 0.26162790625 0.5400747515625001 0.2595514953125 0.5442275750000001 0.2605897015625 0.5494186046875 0.26370431875 0.56914451875 0.2720099671875 0.5857558140625 0.2938122921875 0.6096345515625 0.30211794062499997 0.6158637875 0.32080564843750004 0.6241694359375 0.35402823906249997 0.6262458468750001 0.3810215953125 0.6179401999999999 0.40697674375000004 0.5940614625 0.42151162812500004 0.5629152828125 0.423588040625 0.533845515625 0.42151162812500004 0.531769103125 0.41943521562499997 0.5151578078125 0.41320597968749995 0.5068521593749999 0.41112956875 0.4985465109375 0.38725083125 0.47259136249999995 0.3789451828125 0.46636212656250003 0.3644102984375 0.460132890625 0.347799003125 0.45805647812499994 0.345722590625 0.4559800671875 0.33949335625 0.45805647812499994 0.33741694375 0.4559800671875 0.33534053125 0.45805647812499994
1 0.4152823921875 0.577450165625 0.41112956875 0.5899086375 0.4049003328125 0.5961378734375 0.4059385375 0.601328903125 0.42462624531250004 0.6158637875 0.4495431890625 0.6262458468750001 0.468230896875 0.6262458468750001 0.470307309375 0.6241694359375 0.4765365453125 0.6241694359375 0.5014534890625 0.6117109640625 0.514950165625 0.5961378734375 0.5253322265625 0.56914451875 0.5253322265625 0.5442275750000001 0.5128737546875 0.5151578078125 0.493147840625 0.49750830625000003 0.470307309375 0.4892026578125 0.447466778125 0.4892026578125 0.443313953125 0.49335548124999995 0.43916112968750004 0.49335548124999995 0.420473421875 0.5037375421875 0.41943521562499997 0.5151578078125 0.423588040625 0.5276162796875 0.423588040625 0.556686046875 0.42151162812500004 0.5587624578125 0.41943521562499997 0.5732973421875001 0.4152823921875 0.577450165625
1 0.47757475156250007 0.45078903593749997 0.469269103125 0.4674003328125 0.46303986718749995 0.47362956875 0.4620016609375 0.482973421875 0.47446013281250005 0.48712624531250004 0.5035299 0.5037375421875 0.5201411953124999 0.5016611296875 0.542981728125 0.4892026578125 0.55440199375 0.47570597968749995 0.562707640625 0.457018271875 0.562707640625 0.43417774062500003 0.5481727578125 0.40303156093750003 0.5346760796875001 0.3916112953125 0.5222176078125 0.38538205937500003 0.513911959375 0.38538205937500003 0.5118355484375 0.38330564843750004 0.48899501718750005 0.38330564843750004 0.4869186046875 0.38538205937500003 0.48068936874999996 0.38538205937500003 0.4754983390625 0.3905730890625 0.4754983390625 0.3947259140625 0.48380398593749996 0.41964285781250005 0.481727575 0.42379568125 0.481727575 0.43417774062500003 0.4796511625 0.436254153125 0.47757475156250007 0.45078903593749997
1 0.540905315625 0.6906146171875001 0.567898671875 0.6906146171875001 0.5824335546875 0.6843853828124999 0.60008305625 0.6688122921875 0.60215946875 0.66258305625 0.6063122921875 0.6584302328125 0.6063122921875 0.652200996875 0.6083887046875 0.650124584375 0.6083887046875 0.6231312296875 0.5959302328125 0.6002906984374999 0.5845099671875 0.5909468437500001 0.57412790625 0.5867940203125 0.5492109640625 0.5847176078125 0.5284468437500001 0.59302325625 0.5024916937499999 0.6189784046875 0.5004152828125 0.625207640625 0.5014534890625 0.6428571421875 0.50664451875 0.66258305625 0.5263704312499999 0.6843853828124999 0.540905315625 0.6906146171875001
1 0.5170265781250001 0.745639534375 0.5170265781250001 0.7518687703125 0.514950165625 0.7539451828125 0.515988371875 0.773671096875 0.519102990625 0.78301495 0.5325996671875 0.796511628125 0.5450581390625 0.8027408640625 0.5533637875 0.8027408640625 0.5554401999999999 0.8048172750000001 0.5803571421875 0.8027408640625 0.5948920265625001 0.794435215625 0.60215946875 0.7871677734375 0.610465115625 0.7705564781249999 0.610465115625 0.7601744187499999 0.612541528125 0.7560215953125 0.610465115625 0.7539451828125 0.6083887046875 0.7373338875 0.6042358796875 0.7311046515624999 0.5928156140625 0.721760796875 0.57828073125 0.7155315609375 0.5533637875 0.7155315609375 0.5471345515625 0.7176079734374999 0.5325996671875 0.725913621875 0.5211794015625 0.7373338875 0.5211794015625 0.7414867109375 0.5170265781250001 0.745639534375
1 0.6914451828125 0.6210548171875 0.6914451828125 0.6044435218750001 0.687292359375 0.5940614625 0.67171926875 0.580564784375 0.6686046515624999 0.6044435218750001 0.658222590625 0.6189784046875 0.646802325 0.628322259375 0.62603820625 0.6324750828125 0.62603820625 0.6345514953125 0.6343438531250001 0.6449335546875 0.646802325 0.651162790625 0.661337209375 0.651162790625 0.67171926875 0.6470099671875 0.6810631234375 0.6397425250000001 0.687292359375 0.6314368765625 0.6914451828125 0.6210548171875
1 0.6343438531250001 0.6324750828125 0.6488787375 0.6262458468750001 0.6665282390625 0.6085963453125001 0.6706810625 0.5982142859375 0.6706810625 0.581602990625 0.6644518265625 0.56706810625 0.6509551499999999 0.5535714281249999 0.638496678125 0.5473421921875 0.62396179375 0.5473421921875 0.6073504984375 0.5535714281249999 0.5938538203125 0.56706810625 0.587624584375 0.581602990625 0.588662790625 0.59302325625 0.60215946875 0.6085963453125001 0.6083887046875 0.6231312296875 0.613579734375 0.628322259375 0.62396179375 0.6324750828125 0.6343438531250001 0.6324750828125
1 0.7174003328125 0.5681063125 0.7257059796875 0.5722591359375 0.7381644515625 0.5722591359375 0.7495847171875 0.5629152828125 0.7537375421875 0.554609634375 0.7537375421875 0.5400747515625001 0.7443936875 0.528654484375 0.7392026578124999 0.529692690625 0.7371262453125 0.5483803984375 0.7236295687500001 0.5618770765625001 0.7174003328125 0.5639534890625 0.7174003328125 0.5681063125
1 0.5710132890625 0.2867524921875 0.5772425250000001 0.2701411953125 0.5772425250000001 0.2597591359375 0.5710132890625 0.24107142812500001 0.5595930234375001 0.2275747515625 0.5367524921875 0.217192690625 0.513911959375 0.217192690625 0.493147840625 0.2275747515625 0.481727575 0.2389950171875 0.4754983390625 0.257682725 0.4765365453125 0.27117940156250003 0.48380398593749996 0.288828903125 0.49522425312499996 0.30024916875 0.518064784375 0.3106312296875 0.5346760796875001 0.3106312296875 0.5554401999999999 0.30232558125 0.5710132890625 0.2867524921875
1 0.47861295625 0.2296511625 0.4973006640625 0.2234219265625 0.5128737546875 0.2099252484375 0.5211794015625 0.195390365625 0.5232558140625 0.172549834375 0.514950165625 0.1559385375 0.5035299 0.144518271875 0.491071428125 0.1382890359375 0.48276578125 0.1382890359375 0.48068936874999996 0.136212625 0.45992524843749993 0.136212625 0.43708471718749997 0.146594684375 0.4256644515625 0.15801495000000002 0.41943521562499997 0.172549834375 0.420473421875 0.192275746875 0.42151162812500004 0.1995431890625 0.43708471718749997 0.21926910312499998 0.45369601406250004 0.2275747515625 0.47861295625 0.2296511625
1 0.2595514953125 0.12271594687500001 0.2491694359375 0.13932724218749998 0.2491694359375 0.145556478125 0.2450166109375 0.1538621265625 0.24605481718750002 0.171511628125 0.255398671875 0.1912375421875 0.27097176093750003 0.20473421875 0.2834302328125 0.20888704374999997 0.300041528125 0.20888704374999997 0.30211794062499997 0.21096345468750002 0.3291112953125 0.20681063125 0.349875415625 0.196428571875 0.3675249171875 0.1787790703125 0.37583056406250004 0.1663205984375 0.3779069765625 0.1600913625 0.3779069765625 0.1310215953125 0.371677740625 0.1164867109375 0.35610465156250004 0.100913621875 0.347799003125 0.096760796875 0.327034884375 0.0946843859375 0.324958471875 0.0926079734375 0.3187292359375 0.0946843859375 0.30419435156249996 0.0946843859375 0.2917358796875 0.098837209375 0.28758305625 0.10299003281250001 0.2730481734375 0.10921926875000001 0.2595514953125 0.12271594687500001
1 0.5194616421875 0 0.5201411953124999 0.0074750828125000005 0.5222176078125 0.005398671875 0.5284468437500001 0.005398671875 0.53052325625 0.0074750828125000005 0.538828903125 0.0074750828125000005 0.5492109640625 0.01370431875 0.5554401999999999 0.01370431875 0.562707640625 0.0085132890625 0.562707640625 0 0.5194616421875 0
1 0.538828903125 0.0074750828125000005 0.5222176078125 0.005398671875 0.5118355484375 0.0095514953125 0.5024916937499999 0.0188953484375 0.5035299 0.032392026562499995 0.50456810625 0.03550664375 0.515988371875 0.044850498437500004 0.5346760796875001 0.0469269109375 0.5471345515625 0.0427740859375 0.55440199375 0.03550664375 0.5564784046875 0.0313538203125 0.5564784046875 0.0209717609375 0.5471345515625 0.01162790625 0.538828903125 0.0074750828125000005
1 0.5990448500000001 0.044850498437500004 0.5959302328125 0.047965115625 0.5969684390625 0.049003321875 0.60215946875 0.0541943515625 0.6042358796875 0.0604235875 0.60215946875 0.0666528234375 0.603197675 0.07392026562500001 0.6156561468749999 0.07392026562500001 0.6229235875 0.0666528234375 0.6229235875 0.0604235875 0.6177325578125 0.051079734375 0.603197675 0.044850498437500004 0.5990448500000001 0.044850498437500004