2 0.546394884375 0.5977522875 0.540535509375 0.5977522875 0.533463153125 0.5963124203125 0.5272564515625 0.59609354375 0.519051134375 0.5997054125 0.5145722265625 0.603751653125 0.5100178796875 0.6139781234374999 0.5092948921875 0.625679109375 0.510262071875 0.631931975 0.512215196875 0.635838225 0.524910509375 0.6465804125 0.537605821875 0.64560385 0.540535509375 0.6426741625 0.542488634375 0.6446272875 0.548348009375 0.6426741625 0.555183946875 0.635838225 0.558148884375 0.629148975 0.5572213671874999 0.6143645890625 0.5558491171875 0.6113061609375 0.546394884375 0.5977522875
1 0.92002444375 0.584468809375 0.91646275625 0.58544246875 0.90767369375 0.59618465625 0.90962681875 0.61180965625 0.91353306875 0.61571590625 0.91548619375 0.62157528125 0.93013463125 0.63427059375 0.95259556875 0.63329403125 0.96822056875 0.62157528125 0.97212681875 0.61180965625 0.97017369375 0.59813778125 0.95943150625 0.58739559375 0.94380650625 0.57958309375 0.92622838125 0.57958309375 0.92329869375 0.58251278125 0.92002444375 0.584468809375
1 0.7431860125 0.5905444171875 0.7373266375 0.5905444171875 0.7353735125 0.5885912921875 0.7197485125 0.5905444171875 0.709006325 0.5993334796875 0.709006325 0.6130053546875 0.71095945 0.6149584796875 0.709006325 0.6169116046875 0.709006325 0.6286303546875 0.7177953875 0.6374194171875 0.7275610125 0.6432787921875 0.7461157 0.6423022296875 0.75783445 0.6325366046875 0.7617407 0.6247241046875 0.7617407 0.6188647296875 0.759787575 0.6169116046875 0.7617407 0.6110522296875 0.75783445 0.6032397296875 0.7529516375 0.5964037921875 0.7431860125 0.5905444171875
1 0.32449935625 0.6052192359374999 0.31813227187500004 0.6115647953125001 0.31430646875 0.618258521875 0.3127736484375 0.621666 0.3128340046875 0.62857929375 0.312892278125 0.6389604234374999 0.31797201875000003 0.6457228296874999 0.3228597640625 0.650422746875 0.3300665125 0.6528556937500001 0.3366055625 0.6536250031249999 0.3472962125 0.6512337640625 0.3563523296875 0.6454855703125 0.3606762015625 0.6372387140625 0.3624017765625 0.62181066875 0.36063216875 0.6140082984374999 0.34793685625 0.6052192359374999 0.34207748125 0.6032661109374999 0.32449935625 0.6052192359374999
1 0.348607215625 0.5752059187499999 0.3483075046875 0.574046053125 0.347726946875 0.571754640625 0.3406410953125 0.5630591421875 0.333010990625 0.557460078125 0.322587078125 0.5559735124999999 0.3160447796875 0.5569518171875 0.31193282031249997 0.559349603125 0.3028522421875 0.565624196875 0.2976094953125 0.5745874109375 0.2975118359375 0.5790000578125001 0.297739278125 0.5848291890625 0.298119634375 0.5914083234375 0.30117019375 0.5961083796875 0.30487609843749996 0.5989212171875 0.3082354828125 0.601490334375 0.315838325 0.6063493 0.319339115625 0.606288203125 0.330081303125 0.605311640625 0.33607773281250003 0.604283896875 0.345706303125 0.595546015625 0.345706303125 0.593592890625 0.34615318125 0.5930609578125 0.346682865625 0.590663203125 0.34915933125 0.583981953125 0.3487755484375 0.5813819953125 0.348607215625 0.5752059187499999
2 0.531985065625 0.5474867640625 0.5236755765625001 0.550036321875 0.513430378125 0.5621352015625 0.51107755 0.5670006140625 0.5105314937500001 0.57554568125 0.5132299234375 0.58460020625 0.518610965625 0.5903019390625001 0.5307891421875001 0.598193321875 0.5441705296875 0.597913503125 0.551950859375 0.592007178125 0.559003921875 0.584547821875 0.562912259375 0.5733338734375 0.5618709109375 0.5640387437500001 0.555422565625 0.5533461390625 0.541750690625 0.5474867640625 0.531985065625 0.5474867640625
2 0.5527923578125 0.5283465578125 0.5521207687499999 0.514839884375 0.550277303125 0.51123046875 0.5402215578125 0.5011488843749999 0.5361907953125 0.5000262453125 0.5337099203125 0.4996960453125 0.5228041578125 0.49927998906250004 0.5205657953125 0.5000262453125 0.5165873203125 0.5011710609375 0.5129105625 0.5033681234375 0.5044545484375 0.5150671390625 0.503488565625 0.5212235515625 0.5041283703125 0.532436371875 0.5078704828125 0.5381121828125 0.509550040625 0.5419536296875 0.5173028375000001 0.547154825 0.5225189203125 0.5488543703125 0.5254486078125 0.5478778078125 0.5322845453125 0.5469012453125 0.5331514484375 0.546591390625 0.533881021875 0.5465177406249999 0.5384179687499999 0.5450445562499999 0.5420501703125 0.5449481203125 0.5488861078125 0.5381121828125 0.550664265625 0.534117634375 0.5527923578125 0.5283465578125
3 0.1421875 0.6078125 0.0875 0.125
3 0.3359375 0.5890625 0.08125 0.1109375
3 0.53125 0.5890625 0.0859375 0.1296875
3 0.740625 0.578125 0.090625 0.1296875
3 0.9375 0.571875 0.096875 0.115625