1 0.4890625 0.5203125 0.04375 0.0421875
1 0.4703125 0.475 0.04375 0.0390625
1 0.6609375 0.5109375 0.0453125 0.0421875
1 0.6734375 0.465625 0.0453125 0.040625
2 0.2828125 0.528125 0.0515625 0.04375
2 0.29375 0.4828125 0.046875 0.0390625
2 0.8359375 0.5046875 0.05 0.0359375
2 0.8421875 0.4609375 0.053125 0.0421875
2 0.8583860765625 0.43295095000000006 0.8583860765625 0.4270174046875 0.8613528484374999 0.4240506328125 0.86629746875 0.42306170937500004 0.86629746875 0.4191060125 0.8682753171875 0.4171281640625 0.8682753171875 0.41317246875 0.86629746875 0.4111946203125 0.86629746875 0.40723892343749996 0.8643196203124999 0.40526107656250004 0.8643196203124999 0.403283228125 0.859375 0.3983386078125 0.85344145625 0.396360759375 0.8514636078125 0.3943829109375 0.8356408234374999 0.3943829109375 0.833662975 0.396360759375 0.829707278125 0.396360759375 0.8257515828124999 0.40031645625 0.823773734375 0.40031645625 0.822784809375 0.403283228125 0.816851265625 0.409216771875 0.816851265625 0.42503955624999995 0.8208069625000001 0.4270174046875 0.8188291140624999 0.428995253125 0.8188291140624999 0.4309731015625 0.8247626578125 0.4369066453125 0.8257515828124999 0.43789557031250004 0.85344145625 0.43789557031250004 0.8583860765625 0.43295095000000006
1 0.5003955703125 0.44679588593749997 0.5023734171875 0.442840190625 0.5023734171875 0.4369066453125 0.5073180374999999 0.435917721875 0.510284809375 0.43295095000000006 0.510284809375 0.42306170937500004 0.5083069625000001 0.4210838609375 0.5083069625000001 0.4171281640625 0.49742879687499997 0.40625 0.4934731015625 0.40427215156249996 0.47567246875 0.40427215156249996 0.471716771875 0.40625 0.46281645625 0.41515031718750006 0.4608386078125 0.4191060125 0.4608386078125 0.42503955624999995 0.458860759375 0.4270174046875 0.458860759375 0.4309731015625 0.4638053796875 0.435917721875 0.46677215156249996 0.4369066453125 0.464794303125 0.44086234218750003 0.464794303125 0.4448180375 0.4736946203125 0.45174050625 0.478639240625 0.45272942968749996 0.4796281640625 0.4537183546875 0.491495253125 0.4537183546875 0.5003955703125 0.44679588593749997
1 0.2986550640625 0.45075158281250005 0.2986550640625 0.442840190625 0.3006329109375 0.44086234218750003 0.3006329109375 0.4309731015625 0.296677215625 0.42306170937500004 0.289754746875 0.416139240625 0.2818433546875 0.41218354375 0.2778876578125 0.41218354375 0.275909809375 0.410205696875 0.27195411406250003 0.41218354375 0.264042721875 0.41218354375 0.25613132968749996 0.416139240625 0.2492088609375 0.42306170937500004 0.24723101249999999 0.4270174046875 0.24723101249999999 0.442840190625 0.25316455625 0.44679588593749997 0.251186709375 0.45075158281250005 0.2581091765625 0.45767404999999994 0.2620648734375 0.45569620312500003 0.2660205703125 0.461629746875 0.2689873421875 0.4626186703125 0.2818433546875 0.4636075953125 0.289754746875 0.4596518984375 0.2986550640625 0.45075158281250005
3 0.834375 0.4828125 0.0859375 0.1234375
3 0.665625 0.48125 0.0625 0.121875
3 0.4796875 0.4890625 0.0859375 0.128125
3 0.2859375 0.4984375 0.0921875 0.1265625
3 0.0875 0.503125 0.096875 0.125