1 0.651898734375 0.192840190625 0.6499208859375 0.184928796875 0.6410205703125 0.17800632968750002 0.6311313296875001 0.17800632968750002 0.6271756328125 0.17998417656250001 0.6222310125 0.1869066453125 0.6232199359374999 0.1898734171875 0.626186709375 0.1967958859375 0.635087025 0.20174050625 0.644976265625 0.20174050625 0.651898734375 0.192840190625
1 0.6627768984375 0.20174050625 0.66871044375 0.211629746875 0.6756329109375 0.21064082343749999 0.6756329109375 0.2007515828125 0.6726661390625 0.197784809375 0.6627768984375 0.19580696250000001 0.6627768984375 0.20174050625
1 0.6785996828124999 0.24723101249999999 0.6667325953125001 0.2492088609375 0.661787975 0.25613132968749996 0.6627768984375 0.257120253125 0.6637658234375 0.2620648734375 0.6766218359375 0.270965190625 0.6825553796875 0.2689873421875 0.6875 0.264042721875 0.6875 0.25613132968749996 0.6785996828124999 0.24723101249999999
1 0.6845332281250001 0.276898734375 0.6756329109375 0.2818433546875 0.6736550640625001 0.28579905 0.6746439875 0.2946993671875 0.6825553796875 0.3006329109375 0.6904667718749999 0.3006329109375 0.6972740453124999 0.29327636562500004 0.6969278859375 0.285404825 0.6920816078125 0.28090679218750003 0.6845332281250001 0.276898734375
1 0.6904667718749999 0.302610759375 0.6924446203125 0.3045886078125 0.70628955625 0.30656645625 0.7112341765625 0.2976661390625 0.70628955625 0.29074367031250004 0.7023338609375 0.29074367031250004 0.6983781640625 0.29272151874999996 0.6894778484375 0.30162183593749997 0.6904667718749999 0.302610759375
1 0.7092563296875001 0.315466771875 0.704311709375 0.30656645625 0.6924446203125 0.3045886078125 0.6855221515625 0.3115110765625 0.6865110765625 0.3204113921875 0.6904667718749999 0.3243670890625 0.70628955625 0.3243670890625 0.7092563296875001 0.315466771875
1 0.70628955625 0.387658228125 0.710245253125 0.3916139234375 0.72013449375 0.3916139234375 0.7270569625000001 0.38469145625 0.7250791140625 0.3728243671875 0.716178796875 0.367879746875 0.7082674046874999 0.3698575953125 0.7053006328125 0.374802215625 0.70628955625 0.387658228125
1 0.724090190625 0.4410601265625 0.7280458859375 0.439082278125 0.7310126578125 0.43413765781249997 0.7310126578125 0.42424841718749995 0.729034809375 0.420292721875 0.7260680374999999 0.41732595000000006 0.72013449375 0.41732595000000006 0.7122231015625 0.42523734218750003 0.7082674046874999 0.42523734218750003 0.7082674046874999 0.43512658281250005 0.7142009500000001 0.4410601265625 0.724090190625 0.4410601265625
1 0.724090190625 0.44303797500000003 0.717167721875 0.4479825953125 0.7151898734375 0.45193829062499996 0.716178796875 0.458860759375 0.7221123421875 0.46677215156249996 0.730023734375 0.46875 0.7389240499999999 0.45984968281249994 0.7389240499999999 0.45193829062499996 0.7339794296875 0.4450158234375 0.724090190625 0.44303797500000003
1 0.7448575953125001 0.5864319625000001 0.7448575953125001 0.5745648734375 0.742879746875 0.5706091765625 0.739912975 0.5676424046874999 0.7280458859375 0.5676424046874999 0.7211234171875 0.5745648734375 0.7221123421875 0.5874208859375 0.7280458859375 0.5933544296875 0.7379351265625 0.5933544296875 0.7418908234375 0.5913765828125 0.7448575953125001 0.5864319625000001
1 0.7260680374999999 0.654667721875 0.7142009500000001 0.654667721875 0.7092563296875001 0.6596123421875 0.710245253125 0.660601265625 0.72013449375 0.6625791140625 0.7270569625000001 0.6695015828125 0.730023734375 0.6784018984375 0.7349683546875 0.673457278125 0.7349683546875 0.6655458859375 0.7260680374999999 0.654667721875
1 0.704311709375 0.791139240625 0.7122231015625 0.7852056968750001 0.7151898734375 0.7802610765625 0.7151898734375 0.7703718359375 0.713212025 0.7664161390625 0.70628955625 0.76147151875 0.6964003171875001 0.76147151875 0.6924446203125 0.7634493671875 0.6835443031249999 0.7723496828124999 0.6845332281250001 0.7852056968750001 0.6904667718749999 0.791139240625 0.704311709375 0.791139240625
1 0.7250791140625 0.7782832281250001 0.7250791140625 0.7703718359375 0.7181566453125 0.7634493671875 0.7122231015625 0.7634493671875 0.710245253125 0.76147151875 0.7092563296875001 0.764438290625 0.7151898734375 0.7703718359375 0.7151898734375 0.7802610765625 0.70727848125 0.78817246875 0.7082674046874999 0.791139240625 0.7142009500000001 0.791139240625 0.7250791140625 0.7782832281250001
1 0.7270569625000001 0.77432753125 0.7310126578125 0.7664161390625 0.7310126578125 0.76246044375 0.7221123421875 0.7535601265625 0.7122231015625 0.7535601265625 0.70727848125 0.758504746875 0.7082674046874999 0.76147151875 0.7181566453125 0.7634493671875 0.7191455703125 0.7683939875 0.724090190625 0.77531645625 0.7270569625000001 0.77432753125
1 0.7280458859375 0.7278481015625 0.7181566453125 0.7377373421875 0.710245253125 0.7377373421875 0.710245253125 0.7496044296875 0.7181566453125 0.7535601265625 0.730023734375 0.7496044296875 0.7349683546875 0.744659809375 0.7349683546875 0.7347705703125 0.73299050625 0.7308148734375 0.7280458859375 0.7278481015625
1 0.7280458859375 0.7278481015625 0.735957278125 0.73575949375 0.7409018984375 0.728837025 0.7389240499999999 0.718947784375 0.7320015828125 0.7140031640625 0.7270569625000001 0.7149920890625 0.7280458859375 0.7278481015625
2 0.66871044375 0.22349683593749997 0.6568433546875 0.22349683593749997 0.651898734375 0.22844145624999998 0.6528876578125 0.2393196203125 0.6607990499999999 0.24525316406250003 0.670688290625 0.24525316406250003 0.6756329109375 0.24030854375000002 0.677610759375 0.234375 0.6726661390625 0.2254746828125 0.66871044375 0.22349683593749997
2 0.6113528484375 0.1424050640625 0.599485759375 0.1424050640625 0.592563290625 0.14932753125 0.593552215625 0.15822784843749998 0.5975079109375 0.1641613921875 0.6073971515625 0.1681170890625 0.6133306968750001 0.1681170890625 0.6222310125 0.1611946203125 0.6222310125 0.1513053796875 0.6113528484375 0.1424050640625
2 0.7122231015625 0.328322784375 0.70727848125 0.329311709375 0.7112341765625 0.341178796875 0.7053006328125 0.3471123421875 0.70628955625 0.348101265625 0.7122231015625 0.348101265625 0.7191455703125 0.3372231015625 0.7122231015625 0.328322784375
2 0.7092563296875001 0.341178796875 0.713212025 0.335245253125 0.713212025 0.33128955625 0.70628955625 0.3243670890625 0.69442246875 0.3243670890625 0.6894778484375 0.329311709375 0.6904667718749999 0.3401898734375 0.7003560125 0.348101265625 0.7082674046874999 0.348101265625 0.7112341765625 0.34513449375 0.7092563296875001 0.341178796875
2 0.7191455703125 0.4183148734375 0.7211234171875 0.4084256328125 0.7122231015625 0.39754746875 0.7003560125 0.39754746875 0.69343354375 0.40446993593749997 0.6914556968750001 0.4084256328125 0.6924446203125 0.413370253125 0.69343354375 0.4183148734375 0.7023338609375 0.42523734218750003 0.7122231015625 0.42523734218750003 0.7191455703125 0.4183148734375
2 0.7122231015625 0.39754746875 0.7191455703125 0.40446993593749997 0.7221123421875 0.4153481015625 0.7310126578125 0.4084256328125 0.7310126578125 0.400514240625 0.724090190625 0.393591771875 0.716178796875 0.3916139234375 0.7112341765625 0.39458069687499997 0.7122231015625 0.39754746875
2 0.6785996828124999 0.53995253125 0.6904667718749999 0.5498417718749999 0.7023338609375 0.5498417718749999 0.713212025 0.54094145625 0.7151898734375 0.5350079109375 0.713212025 0.5231408234375 0.7082674046874999 0.5162183546875 0.7003560125 0.5122626578125 0.6924446203125 0.5122626578125 0.6845332281250001 0.5162183546875 0.6795886078125 0.5231408234375 0.677610759375 0.52709651875 0.6785996828124999 0.53995253125
2 0.739912975 0.6111550640625001 0.7280458859375 0.6111550640625001 0.7211234171875 0.61807753125 0.72013449375 0.6269778484375 0.7211234171875 0.63192246875 0.724090190625 0.634889240625 0.735957278125 0.6368670890625 0.7448575953125001 0.6299446203125 0.7448575953125001 0.6160996828124999 0.739912975 0.6111550640625001
2 0.716178796875 0.660601265625 0.70628955625 0.6625791140625 0.697389240625 0.6754351265625 0.6983781640625 0.686313290625 0.710245253125 0.6942246828124999 0.72013449375 0.6922468359375 0.729034809375 0.6813686703124999 0.729034809375 0.673457278125 0.7250791140625 0.6655458859375 0.716178796875 0.660601265625
2 0.7181566453125 0.7080696203125 0.70628955625 0.71004746875 0.697389240625 0.718947784375 0.6983781640625 0.731803796875 0.70628955625 0.7377373421875 0.7181566453125 0.7377373421875 0.7270569625000001 0.728837025 0.729034809375 0.72290348125 0.7270569625000001 0.7149920890625 0.7181566453125 0.7080696203125
2 0.7349683546875 0.758504746875 0.7349683546875 0.74861550625 0.730023734375 0.7476265828125 0.7260680374999999 0.751582278125 0.7221123421875 0.751582278125 0.7191455703125 0.7545490499999999 0.72013449375 0.755537975 0.724090190625 0.755537975 0.729034809375 0.76246044375 0.7320015828125 0.7634493671875 0.7349683546875 0.758504746875