1 0.30119047656250003 0.34424603125000003 0.291269840625 0.362103175 0.291269840625 0.36805555624999997 0.2873015875 0.377976190625 0.2882936515625 0.396825396875 0.291269840625 0.4136904765625 0.29722222187499997 0.42559523749999995 0.303174603125 0.43353174531249994 0.32202380937499997 0.450396825 0.3359126984375 0.45634920625 0.3478174609375 0.45634920625 0.3498015875 0.4583333328125 0.3755952375 0.45634920625 0.3994047625 0.44444444375 0.4202380953125 0.421626984375 0.43015872968749996 0.3978174609375 0.43015872968749996 0.36805555624999997 0.42420634843749994 0.35615079375 0.42420634843749994 0.3521825390625 0.41626984062499994 0.34027777812500004 0.3954365078125 0.3234126984375 0.3835317453125 0.3174603171875 0.3755952375 0.3174603171875 0.3736111109375 0.315476190625 0.3418650796875 0.3174603171875 0.3200396828125 0.327380953125 0.31805555625 0.33134920625 0.312103175 0.3333333328125 0.30119047656250003 0.34424603125000003
1 0.30416666718749996 0.196428571875 0.29623015937499997 0.196428571875 0.290277778125 0.20039682499999997 0.284325396875 0.20039682499999997 0.26845238125000004 0.20833333281250002 0.249603175 0.2251984125 0.233730159375 0.25099206406249996 0.23174603125 0.2668650796875 0.2297619046875 0.26884920625 0.23075396874999998 0.2738095234375 0.23571428593750002 0.2986111109375 0.2416666671875 0.3085317453125 0.2505952375 0.3174603171875 0.2664682546875 0.325396825 0.272420634375 0.325396825 0.2823412703125 0.3293650796875 0.310119046875 0.3293650796875 0.33789682499999996 0.3174603171875 0.3607142859375 0.2946428578125 0.36865079375 0.28075396874999997 0.372619046875 0.26884920625 0.374603175 0.247023809375 0.372619046875 0.24503968281250002 0.3706349203125 0.2331349203125 0.36666666718749996 0.22916666718749998 0.3626984125 0.21924603125000003 0.353769840625 0.21031746093749998 0.33789682499999996 0.20039682499999997 0.3259920640625 0.1984126984375 0.3240079359375 0.196428571875 0.316071428125 0.196428571875 0.3140873015625 0.19444444375 0.30615079375 0.19444444375 0.30416666718749996 0.196428571875
1 0.2208333328125 0.103174603125 0.21884920624999998 0.1051587296875 0.21289682499999998 0.1051587296875 0.20992063437500003 0.10813492031250001 0.2109126984375 0.2242063484375 0.228769840625 0.21825396874999997 0.240674603125 0.20833333281250002 0.24662698437500002 0.20634920625 0.2634920640625 0.1875 0.27539682499999996 0.15972222187500001 0.277380953125 0.137896825 0.27142857187499997 0.12202380937499999 0.26448412656250003 0.11309523749999999 0.2446428578125 0.103174603125 0.2208333328125 0.103174603125
1 0.559126984375 0.2748015875 0.565079365625 0.262896825 0.565079365625 0.2490079359375 0.559126984375 0.23511904687500002 0.5422619046875 0.222222221875 0.5303571421875 0.2202380953125 0.5283730156249999 0.21825396874999997 0.5263888890625 0.2202380953125 0.5164682546875 0.2202380953125 0.5005952375 0.228174603125 0.4916666671875 0.2390873015625 0.4896825390625 0.24503968281250002 0.490674603125 0.265873015625 0.49761904687499997 0.278769840625 0.50654761875 0.28571428593750003 0.51845238125 0.2896825390625 0.5363095234374999 0.2896825390625 0.5501984125 0.283730159375 0.559126984375 0.2748015875
1 0.6257502046875 0.30840449531249997 0.623766078125 0.3143568765625 0.624758140625 0.31931719375 0.62773433125 0.328245765625 0.6326946484375 0.33320608281249997 0.6465835375 0.3371743359375 0.6604724265625 0.33122195625 0.6638734093750001 0.326037384375 0.6644908468749999 0.3208258953125 0.66444068125 0.3113806859375 0.6545200453125 0.2994759234375 0.6406311578125 0.297491796875 0.6346787765624999 0.2994759234375 0.6257502046875 0.30840449531249997
1 0.6394841265625 0.297619046875 0.6533730156249999 0.297619046875 0.6583333328125 0.290674603125 0.6583333328125 0.278769840625 0.6513888890625 0.2698412703125 0.64345238125 0.265873015625 0.6335317453125 0.265873015625 0.627579365625 0.2698412703125 0.6226190468749999 0.27678571406249997 0.6236111109375 0.2896825390625 0.6355158734375 0.299603175 0.6394841265625 0.297619046875
0 0.6126984125 0.2728174609375 0.6087301593750001 0.264880953125 0.6017857140625 0.2579365078125 0.589880953125 0.2519841265625 0.5759920640625 0.2519841265625 0.565079365625 0.25892857187499996 0.565079365625 0.264880953125 0.5551587296875 0.28075396874999997 0.55615079375 0.28571428593750003 0.559126984375 0.2946428578125 0.5700396828125001 0.30357142812500004 0.58194444375 0.30555555624999997 0.583928571875 0.3075396828125 0.5958333328125 0.30555555624999997 0.6087301593750001 0.296626984375 0.6126984125 0.2886904765625 0.6126984125 0.2728174609375
0 0.46785714218749996 0.1299603171875 0.471825396875 0.12202380937499999 0.471825396875 0.10615079375 0.46785714218749996 0.0982142859375 0.45099206406250003 0.0853174609375 0.4450396828125 0.08333333281250001 0.421230159375 0.0853174609375 0.403373015625 0.0952380953125 0.39642857187499997 0.10218253906250001 0.39246031718749996 0.110119046875 0.39345238125000004 0.13095238125 0.3994047625 0.13888888906250002 0.41329365156250003 0.146825396875 0.41924603125 0.146825396875 0.421230159375 0.1488095234375 0.44305555625000004 0.146825396875 0.458928571875 0.13888888906250002 0.46785714218749996 0.1299603171875
0 0.6613095234374999 0.34325396874999997 0.6494047625 0.34325396874999997 0.6424603171875 0.3501984125 0.64345238125 0.3630952375 0.6533730156249999 0.375 0.6692460312499999 0.375 0.678174603125 0.3640873015625 0.678174603125 0.35615079375 0.6692460312499999 0.34722222187499996 0.6613095234374999 0.34325396874999997
0 0.6672619046875 0.3293650796875 0.6513888890625 0.3353174609375 0.6484126984375 0.3382936515625 0.6494047625 0.34325396874999997 0.6672619046875 0.3452380953125 0.6771825390624999 0.3551587296875 0.6801587296875 0.3541666671875 0.6801587296875 0.3422619046875 0.678174603125 0.3382936515625 0.6672619046875 0.3293650796875
1 0.6732142859375 0.424603175 0.6751984125 0.42261904687499996 0.691071428125 0.42261904687499996 0.6980158734375 0.4295634921875 0.7009920640625 0.4365079359375 0.7039682546875 0.43353174531249994 0.7039682546875 0.4236111109375 0.7019841265625 0.41964285781250005 0.69305555625 0.4126984125 0.68115079375 0.4126984125 0.6771825390624999 0.41468253906249997 0.672222221875 0.421626984375 0.6732142859375 0.424603175
1 0.6791666671875001 0.45634920625 0.691071428125 0.45634920625 0.7 0.44742063437499996 0.7019841265625 0.4375 0.69305555625 0.424603175 0.6831349203125 0.4206349203125 0.6732142859375 0.424603175 0.66825396875 0.4295634921875 0.6662698406249999 0.43353174531249994 0.6672619046875 0.4424603171875 0.66825396875 0.44742063437499996 0.6791666671875001 0.45634920625
1 0.665277778125 0.4761904765625 0.6662698406249999 0.4831349203125 0.6732142859375 0.49007936562500004 0.6950396828125001 0.49007936562500004 0.7 0.48511904687499996 0.7019841265625 0.471230159375 0.7 0.46527777812500004 0.69305555625 0.4583333328125 0.6890873015625 0.45634920625 0.6791666671875001 0.45634920625 0.6662698406249999 0.4672619046875 0.6642857140625 0.471230159375 0.665277778125 0.4761904765625
1 0.665277778125 0.3293650796875 0.6702380953125 0.322420634375 0.6702380953125 0.3105158734375 0.6613095234374999 0.299603175 0.6553571421875 0.297619046875 0.6533730156249999 0.297619046875 0.6533730156249999 0.299603175 0.6642857140625 0.3125 0.6662698406249999 0.31845238125 0.6649860999999999 0.3229909328125 0.665277778125 0.3293650796875
0 0.69305555625 0.49007936562500004 0.6751984125 0.49007936562500004 0.6642857140625 0.502976190625 0.665277778125 0.5138888890625 0.6751984125 0.5257936515625 0.6871031750000001 0.527777778125 0.7 0.51884920625 0.7019841265625 0.514880953125 0.7019841265625 0.5009920640625001 0.69305555625 0.49007936562500004
0 0.6623015875 0.552579365625 0.65634920625 0.5625 0.6573412703125 0.577380953125 0.6603174609375 0.5823412703125 0.6692460312499999 0.5892857140625 0.6831349203125 0.5892857140625 0.6960317453125 0.578373015625 0.6980158734375 0.5744047625 0.6980158734375 0.5605158734375 0.6871031750000001 0.547619046875 0.68115079375 0.547619046875 0.6791666671875001 0.5456349203124999 0.6692460312499999 0.547619046875 0.6623015875 0.552579365625
0 0.6573412703125 0.799603175 0.6494047625 0.7956349203124999 0.6394841265625 0.7956349203124999 0.6255952375 0.8015873015625001 0.6166666671875001 0.8105158734375 0.6146825390624999 0.8164682546875 0.615674603125 0.827380953125 0.6166666671875001 0.8303571421875 0.6295634921875 0.841269840625 0.6355158734375 0.841269840625 0.6375 0.84325396875 0.647420634375 0.841269840625 0.6623015875 0.828373015625 0.6662698406249999 0.81845238125 0.6662698406249999 0.8125 0.6573412703125 0.799603175
0 0.565079365625 0.9414682546875 0.5611111109375 0.9513888890625 0.5621031750000001 0.9543650796875 0.565079365625 0.9613095234375001 0.5700396828125001 0.966269840625 0.577976190625 0.9702380953124999 0.59384920625 0.9702380953124999 0.6077380953125 0.9642857140625001 0.6166666671875001 0.9553571421875 0.61865079375 0.94345238125 0.6166666671875001 0.9394841265625 0.60575396875 0.9305555562500001 0.58194444375 0.9305555562500001 0.565079365625 0.9414682546875
0 0.536670275 1 0.547222221875 0.9910714281249999 0.5511904765625 0.98115079375 0.5511904765625 0.9732142859374999 0.547222221875 0.965277778125 0.540277778125 0.9583333328125001 0.5283730156249999 0.952380953125 0.5105158734375 0.950396825 0.5085317453125 0.952380953125 0.4986111109375 0.952380953125 0.47876984062499994 0.9603174609374999 0.471825396875 0.96924603125 0.47281746093750004 0.9861111109375 0.48472222187499997 1 0.536670275 1
0 0.46388888906250003 1 0.46388888906250003 0.9890873015625001 0.45992063437499997 0.98115079375 0.44702380937499997 0.96825396875 0.43115079375 0.9603174609374999 0.4251984125 0.9603174609374999 0.41924603125 0.9642857140625001 0.4073412703125 0.966269840625 0.40535714218749996 0.96825396875 0.36369047656250003 0.966269840625 0.35873015937499997 0.9732142859374999 0.35873015937499997 0.98115079375 0.35674603125000004 0.9831349203125 0.3577380953125 0.990079365625 0.3600274734375 1 0.46388888906250003 1
1 0.3200396828125 0.9126984125 0.32698412656250003 0.9335317453125 0.3458333328125 0.9543650796875 0.35972222187499997 0.9623015875 0.371626984375 0.966269840625 0.3795634921875 0.966269840625 0.38154761875 0.96825396875 0.403373015625 0.96825396875 0.40535714218749996 0.966269840625 0.4232142859375 0.9623015875 0.4271825390625 0.9583333328125001 0.437103175 0.9543650796875 0.45 0.9355158734375 0.45 0.909722221875 0.4420634921875 0.89384920625 0.4271825390625 0.8789682546875 0.4113095234375 0.8710317453125 0.3994047625 0.86904761875 0.397420634375 0.8670634921874999 0.38948412656250003 0.8670634921874999 0.3875 0.865079365625 0.3676587296875 0.865079365625 0.33392857187499997 0.8769841265625 0.31904761875 0.903769840625 0.3200396828125 0.9126984125
1 0.6295634921875 0.7738095234375 0.6414682546875 0.7857142859375 0.6573412703125 0.7876984125 0.6742063484374999 0.7767857140625 0.6801587296875 0.7609126984375 0.678174603125 0.7589285718750001 0.678174603125 0.752976190625 0.6712301593750001 0.74404761875 0.6632936515625001 0.740079365625 0.647420634375 0.7420634921875 0.6325396828125001 0.752976190625 0.628571428125 0.764880953125 0.6295634921875 0.7738095234375
2 0.6087301593750001 0.9732142859374999 0.60575396875 0.96825396875 0.5958333328125 0.96825396875 0.59384920625 0.9702380953124999 0.56805555625 0.96825396875 0.5571428578125001 0.9771825390625001 0.5581349203125 0.9880952375 0.559126984375 0.9910714281249999 0.56805555625 0.9980158734375 0.5759920640625 0.9980158734375 0.577976190625 1 0.5918650796875 0.9980158734375 0.5998015875 0.99404761875 0.6067460312499999 0.987103175 0.6087301593750001 0.9831349203125 0.6087301593750001 0.9732142859374999