2 0.199603175 0.5109126984375 0.20555555625 0.502976190625 0.20753968281250001 0.497023809375 0.2115079359375 0.49305555625 0.2115079359375 0.487103175 0.2134920640625 0.48511904687499996 0.2134920640625 0.4672619046875 0.215476190625 0.4632936515625 0.20952380937499998 0.4454365078125 0.1926587296875 0.4265873015625 0.17678571406250002 0.4206349203125 0.1609126984375 0.42261904687499996 0.14702380937499998 0.43055555625 0.1380952375 0.43948412656249997 0.13412698437499998 0.4454365078125 0.13412698437499998 0.44940476250000005 0.1301587296875 0.453373015625 0.128174603125 0.46924603125 0.1261904765625 0.471230159375 0.1261904765625 0.48115079375 0.128174603125 0.4831349203125 0.1301587296875 0.497023809375 0.1380952375 0.5089285718750001 0.1490079359375 0.5198412703125 0.15992063437499998 0.5228174609375 0.178769840625 0.5238095234375 0.1886904765625 0.5198412703125 0.199603175 0.5109126984375
2 0.0865079359375 0.42757936562500004 0.0924603171875 0.4136904765625 0.0924603171875 0.3958333328125 0.090476190625 0.389880953125 0.0835317453125 0.38095238125 0.0755952375 0.3769841265625 0.065674603125 0.3769841265625 0.0577380953125 0.38095238125 0.046825396875 0.39384920625 0.0428571421875 0.403769840625 0.0428571421875 0.421626984375 0.0448412703125 0.42757936562500004 0.0488095234375 0.43551587343750003 0.054761904687499995 0.43948412656249997 0.07162698437500001 0.440476190625 0.0755952375 0.4384920640625 0.0865079359375 0.42757936562500004
2 0.7958333328125 0.565476190625 0.8077380953125 0.5575396828125 0.8206349203125001 0.540674603125 0.822619046875 0.5228174609375 0.824603175 0.5208333328125 0.822619046875 0.5069444437499999 0.8166666671874999 0.49305555625 0.7998015875 0.4761904765625 0.787896825 0.47222222187499996 0.7700396828125 0.4742063484375 0.762103175 0.478174603125 0.760119046875 0.48214285781250005 0.747222221875 0.49305555625 0.741269840625 0.5069444437499999 0.741269840625 0.5327380953125 0.7492063484375 0.5505952375 0.760119046875 0.5615079359374999 0.775 0.5664682546875001 0.787896825 0.5674603171875 0.7898809531250001 0.565476190625 0.7958333328125 0.565476190625
2 0.7789682546875001 0.3859126984375 0.7789682546875001 0.37599206406249996 0.7730158734375 0.362103175 0.760119046875 0.353174603125 0.7541666671875 0.353174603125 0.74424603125 0.3571428578125 0.7353174609375001 0.3700396828125 0.7373015875 0.387896825 0.74424603125 0.396825396875 0.7551587296875 0.40178571406249997 0.760119046875 0.40277777812500004 0.7700396828125 0.3988095234375 0.7789682546875001 0.3859126984375
2 0.715476190625 0.3244047625 0.7115079359375 0.3164682546875 0.7005952375 0.309523809375 0.690674603125 0.309523809375 0.6867063484375 0.31150793593750004 0.683730159375 0.3144841265625 0.6867063484375 0.3174603171875 0.6986111109375 0.32142857187499996 0.703571428125 0.3263888890625 0.7075396828125 0.3323412703125 0.7075396828125 0.34027777812500004 0.7105158734375 0.341269840625 0.715476190625 0.334325396875 0.715476190625 0.3244047625
2 0.7611111109375 0.3422619046875 0.7670634921875 0.334325396875 0.765079365625 0.3263888890625 0.7581349203125 0.32142857187499996 0.7482142859375001 0.32142857187499996 0.7392857140625 0.3323412703125 0.7392857140625 0.3382936515625 0.74325396875 0.346230159375 0.7492063484375 0.3521825390625 0.7581349203125 0.353174603125 0.7611111109375 0.3501984125 0.7611111109375 0.3422619046875
2 0.790873015625 0.3581349203125 0.790873015625 0.346230159375 0.7859126984375 0.33928571406249997 0.7799603171875 0.3353174609375 0.7700396828125 0.3333333328125 0.7630952375 0.3382936515625 0.7611111109375 0.3422619046875 0.7611111109375 0.3541666671875 0.7700396828125 0.359126984375 0.775 0.36607142812500004 0.7819444437499999 0.3670634921875 0.7888888890625 0.362103175 0.790873015625 0.3581349203125
2 0.8980158734374999 0.3978174609375 0.8940476187499999 0.389880953125 0.885119046875 0.3829365078125 0.8771825390625001 0.384920634375 0.872222221875 0.3918650796875 0.872222221875 0.40178571406249997 0.8761904765624999 0.40972222187499996 0.8821428578124999 0.4136904765625 0.8890873015625 0.41468253906249997 0.8980158734374999 0.403769840625 0.8980158734374999 0.3978174609375
2 1 0.4816043078125 0.99424603125 0.4742063484375 0.9863095234375001 0.4742063484375 0.98134920625 0.48115079375 0.98134920625 0.4990079359375 0.9892857140625001 0.5069444437499999 0.99424603125 0.5079365078125 1 0.5005385484375 1 0.4816043078125
1 0.70555555625 0.3501984125 0.709523809375 0.34027777812500004 0.70555555625 0.328373015625 0.6986111109375 0.32142857187499996 0.684722221875 0.315476190625 0.6748015875 0.31944444375000003 0.665873015625 0.3323412703125 0.6678571421874999 0.346230159375 0.6748015875 0.3551587296875 0.68174603125 0.3581349203125 0.6926587296875 0.359126984375 0.6986111109375 0.3571428578125 0.70555555625 0.3501984125
1 0.6678571421874999 0.3303571421875 0.6678571421874999 0.3263888890625 0.671825396875 0.322420634375 0.671825396875 0.3164682546875 0.6678571421874999 0.3085317453125 0.6569444437499999 0.3015873015625 0.6450396828125 0.3015873015625 0.6361111109375 0.3085317453125 0.6361111109375 0.3303571421875 0.641071428125 0.3353174609375 0.65 0.3382936515625 0.658928571875 0.33928571406249997 0.662896825 0.3373015875 0.6678571421874999 0.3303571421875
1 0.3365079359375 0.346230159375 0.3424603171875 0.334325396875 0.340476190625 0.31845238125 0.3335317453125 0.309523809375 0.327579365625 0.30555555624999997 0.309722221875 0.30357142812500004 0.303769840625 0.30555555624999997 0.290873015625 0.3164682546875 0.28690476249999997 0.322420634375 0.28492063437500004 0.3363095234375 0.28690476249999997 0.3382936515625 0.28690476249999997 0.34424603125000003 0.29484127031249996 0.35615079375 0.3007936515625 0.360119046875 0.315674603125 0.3611111109375 0.327579365625 0.3551587296875 0.3365079359375 0.346230159375
1 0.1480158734375 0.389880953125 0.15 0.38392857187499996 0.15 0.36607142812500004 0.14603174531250002 0.3581349203125 0.135119046875 0.3492063484375 0.1291666671875 0.34722222187499996 0.12718253906250002 0.3492063484375 0.115277778125 0.3511904765625 0.100396825 0.36805555624999997 0.0984126984375 0.37400793593750004 0.0984126984375 0.39384920625 0.11031746093749999 0.4117063484375 0.12321428593749999 0.4126984125 0.135119046875 0.40674603125 0.1480158734375 0.389880953125
1 0.09642857187500001 0.37599206406249996 0.0924603171875 0.36607142812500004 0.0835317453125 0.359126984375 0.0676587296875 0.3611111109375 0.056746031249999995 0.372023809375 0.054761904687499995 0.38194444375000003 0.0577380953125 0.3829365078125 0.0617063484375 0.3789682546875 0.0676587296875 0.3769841265625 0.0755952375 0.3769841265625 0.0865079359375 0.38392857187499996 0.0924603171875 0.3978174609375 0.0984126984375 0.3958333328125 0.09642857187500001 0.39384920625 0.09642857187500001 0.37599206406249996