2 0.0120967734375 0.4946068546875 0.014112903125000001 0.5006552421875 0.0191532265625 0.5077116937499999 0.025201612499999998 0.509727821875 0.03125 0.5077116937499999 0.036290321874999996 0.5026713703125 0.04032258125 0.490574596875 0.038306451562499996 0.47646169374999997 0.0322580640625 0.46839717812500004 0.0211693546875 0.4673891125 0.0120967734375 0.48049395156249997 0.0120967734375 0.4946068546875
2 0.0745967734375 0.5792842734375 0.085685484375 0.590372984375 0.0917338703125 0.590372984375 0.098790321875 0.581300403125 0.098790321875 0.5692036296875 0.0917338703125 0.5601310484375001 0.088709678125 0.559122984375 0.0836693546875 0.5581149187500001 0.0786290328125 0.5631552421875 0.0745967734375 0.5792842734375
2 0.16532258125 0.6397681453125 0.17439516093750002 0.6508568546875 0.17842741875 0.6508568546875 0.1875 0.6417842734375 0.1875 0.6296875 0.1814516125 0.6236391125 0.1723790328125 0.6226310484375001 0.16532258125 0.6296875 0.16532258125 0.6397681453125
2 0.1895161296875 0.6538810484375001 0.19657258125 0.6609375 0.2066532265625 0.6609375 0.213709678125 0.6518649187500001 0.213709678125 0.643800403125 0.20967741874999998 0.6357358875 0.2056451609375 0.6337197578125 0.1945564515625 0.6327116937499999 0.1875 0.6417842734375 0.1895161296875 0.6538810484375001
2 0.1774193546875 0.6538810484375001 0.18447580624999999 0.6589213703125 0.1915322578125 0.655897178125 0.1875 0.643800403125 0.1864919359375 0.6427923390625 0.1774193546875 0.649848790625 0.1774193546875 0.6538810484375001
2 0.23588709687499998 0.665977821875 0.23588709687499998 0.672026209375 0.23991935468749997 0.6800907265625 0.2489919359375 0.6851310484375001 0.2570564515625 0.6831149187500001 0.26209677343750004 0.6760584671875 0.2600806453125 0.6639616937499999 0.2520161296875 0.65791330625 0.244959678125 0.6569052421875 0.24092741874999998 0.6589213703125 0.23588709687499998 0.665977821875
2 0.3649193546875 0.7042842734375 0.3649193546875 0.7143649187500001 0.36995967812499997 0.7214213703125 0.3739919359375 0.7234375 0.38407258125 0.7234375 0.3911290328125 0.7163810484375001 0.3911290328125 0.7042842734375 0.3850806453125 0.6982358875 0.37197580625 0.697227821875 0.366935484375 0.7002520156250001 0.3649193546875 0.7042842734375
2 0.6008064515625 0.72041330625 0.6008064515625 0.73251008125 0.607862903125 0.7395665328125001 0.61592741875 0.7415826609375 0.6260080640625 0.737550403125 0.6310483875 0.73251008125 0.633064515625 0.7224294359375001 0.6310483875 0.7163810484375001 0.625 0.7103326609375 0.6118951609375001 0.7093245968749999 0.60282258125 0.7163810484375001 0.6008064515625 0.72041330625
2 0.6189516125 0.7425907265625 0.6260080640625 0.75166330625 0.6300403218749999 0.7536794359375001 0.6401209671875 0.75166330625 0.64717741875 0.7425907265625 0.6431451609375001 0.7304939515625 0.639112903125 0.728477821875 0.63407258125 0.7274697578125 0.62802419375 0.7355342734375 0.6189516125 0.7425907265625
1 0.5887096781250001 0.746622984375 0.5957661296875 0.7536794359375001 0.607862903125 0.7536794359375001 0.616935484375 0.7425907265625 0.607862903125 0.7395665328125001 0.6008064515625 0.7304939515625 0.5977822578125 0.7294858875 0.59072580625 0.7365423390625 0.5887096781250001 0.746622984375
1 0.6179435484375 0.7556955640624999 0.62802419375 0.7556955640624999 0.6290322578125 0.7526713703125 0.6209677421875 0.746622984375 0.6189516125 0.7425907265625 0.616935484375 0.7425907265625 0.6129032265625 0.7506552421875 0.6179435484375 0.7556955640624999
1 0.4959677421875 0.728477821875 0.4959677421875 0.7385584671875 0.5070564515625 0.7476310484375001 0.5191532265625 0.743598790625 0.52217741875 0.7385584671875 0.52217741875 0.728477821875 0.5151209671875 0.7214213703125 0.5100806453125 0.72041330625 0.5070564515625 0.7194052421875 0.50302419375 0.7214213703125 0.4959677421875 0.728477821875
1 0.2600806453125 0.6780745968749999 0.26209677343750004 0.6881552421875 0.26915322656249996 0.6931955640624999 0.2792338703125 0.6931955640624999 0.28629032187500003 0.6861391125 0.28427419375 0.6740423390625 0.27620967812499997 0.6679939515625 0.26915322656249996 0.6669858875 0.2651209671875 0.6690020156250001 0.2600806453125 0.6780745968749999
1 0.11693548437500001 0.5913810484375001 0.1149193546875 0.5974294359375001 0.11693548437500001 0.60751008125 0.12399193593749999 0.6165826609375 0.136088709375 0.6165826609375 0.1411290328125 0.609526209375 0.1411290328125 0.59541330625 0.13407258125 0.5863407265625 0.1310483875 0.5853326609375 0.1260080640625 0.5843245968749999 0.12197580625 0.5863407265625 0.11693548437500001 0.5913810484375001