1 0.3565112546875 0.635651125 0.360530546875 0.6336414796875001 0.360530546875 0.62560289375 0.3585209 0.6215836015625 0.3474678453125 0.6125401921875 0.3293810296875 0.6125401921875 0.3273713828125 0.6145498390624999 0.32134244375 0.6145498390624999 0.3102893890625 0.62560289375 0.3082797421875 0.6316318328125 0.3082797421875 0.637660771875 0.3122990359375 0.63967041875 0.3082797421875 0.6436897109374999 0.3102893890625 0.6517282953125 0.319332796875 0.6607717046875 0.3273713828125 0.664790996875 0.3424437296875 0.6637861734375 0.3454582 0.66278135 0.360530546875 0.64569935625 0.360530546875 0.63967041875 0.3565112546875 0.635651125
2 0.55245176875 0.6065112546875 0.5464228296875 0.6065112546875 0.5424035375 0.610530546875 0.53838424375 0.6085209 0.5243167203125 0.6085209 0.5192926046874999 0.6115353703124999 0.513263665625 0.6215836015625 0.5152733125 0.6416800640625 0.5172829578125 0.64569935625 0.530345659375 0.6567524109375 0.543408359375 0.6557475890625 0.5464228296875 0.65273311875 0.5484324765624999 0.654742765625 0.5544614140624999 0.65273311875 0.5614951765625 0.64569935625 0.56551446875 0.637660771875 0.56551446875 0.6215836015625 0.55245176875 0.6065112546875
2 0.55948553125 0.5874196140625 0.55948553125 0.573352090625 0.5484324765624999 0.5582797421875 0.5444131828125001 0.556270096875 0.540393890625 0.5582797421875 0.5363745984375 0.55426045 0.5263263671875 0.55426045 0.51828778125 0.5582797421875 0.5072347265625 0.57134244375 0.5052250796875 0.5753617359375001 0.5052250796875 0.5874196140625 0.5072347265625 0.593448553125 0.5142684890625 0.600482315625 0.520297428125 0.6024919609375 0.5393890671875 0.6014871375 0.5424035375 0.59847266875 0.5444131828125001 0.600482315625 0.550442121875 0.600482315625 0.5554662375 0.5974678453125 0.55948553125 0.5874196140625
2 0.1485128625 0.61856913125 0.1344453375 0.61856913125 0.1203778140625 0.6245980703125 0.119372990625 0.627612540625 0.1113344046875 0.6336414796875001 0.109324759375 0.64569935625 0.1073151125 0.647709003125 0.1073151125 0.6537379421875 0.1113344046875 0.6617765265625 0.11836816718750001 0.664790996875 0.122387459375 0.6708199359375 0.126406753125 0.67282958125 0.139469453125 0.671824759375 0.1505225078125 0.6688102890625001 0.163585209375 0.6557475890625 0.1676045015625 0.647709003125 0.1655948546875 0.6316318328125 0.1545418 0.620578778125 0.1485128625 0.61856913125
1 0.146503215625 0.5723472671875001 0.1404742765625 0.5703376203125 0.12439710625 0.5703376203125 0.11836816718750001 0.5723472671875001 0.11434887499999999 0.576366559375 0.11032958125 0.576366559375 0.0992765265625 0.59143890625 0.10128617343749999 0.6095257234375 0.1083199359375 0.6165594859375 0.1163585203125 0.6145498390624999 0.1254019296875 0.617564309375 0.14449356875 0.6165594859375 0.146503215625 0.6145498390624999 0.1525321546875 0.6145498390624999 0.1575562703125 0.6095257234375 0.1615755625 0.59143890625 0.1555466234375 0.5793810296874999 0.146503215625 0.5723472671875001
2 0.3153135046875 0.5622990359375 0.3072749203125 0.566318328125 0.306270096875 0.569332796875 0.2982315109375 0.5753617359375001 0.29421221875 0.5874196140625 0.2982315109375 0.603496784375 0.3032556265625 0.6085209 0.309284565625 0.610530546875 0.336414790625 0.6095257234375 0.34143890625 0.6085209 0.3444533765625 0.60550643125 0.350482315625 0.593448553125 0.350482315625 0.583400321875 0.346463021875 0.573352090625 0.3394292609375 0.566318328125 0.3293810296875 0.5622990359375 0.3153135046875 0.5622990359375
2 0.7453778140625 0.546221865625 0.727290996875 0.546221865625 0.71523311875 0.552250803125 0.71221865 0.5572749203125 0.7142282953125 0.5612942125 0.70819935625 0.5633038578125 0.70819935625 0.581390675 0.710209003125 0.5854099671874999 0.7132234734375 0.586414790625 0.7192524109375 0.5944533765625 0.754421221875 0.593448553125 0.757435690625 0.5924437296875 0.764469453125 0.583400321875 0.764469453125 0.5773713828125 0.7664791 0.5753617359375001 0.7604501609375001 0.5572749203125 0.7534163984375 0.5502411578124999 0.7453778140625 0.546221865625
1 0.784565915625 0.617564309375 0.7775321546875 0.6085209 0.774517684375 0.6095257234375 0.7725080390625 0.603496784375 0.7674839234374999 0.59847266875 0.7594453375 0.59847266875 0.757435690625 0.596463021875 0.7534163984375 0.59847266875 0.7413585203124999 0.59847266875 0.7282958203125001 0.6095257234375 0.7242765265625 0.617564309375 0.7262861734375 0.6296221859375 0.730305465625 0.637660771875 0.7453778140625 0.6507234734375 0.751406753125 0.6507234734375 0.7534163984375 0.65273311875 0.764469453125 0.6517282953125 0.771503215625 0.6487138265625 0.7825562703125 0.635651125 0.784565915625 0.6316318328125 0.784565915625 0.617564309375
1 0.9362942125 0.5944533765625 0.927250803125 0.60550643125 0.9292604499999999 0.6215836015625 0.9332797421875 0.62560289375 0.9352893890624999 0.6316318328125 0.9503617359375 0.644694534375 0.97347266875 0.6436897109374999 0.9895498390625 0.6316318328125 0.9935691312499999 0.6215836015625 0.9915594859375 0.6075160765625001 0.98050643125 0.596463021875 0.9644292609375 0.5884244375 0.9463424437500001 0.5884244375 0.9433279750000001 0.59143890625 0.9423231515625 0.596463021875 0.9362942125 0.5944533765625
1 0.9523713828125 0.5361736328125 0.9403135046875001 0.5381832796875 0.9282556265625 0.54421221875 0.921221865625 0.55124598125 0.91921221875 0.5572749203125 0.91921221875 0.5673231515625 0.9232315109375 0.5773713828125 0.9322749203124999 0.5844051453125 0.9423231515625 0.5823954984374999 0.9543810296874999 0.586414790625 0.9594051453124999 0.5854099671874999 0.9724678453125 0.5844051453125 0.9815112546875 0.5753617359375001 0.9835209 0.57134244375 0.9835209 0.5572749203125 0.9774919609375001 0.549236334375 0.9704582 0.542202571875 0.9523713828125 0.5361736328125
1 0.5192926046874999 0.515072346875 0.513263665625 0.525120578125 0.513263665625 0.539188103125 0.5152733125 0.5452170421875 0.5172829578125 0.549236334375 0.5263263671875 0.556270096875 0.547427653125 0.5572749203125 0.5544614140624999 0.55426045 0.55948553125 0.549236334375 0.5635048234375 0.53717845625 0.5635048234375 0.525120578125 0.55948553125 0.51708199375 0.5484324765624999 0.5080385859375001 0.5424035375 0.5060289390625 0.5283360125 0.5080385859375001 0.5192926046874999 0.515072346875
3 0.134375 0.6171875 0.084375 0.115625
3 0.33125 0.6109375 0.0703125 0.128125
3 0.5359375 0.5984375 0.0828125 0.125
3 0.75 0.596875 0.0828125 0.1296875
3 0.9484375 0.58125 0.090625 0.1203125