0 0.6460397015625 0.27594339687499997 0.6342472484375 0.27594339687499997 0.621472090625 0.28675314531249996 0.6195066828125 0.2906839625 0.6204893874999999 0.30345911875 0.6263856125 0.3132861640625 0.642108884375 0.319182390625 0.651935928125 0.319182390625 0.6558667453125 0.31721698125 0.6627456765625 0.3083726421875 0.664711084375 0.2965801890625 0.6607802671874999 0.28675314531249996 0.6539013359375 0.2798742140625 0.6460397015625 0.27594339687499997
0 0.6804343546875 0.54618710625 0.6804343546875 0.528498428125 0.678468946875 0.5226022015625 0.671590015625 0.5137578609375 0.6558667453125 0.5058962265625 0.642108884375 0.5058962265625 0.6342472484375 0.50982704375 0.6293337265625001 0.514740565625 0.63031643125 0.5176886796875 0.638178065625 0.5176886796875 0.648005109375 0.521619496875 0.6588148578124999 0.5324292453125 0.664711084375 0.5442216984375 0.6656937890625 0.56289308125 0.6745381296875 0.557979559375 0.6804343546875 0.54618710625
0 0.6755208328125 0.5176886796875 0.6804343546875 0.528498428125 0.6804343546875 0.548152515625 0.685347878125 0.5491352203125001 0.6961576265625 0.54029088125 0.70008844375 0.5324292453125 0.70008844375 0.5206367921874999 0.6961576265625 0.5108097484375 0.6892786953125001 0.5039308171875 0.685347878125 0.5039308171875 0.6745381296875 0.514740565625 0.6755208328125 0.5176886796875
0 0.6725727203125 0.45381289375 0.6706073109374999 0.45774371093750005 0.671590015625 0.4606918234375 0.6823997640624999 0.46953616406250004 0.6912441031250001 0.48231132031249996 0.6971403296875 0.4842767296875 0.70303655625 0.4842767296875 0.711880896875 0.471501571875 0.7099154875 0.45381289375 0.6991057390625001 0.444968553125 0.68338246875 0.444968553125 0.6794516515625 0.4469339625 0.6725727203125 0.45381289375
0 0.70303655625 0.415487421875 0.70008844375 0.41843553437500003 0.70008844375 0.42629717031250003 0.6961576265625 0.43415880468749996 0.6873132859375 0.43907232656249995 0.6755208328125 0.43907232656249995 0.6755208328125 0.4430031453125 0.681417059375 0.4469339625 0.68338246875 0.444968553125 0.6991057390625001 0.444968553125 0.7010711484375001 0.4469339625 0.7059846703125 0.442020440625 0.7099154875 0.43219339687499997 0.707950078125 0.42040094375 0.70303655625 0.415487421875
0 0.6774862421875001 0.61595911875 0.6656937890625 0.6218553453125 0.654884040625 0.62283805 0.6529186328125001 0.6287342765624999 0.6539013359375 0.6434748421875 0.68338246875 0.6552672953124999 0.6892786953125001 0.6533018875 0.6961576265625 0.6483883640625 0.698123034375 0.6424921390625 0.7040192609375 0.6365959125 0.7040192609375 0.62283805 0.6912441031250001 0.608097484375 0.685347878125 0.608097484375 0.6774862421875001 0.61595911875
0 0.66667649375 0.7486242140625 0.66667649375 0.750589621875 0.66962460625 0.7515723265625 0.673555425 0.74960691875 0.68633058125 0.7348663515625 0.688295990625 0.7230738999999999 0.68633058125 0.721108490625 0.68633058125 0.7152122640624999 0.6774862421875001 0.704402515625 0.671590015625 0.70243710625 0.6656937890625 0.704402515625 0.6627456765625 0.7073506296875001 0.66372838125 0.7102987421875 0.6686419031249999 0.7152122640624999 0.6706073109374999 0.7270047171875 0.6725727203125 0.7289701265625 0.6706073109374999 0.7427279875 0.66667649375 0.7486242140625
0 0.6843651734375 0.6700078609375 0.6843651734375 0.6818003140625 0.6804343546875 0.6916273578125 0.6725727203125 0.69948899375 0.673555425 0.70243710625 0.6755208328125 0.704402515625 0.68338246875 0.70243710625 0.6941922171875 0.6916273578125 0.698123034375 0.67983490625 0.698123034375 0.6719732703125 0.6941922171875 0.6641116359375 0.68338246875 0.6552672953124999 0.678468946875 0.65625 0.6843651734375 0.6700078609375
0 0.5192708328125 0.8665487421875 0.5192708328125 0.87244496875 0.522218946875 0.87539308125 0.5458038515625 0.877358490625 0.565457940625 0.8694968546874999 0.5762676890625 0.8606525156249999 0.582163915625 0.85279088125 0.582163915625 0.8488600625 0.5860947328125 0.8429638359375 0.5860947328125 0.829205975 0.578233096875 0.8134827046875 0.5693887578125 0.8046383640625001 0.56349253125 0.80267295625 0.555630896875 0.8085691828125 0.54383844375 0.8125 0.5241843546875 0.8125 0.5123919031249999 0.8262578609375 0.4966686328125 0.83608490625 0.4966686328125 0.8400157234375 0.515340015625 0.85868710625 0.5192708328125 0.8665487421875
0 0.49470322343750006 0.73584905625 0.515340015625 0.75255503125 0.525167059375 0.7682783015625 0.52713246875 0.7800707546875 0.529097878125 0.7820361640625 0.529097878125 0.797759434375 0.525167059375 0.8075864781250001 0.5261497640624999 0.8125 0.541873034375 0.8125 0.561527121875 0.8046383640625001 0.578233096875 0.78596698125 0.582163915625 0.7761399375 0.582163915625 0.7564858484375 0.5723368703125 0.7368317609374999 0.5595617140625 0.7260220125 0.5458038515625 0.7201257859375 0.53008058125 0.718160378125 0.5281151734375 0.7201257859375 0.5182881296875 0.7201257859375 0.5064956765625 0.724056603125 0.5025648578124999 0.7260220125 0.49372051875 0.7348663515625 0.49470322343750006 0.73584905625
0 0.532045990625 0.9441823906250001 0.54383844375 0.940251571875 0.5477692609375 0.9382861640625 0.5625098265624999 0.9215801890625 0.5644752359375 0.9156839625 0.5644752359375 0.8999606921875 0.5625098265624999 0.8940644656250001 0.54383844375 0.877358490625 0.522218946875 0.87539308125 0.5192708328125 0.8940644656250001 0.5114091984375 0.9078223265625001 0.498634040625 0.918632075 0.48291077031249996 0.9245283015625001 0.4799626578125 0.927476415625 0.48094536093749995 0.92845911875 0.483893475 0.9333726421874999 0.49273781406249995 0.940251571875 0.51042649375 0.9461477984375 0.532045990625 0.9441823906250001
0 0.6578321546875 0.7613993703124999 0.651935928125 0.7613993703124999 0.64702240625 0.764347484375 0.64702240625 0.7682783015625 0.6509532234375001 0.77220911875 0.6509532234375001 0.7918632078125001 0.645056996875 0.8036556609375 0.6391607703125 0.8095518875 0.640143475 0.8125 0.6460397015625 0.8125 0.6539013359375 0.8085691828125 0.6627456765625 0.7997248421875 0.6686419031249999 0.787932390625 0.6686419031249999 0.7761399375 0.664711084375 0.7682783015625 0.6578321546875 0.7613993703124999
0 0.5340114 0.718160378125 0.5477692609375 0.7201257859375 0.565457940625 0.7299528296875 0.575284984375 0.7299528296875 0.57725039375 0.727987421875 0.5831466187500001 0.727987421875 0.598869890625 0.718160378125 0.6057488203125 0.7093160375 0.611645046875 0.6955581765625001 0.611645046875 0.6739386796875 0.6037834125 0.65625 0.5929736640625001 0.6454402515625 0.5792158015625 0.639544025 0.5575963046875 0.639544025 0.5399076265625 0.6474056609375001 0.532045990625 0.6533018875 0.5212362421875001 0.66607704375 0.517305425 0.677869496875 0.5182881296875 0.6926100625 0.5232016515625 0.7073506296875001 0.5340114 0.718160378125
1 0.6961576265625 0.40271226406249994 0.6873132859375 0.3958333328125 0.681417059375 0.393867925 0.66962460625 0.3958333328125 0.6607802671874999 0.40467767343750005 0.65684945 0.4125393078125 0.6578321546875 0.42138364843750004 0.6607802671874999 0.4302279875 0.66962460625 0.43710691874999996 0.673555425 0.43907232656249995 0.6892786953125001 0.43907232656249995 0.6961576265625 0.43415880468749996 0.70008844375 0.42629717031250003 0.70008844375 0.4105739 0.6961576265625 0.40271226406249994
1 0.70303655625 0.488207546875 0.7069673734374999 0.49017295625 0.7158117140625 0.481328615625 0.71974253125 0.47346698125 0.71974253125 0.4636399375 0.7128636 0.45283018906250005 0.707950078125 0.45381289375 0.711880896875 0.461674528125 0.711880896875 0.471501571875 0.707950078125 0.4793632078125 0.7020538515625 0.48525943437499997 0.70303655625 0.488207546875
1 0.707950078125 0.514740565625 0.7020538515625 0.5226022015625 0.70303655625 0.5275157234375001 0.705001965625 0.5294811328125 0.7108981921875 0.5255503140625 0.717777121875 0.5127751578125 0.7158117140625 0.49901729531249994 0.7069673734374999 0.49017295625 0.707950078125 0.514740565625
1 0.7010711484375001 0.52358490625 0.7099154875 0.5108097484375 0.7099154875 0.5029481125 0.7059846703125 0.4911556609375 0.6991057390625001 0.4842767296875 0.6892786953125001 0.48231132031249996 0.688295990625 0.49312106875 0.68633058125 0.495086478125 0.6873132859375 0.501965409375 0.6961576265625 0.5108097484375 0.7010711484375001 0.52358490625
1 0.65684945 0.701454403125 0.6588148578124999 0.7053852203125001 0.6676591984375 0.704402515625 0.6804343546875 0.6916273578125 0.6804343546875 0.687696540625 0.6843651734375 0.6818003140625 0.6843651734375 0.6700078609375 0.678468946875 0.65625 0.66962460625 0.6493710687500001 0.66372838125 0.6474056609375001 0.648005109375 0.6474056609375001 0.6430915875000001 0.6503537734375 0.6440742921875 0.6670597484375 0.6509532234375001 0.6739386796875 0.65684945 0.687696540625 0.6588148578124999 0.6935927671875 0.6588148578124999 0.69948899375 0.65684945 0.701454403125
1 0.664711084375 0.5442216984375 0.6588148578124999 0.5324292453125 0.648005109375 0.521619496875 0.638178065625 0.5176886796875 0.6263856125 0.5176886796875 0.6145931609375 0.521619496875 0.6037834125 0.5304638359375 0.5959217765625 0.5442216984375 0.5949390718750001 0.5569968546874999 0.59985259375 0.571737421875 0.6145931609375 0.5864779875 0.6322818390625 0.5904088046875 0.648005109375 0.584512578125 0.6607802671874999 0.571737421875 0.664711084375 0.5638757859375 0.664711084375 0.5442216984375
1 0.6037834125 0.65625 0.6096796390625 0.66607704375 0.611645046875 0.6719732703125 0.611645046875 0.6955581765625001 0.6077142296875 0.701454403125 0.6077142296875 0.7053852203125001 0.61655856875 0.704402515625 0.6263856125 0.6985062890625 0.6411261796875001 0.6818003140625 0.6411261796875001 0.6759040875 0.6430915875000001 0.6739386796875 0.6430915875000001 0.654284590625 0.6371953609375 0.6424921390625 0.6263856125 0.631682390625 0.6106623421874999 0.6257861640625 0.5929736640625001 0.627751571875 0.585112028125 0.631682390625 0.578233096875 0.6385613203125 0.5792158015625 0.639544025 0.5929736640625001 0.6454402515625 0.6037834125 0.65625
1 0.6725727203125 0.7368317609374999 0.6706073109374999 0.71914308125 0.6686419031249999 0.7152122640624999 0.6578321546875 0.706367925 0.6460397015625 0.7220911953125 0.6224547953124999 0.7319182390625001 0.6204893874999999 0.7299528296875 0.6106623421874999 0.7299528296875 0.6106623421874999 0.7437106921875001 0.618523978125 0.7535377359375001 0.6263856125 0.7535377359375001 0.642108884375 0.7613993703124999 0.651935928125 0.7613993703124999 0.661762971875 0.7555031453125001 0.6706073109374999 0.7427279875 0.6725727203125 0.7368317609374999
1 0.6489878140625 0.797759434375 0.6509532234375001 0.7938286156250001 0.6509532234375001 0.77220911875 0.640143475 0.7594339625 0.6322818390625 0.7555031453125001 0.6263856125 0.7555031453125001 0.6244202046875 0.7535377359375001 0.6086969343749999 0.7555031453125001 0.59002555 0.7682783015625 0.582163915625 0.7820361640625 0.5831466187500001 0.7928459125 0.5880601421875 0.8056210687500001 0.5949390718750001 0.8125 0.6106623421874999 0.8183962265625 0.6263856125 0.8164308171875 0.638178065625 0.8105345906249999 0.6489878140625 0.797759434375
1 0.59690448125 0.8164308171875 0.5860947328125 0.8252751578125 0.5870774375 0.843946540625 0.59985259375 0.8547562890625 0.604766115625 0.8636006296875 0.6244202046875 0.8636006296875 0.6411261796875001 0.85279088125 0.6489878140625 0.8370676093749999 0.6489878140625 0.8272405656249999 0.645056996875 0.8193789312499999 0.638178065625 0.8125 0.6204893874999999 0.8183962265625 0.59690448125 0.8164308171875
1 0.6037834125 0.8783411953125 0.6037834125 0.8645833328125001 0.5959217765625 0.8508254718750001 0.5890428453125 0.84591195 0.585112028125 0.84591195 0.578233096875 0.85868710625 0.5693887578125 0.8675314468750001 0.555630896875 0.87539308125 0.5497346703125 0.87539308125 0.54678655625 0.8783411953125 0.5477692609375 0.8793238999999999 0.5605444187499999 0.8901336484375 0.5664406453125 0.90585691875 0.575284984375 0.9068396218749999 0.5870774375 0.900943396875 0.5978871859375 0.8901336484375 0.6037834125 0.8783411953125
1 0.5929736640625001 0.8970125781249999 0.5811812109375001 0.9048742140625 0.5674233484375 0.9068396218749999 0.5644752359375 0.9117531453125001 0.561527121875 0.9264937109375 0.5713541671875 0.9382861640625 0.573319575 0.9363207546875 0.5870774375 0.9343553453125001 0.6008352984374999 0.9264937109375 0.6096796390625 0.9117531453125001 0.6096796390625 0.8979952828125001 0.6077142296875 0.8940644656250001 0.6008352984374999 0.8871855343749999 0.5929736640625001 0.8970125781249999
1 0.5713541671875 0.94221698125 0.5860947328125 0.9549921390625 0.5890428453125 0.9658018875 0.5929736640625001 0.9658018875 0.6028007078125001 0.9599056609375 0.611645046875 0.94516509375 0.6096796390625 0.9333726421874999 0.6028007078125001 0.9264937109375 0.5831466187500001 0.9363207546875 0.575284984375 0.9363207546875 0.5703714625 0.9392688671875 0.5713541671875 0.94221698125
1 0.5880601421875 0.9648191828125 0.5860947328125 0.9549921390625 0.575284984375 0.9441823906250001 0.5713541671875 0.9441823906250001 0.568406053125 0.95892295625 0.5575963046875 0.9697327046875 0.5477692609375 0.9756289312499999 0.541873034375 0.9756289312499999 0.5399076265625 0.9775943390625 0.522218946875 0.9775943390625 0.522218946875 0.9815251578125 0.5281151734375 0.987421384375 0.5399076265625 0.9913522015625 0.5575963046875 0.9913522015625 0.5693887578125 0.987421384375 0.5841293234375 0.9746462265625 0.5880601421875 0.9648191828125
2 0.551700078125 0.9736635218749999 0.568406053125 0.95892295625 0.5703714625 0.9412342765625 0.561527121875 0.92845911875 0.5575963046875 0.92845911875 0.551700078125 0.9363207546875 0.5340114 0.9441823906250001 0.508461084375 0.9461477984375 0.49273781406249995 0.940251571875 0.4897897015625 0.9431996859374999 0.49077240624999996 0.9579402515625001 0.491755109375 0.9608883640625001 0.5064956765625 0.9736635218749999 0.51042649375 0.9736635218749999 0.5163227203125 0.9775943390625 0.5399076265625 0.9775943390625 0.551700078125 0.9736635218749999
2 0.40724253125 0.8744103781250001 0.40822523593750004 0.8832547171874999 0.409207940625 0.8901336484375 0.41510416718750004 0.9019261000000001 0.4298447328125 0.9166666671874999 0.4593258640625 0.9264937109375 0.4848761796875 0.9245283015625001 0.50059945 0.9166666671874999 0.508461084375 0.9107704406250001 0.515340015625 0.9019261000000001 0.5212362421875001 0.8842374218750001 0.5192708328125 0.880306603125 0.5192708328125 0.8704795593749999 0.51337460625 0.8567216984374999 0.4966686328125 0.8419811328125 0.49273781406249995 0.8400157234375 0.48291077031249996 0.8400157234375 0.48094536093749995 0.8419811328125 0.455395046875 0.8419811328125 0.4475334125 0.8380503140625001 0.43967177656249995 0.8380503140625001 0.4298447328125 0.8419811328125 0.41510416718750004 0.8547562890625 0.40724253125 0.8744103781250001
2 0.40822523593750004 0.7948113203125 0.41510416718750004 0.8154481125 0.435740959375 0.8341194968750001 0.4494988203125 0.8400157234375 0.47897995312499997 0.8419811328125 0.4966686328125 0.8341194968750001 0.50059945 0.8341194968750001 0.5212362421875001 0.8154481125 0.52713246875 0.8056210687500001 0.529097878125 0.7820361640625 0.5212362421875001 0.764347484375 0.5212362421875001 0.7604166671875 0.5025648578124999 0.7417452828125 0.47701454375 0.7319182390625001 0.4593258640625 0.7319182390625001 0.45146422968750005 0.73584905625 0.445568003125 0.73584905625 0.42296580156249997 0.7486242140625 0.41510416718750004 0.7604166671875 0.409207940625 0.774174528125 0.409207940625 0.7800707546875 0.40724253125 0.7820361640625 0.40822523593750004 0.7948113203125
2 0.6086969343749999 0.9205974843750001 0.6204893874999999 0.9147012578125 0.6312991359375 0.903891509375 0.6312991359375 0.8862028296875 0.6224547953124999 0.87539308125 0.6145931609375 0.8714622640625 0.606731525 0.8714622640625 0.601818003125 0.880306603125 0.6028007078125001 0.88915094375 0.6096796390625 0.8979952828125001 0.6086969343749999 0.9205974843750001
2 0.6529186328125001 0.711281446875 0.65684945 0.7073506296875001 0.6588148578124999 0.6955581765625001 0.65684945 0.6935927671875 0.654884040625 0.6818003140625 0.648005109375 0.670990565625 0.6430915875000001 0.6719732703125 0.6430915875000001 0.6759040875 0.6371953609375 0.687696540625 0.6244202046875 0.7004716984375 0.6126277515624999 0.706367925 0.6086969343749999 0.706367925 0.6057488203125 0.7093160375 0.601818003125 0.7152122640624999 0.6028007078125001 0.7220911953125 0.6145931609375 0.7299528296875 0.63031643125 0.7299528296875 0.6509532234375001 0.7171776734375 0.6529186328125001 0.711281446875
2 0.7433274375 0.6641116359375 0.7452928453125 0.658215409375 0.7433274375 0.654284590625 0.7433274375 0.644457546875 0.734483096875 0.6336477984375 0.7266214625 0.62971698125 0.714829009375 0.62971698125 0.7069673734374999 0.6336477984375 0.6961576265625 0.64642295625 0.6941922171875 0.6503537734375 0.695174921875 0.6650943390624999 0.698123034375 0.6739386796875 0.70303655625 0.6788522015625 0.714829009375 0.68278301875 0.7266214625 0.680817609375 0.734483096875 0.6768867921874999 0.7433274375 0.6641116359375
2 0.7010711484375001 0.608097484375 0.707950078125 0.601218553125 0.711880896875 0.59335691875 0.711880896875 0.57959905625 0.705001965625 0.5687893078124999 0.70008844375 0.5697720125 0.70008844375 0.5874606921875001 0.688295990625 0.6031839625 0.6892786953125001 0.608097484375 0.6932095125 0.61006289375 0.7010711484375001 0.608097484375
2 0.6912441031250001 0.5569968546874999 0.68338246875 0.5530660375 0.6774862421875001 0.5530660375 0.6725727203125 0.55994496875 0.673555425 0.5609276734375 0.68633058125 0.567806603125 0.68633058125 0.5737028296875 0.6902614 0.57959905625 0.6902614 0.5972877359375001 0.688295990625 0.5992531453125001 0.6912441031250001 0.6002358484375 0.70008844375 0.5894261000000001 0.70008844375 0.567806603125 0.6912441031250001 0.5569968546874999
2 0.68633058125 0.6071147796874999 0.6902614 0.5972877359375001 0.6902614 0.57959905625 0.68633058125 0.5697720125 0.68338246875 0.5687893078124999 0.6774862421875001 0.5609276734375 0.6676591984375 0.56289308125 0.6607802671874999 0.5697720125 0.6558667453125 0.5786163515625 0.6460397015625 0.5864779875 0.6362126578125 0.588443396875 0.63326454375 0.591391509375 0.6342472484375 0.6022012578125 0.6391607703125 0.611045596875 0.64997051875 0.6198899375 0.66372838125 0.6218553453125 0.673555425 0.617924528125 0.68633058125 0.6071147796874999
2 0.6873132859375 0.5471698109375 0.6823997640624999 0.5520833328125 0.68338246875 0.5530660375 0.6912441031250001 0.5569968546874999 0.7010711484375001 0.5687893078124999 0.705001965625 0.5687893078124999 0.711880896875 0.561910378125 0.7158117140625 0.5540487421875 0.7138463046875 0.538325471875 0.705001965625 0.5294811328125 0.7010711484375001 0.5294811328125 0.698123034375 0.538325471875 0.6873132859375 0.5471698109375
2 0.6774862421875001 0.46462264218750005 0.6656937890625 0.458726415625 0.6558667453125 0.458726415625 0.6460397015625 0.46265723281250004 0.6391607703125 0.46953616406250004 0.635229953125 0.47739779843749997 0.6362126578125 0.498034590625 0.642108884375 0.5058962265625 0.6578321546875 0.5058962265625 0.673555425 0.5137578609375 0.6774862421875001 0.511792453125 0.68633058125 0.5009827046875001 0.688295990625 0.481328615625 0.6823997640624999 0.46953616406250004 0.6774862421875001 0.46462264218750005
2 0.6362126578125 0.34669811250000004 0.648005109375 0.360455975 0.66372838125 0.36242138437500004 0.6725727203125 0.35750786093750003 0.6804343546875 0.341784590625 0.6765035375 0.32999213906249997 0.6676591984375 0.3211477984375 0.6558667453125 0.31721698125 0.6440742921875 0.3211477984375 0.6371953609375 0.3280267296875 0.635229953125 0.331957546875 0.6362126578125 0.34669811250000004