0 0.3718493859375 0.3709016390625 0.3626280734375 0.38012295156250003 0.3564805328125 0.3944672125 0.3564805328125 0.41905737656250003 0.36057889374999996 0.42725409843750006 0.3759477453125 0.4426229515625 0.386193646875 0.4467213109375 0.40668545156249997 0.4467213109375 0.42820184375 0.4334016390625 0.43639856562499996 0.41905737656250003 0.43639856562499996 0.41290983593749997 0.44049692656249995 0.4047131140625 0.4394723359375 0.397540984375 0.43230020468749997 0.3780737703125 0.42307889374999996 0.368852459375 0.4107838109375 0.36270491875 0.388242828125 0.36270491875 0.3718493859375 0.3709016390625
0 0.811398565625 0.7366803281250001 0.8134477453125 0.7305327875 0.8124231562500001 0.5635245906249999 0.8103739750000001 0.5614754093750001 0.7796362703125 0.5614754093750001 0.75504610625 0.56967213125 0.7509477453125 0.5737704921875 0.7448002046875 0.5758196718749999 0.7232838109374999 0.5952868859375 0.7089395484375001 0.6157786890625 0.7027920078125 0.6301229515625 0.7027920078125 0.6362704921875 0.698693646875 0.64651639375 0.698693646875 0.6772540984375001 0.700742828125 0.679303278125 0.7048411890625 0.6977459015624999 0.7109887296874999 0.710040984375 0.72635758125 0.727459015625 0.7509477453125 0.741803278125 0.7591444671875001 0.741803278125 0.761193646875 0.743852459375 0.7960297125 0.743852459375 0.79807889375 0.741803278125 0.8042264343750001 0.741803278125 0.811398565625 0.7366803281250001
0 0.42102971250000004 0.90163934375 0.42307889374999996 0.903688525 0.4394723359375 0.90163934375 0.4466444671875 0.8944672125 0.4476690578125 0.8852459015624999 0.4466444671875 0.8801229515625 0.43742315625000006 0.8709016390625001 0.42512807343750003 0.868852459375 0.42307889374999996 0.866803278125 0.4128329921875 0.868852459375 0.40361167968749995 0.8801229515625 0.40361167968749995 0.8903688531249999 0.414882171875 0.90163934375 0.42102971250000004 0.90163934375
0 0.4128329921875 0.8995901640625 0.4056608609375 0.8924180328125001 0.40361167968749995 0.8821721312499999 0.40771004062499994 0.873975409375 0.402587090625 0.8709016390625001 0.3913165984375 0.8801229515625 0.3913165984375 0.8903688531249999 0.39643954843749996 0.8975409843750001 0.40873463125000004 0.903688525 0.4107838109375 0.903688525 0.41385758125 0.9006147546875001 0.4128329921875 0.8995901640625
0 0.40463627031250005 0.7602459015624999 0.393365778125 0.77151639375 0.3913165984375 0.7756147546875 0.3913165984375 0.789959015625 0.395414959375 0.7981557375 0.40668545156249997 0.8094262296875 0.416931353125 0.813524590625 0.429226434375 0.813524590625 0.4312756140625 0.811475409375 0.43742315625000006 0.811475409375 0.450742828125 0.8002049187500001 0.45484118906250004 0.789959015625 0.45381659843750005 0.778688525 0.450742828125 0.7694672125 0.443570696875 0.76229508125 0.4271772546875 0.756147540625 0.414882171875 0.756147540625 0.40463627031250005 0.7602459015624999
0 0.35443135312499996 0.7243852453125 0.35443135312499996 0.7325819671875 0.36057889374999996 0.7448770484375 0.367751025 0.7520491796875 0.3779969265625 0.756147540625 0.39439036875 0.756147540625 0.40771004062499994 0.7448770484375 0.4118084015625 0.7325819671875 0.4107838109375 0.727459015625 0.409759221875 0.7202868859375 0.39848872968750004 0.70901639375 0.3841444671875 0.702868853125 0.3759477453125 0.702868853125 0.36570184375000003 0.7069672125 0.3585297125 0.71413934375 0.35443135312499996 0.7243852453125
0 0.35135758125 0.6987704921875 0.361603484375 0.6987704921875 0.3769723359375 0.6854508203125 0.37902151562499997 0.681352459375 0.3779969265625 0.66598360625 0.36570184375000003 0.65163934375 0.3575051234375 0.647540984375 0.345210040625 0.647540984375 0.33189036875 0.6567622953125001 0.3277920078125 0.667008196875 0.3277920078125 0.67520491875 0.33189036875 0.6854508203125 0.3411116796875 0.69467213125 0.35135758125 0.6987704921875
0 0.32984118906250004 0.710040984375 0.33189036875 0.716188525 0.3411116796875 0.727459015625 0.3534067625 0.729508196875 0.3585297125 0.71413934375 0.36570184375000003 0.7069672125 0.3718493859375 0.7049180328125 0.37492315625 0.7018442625 0.373898565625 0.6987704921875 0.3698002046875 0.69467213125 0.361603484375 0.6987704921875 0.35135758125 0.6987704921875 0.3411116796875 0.6926229515625 0.3349641390625 0.6926229515625 0.32984118906250004 0.7018442625 0.32984118906250004 0.710040984375
0 0.30320184375000003 0.3842213109375 0.29705430312500003 0.39651639375 0.29705430312500003 0.41086065625 0.299103484375 0.417008196875 0.31037397499999997 0.4282786890625 0.3144723359375 0.43032786874999995 0.3288165984375 0.43032786874999995 0.3370133203125 0.42622950781249996 0.3482838109375 0.41290983593749997 0.35033299218749997 0.408811475 0.3493084015625 0.40163934375 0.3482838109375 0.3924180328125 0.3370133203125 0.3790983609375 0.3288165984375 0.375 0.318570696875 0.375 0.31242315625 0.3770491796875 0.30320184375000003 0.3842213109375
0 0.3759477453125 0.31762295156250003 0.3698002046875 0.3155737703125 0.35135758125 0.3155737703125 0.3370133203125 0.3237704921875 0.32984118906250004 0.332991803125 0.32984118906250004 0.33709016406250003 0.325742828125 0.34323770468750003 0.325742828125 0.3575819671875 0.3277920078125 0.3637295078125 0.33393954843749996 0.3719262296875 0.345210040625 0.381147540625 0.35135758125 0.381147540625 0.3534067625 0.383196721875 0.361603484375 0.381147540625 0.373898565625 0.368852459375 0.386193646875 0.36270491875 0.3902920078125 0.36270491875 0.393365778125 0.35963114687500003 0.39234118906250004 0.33811475468749996 0.3872182375 0.3268442625 0.3759477453125 0.31762295156250003
0 0.28885758125 0.36782786875 0.2909067625 0.3719262296875 0.3021772546875 0.381147540625 0.3288165984375 0.3729508203125 0.3288165984375 0.3647540984375 0.325742828125 0.35963114687500003 0.325742828125 0.34323770468750003 0.3277920078125 0.33913934375 0.3226690578125 0.33401639375 0.31037397499999997 0.3319672125 0.3001280734375 0.3360655734375 0.2929559421875 0.34323770468750003 0.28885758125 0.3514344265625 0.28885758125 0.36782786875
0 0.28885758125 0.4969262296875 0.3001280734375 0.5102459015624999 0.30422643437499997 0.51229508125 0.3144723359375 0.51229508125 0.3226690578125 0.508196721875 0.325742828125 0.5051229515625 0.3247182375 0.5020491796875 0.31242315625 0.5020491796875 0.3083247953125 0.5 0.299103484375 0.4907786890625 0.2950051234375 0.4825819671875 0.2950051234375 0.47233606562499997 0.2929559421875 0.47233606562499997 0.28885758125 0.48053278749999995 0.28885758125 0.4969262296875
1 0.3554559421875 0.41188524531250004 0.35135758125 0.41188524531250004 0.3441854515625 0.417008196875 0.338037909375 0.42725409843750006 0.33598872968750004 0.4415983609375 0.33393954843749996 0.44364754062499995 0.338037909375 0.46004098437499996 0.3421362703125 0.466188525 0.3493084015625 0.47336065625 0.361603484375 0.479508196875 0.38004610625 0.479508196875 0.3902920078125 0.47540983593749997 0.4056608609375 0.46004098437499996 0.40771004062499994 0.45594262343749997 0.40668545156249997 0.4467213109375 0.386193646875 0.4467213109375 0.3698002046875 0.438524590625 0.3585297125 0.42520491875 0.3554559421875 0.41188524531250004
1 0.299103484375 0.46004098437499996 0.2950051234375 0.4702868859375 0.2950051234375 0.4825819671875 0.29705430312500003 0.48872950781249996 0.3083247953125 0.5 0.31242315625 0.5020491796875 0.3288165984375 0.5020491796875 0.3441854515625 0.48872950781249996 0.347259221875 0.47336065625 0.34008709062500003 0.46413934375 0.3349641390625 0.452868853125 0.32676741875 0.44877049218750004 0.318570696875 0.44877049218750004 0.31652151562499997 0.450819671875 0.31037397499999997 0.450819671875 0.299103484375 0.46004098437499996
1 0.3636526640625 0.770491803125 0.38004610625 0.772540984375 0.393365778125 0.7633196718749999 0.395414959375 0.7592213109375 0.39439036875 0.756147540625 0.3779969265625 0.756147540625 0.3718493859375 0.7540983609375 0.36057889374999996 0.7448770484375 0.3554559421875 0.7336065578125 0.3534067625 0.7336065578125 0.3482838109375 0.7407786890625 0.3482838109375 0.7530737703125 0.352382171875 0.7612704921875 0.3636526640625 0.770491803125
1 0.3820952875 0.8381147546875001 0.37287397499999997 0.8452868859375 0.3708247953125 0.8555327875 0.37492315625 0.8637295078125 0.3820952875 0.868852459375 0.386193646875 0.8709016390625001 0.39848872968750004 0.8709016390625001 0.409759221875 0.8616803281250001 0.40873463125000004 0.84836065625 0.39643954843749996 0.8381147546875001 0.3820952875 0.8381147546875001
1 0.46713627031250005 0.8985655734375 0.47123463125000004 0.908811475 0.47840676249999997 0.91598360625 0.4968493859375 0.9241803281250001 0.51939036875 0.9221311468750001 0.527587090625 0.9180327875 0.527587090625 0.91598360625 0.5070952875 0.909836065625 0.4958247953125 0.8985655734375 0.491726434375 0.8924180328125001 0.49070184375 0.868852459375 0.4804559421875 0.8729508203125 0.46918545156249997 0.8842213109375001 0.46713627031250005 0.8883196718749999 0.46713627031250005 0.8985655734375
1 0.5583247953125 0.8504098359375 0.5460297125 0.846311475 0.5214395484375001 0.846311475 0.5070952875 0.8524590156249999 0.49787397499999997 0.8616803281250001 0.491726434375 0.8719262296875 0.4896772546875 0.8842213109375001 0.4958247953125 0.8985655734375 0.5070952875 0.909836065625 0.5173411890625 0.9139344265625 0.5316854515625 0.91598360625 0.53373463125 0.9139344265625 0.5460297125 0.9139344265625 0.560373975 0.9077868859375 0.573693646875 0.8903688531249999 0.575742828125 0.8842213109375001 0.5747182375000001 0.8729508203125 0.5716444671875001 0.8637295078125 0.5654969265625 0.8555327875 0.5583247953125 0.8504098359375
1 0.46611167968749995 0.9508196718749999 0.45689036875 0.9579918031249999 0.45484118906250004 0.966188525 0.46201332031250003 0.9754098359375 0.47021004062499994 0.9795081968750001 0.4886526640625 0.9795081968750001 0.49787397499999997 0.972336065625 0.49992315625000006 0.9682377046875 0.49889856562499996 0.9610655734375 0.48660348437499995 0.9508196718749999 0.46611167968749995 0.9508196718749999
1 0.4333247953125 0.903688525 0.4128329921875 0.90163934375 0.409759221875 0.9047131140625 0.409759221875 0.9149590156249999 0.42307889374999996 0.9262295078125 0.43742315625000006 0.9282786890624999 0.44869364687499996 0.9211065578125 0.450742828125 0.9170081968750001 0.44971823750000006 0.9057377046875 0.443570696875 0.8995901640625 0.4333247953125 0.903688525
1 0.544166821875 1 0.5439805328125 0.9979508203125 0.53373463125 0.9897540984375001 0.511193646875 0.9897540984375001 0.49992315625000006 0.9969262296875 0.49915471250000004 1 0.544166821875 1
2 0.3288165984375 0.229508196875 0.3370133203125 0.2254098359375 0.34623463125 0.21618852500000002 0.3482838109375 0.2120901640625 0.347259221875 0.1967213109375 0.3441854515625 0.1915983609375 0.3370133203125 0.186475409375 0.318570696875 0.186475409375 0.3144723359375 0.188524590625 0.30320184375000003 0.2018442625 0.30320184375000003 0.2182377046875 0.3073002046875 0.2243852453125 0.3144723359375 0.229508196875 0.3288165984375 0.229508196875
2 0.3575051234375 0.1209016390625 0.36672643437499997 0.11168032812499999 0.367751025 0.102459015625 0.36672643437499997 0.097336065625 0.35955430312500003 0.090163934375 0.345210040625 0.08811475468749999 0.332914959375 0.0942622953125 0.325742828125 0.10143442656249999 0.323693646875 0.11372950781249999 0.325742828125 0.11782786875 0.3349641390625 0.125 0.3493084015625 0.125 0.3575051234375 0.1209016390625
2 0.40771004062499994 0.058401639062499996 0.409759221875 0.054303278125 0.40873463125000004 0.0450819671875 0.400537909375 0.034836065625 0.39439036875 0.032786885937499996 0.3779969265625 0.034836065625 0.3698002046875 0.0389344265625 0.3626280734375 0.0461065578125 0.3585297125 0.058401639062499996 0.3698002046875 0.0717213109375 0.3902920078125 0.0717213109375 0.39848872968750004 0.0676229515625 0.40771004062499994 0.058401639062499996
2 0.3820952875 0.032786885937499996 0.38004610625 0.0307377046875 0.367751025 0.0307377046875 0.3575051234375 0.034836065625 0.3482838109375 0.0440573765625 0.3482838109375 0.056352459375 0.3534067625 0.061475409375 0.35955430312500003 0.061475409375 0.3626280734375 0.0461065578125 0.3698002046875 0.0389344265625 0.3820952875 0.034836065625 0.3820952875 0.032786885937499996