1 0.33948412656250004 0.56865079375 0.34742063437500004 0.5626984125 0.3603174609375 0.5478174609375001 0.3603174609375 0.54384920625 0.366269840625 0.5319444437499999 0.366269840625 0.5041666671875 0.3603174609375 0.4863095234375 0.34940476249999997 0.4734126984375 0.3375 0.465476190625 0.3255952375 0.46150793593749995 0.3117063484375 0.46150793593749995 0.28789682499999997 0.46944444374999994 0.275 0.4803571421875 0.26904761875 0.48829365156250004 0.265079365625 0.4982142859375 0.265079365625 0.5041666671875 0.2611111109375 0.512103175 0.2611111109375 0.527976190625 0.26904761875 0.5498015875 0.289880953125 0.5706349203125 0.29384920625 0.5706349203125 0.2998015875 0.574603175 0.3265873015625 0.5736111109375 0.33948412656250004 0.56865079375
1 0.0448412703125 0.4605158734375 0.0448412703125 0.45654761875 0.0418650796875 0.45357142812499995 0.039880953125 0.45357142812499995 0.037896825 0.45555555625000005 0.033928571875 0.45555555625000005 0.0289682546875 0.4605158734375 0.0289682546875 0.4625 0.0269841265625 0.4644841265625 0.0269841265625 0.46646825468750003 0.025 0.46845238125 0.025 0.4803571421875 0.027976190625 0.48333333281249996 0.037896825 0.48333333281249996 0.0388888890625 0.4823412703125 0.040873015624999995 0.4803571421875 0.040873015624999995 0.4704365078125 0.0428571421875 0.46845238125 0.0428571421875 0.4625 0.0448412703125 0.4605158734375
0 0.040873015624999995 0.484325396875 0.0428571421875 0.490277778125 0.0498015875 0.49920634843749995 0.0517857140625 0.49920634843749995 0.053769840624999996 0.5011904765625 0.0617063484375 0.5011904765625 0.0626984125 0.5001984125 0.065674603125 0.49920634843749995 0.0706349203125 0.49424603125 0.0706349203125 0.4922619046875 0.07261904687500001 0.490277778125 0.07261904687500001 0.4863095234375 0.074603175 0.484325396875 0.074603175 0.46646825468750003 0.07261904687500001 0.4644841265625 0.07261904687500001 0.4605158734375 0.0706349203125 0.45853174531249996 0.0706349203125 0.45654761875 0.065674603125 0.4515873015625 0.0636904765625 0.4515873015625 0.0617063484375 0.449603175 0.053769840624999996 0.449603175 0.0517857140625 0.4515873015625 0.0498015875 0.4515873015625 0.0448412703125 0.45654761875 0.0448412703125 0.45853174531249996 0.040873015624999995 0.4644841265625 0.040873015624999995 0.4763888890625 0.0388888890625 0.478373015625 0.0388888890625 0.4823412703125 0.040873015624999995 0.484325396875
0 0.046825396875 0.49623015937500004 0.037896825 0.48333333281249996 0.033928571875 0.48333333281249996 0.03194444375 0.48134920625 0.025992064062499997 0.48134920625 0.015079365624999999 0.4922619046875 0.015079365624999999 0.49623015937500004 0.0130952375 0.4982142859375 0.0130952375 0.516071428125 0.015079365624999999 0.51805555625 0.015079365624999999 0.522023809375 0.0200396828125 0.53095238125 0.022023809375 0.53095238125 0.027976190625 0.5349206343749999 0.0329365078125 0.533928571875 0.039880953125 0.53095238125 0.0448412703125 0.522023809375 0.0448412703125 0.512103175 0.046825396875 0.510119046875 0.046825396875 0.49623015937500004
2 0.078571428125 0.4486111109375 0.0835317453125 0.447619046875 0.090476190625 0.4426587296875 0.09642857187500001 0.4248015875 0.09444444375 0.42281746093750006 0.0924603171875 0.4109126984375 0.0855158734375 0.40595238125 0.0755952375 0.40595238125 0.06865079375000001 0.41289682499999997 0.0626984125 0.43075396875000005 0.0666666671875 0.4426587296875 0.07162698437500001 0.447619046875 0.078571428125 0.4486111109375
1 0.11825396875000001 0.4049603171875 0.1261904765625 0.3990079359375 0.1301587296875 0.391071428125 0.1301587296875 0.3791666671875 0.1251984125 0.36825396875 0.121230159375 0.366269840625 0.1113095234375 0.366269840625 0.100396825 0.3791666671875 0.0984126984375 0.39305555625 0.100396825 0.3990079359375 0.1053571421875 0.40396825468750003 0.10932539687500001 0.40595238125 0.11825396875000001 0.4049603171875
1 0.15595238125 0.3771825390625 0.15992063437499998 0.371230159375 0.15992063437499998 0.35734127031249996 0.152976190625 0.3484126984375 0.14305555625 0.346428571875 0.1390873015625 0.3484126984375 0.128174603125 0.3613095234375 0.128174603125 0.3771825390625 0.135119046875 0.3861111109375 0.15 0.385119046875 0.15595238125 0.38115079375 0.15595238125 0.3771825390625
1 0.199603175 0.32956349218750003 0.199603175 0.3196428578125 0.1926587296875 0.3107142859375 0.18273809531250002 0.3107142859375 0.178769840625 0.31269841249999997 0.16984127031250001 0.3236111109375 0.16984127031250001 0.3375 0.17678571406250002 0.34444444375 0.18075396875 0.346428571875 0.1857142859375 0.3454365078125 0.19563492031250002 0.33948412656250004 0.199603175 0.32956349218750003
1 0.2978174609375 0.2630952375 0.2859126984375 0.265079365625 0.275 0.277976190625 0.275 0.28789682499999997 0.27698412656250004 0.29186507968750003 0.28789682499999997 0.2988095234375 0.29484127031249996 0.2978174609375 0.2978174609375 0.296825396875 0.308730159375 0.283928571875 0.308730159375 0.272023809375 0.2978174609375 0.2630952375
0 0.37519841249999997 0.24523809531250002 0.359325396875 0.24523809531250002 0.35535714218750003 0.24722222187499998 0.346428571875 0.25813492031249996 0.346428571875 0.2700396828125 0.35535714218750003 0.2789682546875 0.366269840625 0.2799603171875 0.37519841249999997 0.27698412656250004 0.38412698437500004 0.2640873015625 0.38412698437500004 0.25615079375 0.37519841249999997 0.24523809531250002
1 0.37519841249999997 0.24523809531250002 0.359325396875 0.24523809531250002 0.35535714218750003 0.24722222187499998 0.346428571875 0.25813492031249996 0.346428571875 0.2700396828125 0.35535714218750003 0.2789682546875 0.366269840625 0.2799603171875 0.37519841249999997 0.27698412656250004 0.38412698437500004 0.2640873015625 0.38412698437500004 0.25615079375 0.37519841249999997 0.24523809531250002
0 0.4605158734375 0.25515872968750003 0.4644841265625 0.2571428578125 0.47142857187500004 0.25615079375 0.4763888890625 0.25515872968750003 0.48531746093750006 0.24623015937499998 0.4873015875 0.234325396875 0.4803571421875 0.2234126984375 0.4763888890625 0.22142857187499998 0.4644841265625 0.22142857187499998 0.4515873015625 0.2303571421875 0.449603175 0.234325396875 0.449603175 0.24424603125000002 0.45357142812499995 0.25019841249999997 0.4605158734375 0.25515872968750003
0 0.5517857140625 0.24325396875 0.5666666671875 0.2422619046875 0.5765873015625 0.2303571421875 0.574603175 0.21845238125000002 0.571626984375 0.215476190625 0.54384920625 0.215476190625 0.540873015625 0.2204365078125 0.540873015625 0.2303571421875 0.5428571421874999 0.234325396875 0.5517857140625 0.24325396875
1 0.6390873015625 0.2630952375 0.6291666671875 0.2571428578125 0.6232142859375001 0.2571428578125 0.621230159375 0.25515872968750003 0.609325396875 0.2571428578125 0.5994047625000001 0.2630952375 0.5944444437499999 0.2700396828125 0.5924603171875 0.2740079359375 0.5924603171875 0.289880953125 0.596428571875 0.2978174609375 0.609325396875 0.308730159375 0.6132936515625 0.3107142859375 0.628174603125 0.309722221875 0.6331349203125 0.308730159375 0.6460317453125 0.2978174609375 0.6480158734375 0.2859126984375 0.65 0.283928571875 0.6480158734375 0.2740079359375 0.6390873015625 0.2630952375
2 0.6053571421874999 0.2234126984375 0.59345238125 0.2234126984375 0.5825396828125 0.2303571421875 0.578571428125 0.2382936515625 0.578571428125 0.24424603125000002 0.58055555625 0.25019841249999997 0.5894841265624999 0.25912698437500004 0.5974206343749999 0.2630952375 0.600396825 0.262103175 0.603373015625 0.2611111109375 0.60634920625 0.25615079375 0.6043650796875 0.2541666671875 0.6043650796875 0.2422619046875 0.6132936515625 0.2353174609375 0.616269840625 0.2303571421875 0.6113095234375 0.22539682499999997 0.6053571421874999 0.2234126984375
2 0.65 0.25019841249999997 0.6460317453125 0.240277778125 0.6390873015625 0.23333333281250002 0.6232142859375001 0.22936507968750003 0.6113095234375 0.2353174609375 0.6043650796875 0.2422619046875 0.6053571421874999 0.2571428578125 0.6291666671875 0.2571428578125 0.641071428125 0.265079365625 0.6440476187499999 0.2640873015625 0.6480158734375 0.260119046875 0.65 0.25019841249999997
2 0.6857142859375001 0.2859126984375 0.6986111109375 0.296825396875 0.7174603171875 0.2958333328125 0.725396825 0.29186507968750003 0.73134920625 0.2799603171875 0.73134920625 0.2740079359375 0.725396825 0.260119046875 0.7144841265624999 0.25119047656250004 0.7085317453125 0.2492063484375 0.6986111109375 0.2492063484375 0.690674603125 0.253174603125 0.68174603125 0.2640873015625 0.68174603125 0.2799603171875 0.6857142859375001 0.2859126984375
2 0.6579365078125 0.2482142859375 0.6708333328125 0.23730158750000002 0.6827380953125 0.23730158750000002 0.6886904765625 0.2392857140625 0.6926587296875 0.24325396875 0.6946428578125 0.24325396875 0.6956349203125 0.240277778125 0.69365079375 0.23630952343749997 0.6827380953125 0.227380953125 0.6668650796875 0.227380953125 0.65595238125 0.23630952343749997 0.65595238125 0.2482142859375 0.6579365078125 0.2482142859375
2 0.6767857140625 0.215476190625 0.671825396875 0.2204365078125 0.671825396875 0.22638888906250001 0.68075396875 0.227380953125 0.6886904765625 0.23134920625 0.6956349203125 0.24424603125000002 0.699603175 0.24424603125000002 0.70555555625 0.2382936515625 0.70555555625 0.2303571421875 0.699603175 0.2204365078125 0.6926587296875 0.215476190625 0.6767857140625 0.215476190625
1 0.6728174609375001 0.23730158750000002 0.6599206343749999 0.24424603125000002 0.65595238125 0.25019841249999997 0.65595238125 0.262103175 0.6599206343749999 0.2700396828125 0.6708333328125 0.28095238125 0.68174603125 0.2799603171875 0.68174603125 0.272023809375 0.6797619046875 0.2700396828125 0.68174603125 0.2640873015625 0.683730159375 0.260119046875 0.697619046875 0.2482142859375 0.6926587296875 0.241269840625 0.6886904765625 0.241269840625 0.6827380953125 0.23730158750000002 0.6728174609375001 0.23730158750000002
1 0.6043650796875 0.2204365078125 0.6073412703125001 0.22539682499999997 0.6132936515625 0.227380953125 0.6172619046875 0.23134920625 0.6380952375 0.2303571421875 0.6251984125 0.215476190625 0.6113095234375 0.215476190625 0.6043650796875 0.2204365078125
0 0.640079365625 0.2303571421875 0.6420634921875 0.23630952343749997 0.6450396828125 0.2392857140625 0.6519841265624999 0.240277778125 0.6698412703125001 0.2244047625 0.6708333328125 0.215476190625 0.6361111109375 0.2164682546875 0.640079365625 0.222420634375 0.6460317453125 0.22638888906250001 0.640079365625 0.2303571421875
0 0.702579365625 0.215476190625 0.699603175 0.21845238125000002 0.699603175 0.222420634375 0.70555555625 0.2303571421875 0.70555555625 0.2382936515625 0.703571428125 0.240277778125 0.7085317453125 0.24325396875 0.721428571875 0.2422619046875 0.7293650796875 0.234325396875 0.7273809531250001 0.2204365078125 0.7224206343749999 0.215476190625 0.702579365625 0.215476190625
0 0.702579365625 0.215476190625 0.699603175 0.21845238125000002 0.699603175 0.222420634375 0.70555555625 0.2303571421875 0.70555555625 0.240277778125 0.7085317453125 0.24325396875 0.721428571875 0.2422619046875 0.7293650796875 0.234325396875 0.7293650796875 0.22837301562499998 0.725396825 0.21845238125000002 0.7224206343749999 0.215476190625 0.702579365625 0.215476190625
0 0.7333333328125 0.240277778125 0.7422619046875 0.25119047656250004 0.746230159375 0.253174603125 0.7551587296875 0.2521825390625 0.7630952375 0.24623015937499998 0.7630952375 0.2303571421875 0.7521825390625 0.22142857187499998 0.74424603125 0.22142857187499998 0.7333333328125 0.2303571421875 0.7333333328125 0.240277778125
0 0.73134920625 0.23630952343749997 0.7333333328125 0.234325396875 0.7333333328125 0.22638888906250001 0.7363095234375 0.2234126984375 0.7382936515625 0.2234126984375 0.7402777781250001 0.22142857187499998 0.7482142859375001 0.22142857187499998 0.7492063484375 0.2204365078125 0.7492063484375 0.2164682546875 0.7482142859375001 0.215476190625 0.728373015625 0.215476190625 0.7273809531250001 0.2164682546875 0.7273809531250001 0.2303571421875 0.7293650796875 0.2323412703125 0.7293650796875 0.23630952343749997 0.7303571421874999 0.23730158750000002 0.73134920625 0.23630952343749997
1 0.7700396828125 0.25119047656250004 0.7759920640625 0.25119047656250004 0.7769841265624999 0.25019841249999997 0.7799603171875 0.24722222187499998 0.7819444437499999 0.24722222187499998 0.7829365078125 0.24623015937499998 0.7829365078125 0.24424603125000002 0.7849206343749999 0.2422619046875 0.7849206343749999 0.2323412703125 0.7829365078125 0.2303571421875 0.7829365078125 0.22837301562499998 0.777976190625 0.2234126984375 0.7759920640625 0.2234126984375 0.7740079359375 0.22142857187499998 0.772023809375 0.22142857187499998 0.7700396828125 0.21944444375 0.7640873015625 0.21944444375 0.762103175 0.22142857187499998 0.760119046875 0.22142857187499998 0.7571428578125 0.2244047625 0.7611111109375 0.22837301562499998 0.7611111109375 0.2303571421875 0.7630952375 0.2323412703125 0.7630952375 0.2482142859375 0.7640873015625 0.2492063484375 0.76805555625 0.2492063484375 0.7700396828125 0.25119047656250004
1 0.7988095234375 0.2422619046875 0.7988095234375 0.2382936515625 0.8047619046875001 0.2323412703125 0.8027777781250001 0.2303571421875 0.8027777781250001 0.22837301562499998 0.7998015875 0.22539682499999997 0.7978174609375001 0.22539682499999997 0.79384920625 0.22142857187499998 0.783928571875 0.22142857187499998 0.78095238125 0.2244047625 0.78095238125 0.22638888906250001 0.7829365078125 0.22837301562499998 0.7829365078125 0.2303571421875 0.7849206343749999 0.2323412703125 0.7849206343749999 0.2422619046875 0.7829365078125 0.24424603125000002 0.787896825 0.2492063484375 0.7918650796875 0.2492063484375 0.79384920625 0.25119047656250004 0.7958333328125 0.25119047656250004 0.796825396875 0.25019841249999997 0.796825396875 0.24424603125000002 0.7988095234375 0.2422619046875
2 0.796825396875 0.2422619046875 0.796825396875 0.2482142859375 0.7988095234375 0.25019841249999997 0.7988095234375 0.2521825390625 0.80575396875 0.25912698437500004 0.8077380953125 0.25912698437500004 0.808730159375 0.25813492031249996 0.8176587296875001 0.2492063484375 0.8236111109375001 0.2492063484375 0.8265873015625 0.24623015937499998 0.8265873015625 0.24424603125000002 0.815674603125 0.23333333281250002 0.803769840625 0.23333333281250002 0.7988095234375 0.2382936515625 0.7988095234375 0.240277778125 0.796825396875 0.2422619046875
1 0.8126984125 0.2740079359375 0.8126984125 0.2759920640625 0.8176587296875001 0.28095238125 0.81865079375 0.2799603171875 0.81865079375 0.277976190625 0.8206349203125001 0.2759920640625 0.8206349203125001 0.2740079359375 0.822619046875 0.272023809375 0.822619046875 0.2700396828125 0.8255952375 0.26706349218750003 0.827579365625 0.26706349218750003 0.8295634921874999 0.265079365625 0.8414682546875 0.265079365625 0.8424603171875 0.2640873015625 0.8424603171875 0.262103175 0.8384920640625 0.25813492031249996 0.8384920640625 0.25615079375 0.8355158734374999 0.253174603125 0.8335317453125001 0.253174603125 0.8295634921874999 0.2492063484375 0.815674603125 0.2492063484375 0.8107142859375 0.2541666671875 0.8107142859375 0.25615079375 0.808730159375 0.25813492031249996 0.808730159375 0.26805555625 0.8107142859375 0.2700396828125 0.8107142859375 0.272023809375 0.8126984125 0.2740079359375
1 0.859325396875 0.2789682546875 0.8603174609375 0.277976190625 0.8603174609375 0.2759920640625 0.8623015875 0.2740079359375 0.8623015875 0.272023809375 0.8642857140625001 0.2700396828125 0.8642857140625001 0.2640873015625 0.8623015875 0.262103175 0.8623015875 0.260119046875 0.8603174609375 0.25813492031249996 0.8603174609375 0.25615079375 0.853373015625 0.2492063484375 0.8513888890624999 0.2492063484375 0.8494047625000001 0.24722222187499998 0.8394841265625 0.24722222187499998 0.834523809375 0.2521825390625 0.8384920640625 0.25615079375 0.8384920640625 0.25813492031249996 0.840476190625 0.260119046875 0.840476190625 0.262103175 0.8424603171875 0.2640873015625 0.8424603171875 0.266071428125 0.8454365078125001 0.26904761875 0.8474206343749999 0.26904761875 0.8573412703125 0.2789682546875 0.859325396875 0.2789682546875
1 0.8315476187499999 0.3047619046875 0.8375 0.308730159375 0.84345238125 0.308730159375 0.8444444437499999 0.3077380953125 0.8454365078125001 0.30674603125 0.8494047625000001 0.30674603125 0.85634920625 0.2998015875 0.85634920625 0.2978174609375 0.8583333328125 0.2958333328125 0.8583333328125 0.283928571875 0.85634920625 0.28194444375 0.85634920625 0.277976190625 0.8474206343749999 0.26904761875 0.8454365078125001 0.26904761875 0.8414682546875 0.265079365625 0.8295634921874999 0.265079365625 0.822619046875 0.2700396828125 0.822619046875 0.272023809375 0.81865079375 0.277976190625 0.81865079375 0.2859126984375 0.8206349203125001 0.28789682499999997 0.8206349203125001 0.29186507968750003 0.822619046875 0.29384920625 0.822619046875 0.2958333328125 0.8265873015625 0.2998015875 0.8265873015625 0.3017857140625 0.8295634921874999 0.3047619046875 0.8315476187499999 0.3047619046875
2 0.872222221875 0.32956349218750003 0.8771825390625001 0.334523809375 0.878174603125 0.3335317453125 0.8801587296875001 0.3255952375 0.887103175 0.31865079375 0.9039682546875 0.315674603125 0.9019841265625 0.30575396875 0.8950396828124999 0.2988095234375 0.887103175 0.29484127031249996 0.8771825390625001 0.296825396875 0.8702380953125 0.303769840625 0.86825396875 0.309722221875 0.8702380953125 0.3255952375 0.872222221875 0.32956349218750003
2 0.94365079375 0.34940476249999997 0.9486111109375001 0.3484126984375 0.953571428125 0.34345238125 0.95555555625 0.33948412656250004 0.95555555625 0.3255952375 0.9515873015625 0.31765872968750003 0.940674603125 0.30674603125 0.9327380953125 0.30674603125 0.9238095234375001 0.31369047656250004 0.921825396875 0.3255952375 0.9277777781250001 0.33948412656250004 0.9367063484375 0.3484126984375 0.94365079375 0.34940476249999997
2 0.8801587296875001 0.3513888890625 0.8861111109375001 0.3613095234375 0.8950396828124999 0.36825396875 0.9009920640625 0.3702380953125 0.9099206343749999 0.36924603125 0.9148809531250001 0.36825396875 0.921825396875 0.359325396875 0.9238095234375001 0.353373015625 0.9238095234375001 0.33948412656250004 0.9109126984374999 0.32063492031249996 0.902976190625 0.3166666671875 0.891071428125 0.3166666671875 0.887103175 0.31865079375 0.878174603125 0.32956349218750003 0.8801587296875001 0.3513888890625
0 0.6043650796875 0.472420634375 0.6123015875 0.45654761875 0.6142857140625 0.434722221875 0.60634920625 0.41289682499999997 0.5914682546875001 0.3980158734375 0.571626984375 0.3880952375 0.5458333328125 0.3880952375 0.5319444437499999 0.39404761875 0.515079365625 0.4109126984375 0.5071428578125 0.43075396875000005 0.5071428578125 0.45059523749999997 0.515079365625 0.4704365078125 0.527976190625 0.48333333281249996 0.54384920625 0.49126984062499995 0.5607142859375001 0.4922619046875 0.5736111109375 0.49126984062499995 0.5795634921875 0.4873015875 0.5835317453125 0.4873015875 0.5974206343749999 0.47936507968750003 0.6043650796875 0.472420634375
1 0.6956349203125 0.391071428125 0.6728174609375001 0.3702380953125 0.662896825 0.366269840625 0.6390873015625 0.366269840625 0.6232142859375001 0.3742063484375 0.6103174609375001 0.387103175 0.60634920625 0.397023809375 0.6043650796875 0.40694444374999994 0.6142857140625 0.42876984062499995 0.6142857140625 0.4446428578125 0.6271825390625 0.4575396828125 0.635119046875 0.46150793593749995 0.6450396828125 0.46150793593749995 0.647023809375 0.46349206406250004 0.665873015625 0.4625 0.68075396875 0.4575396828125 0.6956349203125 0.4426587296875 0.7015873015625 0.4267857140625 0.7015873015625 0.402976190625 0.6956349203125 0.391071428125
1 0.7501984125 0.31865079375 0.7363095234375 0.3265873015625 0.7293650796875 0.3355158734375 0.7273809531250001 0.3414682546875 0.7273809531250001 0.3613095234375 0.7333333328125 0.37519841249999997 0.746230159375 0.3880952375 0.7640873015625 0.39404761875 0.7710317453125 0.39305555625 0.783928571875 0.3880952375 0.7948412703125001 0.37519841249999997 0.796825396875 0.371230159375 0.796825396875 0.34940476249999997 0.790873015625 0.3355158734375 0.7799603171875 0.324603175 0.766071428125 0.31865079375 0.7501984125 0.31865079375
1 0.3950396828125 0.3325396828125 0.38115079375 0.3384920640625 0.3702380953125 0.34940476249999997 0.3642857140625 0.3613095234375 0.3623015875 0.38115079375 0.3702380953125 0.3990079359375 0.3771825390625 0.40595238125 0.39305555625 0.4119047625 0.4119047625 0.4109126984375 0.4267857140625 0.40396825468750003 0.4357142859375 0.39305555625 0.44166666718750003 0.38115079375 0.44166666718750003 0.3632936515625 0.4357142859375 0.34940476249999997 0.4248015875 0.3384920640625 0.40892857187500004 0.3325396828125 0.3950396828125 0.3325396828125