1 0.404909240625 0.415841584375 0.417285478125 0.407590759375 0.43275577500000006 0.39005775625 0.43688118749999993 0.37768151875 0.43688118749999993 0.363242575 0.43069306875 0.34674092343749996 0.41316006562499996 0.3312706265625 0.40078382812499996 0.3271452140625 0.380156765625 0.3292079203125 0.367780528125 0.33539603906250004 0.35643564375 0.34467821718749997 0.34818481874999996 0.36117986874999997 0.34818481874999996 0.3838696375 0.35643564375 0.40037128749999995 0.367780528125 0.41171617187500004 0.3873762375 0.4168729375 0.394595709375 0.417904290625 0.39665841562500004 0.415841584375 0.404909240625 0.415841584375
1 0.34818481874999996 0.36117986874999997 0.35231023125 0.3508663359375 0.361592409375 0.3395214515625 0.3708745875 0.3323019796875 0.3708745875 0.3281765671875 0.36468646875 0.3158003296875 0.357466996875 0.3085808578125 0.343028053125 0.30239273906249997 0.328589109375 0.30239273906249997 0.314150165625 0.3085808578125 0.3048679875 0.3178630359375 0.29867986874999997 0.33023927343750004 0.29867986874999997 0.34467821718749997 0.3048679875 0.35705445468749997 0.316212871875 0.370462046875 0.32549505 0.37355610625 0.343028053125 0.374587459375 0.34818481874999996 0.36943069375 0.34818481874999996 0.36117986874999997
2 0.2337046203125 0.498349834375 0.2522689765625 0.488036303125 0.2656765671875 0.47256600625 0.2698019796875 0.462252475 0.2698019796875 0.45400165000000003 0.2718646859375 0.45193894375 0.2698019796875 0.4251237625 0.2615511546875 0.41068481874999996 0.2419554453125 0.395214521875 0.2295792078125 0.391089109375 0.2130775578125 0.391089109375 0.1986386140625 0.397277228125 0.1872937296875 0.40655940625 0.1790429046875 0.4168729375 0.1728547859375 0.4333745875 0.1728547859375 0.46018976875 0.1790429046875 0.47669141875000004 0.1903877890625 0.490099009375 0.20070132031250001 0.496287128125 0.2068894390625 0.496287128125 0.21204620468750002 0.49938118749999993 0.22545379531249998 0.500412540625 0.22751650156249997 0.498349834375 0.2337046203125 0.498349834375
2 0.5998349828125 0.4705033 0.6101485156249999 0.4498762375 0.6101485156249999 0.43131188125 0.6080858078125 0.429249175 0.6080858078125 0.42306105625 0.5977722765625 0.4044967 0.5864273921875001 0.395214521875 0.5658003296875 0.386963696875 0.5513613859375 0.386963696875 0.5307343234374999 0.395214521875 0.5152640265625 0.41068481874999996 0.5090759078125 0.42306105625 0.5090759078125 0.43543729375 0.5070132015625 0.4375 0.5090759078125 0.43956270625 0.5111386140625 0.46018976875 0.5173267328125 0.4705033 0.5286716171875 0.481848184375 0.5472359734375 0.490099009375 0.5565181515625001 0.49113036250000003 0.5719884484375 0.490099009375 0.5864273921875001 0.483910890625 0.5998349828125 0.4705033
2 0.4533828390625 0.34055280468750004 0.45750825156249997 0.3323019796875 0.45750825156249997 0.3137376234375 0.4533828390625 0.3054867984375 0.444100659375 0.2962046203125 0.435849834375 0.29207920781249996 0.415222771875 0.29207920781249996 0.406971946875 0.2962046203125 0.3956270625 0.3075495046875 0.39150165000000003 0.3158003296875 0.39150165000000003 0.3261138609375 0.40284653437499995 0.3271452140625 0.417285478125 0.3333333328125 0.43481848125000006 0.3529290421875 0.437912540625 0.3539603953125 0.44616336562500003 0.3498349828125 0.4533828390625 0.34055280468750004
2 0.5503300328125 0.3240511546875 0.5503300328125 0.3158003296875 0.5544554453125 0.3054867984375 0.5627062703125 0.29723597343749997 0.5565181515625001 0.28485973593749997 0.5451732671875 0.27764026406250003 0.5286716171875 0.27764026406250003 0.5204207921874999 0.28176567656249996 0.5111386140625 0.2931105609375 0.5111386140625 0.3096122109375 0.5152640265625 0.3178630359375 0.5224834984375 0.32508250781250003 0.5297029703125 0.3281765671875 0.5431105609375 0.3292079203125 0.5472359734375 0.3271452140625 0.5503300328125 0.3240511546875
2 0.6060231015624999 0.3364273921875 0.6101485156249999 0.3240511546875 0.6060231015624999 0.3096122109375 0.5946782171875 0.2982673265625 0.5843646859375 0.2941419140625 0.5719884484375 0.2941419140625 0.5616749171875 0.2982673265625 0.5544554453125 0.3054867984375 0.5523927390625001 0.3178630359375 0.5503300328125 0.31992574218750003 0.5523927390625001 0.33023927343750004 0.5585808578125 0.34055280468750004 0.5637376234375 0.3457095703125 0.5771452140625 0.3488036296875 0.5884900984375 0.3498349828125 0.5967409234375001 0.3457095703125 0.6060231015624999 0.3364273921875
2 0.7937293734375 0.36530528125 0.7937293734375 0.3508663359375 0.7916666671875 0.34467821718749997 0.7844471953125 0.33539603906250004 0.7761963703125 0.3312706265625 0.7658828390625 0.3312706265625 0.761757425 0.3333333328125 0.754537953125 0.34055280468750004 0.752475246875 0.34674092343749996 0.752475246875 0.36117986874999997 0.756600659375 0.36943069375 0.761757425 0.374587459375 0.7689768984375001 0.37768151875 0.7803217828125 0.378712871875 0.7844471953125 0.376650165625 0.7937293734375 0.36530528125
2 0.97731023125 0.47462871250000005 0.97731023125 0.462252475 0.9731848187500001 0.45400165000000003 0.9618399343749999 0.44471947187499994 0.953589109375 0.446782178125 0.9463696374999999 0.45400165000000003 0.9443069312500001 0.46018976875 0.9443069312500001 0.47669141875000004 0.9484323437500001 0.48494224375000006 0.95668316875 0.49113036250000003 0.9659653468749999 0.492161715625 0.9731848187500001 0.48494224375000006 0.97731023125 0.47462871250000005
1 1 0.41864097187500005 0.998968646875 0.417904290625 0.9938118812500001 0.42306105625 0.9938118812500001 0.43131188125 1 0.4375 1 0.41864097187500005
1 0.974216171875 0.393151815625 0.9700907593749999 0.393151815625 0.9649339937500001 0.39830858125 0.9649339937500001 0.40655940625 0.9700907593749999 0.413778878125 0.9731848187500001 0.41481023125 0.9793729375 0.412747525 0.98143564375 0.40037128749999995 0.974216171875 0.393151815625
1 0.96080858125 0.39418316875000003 0.955651815625 0.384900990625 0.9494636968749999 0.382838284375 0.9422442249999999 0.3921204625 0.9443069312500001 0.39418316875000003 0.9443069312500001 0.40037128749999995 0.95049505 0.4044967 0.955651815625 0.405528053125 0.958745875 0.40243399375 0.96080858125 0.39418316875000003
1 0.9484323437500001 0.379744225 0.9463696374999999 0.37355610625 0.9412128718749999 0.368399340625 0.937087459375 0.368399340625 0.93193069375 0.3714934 0.93193069375 0.3838696375 0.94018151875 0.39005775625 0.9412128718749999 0.391089109375 0.9463696374999999 0.38593234375 0.9484323437500001 0.379744225