1 0.6605113640625 0.8652597406250001 0.6706574671875 0.8612012984374999 0.677759740625 0.8540990265625 0.6797889609375 0.8419237015625001 0.6706574671875 0.8327922078125001 0.6584821421875 0.8307629875 0.6473214281249999 0.8419237015625001 0.6442775968750001 0.8490259734375 0.6432629875 0.8561282468750001 0.650365259375 0.86323051875 0.6605113640625 0.8652597406250001
1 0.47585227343750003 0.5892857140625 0.49614448125 0.5994318187500001 0.5265827921875 0.6014610390625 0.5509334421875 0.5913149343749999 0.5681818187500001 0.5740665578125 0.5762987015625 0.5578327921875 0.5762987015625 0.5497159093749999 0.5783279218749999 0.5476866890625 0.5783279218749999 0.5213068187500001 0.572240259375 0.5050730515625 0.5529626624999999 0.483766234375 0.5286120125 0.471590909375 0.5042613640625 0.471590909375 0.49614448125 0.47564935 0.49005681875 0.47564935 0.47382305156250004 0.483766234375 0.45860389687499997 0.5010146109375 0.45150162343750005 0.5223214281249999 0.4504870125 0.5537743500000001 0.45860389687499997 0.5700081171875 0.47585227343750003 0.5892857140625
1 0.5955762984375 0.552759740625 0.6128246749999999 0.5720373375000001 0.6178977265625 0.5913149343749999 0.6260146109375 0.5913149343749999 0.6442775968750001 0.5811688312500001 0.6554383109375 0.5679788968749999 0.6615259734375 0.5497159093749999 0.6615259734375 0.5375405843750001 0.6574675328125 0.52739448125 0.6574675328125 0.5213068187500001 0.6422483765625 0.5040584421875 0.6381899343749999 0.5020292203125 0.6300730515625 0.5020292203125 0.6199269484375 0.5121753250000001 0.5854301953125 0.5284090906250001 0.581371753125 0.534496753125 0.5803571421875 0.543628246875 0.5854301953125 0.5487012984375 0.5955762984375 0.552759740625
1 0.6615259734375 0.5517451296875 0.6706574671875 0.5608766234375 0.6767451296875 0.5608766234375 0.6848620125 0.5568181812499999 0.6980519484375 0.5415990265625 0.7021103890625 0.5294237015625 0.7000811687499999 0.50913149375 0.6960227265625 0.5010146109375 0.6848620125 0.49188311718750005 0.668628246875 0.5101461031250001 0.6564529218749999 0.5142045453125 0.6554383109375 0.5192775968750001 0.6615259734375 0.5355113640625 0.6615259734375 0.5517451296875
1 0.7071834421875 0.5568181812499999 0.7183441562499999 0.543628246875 0.7224025968750001 0.5334821421875 0.7203733765625 0.5111607140625 0.7112418828125 0.5 0.7071834421875 0.49797077968750003 0.7010957796875 0.49797077968750003 0.6980519484375 0.5010146109375 0.7000811687499999 0.5172483765625 0.7021103890625 0.5192775968750001 0.7021103890625 0.5294237015625 0.6980519484375 0.5415990265625 0.6909496749999999 0.55073051875 0.6899350656250001 0.5558035718750001 0.6950081171875 0.5608766234375 0.7071834421875 0.5568181812499999
1 0.5894886359375 0.41477272656249997 0.6057224031249999 0.41477272656249997 0.6199269484375 0.42086038906249995 0.6361607140625 0.43912337656249995 0.650365259375 0.43709415625 0.6605113640625 0.43100649375 0.6696428578125 0.41984577968750003 0.67573051875 0.4036120125 0.67573051875 0.387378246875 0.6676136359375 0.369115259375 0.65239448125 0.353896103125 0.6381899343749999 0.3478084421875 0.61586850625 0.3478084421875 0.6016639609375 0.353896103125 0.5925324671875 0.36302759687499997 0.5834009734375 0.3863636359375 0.5823863640625 0.405641234375 0.5854301953125 0.41274350625 0.5894886359375 0.41477272656249997
1 0.7000811687499999 0.43202110312500003 0.7041396109375 0.42390422031249997 0.7061688312500001 0.40767045468749996 0.7041396109375 0.405641234375 0.7021103890625 0.39346590937500003 0.6889204546875 0.378246753125 0.6828327921875 0.3741883109375 0.6716720781250001 0.37317370156249996 0.6716720781250001 0.3792613640625 0.67573051875 0.38534902656250003 0.67573051875 0.4036120125 0.6737012984375 0.405641234375 0.6737012984375 0.41172889687499997 0.6645698046875 0.42694805156250004 0.6635551953125 0.43202110312500003 0.6828327921875 0.447240259375 0.7000811687499999 0.43202110312500003
1 0.5691964281249999 0.6988636359375 0.5834009734375 0.7049512984375 0.59760551875 0.7049512984375 0.6199269484375 0.6968344156249999 0.6310876624999999 0.6877029218749999 0.641233765625 0.6674107140625 0.641233765625 0.6450892859375 0.6392045453125 0.6390016234375 0.6239853890625 0.621753246875 0.6199269484375 0.6197240265625 0.6138392859375 0.6197240265625 0.6107954546875 0.6268262984375 0.5874594156249999 0.6481331171875 0.5834009734375 0.6481331171875 0.5773133109375 0.6521915578125 0.5691964281249999 0.6521915578125 0.5671672078125 0.6542207796875 0.5509334421875 0.6542207796875 0.5499188312500001 0.6714691562499999 0.55600649375 0.68364448125 0.5691964281249999 0.6988636359375
1 0.641233765625 0.6674107140625 0.6371753250000001 0.6795860390625 0.6422483765625 0.6846590906250001 0.65239448125 0.6846590906250001 0.6665990265625 0.6765422078125 0.67573051875 0.66538149375 0.6818181812499999 0.64711850625 0.6797889609375 0.6369724031249999 0.6737012984375 0.6247970781250001 0.668628246875 0.6197240265625 0.6645698046875 0.6197240265625 0.65239448125 0.6298701296875 0.6381899343749999 0.6339285718750001 0.6371753250000001 0.6369724031249999 0.641233765625 0.6450892859375 0.641233765625 0.6674107140625
0 0.5834009734375 0.7414772734375 0.5935470781250001 0.7455357140625 0.61586850625 0.7455357140625 0.6260146109375 0.7414772734375 0.6432629875 0.7262581171875 0.6493506499999999 0.7100243500000001 0.6473214281249999 0.6958198046875 0.6432629875 0.6897321421875 0.6432629875 0.6856737015625 0.6381899343749999 0.6806006499999999 0.6361607140625 0.6806006499999999 0.6239853890625 0.6948051953125 0.6178977265625 0.6988636359375 0.599634740625 0.7049512984375 0.5712256499999999 0.7029220781250001 0.5702110390625 0.7242288968749999 0.572240259375 0.7303165578125 0.5834009734375 0.7414772734375
0 0.5133928578125 0.6207386359375 0.5174512984375 0.62885551875 0.5346996749999999 0.6461038968749999 0.5489042203125 0.6521915578125 0.5752840906250001 0.6521915578125 0.5935470781250001 0.6440746749999999 0.6107954546875 0.6247970781250001 0.6168831171875 0.6105925328125 0.6168831171875 0.5821834421875 0.6067370125 0.5639204546875 0.599634740625 0.5568181812499999 0.5854301953125 0.5487012984375 0.5793425328125 0.5487012984375 0.572240259375 0.5700081171875 0.5610795453125 0.5831980515625 0.5448457796875 0.5953733765625 0.5407873375000001 0.5953733765625 0.5286120125 0.6014610390625 0.512378246875 0.603490259375 0.5113636359375 0.6105925328125 0.5133928578125 0.612621753125 0.5133928578125 0.6207386359375
0 0.6381899343749999 0.6339285718750001 0.6402191562499999 0.6318993500000001 0.6463068187500001 0.6318993500000001 0.6665990265625 0.6197240265625 0.67573051875 0.6065340906250001 0.677759740625 0.594358765625 0.6797889609375 0.5923295453125 0.6797889609375 0.578125 0.6716720781250001 0.561891234375 0.6645698046875 0.5547889609375 0.6605113640625 0.5547889609375 0.6554383109375 0.5679788968749999 0.6442775968750001 0.5811688312500001 0.6280438312500001 0.5913149343749999 0.6219561687499999 0.5913149343749999 0.6178977265625 0.5953733765625 0.6168831171875 0.6166801953125 0.6280438312500001 0.6237824671875 0.6381899343749999 0.6339285718750001
0 0.69399350625 0.6105925328125 0.7021103890625 0.5963879875 0.7041396109375 0.5903003250000001 0.7041396109375 0.5760957796875 0.7000811687499999 0.5659496749999999 0.6909496749999999 0.5568181812499999 0.6848620125 0.5568181812499999 0.6737012984375 0.5639204546875 0.6797889609375 0.578125 0.6797889609375 0.594358765625 0.67573051875 0.6065340906250001 0.6706574671875 0.6136363640625 0.6706574671875 0.6197240265625 0.6848620125 0.6176948046875 0.69399350625 0.6105925328125
0 0.5702110390625 0.49898538906249995 0.5762987015625 0.5111607140625 0.5762987015625 0.5152191562499999 0.5834009734375 0.5202922078125 0.599634740625 0.5202922078125 0.6178977265625 0.5121753250000001 0.6331168828125 0.49695616875 0.6432629875 0.47260551875 0.641233765625 0.45434253281250003 0.6331168828125 0.434050325 0.6239853890625 0.42491883125 0.6178977265625 0.42288961093750005 0.6138392859375 0.41883116875 0.6016639609375 0.41680194843749996 0.599634740625 0.41477272656249997 0.581371753125 0.41477272656249997 0.5610795453125 0.42288961093750005 0.5458603890625 0.438108765625 0.5387581171875 0.459415584375 0.53774350625 0.47260551875 0.5529626624999999 0.4817370125 0.5702110390625 0.49898538906249995
0 0.6463068187500001 0.5060876624999999 0.6544237015625 0.5142045453125 0.6584821421875 0.5142045453125 0.6706574671875 0.5081168828125 0.6858766234375 0.48883928593750003 0.6879058437500001 0.46448863593749995 0.6858766234375 0.45840097343749997 0.6797889609375 0.44622565 0.6645698046875 0.43303571406249997 0.6584821421875 0.43303571406249997 0.6392045453125 0.44216720781249996 0.6432629875 0.474634740625 0.63413149375 0.49594155781250004 0.6331168828125 0.49695616875 0.6381899343749999 0.5020292203125 0.6463068187500001 0.5060876624999999
0 0.6858766234375 0.48883928593750003 0.6990665578125 0.5 0.71225649375 0.48883928593750003 0.7183441562499999 0.47666396093749996 0.7163149343749999 0.45231331093750005 0.71225649375 0.444196428125 0.7010957796875 0.435064934375 0.6970373375000001 0.435064934375 0.6828327921875 0.447240259375 0.6818181812499999 0.450284090625 0.6879058437500001 0.46448863593749995 0.6858766234375 0.48883928593750003
0 0.6402191562499999 0.3478084421875 0.65239448125 0.353896103125 0.6635551953125 0.36302759687499997 0.6706574671875 0.37215909062499997 0.6808035718750001 0.3701298703125 0.6960227265625 0.356939934375 0.7021103890625 0.34070616875000004 0.7021103890625 0.330560065625 0.6980519484375 0.318384740625 0.6919642859375 0.3102678578125 0.6767451296875 0.2991071421875 0.6645698046875 0.29707792187500004 0.6625405843750001 0.29504870156249996 0.6483360390625 0.29707792187500004 0.6402191562499999 0.3011363640625 0.6310876624999999 0.3102678578125 0.6270292203125 0.318384740625 0.6260146109375 0.327516234375 0.625 0.3427353890625 0.6280438312500001 0.34577922031249997 0.6402191562499999 0.3478084421875