2 0.1546875 0.5453125 0.0515625 0.046875
2 0.1609375 0.503125 0.0484375 0.040625
1 0.334375 0.4984375 0.046875 0.046875
1 0.5125 0.4875 0.0453125 0.046875
1 0.5296875 0.5328125 0.0453125 0.0453125
2 0.709375 0.525 0.05 0.0453125
2 0.7203125 0.478125 0.05 0.0453125
1 0.7012779546875 0.5772763578125 0.705271565625 0.585263578125 0.7122603828125 0.592252396875 0.720247603125 0.59624600625 0.73821885 0.59624600625 0.7462060703125 0.592252396875 0.75519169375 0.58126996875 0.75519169375 0.5652955265624999 0.7492012781249999 0.5613019171875 0.7511980828125 0.55730830625 0.742212459375 0.548322684375 0.7402156546875001 0.5503194890625001 0.7332268375 0.5453274765625 0.720247603125 0.5443290734375 0.7032747609375 0.5553115015625 0.7012779546875 0.5772763578125
2 0.48961661406249996 0.575279553125 0.49161341875 0.59125399375 0.50658945625 0.6042332265625 0.5245607031249999 0.6042332265625 0.5375399359374999 0.5932507984375001 0.539536740625 0.5892571890625 0.541533546875 0.575279553125 0.5355431312500001 0.5712859421875 0.5375399359374999 0.5652955265624999 0.5325479234375 0.5603035140625 0.519568690625 0.5553115015625 0.5085862624999999 0.5543130984375 0.5045926515625 0.5563099046875 0.48961661406249996 0.575279553125
2 0.1381789140625 0.575279553125 0.1358318703125 0.5723036890625 0.1349160796875 0.579961384375 0.13019169375 0.585263578125 0.13019169375 0.59125399375 0.12819488750000002 0.5932507984375001 0.13019169375 0.595247603125 0.13019169375 0.6012380187499999 0.13518370625 0.6082268375 0.1471645375 0.614217253125 0.161142171875 0.614217253125 0.1761182109375 0.6052316296875 0.1801118203125 0.5992412140625001 0.1801118203125 0.585263578125 0.1771166140625 0.5822683703125 0.1752373171875 0.57944899375 0.1761182109375 0.573282746875 0.1701277953125 0.5712859421875 0.14516773125 0.570287540625 0.1381789140625 0.575279553125
1 0.9109375 0.4671875 0.05625 0.0484375
1 0.91875 0.51875 0.05625 0.046875
3 0.159375 0.528125 0.0765625 0.115625
3 0.3328125 0.5265625 0.0765625 0.1265625
3 0.5171875 0.5171875 0.071875 0.1171875
3 0.715625 0.509375 0.09375 0.1203125
3 0.91875 0.5 0.0875 0.121875