1 0.40625 0.432159809375 0.3973496828125 0.4212816453125 0.389438290625 0.41732595000000006 0.3755933546875 0.4153481015625 0.363726265625 0.41930379687499997 0.3488924046875 0.43611550625 0.3488924046875 0.446004746875 0.34691455625 0.4479825953125 0.3488924046875 0.44996044375000005 0.3488924046875 0.4578718359375 0.3528481015625 0.465783228125 0.36570411406250003 0.4766613921875 0.37954905 0.478639240625 0.3914161390625 0.47468354375 0.40625 0.46182753125 0.40723892343749996 0.4568829109375 0.40822784843750004 0.44007120312500003 0.40625 0.4380933546875 0.40625 0.432159809375
1 0.377571203125 0.530063290625 0.3716376578125 0.5261075953125001 0.3617484171875 0.5261075953125001 0.3518591765625 0.530063290625 0.3370253171875 0.5429193031249999 0.33504746875 0.5646756328125 0.3409810125 0.576542721875 0.35383702499999997 0.5874208859375 0.3597705703125 0.589398734375 0.37361550625 0.589398734375 0.38746044375 0.5814873421875 0.39537183593749997 0.5715981015625 0.396360759375 0.546875 0.3815268984375 0.530063290625 0.377571203125 0.530063290625
1 0.442840190625 0.2986550640625 0.4309731015625 0.296677215625 0.4171281640625 0.28678797500000003 0.4111946203125 0.28678797500000003 0.39932753125 0.29272151874999996 0.3924050640625 0.2996439875 0.38647151874999996 0.3115110765625 0.38647151874999996 0.3273338609375 0.390427215625 0.335245253125 0.3973496828125 0.342167721875 0.409216771875 0.348101265625 0.42503955624999995 0.348101265625 0.43492879687499997 0.3441455703125 0.4458069625 0.335245253125 0.448773734375 0.328322784375 0.44976265781249997 0.3075553796875 0.4458069625 0.30162183593749997 0.442840190625 0.2986550640625
1 0.40723892343749996 0.24525316406250003 0.40031645625 0.2521756328125 0.396360759375 0.26008702499999997 0.396360759375 0.275909809375 0.40526107656250004 0.2887658234375 0.4181170890625 0.28579905 0.4181170890625 0.2818433546875 0.4141613921875 0.275909809375 0.4141613921875 0.2581091765625 0.4181170890625 0.2482199359375 0.4270174046875 0.24129746875000002 0.4270174046875 0.2393196203125 0.4191060125 0.2393196203125 0.40723892343749996 0.24525316406250003
1 0.47053006406250003 0.2393196203125 0.4566851265625 0.2333860765625 0.4369066453125 0.2353639234375 0.42503955624999995 0.24129746875000002 0.4181170890625 0.2482199359375 0.4141613921875 0.2581091765625 0.4141613921875 0.275909809375 0.416139240625 0.2818433546875 0.42503955624999995 0.29272151874999996 0.43295095000000006 0.296677215625 0.448773734375 0.2986550640625 0.45075158281250005 0.296677215625 0.4606408234375 0.296677215625 0.46855221562500005 0.29272151874999996 0.4794303796875 0.2818433546875 0.48239715156249996 0.27294303750000004 0.48338607656250004 0.26008702499999997 0.47745253125 0.24624208906249997 0.47053006406250003 0.2393196203125
1 0.36570411406250003 0.348101265625 0.3558148734375 0.348101265625 0.343947784375 0.354034809375 0.33504746875 0.37084651874999996 0.3370253171875 0.3728243671875 0.3370253171875 0.3827136078125 0.33900316406250003 0.38666930312500003 0.3518591765625 0.3955696203125 0.369659809375 0.393591771875 0.3785601265625 0.38666930312500003 0.3815268984375 0.37974683593749997 0.3825158234375 0.36491297500000003 0.3785601265625 0.3570015828125 0.36570411406250003 0.348101265625
1 0.363726265625 0.2986550640625 0.357792721875 0.2986550640625 0.3558148734375 0.296677215625 0.338014240625 0.3006329109375 0.3330696203125 0.3035996828125 0.3291139234375 0.309533228125 0.3291139234375 0.3214003171875 0.331091771875 0.3253560125 0.3399920890625 0.33227848125000004 0.34988132968749996 0.3362341765625 0.3558148734375 0.3362341765625 0.36570411406250003 0.33227848125000004 0.3726265828125 0.32337816406250003 0.37361550625 0.31645569687499997 0.3746044296875 0.3134889234375 0.370648734375 0.30557753125 0.363726265625 0.2986550640625
1 0.363726265625 0.2650316453125 0.3558148734375 0.2650316453125 0.34790348125000004 0.2689873421875 0.3409810125 0.2778876578125 0.3409810125 0.289754746875 0.3459256328125 0.296677215625 0.363726265625 0.2986550640625 0.3755933546875 0.2887658234375 0.376582278125 0.275909809375 0.3746044296875 0.27195411406250003 0.363726265625 0.2650316453125
0 0.33405854375 0.328322784375 0.32614715156249996 0.3303006328125 0.3192246828125 0.33920095 0.3192246828125 0.35304588593749997 0.33010284843750004 0.361946203125 0.338014240625 0.361946203125 0.343947784375 0.354034809375 0.3518591765625 0.348101265625 0.3528481015625 0.341178796875 0.350870253125 0.3372231015625 0.33405854375 0.328322784375
0 0.32416930312500003 0.3777689875 0.3202136078125 0.37974683593749997 0.311313290625 0.390625 0.311313290625 0.40446993593749997 0.32219145625 0.413370253125 0.325158228125 0.400514240625 0.338014240625 0.3896360765625 0.33900316406250003 0.38469145625 0.33405854375 0.3777689875 0.32416930312500003 0.3777689875
0 0.3518591765625 0.3955696203125 0.3419699359375 0.3896360765625 0.33208069687499997 0.3916139234375 0.325158228125 0.3985363921875 0.3231803796875 0.40446993593749997 0.325158228125 0.420292721875 0.33208069687499997 0.4291930375 0.3360363921875 0.43117088593749997 0.3518591765625 0.43117088593749997 0.357792721875 0.42325949375 0.36669303750000004 0.4183148734375 0.36768196249999996 0.4153481015625 0.36867088593749997 0.40644778437499995 0.3617484171875 0.3955696203125 0.3518591765625 0.3955696203125
0 0.3488924046875 0.4578718359375 0.3488924046875 0.44996044375000005 0.34691455625 0.4479825953125 0.3488924046875 0.44204904999999994 0.3459256328125 0.439082278125 0.33405854375 0.44303797500000003 0.325158228125 0.4539161390625 0.3231803796875 0.45984968281249994 0.3231803796875 0.4736946203125 0.325158228125 0.47765031718750006 0.33405854375 0.48457278437499995 0.3459256328125 0.4766613921875 0.3597705703125 0.47468354375 0.36075949375 0.4736946203125 0.3528481015625 0.465783228125 0.3488924046875 0.4578718359375
0 0.369659809375 0.478639240625 0.36570411406250003 0.4766613921875 0.3459256328125 0.4766613921875 0.3330696203125 0.48556170937500004 0.3271360765625 0.5033623421875 0.3330696203125 0.5191851265625 0.3419699359375 0.52808544375 0.35383702499999997 0.530063290625 0.3617484171875 0.5261075953125001 0.3716376578125 0.5261075953125001 0.38053797500000003 0.5191851265625 0.3815268984375 0.5162183546875 0.3825158234375 0.49545095000000006 0.3785601265625 0.48753955624999995 0.369659809375 0.478639240625
0 0.3330696203125 0.5191851265625 0.3291139234375 0.511273734375 0.3291139234375 0.4934731015625 0.32416930312500003 0.4924841765625 0.3152689875 0.5033623421875 0.3152689875 0.521162975 0.31724683593749997 0.5251186703124999 0.33010284843750004 0.5359968359375 0.3360363921875 0.5359968359375 0.338014240625 0.5379746828124999 0.34790348125000004 0.5340189875 0.34790348125000004 0.530063290625 0.3419699359375 0.52808544375 0.3330696203125 0.5191851265625
0 0.363726265625 0.599287975 0.357792721875 0.5973101265625 0.343947784375 0.5973101265625 0.3360363921875 0.6012658234375 0.325158228125 0.6141218359375 0.3231803796875 0.6299446203125 0.3291139234375 0.641811709375 0.3399920890625 0.650712025 0.3459256328125 0.6526898734375 0.3597705703125 0.6526898734375 0.36570411406250003 0.650712025 0.3746044296875 0.64378955625 0.37954905 0.6329113921875 0.38053797500000003 0.6200553796875 0.3785601265625 0.6141218359375 0.363726265625 0.599287975
1 0.3409810125 0.5745648734375 0.33504746875 0.5587420890625 0.3409810125 0.54094145625 0.33405854375 0.53995253125 0.328125 0.5419303796875 0.3192246828125 0.5488528484375 0.3152689875 0.5547863921875 0.3132911390625 0.5706091765625 0.3192246828125 0.582476265625 0.328125 0.589398734375 0.3419699359375 0.5913765828125 0.34988132968749996 0.5874208859375 0.350870253125 0.5844541140625 0.344936709375 0.5804984171875 0.3409810125 0.5745648734375
0 0.35383702499999997 0.7416930374999999 0.3360363921875 0.739715190625 0.328125 0.7436708859375 0.32120253125 0.752571203125 0.32120253125 0.7664161390625 0.325158228125 0.77432753125 0.33208069687499997 0.78125 0.3399920890625 0.7852056968750001 0.3558148734375 0.7852056968750001 0.36867088593749997 0.77432753125 0.369659809375 0.771360759375 0.370648734375 0.76246044375 0.36867088593749997 0.7565268984375 0.35383702499999997 0.7416930374999999
0 0.3973496828125 0.8287183546874999 0.3914161390625 0.82674050625 0.3716376578125 0.82674050625 0.3587816453125 0.8376186703125 0.356803796875 0.8415743671874999 0.356803796875 0.8554193031249999 0.36075949375 0.8633306968750001 0.3716376578125 0.8722310125 0.3815268984375 0.876186709375 0.39537183593749997 0.876186709375 0.403283228125 0.8722310125 0.410205696875 0.8672863921875 0.41317246875 0.8603639234375 0.4141613921875 0.8455300640625 0.41218354375 0.8415743671874999 0.3973496828125 0.8287183546874999
0 0.428995253125 0.9335443031249999 0.4111946203125 0.9256329109375001 0.3933939875 0.927610759375 0.3825158234375 0.9365110765625 0.38053797500000003 0.9404667718749999 0.38053797500000003 0.9483781640625001 0.389438290625 0.9592563296875 0.40723892343749996 0.967167721875 0.4191060125 0.967167721875 0.428995253125 0.963212025 0.43492879687499997 0.953322784375 0.435917721875 0.9424446203124999 0.4339398734375 0.9384889234375 0.428995253125 0.9335443031249999
2 0.428995253125 0.963212025 0.4191060125 0.967167721875 0.40723892343749996 0.967167721875 0.3973496828125 0.963212025 0.3924050640625 0.966178796875 0.3884493671875 0.9760680374999999 0.3924050640625 0.9839794296875001 0.39932753125 0.9909018984375001 0.4171281640625 0.99683544375 0.4309731015625 0.9948575953125 0.43987341718749995 0.9879351265625 0.44086234218750003 0.9849683546874999 0.441851265625 0.9760680374999999 0.43987341718749995 0.9721123421875 0.428995253125 0.963212025
1 0.3152689875 0.45984968281249994 0.312302215625 0.458860759375 0.3073575953125 0.4638053796875 0.3034018984375 0.4736946203125 0.3073575953125 0.48556170937500004 0.312302215625 0.4924841765625 0.3162579109375 0.49446202499999997 0.32219145625 0.49446202499999997 0.33010284843750004 0.4905063296875 0.331091771875 0.4835838609375 0.325158228125 0.47765031718750006 0.3152689875 0.45984968281249994
1 0.30636867031250004 0.42523734218750003 0.299446203125 0.4301819625 0.29549050625 0.4380933546875 0.2974683546875 0.44996044375000005 0.3043908234375 0.4568829109375 0.3103243671875 0.458860759375 0.3132911390625 0.4558939875 0.3152689875 0.44204904999999994 0.32416930312500003 0.433148734375 0.325158228125 0.4301819625 0.3202136078125 0.42523734218750003 0.30636867031250004 0.42523734218750003