0 0.6771825390624999 0.49761904687499997 0.691071428125 0.49761904687499997 0.6990079359375 0.49365079375 0.70595238125 0.48670634843749994 0.709920634375 0.47876984062499994 0.709920634375 0.46488095312500005 0.7079365078125 0.4609126984375 0.6950396828125001 0.45 0.6791666671875001 0.45 0.6751984125 0.4519841265625 0.6632936515625001 0.465873015625 0.6623015875 0.48075396875000004 0.6702380953125 0.49265872968749996 0.6771825390624999 0.49761904687499997
0 0.6871031750000001 0.515476190625 0.702976190625 0.515476190625 0.7119047625 0.5085317453125 0.7138888890625 0.5045634921875 0.7158730156249999 0.48670634843749994 0.712896825 0.4797619046875 0.708928571875 0.4797619046875 0.7079365078125 0.48472222187499997 0.697023809375 0.4956349203125 0.691071428125 0.49761904687499997 0.6771825390624999 0.49761904687499997 0.6732142859375 0.4956349203125 0.672222221875 0.5005952375 0.6791666671875001 0.509523809375 0.6871031750000001 0.515476190625
0 0.709920634375 0.4767857140625 0.7138888890625 0.48075396875000004 0.7138888890625 0.48472222187499997 0.71884920625 0.4876984125 0.7238095234374999 0.48075396875000004 0.7238095234374999 0.47083333281249995 0.7168650796875 0.45992063437499997 0.7109126984375 0.45595238125000004 0.70694444375 0.45595238125000004 0.70595238125 0.458928571875 0.709920634375 0.46488095312500005 0.709920634375 0.4767857140625
0 0.709920634375 0.5263888890625 0.7109126984375 0.5293650796875 0.714880953125 0.5293650796875 0.721825396875 0.522420634375 0.7238095234374999 0.5085317453125 0.7168650796875 0.49761904687499997 0.7138888890625 0.5005952375 0.7138888890625 0.5045634921875 0.7049603171875 0.5134920640625 0.7009920640625 0.515476190625 0.6871031750000001 0.515476190625 0.6890873015625 0.521428571875 0.702976190625 0.521428571875 0.709920634375 0.5263888890625
0 0.6871031750000001 0.5611111109375 0.7009920640625 0.5611111109375 0.708928571875 0.5571428578125001 0.7158730156249999 0.5462301593750001 0.7138888890625 0.5323412703125 0.708928571875 0.525396825 0.702976190625 0.521428571875 0.6890873015625 0.521428571875 0.6761904765625 0.5323412703125 0.6751984125 0.5353174609375 0.6742063484374999 0.5482142859375 0.6831349203125 0.559126984375 0.6871031750000001 0.5611111109375
0 0.68115079375 0.6067460312499999 0.6890873015625 0.6067460312499999 0.697023809375 0.602777778125 0.70595238125 0.5918650796875 0.7079365078125 0.5859126984375 0.7039682546875 0.5700396828125001 0.69305555625 0.5630952375 0.6831349203125 0.5630952375 0.6751984125 0.5670634921875 0.665277778125 0.5789682546875 0.6642857140625 0.589880953125 0.6662698406249999 0.59384920625 0.68115079375 0.6067460312499999
0 0.70595238125 0.5759920640625 0.7109126984375 0.5769841265625 0.7198412703125 0.566071428125 0.7198412703125 0.5541666671875001 0.714880953125 0.547222221875 0.70694444375 0.559126984375 0.697023809375 0.5611111109375 0.6960317453125 0.5621031750000001 0.7039682546875 0.5700396828125001 0.70595238125 0.5759920640625
0 0.7009920640625 0.6146825390624999 0.7119047625 0.6037698406249999 0.7119047625 0.587896825 0.70694444375 0.584920634375 0.70595238125 0.5918650796875 0.6990079359375 0.6007936515625001 0.69305555625 0.6047619046875 0.6791666671875001 0.6067460312499999 0.6801587296875 0.6117063484374999 0.6871031750000001 0.6166666671875001 0.7009920640625 0.6146825390624999
0 0.7456349203125 0.46289682499999996 0.7456349203125 0.45694444375 0.7367063484374999 0.44603174531249995 0.7327380953125 0.44404761875 0.73075396875 0.44603174531249995 0.7297619046875 0.47281746093750004 0.7386904765625 0.4738095234375 0.7456349203125 0.46289682499999996
0 0.740674603125 0.4043650796875 0.7476190468749999 0.397420634375 0.7476190468749999 0.3835317453125 0.7367063484374999 0.374603175 0.73075396875 0.374603175 0.7267857140625 0.378571428125 0.727777778125 0.40138888906250003 0.73075396875 0.4043650796875 0.740674603125 0.4043650796875
0 0.7386904765625 0.35873015937499997 0.7456349203125 0.3478174609375 0.74365079375 0.3359126984375 0.7386904765625 0.33095238125000004 0.7327380953125 0.3289682546875 0.7248015875 0.3289682546875 0.7228174609375 0.33095238125000004 0.7238095234374999 0.35575396875 0.7267857140625 0.35873015937499997 0.7386904765625 0.35873015937499997
1 0.6871031750000001 0.102777778125 0.6920634921875 0.0958333328125 0.6920634921875 0.09186507968749999 0.6861111109375 0.08194444375 0.6771825390624999 0.0769841265625 0.6742063484374999 0.077976190625 0.6742063484374999 0.0859126984375 0.6692460312499999 0.090873015625 0.66825396875 0.0978174609375 0.6771825390624999 0.102777778125 0.6871031750000001 0.102777778125
1 0.6642857140625 0.087896825 0.6672619046875 0.090873015625 0.6712301593750001 0.090873015625 0.6761904765625 0.083928571875 0.672222221875 0.072023809375 0.665277778125 0.065079365625 0.6573412703125 0.0630952375 0.65634920625 0.06805555625000001 0.6603174609375 0.0740079359375 0.6642857140625 0.087896825
2 0.672222221875 0.1117063484375 0.678174603125 0.12956349218750002 0.68115079375 0.1325396828125 0.6880952375 0.12361111093749999 0.6880952375 0.1136904765625 0.68115079375 0.102777778125 0.6771825390624999 0.102777778125 0.6712301593750001 0.0988095234375 0.6702380953125 0.10376984062500001 0.672222221875 0.10575396875000001 0.672222221875 0.1117063484375
2 0.684126984375 0.1494047625 0.691071428125 0.1623015875 0.6960317453125 0.153373015625 0.69404761875 0.1513888890625 0.69404761875 0.1454365078125 0.6851190468749999 0.134523809375 0.6831349203125 0.134523809375 0.6821428578125001 0.1414682546875 0.684126984375 0.14345238124999998 0.684126984375 0.1494047625
2 0.7009920640625 0.15634920624999998 0.708928571875 0.166269840625 0.7109126984375 0.166269840625 0.7138888890625 0.1632936515625 0.7119047625 0.1494047625 0.7009920640625 0.140476190625 0.69305555625 0.140476190625 0.6920634921875 0.14345238124999998 0.6960317453125 0.15535714218750002 0.7009920640625 0.15634920624999998
2 0.709920634375 0.1632936515625 0.7079365078125 0.159325396875 0.6990079359375 0.1543650796875 0.6950396828125001 0.15634920624999998 0.69404761875 0.1632936515625 0.708928571875 0.1761904765625 0.709920634375 0.1632936515625
2 0.7049603171875 0.19206349218750002 0.7079365078125 0.1890873015625 0.7079365078125 0.17519841249999998 0.7009920640625 0.166269840625 0.69305555625 0.1623015875 0.691071428125 0.1642857140625 0.6920634921875 0.1771825390625 0.6960317453125 0.187103175 0.7049603171875 0.19206349218750002
2 0.71884920625 0.20992063437500003 0.7238095234374999 0.202976190625 0.721825396875 0.1890873015625 0.7168650796875 0.184126984375 0.7109126984375 0.1821428578125 0.7049603171875 0.19206349218750002 0.7039682546875 0.2109126984375 0.714880953125 0.21190476249999998 0.71884920625 0.20992063437500003
2 0.7158730156249999 0.2327380953125 0.7158730156249999 0.24265872968750002 0.7208333328125 0.24563492031249998 0.7297619046875 0.23472222187499997 0.727777778125 0.2228174609375 0.71884920625 0.2138888890625 0.70694444375 0.21190476249999998 0.7049603171875 0.2138888890625 0.7039682546875 0.21884920624999998 0.709920634375 0.2228174609375 0.7158730156249999 0.2327380953125
2 0.7079365078125 0.24662698437500002 0.7109126984375 0.249603175 0.7158730156249999 0.2446428578125 0.7158730156249999 0.2327380953125 0.7119047625 0.2248015875 0.7049603171875 0.21984127031249998 0.7039682546875 0.228769840625 0.7079365078125 0.23869047656250003 0.7079365078125 0.24662698437500002
2 0.70595238125 0.2109126984375 0.70595238125 0.202976190625 0.7039682546875 0.20099206406249998 0.7039682546875 0.19305555624999998 0.6990079359375 0.190079365625 0.6980158734375 0.202976190625 0.702976190625 0.2138888890625 0.70595238125 0.2109126984375
1 0.6384920640625 0.0244047625 0.6384920640625 0.026388889062499997 0.640476190625 0.028373015624999998 0.640476190625 0.030357142187500002 0.6414682546875 0.03134920625 0.6454365078125 0.03134920625 0.650396825 0.026388889062499997 0.650396825 0.0244047625 0.652380953125 0.022420634375 0.652380953125 0.020436507812499997 0.650396825 0.01845238125 0.650396825 0.0164682546875 0.6494047625 0.015476190625 0.6394841265625 0.015476190625 0.6375 0.017460317187499998 0.6365079359375 0.01845238125 0.6365079359375 0.022420634375 0.6384920640625 0.0244047625