1 0.3140625 0.534375 0.046875 0.0453125
1 0.5015625 0.4765625 0.0515625 0.05
1 0.6921875 0.5203125 0.0515625 0.046875
1 0.703125 0.4671875 0.05 0.053125
1 0.903125 0.4578125 0.0515625 0.053125
2 0.90625 0.5125 0.0578125 0.0484375
2 0.4984375 0.528125 0.0484375 0.0421875
2 0.3046875 0.4875 0.0453125 0.046875
2 0.11875 0.5421875 0.0453125 0.046875
2 0.1359375 0.4921875 0.0546875 0.05
3 0.1265625 0.5375 0.0765625 0.1015625
3 0.309375 0.53125 0.0703125 0.103125
3 0.496875 0.503125 0.0625 0.1234375
3 0.7046875 0.5 0.0703125 0.134375
3 0.9078125 0.4921875 0.09375 0.1375