1 0.1296875 0.515625 0.0515625 0.0453125
1 0.13125 0.46875 0.05 0.0390625
1 0.5078125 0.5296875 0.0484375 0.0453125
1 0.503125 0.4828125 0.0484375 0.04375
2 0.7125 0.5390625 0.05 0.0515625
2 0.6984375 0.490625 0.0515625 0.04375
2 0.3140625 0.5203125 0.05 0.04375
2 0.3125 0.471875 0.0515625 0.04375
2 0.34027777812500004 0.42756331718749996 0.3423202609375 0.42552083281249997 0.34027777812500004 0.4193933828125 0.3290441171875 0.40611723906249997 0.3208741828125 0.402032271875 0.30861928125000004 0.402032271875 0.30044934687499997 0.40611723906249997 0.2912581703125 0.4173508984375 0.2912581703125 0.43369076875 0.2973856203125 0.43777573593749997 0.2953431375 0.441860703125 0.3024918296875 0.4490093953125 0.3259803921875 0.4500306375 0.3290441171875 0.4490093953125 0.3341503265625 0.44390318593750006 0.3341503265625 0.43981821875 0.34027777812500004 0.4357332515625 0.34027777812500004 0.42756331718749996
2 0.729370915625 0.4653492640625 0.7314133984375 0.4673917484375 0.740604575 0.46024305625000006 0.7426470593750001 0.4561580875 0.740604575 0.4541156046875 0.7436683000000001 0.4530943625 0.7467320265625 0.447988153125 0.7446895421875 0.43369076875 0.73754085 0.4244995921875 0.72732843125 0.418372140625 0.7109885625000001 0.418372140625 0.702818628125 0.4224571078125 0.6915849671875 0.43369076875 0.689542484375 0.43981821875 0.689542484375 0.447988153125 0.6936274515624999 0.4500306375 0.6915849671875 0.4561580875 0.6936274515624999 0.46024305625000006 0.7048611109375 0.46943423125 0.7109885625000001 0.471476715625 0.72426470625 0.4704554734375 0.729370915625 0.4653492640625
1 0.5189950984375 0.41020220625 0.512867646875 0.41020220625 0.5108251640625 0.408159721875 0.5006127453125 0.41020220625 0.48733660156249997 0.421435865625 0.4852941171875 0.42552083281249997 0.4852941171875 0.43981821875 0.49142156875 0.441860703125 0.489379084375 0.4500306375 0.49448529375000005 0.45717932968749997 0.51797385625 0.4561580875 0.5251225484375001 0.4530943625 0.528186275 0.4500306375 0.526143790625 0.44594567031250004 0.534313725 0.43981821875 0.534313725 0.42347835 0.5189950984375 0.41020220625
3 0.1328125 0.4828125 0.078125 0.115625
3 0.315625 0.49375 0.0703125 0.125
3 0.5015625 0.4953125 0.065625 0.1234375
3 0.7078125 0.5078125 0.0796875 0.11875
3 0.9109375 0.5140625 0.0890625 0.1234375