2 0.391002859375 0.1942401953125 0.3950878265625 0.18402777812499999 0.39406658437500003 0.176879084375 0.39304534375 0.17381535937499998 0.37976920000000003 0.1625817 0.361386846875 0.1625817 0.3552593953125 0.1646241828125 0.3419832515625 0.17790032656250002 0.33994076875 0.19015522812500002 0.34708946093750004 0.203431371875 0.3593443625 0.2095588234375 0.367514296875 0.2095588234375 0.3818116828125 0.203431371875 0.391002859375 0.1942401953125
2 0.28070874218749997 0.32495915000000003 0.28070874218749997 0.333129084375 0.28989991875 0.3443627453125 0.3041973046875 0.3443627453125 0.3133884796875 0.3372140515625 0.3174734484375 0.3290441171875 0.31645220625000003 0.321895425 0.308282271875 0.31168300625 0.29602736875 0.30964052343750004 0.28479370937500004 0.316789215625 0.28070874218749997 0.32495915000000003
2 0.271517565625 0.3525326796875 0.28377246718750004 0.35049019531250003 0.2888786765625 0.3453839875 0.287857434375 0.3423202609375 0.28070874218749997 0.333129084375 0.2796875 0.3239379078125 0.26947508125 0.3259803921875 0.2623263890625 0.3372140515625 0.264368871875 0.3453839875 0.271517565625 0.3525326796875
2 0.27560253281249997 0.43423202656250004 0.28377246718750004 0.43218954218750005 0.29092115937499996 0.422998365625 0.28989991875 0.41176470624999995 0.28377246718750004 0.4056372546875 0.277645015625 0.40359477187500004 0.271517565625 0.4056372546875 0.2623263890625 0.41891339843750003 0.26641135625 0.4291258171875 0.27560253281249997 0.43423202656250004
2 0.26334763125 0.41789215625000004 0.271517565625 0.4056372546875 0.28377246718750004 0.4056372546875 0.28377246718750004 0.40155228750000005 0.277645015625 0.3954248359375 0.2653901140625 0.3974673203125 0.26028390468749996 0.40257352968750004 0.258241421875 0.40870097968749997 0.26028390468749996 0.416870915625 0.26334763125 0.41789215625000004
2 0.2786662578125 0.54146241875 0.2786662578125 0.5537173203125 0.28070874218749997 0.5578022875 0.287857434375 0.562908496875 0.298069853125 0.5608660125 0.3072610296875 0.5516748359375 0.30623978749999997 0.5486111109375 0.3052185453125 0.54146241875 0.298069853125 0.534313725 0.28581495156250003 0.534313725 0.2786662578125 0.54146241875
2 0.34300449375 0.6568627453125 0.332792075 0.6568627453125 0.3256433828125 0.6619689546874999 0.321558415625 0.6701388890625 0.321558415625 0.676266340625 0.3307495921875 0.689542484375 0.34708946093750004 0.6915849671875 0.354238153125 0.6864787578125 0.3583231203125 0.676266340625 0.3573018796875 0.67116013125 0.351174428125 0.6609477125 0.34300449375 0.6568627453125
1 0.2919424015625 0.31168300625 0.30011233593750003 0.30964052343750004 0.3031760625 0.306576796875 0.3021548203125 0.2953431375 0.2919424015625 0.287173203125 0.2796875 0.2892156859375 0.2704963234375 0.3045343140625 0.2725388078125 0.31474673124999997 0.28172998437499996 0.319852940625 0.2919424015625 0.31168300625
1 0.34300449375 0.054330065625 0.334834559375 0.0584150328125 0.32972835 0.06352124218750001 0.327685865625 0.0696486921875 0.32972835 0.07577614375 0.3368770421875 0.080882353125 0.34300449375 0.080882353125 0.3573018796875 0.0747549015625 0.3603656046875 0.0696486921875 0.3593443625 0.060457515625 0.351174428125 0.054330065625 0.34300449375 0.054330065625
1 0.2725388078125 0.3045343140625 0.2796875 0.2912581703125 0.2919424015625 0.2892156859375 0.2919424015625 0.28513071874999996 0.287857434375 0.2830882359375 0.27560253281249997 0.2830882359375 0.268453840625 0.2922794125 0.26641135625 0.2984068625 0.268453840625 0.3045343140625 0.2725388078125 0.3045343140625
1 0.44512867656250005 0.9325980390625 0.4349162578125 0.918300653125 0.42266135625 0.9203431375 0.417555146875 0.9274918296875001 0.41959763125 0.93361928125 0.42878880781250006 0.9407679734375 0.441043709375 0.9407679734375 0.44614991875000004 0.9377042484375 0.44512867656250005 0.9325980390625
1 0.42674632343749996 0.9407679734375 0.41959763125 0.9356617640625 0.4165339046875 0.9264705875000001 0.41244893749999995 0.9264705875000001 0.4093852125 0.9295343140625001 0.407342728125 0.9356617640625 0.41449142187500004 0.9428104578125 0.42674632343749996 0.9428104578125 0.42674632343749996 0.9407679734375
1 0.41244893749999995 0.9264705875000001 0.4083639703125 0.9244281046875 0.4032577609375 0.9274918296875001 0.401215278125 0.93361928125 0.40632148749999997 0.938725490625 0.4093852125 0.9377042484375 0.4093852125 0.9315767968750001 0.41347017968750005 0.9274918296875001 0.41244893749999995 0.9264705875000001
1 0.38589665 0.90400326875 0.3869178921875 0.9029820265625 0.38589665 0.901960784375 0.38487540781249996 0.9009395421875 0.38487540781249996 0.8968545750000001 0.382832925 0.8948120921875 0.38487540781249996 0.8927696078125 0.38487540781249996 0.8907271234374999 0.3838541671875 0.8897058828125 0.37976920000000003 0.8897058828125 0.37874795781250004 0.8907271234374999 0.37874795781250004 0.8988970593750001 0.3838541671875 0.90400326875 0.38589665 0.90400326875
1 0.3562806375 0.86008986875 0.3593443625 0.8631535953125 0.36955678125 0.8631535953125 0.3705780234375 0.862132353125 0.36955678125 0.8611111109375 0.3634293296875 0.8611111109375 0.3603656046875 0.8580473859375 0.3603656046875 0.8560049015625 0.3583231203125 0.8539624187499999 0.3583231203125 0.8519199343749999 0.3573018796875 0.8508986921874999 0.354238153125 0.8539624187499999 0.354238153125 0.8560049015625 0.3562806375 0.8580473859375 0.3562806375 0.86008986875
1 0.36955678125 0.8631535953125 0.3715992640625 0.8631535953125 0.3767054734375 0.8580473859375 0.3767054734375 0.8498774515624999 0.37568423125 0.848856209375 0.36955678125 0.8427287578125 0.3634293296875 0.8427287578125 0.3583231203125 0.8478349671875 0.3583231203125 0.8498774515624999 0.3562806375 0.8519199343749999 0.3603656046875 0.8560049015625 0.3603656046875 0.8580473859375 0.3634293296875 0.8611111109375 0.367514296875 0.8611111109375 0.36955678125 0.8631535953125