2 0.48125 0.153125 0.0453125 0.0515625
1 0.5265625 0.14375 0.046875 0.0546875
2 0.4734375 0.325 0.046875 0.0484375
2 0.4640625 0.515625 0.0484375 0.0484375
2 0.453125 0.728125 0.05 0.0515625
1 0.5046875 0.715625 0.05 0.053125
2 0.5418920296875 0.711580265625 0.5415951796875 0.7118055562500001 0.5385314546875 0.7107843140625 0.5293402781250001 0.71793300625 0.5252553109375 0.7301879078125 0.5262765515625001 0.74142156875 0.5283190359375001 0.7434640515625001 0.5254560749999999 0.7452557453125 0.529558440625 0.74672411875 0.5293402781250001 0.7485702609375 0.5293402781250001 0.752655228125 0.532404003125 0.7557189546874999 0.5364889703125 0.7577614374999999 0.5385314546875 0.7557189546874999 0.542616421875 0.7618464046875 0.5548713234375 0.7638888890625 0.5569138078125 0.7618464046875 0.5630412578125 0.7618464046875 0.5701899515625 0.7567401953124999 0.5763174015625 0.746527778125 0.5783598859375 0.7322303921875 0.57427491875 0.7220179734375 0.5630412578125 0.7107843140625 0.5589562906250001 0.7087418296875 0.5467013890625 0.7087418296875 0.5436376640625 0.7118055562500001 0.5433932031250001 0.706968259375 0.5418920296875 0.711580265625
1 0.5140625 0.5296875 0.046875 0.05
1 0.5171875 0.3421875 0.046875 0.05
2 0.5436376640625 0.3380310453125 0.5507863562499999 0.34926470625 0.5528288406249999 0.34926470625 0.5548713234375 0.3451797390625 0.5569138078125 0.34926470625 0.5712111921874999 0.34926470625 0.57733864375 0.34722222187499996 0.5844873359375 0.34007352968750004 0.5906147875000001 0.327818628125 0.5906147875000001 0.317606209375 0.5885723046875 0.3114787578125 0.57733864375 0.30024509843749997 0.5589562906250001 0.2982026140625 0.5548713234375 0.30228758125 0.5497651140625 0.3033088234375 0.55065251875 0.305971034375 0.5512977 0.30597084375 0.5507774015625 0.306345684375 0.5507863562499999 0.3063725484375 0.55059345 0.3064782109375 0.5477238984375 0.30854554375 0.5467013890625 0.3084150328125 0.5415951796875 0.3135212421875 0.5395526953124999 0.3196486921875 0.5405739374999999 0.32883986875 0.5436376640625 0.3380310453125
3 0.5046875 0.1515625 0.1234375 0.0828125
3 0.4984375 0.3296875 0.121875 0.0796875
3 0.4953125 0.525 0.121875 0.071875
3 0.484375 0.725 0.134375 0.0890625
3 0.4765625 0.928125 0.1359375 0.096875