1 0.3459256328125 0.55933544375 0.3360363921875 0.555379746875 0.3202136078125 0.5573575953125001 0.30933544375 0.5662579109375 0.30933544375 0.57219145625 0.3034018984375 0.5761471515625 0.3034018984375 0.5899920890625 0.3142800640625 0.6028481015625 0.33504746875 0.6018591765625 0.34790348125000004 0.600870253125 0.3528481015625 0.5959256328125 0.356803796875 0.58405854375 0.356803796875 0.5761471515625 0.350870253125 0.568235759375 0.350870253125 0.5642800640625001 0.3459256328125 0.55933544375
1 0.3627373421875 0.63746044375 0.3627373421875 0.6315268984375 0.3587816453125 0.627571203125 0.3627373421875 0.6255933546875 0.3627373421875 0.6176819625000001 0.36075949375 0.613726265625 0.34988132968749996 0.6048259500000001 0.33208069687499997 0.6048259500000001 0.33010284843750004 0.606803796875 0.32416930312500003 0.606803796875 0.3132911390625 0.6176819625000001 0.311313290625 0.62361550625 0.311313290625 0.6295490499999999 0.3152689875 0.6315268984375 0.311313290625 0.6354825953125001 0.3132911390625 0.6433939875 0.32219145625 0.6522943031249999 0.33010284843750004 0.65625 0.344936709375 0.6552610765625 0.34790348125000004 0.6542721515625 0.3627373421875 0.63746044375
1 0.774129746875 0.6176819625000001 0.780063290625 0.613726265625 0.7731408234375 0.6087816453125 0.7721518984375 0.619659809375 0.771162975 0.620648734375 0.768196203125 0.6176819625000001 0.7701740499999999 0.6157041140625 0.7701740499999999 0.603837025 0.768196203125 0.59790348125 0.7592958859375 0.5909810125 0.7316060125 0.5909810125 0.71875 0.6058148734375 0.7207278484375 0.6315268984375 0.7395174046874999 0.6424050640625001 0.7583069625000001 0.6414161390625 0.7701740499999999 0.633504746875 0.7701740499999999 0.627571203125 0.774129746875 0.62361550625 0.774129746875 0.6176819625000001
1 0.760284809375 0.5504351265625 0.755340190625 0.54549050625 0.7494066453125 0.541534809375 0.735561709375 0.5395569625000001 0.7197389234375 0.54549050625 0.7147943031249999 0.5504351265625 0.7167721515625 0.5563686703124999 0.7108386078125 0.5603243671875 0.7108386078125 0.568235759375 0.71281645625 0.5702136078125 0.71281645625 0.5801028484375 0.7177610765625 0.5870253171875001 0.7583069625000001 0.5860363921875 0.7662183546875 0.5741693031249999 0.7662183546875 0.5603243671875 0.76424050625 0.5563686703124999 0.7583069625000001 0.552412975 0.760284809375 0.5504351265625
2 0.98575949375 0.5959256328125 0.9748813296875 0.58504746875 0.9649920890624999 0.5810917718749999 0.9491693031249999 0.5810917718749999 0.9392800640625 0.58504746875 0.936313290625 0.588014240625 0.9353243671874999 0.5929588609375 0.9293908234374999 0.5909810125 0.924446203125 0.5959256328125 0.9224683546874999 0.6018591765625 0.924446203125 0.603837025 0.924446203125 0.6117484171875 0.9323575953125 0.6255933546875 0.9323575953125 0.633504746875 0.9659810125 0.633504746875 0.9768591765625001 0.630537975 0.98575949375 0.6216376578125 0.989715190625 0.613726265625 0.98575949375 0.5959256328125
2 0.5644778484375 0.6295490499999999 0.5644778484375 0.613726265625 0.5516218359375 0.5988924046874999 0.545688290625 0.5988924046874999 0.5417325953125001 0.6028481015625 0.5377768984375 0.600870253125 0.5239319625000001 0.600870253125 0.5189873421875 0.603837025 0.513053796875 0.613726265625 0.5150316453125 0.633504746875 0.51700949375 0.63746044375 0.52986550625 0.6483386078125 0.54272151875 0.6473496828124999 0.545688290625 0.6443829109375 0.5476661390625 0.646360759375 0.5535996828124999 0.6443829109375 0.5605221515625 0.63746044375 0.5644778484375 0.6295490499999999
2 0.5496439875 0.5929588609375 0.5545886078125 0.5899920890625 0.5585443031249999 0.5801028484375 0.5585443031249999 0.5662579109375 0.5476661390625 0.5514240499999999 0.54371044375 0.549446203125 0.539754746875 0.5514240499999999 0.5357990499999999 0.5474683546875 0.525909809375 0.5474683546875 0.5179984171875 0.5514240499999999 0.507120253125 0.5642800640625001 0.5051424046874999 0.568235759375 0.5051424046874999 0.5801028484375 0.507120253125 0.5860363921875 0.514042721875 0.5929588609375 0.519976265625 0.594936709375 0.5387658234375 0.593947784375 0.5417325953125001 0.5909810125 0.54371044375 0.5929588609375 0.5496439875 0.5929588609375
2 0.5605221515625 0.5108781640625 0.5516218359375 0.5019778484375 0.5476661390625 0.5 0.52986550625 0.5 0.5150316453125 0.5128560125 0.513053796875 0.5306566453125 0.5189873421875 0.5346123421875 0.51700949375 0.5385680374999999 0.525909809375 0.5474683546875 0.5357990499999999 0.5474683546875 0.5377768984375 0.54549050625 0.5417325953125001 0.5474683546875 0.5506329109375 0.5464794296875 0.5605221515625 0.5385680374999999 0.5605221515625 0.5346123421875 0.5644778484375 0.528678796875 0.5644778484375 0.51878955625 0.5605221515625 0.5108781640625
2 0.35482595 0.5306566453125 0.34691455625 0.5148338609375 0.3399920890625 0.509889240625 0.3360363921875 0.5079113921875 0.318235759375 0.5079113921875 0.3034018984375 0.5207674046874999 0.30142405 0.5247231015625 0.30142405 0.5405458859375 0.30933544375 0.5464794296875 0.30933544375 0.5504351265625 0.3142800640625 0.555379746875 0.318235759375 0.5573575953125001 0.331091771875 0.5563686703124999 0.3399920890625 0.555379746875 0.3488924046875 0.548457278125 0.34691455625 0.542523734375 0.3528481015625 0.5385680374999999 0.35482595 0.5306566453125
1 0.1639636078125 0.5652689875 0.1600079109375 0.5652689875 0.1540743671875 0.561313290625 0.1382515828125 0.561313290625 0.130340190625 0.5652689875 0.123417721875 0.57219145625 0.123417721875 0.5761471515625 0.1273734171875 0.578125 0.123417721875 0.5820806968750001 0.123417721875 0.6018591765625 0.12539557031249998 0.6058148734375 0.130340190625 0.6087816453125 0.13924050625 0.607792721875 0.16198575937499998 0.606803796875 0.168908228125 0.603837025 0.17286392343749998 0.5959256328125 0.174841771875 0.5801028484375 0.1639636078125 0.5652689875
1 0.13231803749999999 0.61075949375 0.1145174046875 0.6186708859375 0.103639240625 0.633504746875 0.103639240625 0.64932753125 0.1075949359375 0.6552610765625 0.1283623421875 0.666139240625 0.1313291140625 0.6651503171875001 0.142207278125 0.6641613921875 0.15901898750000001 0.64932753125 0.1629746828125 0.6414161390625 0.1629746828125 0.627571203125 0.1609968359375 0.62361550625 0.15209651875000002 0.614715190625 0.142207278125 0.61075949375 0.13231803749999999 0.61075949375
3 0.1421875 0.60625 0.08125 0.1265625
3 0.33125 0.6015625 0.084375 0.1265625
3 0.5421875 0.603125 0.0828125 0.128125
3 0.7421875 0.5875 0.0984375 0.140625
3 0.9453125 0.5703125 0.096875 0.13125