0 0.446782178125 0.2089521453125 0.44265676562499995 0.2027640265625 0.4251237625 0.1872937296875 0.41893564375 0.1872937296875 0.4168729375 0.1852310234375 0.39830858125 0.1852310234375 0.396245875 0.1872937296875 0.39005775625 0.1872937296875 0.372524753125 0.20070132031250001 0.364273928125 0.21720297031250002 0.364273928125 0.2357673265625 0.370462046875 0.2481435640625 0.379744225 0.25742574218750003 0.396245875 0.2636138609375 0.41068481874999996 0.2636138609375 0.42718646875 0.25742574218750003 0.43853135312499997 0.2481435640625 0.446782178125 0.2337046203125 0.446782178125 0.22751650156249997 0.448844884375 0.22545379531249998 0.44781353125 0.21617161718750003 0.446782178125 0.2089521453125
0 0.6664603953125 0.8617986796875 0.6602722765625 0.8597359734375001 0.6355198015625 0.8597359734375001 0.6107673265625 0.8700495046875 0.5932343234374999 0.8855198015625 0.5829207921874999 0.9020214515625 0.5829207921874999 0.9205858078125001 0.5911716171875 0.935024753125 0.6087046203125 0.9463696374999999 0.6148927390625001 0.9484323437500001 0.6437706265625 0.9484323437500001 0.6458333328125 0.9463696374999999 0.6540841578125 0.9463696374999999 0.6726485156249999 0.93605610625 0.6881188125000001 0.9185231015624999 0.6922442249999999 0.9102722765625 0.691212871875 0.8865511546875 0.68605610625 0.8752062703125001 0.678836634375 0.8679867984375 0.6664603953125 0.8617986796875
0 0.3240511546875 0.41006600625 0.3127062703125 0.421410890625 0.3085808578125 0.429661715625 0.3085808578125 0.448226071875 0.3127062703125 0.4564768984375 0.3240511546875 0.4678217828125 0.3281765671875 0.4678217828125 0.3343646859375 0.47194719531249996 0.3488036296875 0.46988448906249997 0.3549917484375 0.4678217828125 0.36633663437499997 0.4564768984375 0.372524753125 0.444100659375 0.3714934 0.42863036250000003 0.368399340625 0.421410890625 0.3549917484375 0.41006600625 0.34467821718749997 0.40594059375 0.3364273921875 0.40594059375 0.3240511546875 0.41006600625
0 0.2838283828125 0.442037953125 0.2838283828125 0.4585396046875 0.2858910890625 0.4647277234375 0.2951732671875 0.4740099015625 0.3013613859375 0.4760726078125 0.3158003296875 0.4760726078125 0.31992574218750003 0.4740099015625 0.32508250781250003 0.4688531359375 0.3240511546875 0.4678217828125 0.3127062703125 0.4564768984375 0.3085808578125 0.448226071875 0.3085808578125 0.429661715625 0.3106435640625 0.425536303125 0.3013613859375 0.42450495000000005 0.29723597343749997 0.42656765625000004 0.2838283828125 0.442037953125
0 0.3158003296875 0.5070132015625 0.3106435640625 0.5101072609374999 0.3065181515625 0.5183580859375 0.3065181515625 0.5369224421875 0.3106435640625 0.5451732671875 0.31992574218750003 0.5544554453125 0.3281765671875 0.5585808578125 0.3323019796875 0.5585808578125 0.3384900984375 0.5503300328125 0.3508663359375 0.5441419140625 0.3591171609375 0.5441419140625 0.362211221875 0.5410478546874999 0.363242575 0.5358910890625 0.35705445468749997 0.5379537953125 0.34055280468750004 0.5379537953125 0.3323019796875 0.5338283828125 0.32508250781250003 0.5266089109375 0.3158003296875 0.5070132015625
1 0.41626999218750005 0 0.397277228125 0.01299505 0.393151815625 0.023308581249999998 0.393151815625 0.0336221125 0.4044967 0.042904290625 0.42099834999999997 0.049092409375 0.4498762375 0.044966996875 0.461221121875 0.03568481875 0.46534653437499995 0.0253712875 0.46431518125000004 0.018151815625 0.461221121875 0.01093234375 0.45400165000000003 0.003712871875 0.4465759078125 0 0.41626999218750005 0
1 0.360148515625 0.1594471953125 0.3539603953125 0.16976072656250002 0.3539603953125 0.1841996703125 0.360148515625 0.1986386140625 0.3673679875 0.2037953796875 0.3714934 0.2037953796875 0.379744225 0.1934818484375 0.39830858125 0.1852310234375 0.42718646875 0.1872937296875 0.43028052812500006 0.1821369640625 0.429249175 0.1666666671875 0.428217821875 0.1615099015625 0.41481023125 0.14810231093749998 0.4044967 0.1439768984375 0.3838696375 0.1439768984375 0.36943069375 0.1501650171875 0.360148515625 0.1594471953125
1 0.3044554453125 0.369843234375 0.2982673265625 0.388407590625 0.3044554453125 0.404909240625 0.3137376234375 0.41419141875000004 0.31992574218750003 0.41419141875000004 0.3240511546875 0.41006600625 0.3343646859375 0.40594059375 0.3508663359375 0.40594059375 0.3560231015625 0.40078382812499996 0.360148515625 0.390470296875 0.3591171609375 0.3791254125 0.3580858078125 0.373968646875 0.34674092343749996 0.36056105625 0.3364273921875 0.35643564375 0.3219884484375 0.35643564375 0.3137376234375 0.36056105625 0.3044554453125 0.369843234375
1 0.3209570953125 0.4874174921875 0.3168316828125 0.5080445546875 0.32508250781250003 0.5266089109375 0.3323019796875 0.5338283828125 0.3426155109375 0.5379537953125 0.3549917484375 0.5379537953125 0.35705445468749997 0.5358910890625 0.363242575 0.5358910890625 0.376650165625 0.5245462046875 0.382838284375 0.5080445546875 0.38180693125 0.5008250828125 0.378712871875 0.4894801984375 0.36530528125 0.4740099015625 0.3549917484375 0.46988448906249997 0.34467821718749997 0.46988448906249997 0.3343646859375 0.4740099015625 0.3209570953125 0.4874174921875
1 0.3312706265625 0.5596122109375 0.3271452140625 0.5719884484375 0.3271452140625 0.5823019796875 0.3333333328125 0.5967409234375001 0.3426155109375 0.6060231015624999 0.3508663359375 0.6101485156249999 0.36943069375 0.6101485156249999 0.379744225 0.6060231015624999 0.386963696875 0.5988036296875 0.393151815625 0.5823019796875 0.3921204625 0.5688943890625 0.38902640312500003 0.5616749171875 0.3756188125 0.5482673265625 0.36530528125 0.5441419140625 0.3508663359375 0.5441419140625 0.3426155109375 0.5482673265625 0.3312706265625 0.5596122109375
1 0.4828795375 0.7813531359375 0.46637788750000003 0.7834158421875 0.45400165000000003 0.7896039609375001 0.44265676562499995 0.8009488453125 0.43853135312499997 0.8091996703125 0.43853135312499997 0.8277640265624999 0.44265676562499995 0.8360148515624999 0.46018976875 0.8514851484375001 0.47256600625 0.8535478546874999 0.47462871250000005 0.8556105609375001 0.49525577500000006 0.8535478546874999 0.5035065999999999 0.8494224421875 0.5169141921875 0.8360148515624999 0.5210396046875 0.8277640265624999 0.5200082515625 0.8061056109375 0.5169141921875 0.7988861390625 0.49938118749999993 0.7854785484375 0.48494224375000006 0.7834158421875 0.4828795375 0.7813531359375
1 0.711839934375 1 0.7180280531250001 0.9979372937500001 0.724216171875 0.9938118812500001 0.7283415843750001 0.9938118812500001 0.75206270625 0.972153465625 0.758250825 0.959777228125 0.7572194718749999 0.9381188125 0.746905940625 0.9257425749999999 0.734529703125 0.9236798687500001 0.732466996875 0.9216171609374999 0.705651815625 0.9236798687500001 0.693275578125 0.9278052812500001 0.674711221875 0.9381188125 0.6613036296875 0.9494636968749999 0.6509900984375 0.9680280531250001 0.6509900984375 0.984529703125 0.6643976890625 1 0.711839934375 1
1 0.372524753125 0.04599835 0.3838696375 0.05528052812499999 0.40243399375 0.057343234374999996 0.4044967 0.05528052812499999 0.41893564375 0.053217821875 0.42202970312500004 0.0501237625 0.42099834999999997 0.049092409375 0.412747525 0.047029703125 0.393151815625 0.03568481875 0.39418316875000003 0.014026403125 0.38799505 0.014026403125 0.37768151875 0.020214521875 0.370462046875 0.03155940625 0.370462046875 0.0418729375 0.372524753125 0.04599835