1 0.312912540625 0.6468646859375 0.30569306875 0.6582095703124999 0.30569306875 0.6705858078125 0.30981848125 0.678836634375 0.323226071875 0.6881188125000001 0.3376650171875 0.6881188125000001 0.34694719531249996 0.680899340625 0.3510726078125 0.6705858078125 0.3490099015625 0.6582095703124999 0.3448844890625 0.6520214515625 0.3397277234375 0.6468646859375 0.3325082515625 0.6437706265625 0.323226071875 0.6427392734375 0.317037953125 0.6468646859375 0.312912540625 0.6468646859375
0 0.3789191421875 0.6613036296875 0.3696369640625 0.6726485156249999 0.3696369640625 0.687087459375 0.3716996703125 0.691212871875 0.3789191421875 0.69843234375 0.3892326734375 0.7025577562499999 0.4036716171875 0.70049505 0.41295379531250004 0.689150165625 0.41295379531250004 0.6726485156249999 0.4036716171875 0.6613036296875 0.3943894390625 0.6582095703124999 0.3892326734375 0.6571782171875 0.3830445546875 0.6613036296875 0.3789191421875 0.6613036296875
0 0.45627062656249995 0.701526403125 0.45627062656249995 0.713902640625 0.46555280468750004 0.725247525 0.47792904218750004 0.7273102312499999 0.4841171609375 0.725247525 0.493399340625 0.7180280531250001 0.495462046875 0.713902640625 0.495462046875 0.703589109375 0.49133663437499997 0.695338284375 0.4830858078125 0.689150165625 0.4696782171875 0.6881188125000001 0.4583333328125 0.697400990625 0.45627062656249995 0.701526403125
1 0.613036303125 0.7180280531250001 0.615099009375 0.724216171875 0.6243811874999999 0.73349835 0.6388201312499999 0.73349835 0.6501650171875 0.724216171875 0.6522277234375 0.720090759375 0.6522277234375 0.7077145218750001 0.6450082515625 0.69843234375 0.6419141921875 0.697400990625 0.6285065999999999 0.6963696374999999 0.615099009375 0.7077145218750001 0.613036303125 0.7180280531250001
1 0.6522277234375 0.705651815625 0.6522277234375 0.715965346875 0.6635726078124999 0.7293729375 0.6780115515625 0.7293729375 0.6893564359375 0.720090759375 0.6914191421875 0.715965346875 0.6914191421875 0.699463696875 0.6831683171875 0.691212871875 0.6656353140625 0.69018151875 0.6542904296875001 0.701526403125 0.6522277234375 0.705651815625
1 0.7326732671875 0.693275578125 0.7326732671875 0.7077145218750001 0.7347359734375 0.711839934375 0.7460808578125 0.71905940625 0.7605198015625 0.7169966999999999 0.7698019796875 0.7077145218750001 0.7718646859375 0.701526403125 0.7718646859375 0.691212871875 0.7698019796875 0.687087459375 0.7440181515625001 0.6881188125000001 0.7378300328125 0.68605610625 0.7326732671875 0.693275578125
1 0.7863036296875 0.6437706265625 0.7842409234375001 0.6540841578125 0.7863036296875 0.6561468640625 0.7863036296875 0.6643976890625 0.7955858078125 0.675742575 0.799711221875 0.6778052812500001 0.8162128718749999 0.6778052812500001 0.8244636968749999 0.6736798687500001 0.833745875 0.6623349828125 0.83580858125 0.6396452140625 0.833745875 0.6334570953124999 0.8213696374999999 0.6231435640625 0.8079620468750001 0.6221122109375 0.7976485156249999 0.6262376234375 0.7863036296875 0.6437706265625
0 0.7285478546874999 0.6540841578125 0.7285478546874999 0.6726485156249999 0.7398927390625001 0.68605610625 0.7440181515625001 0.6881188125000001 0.7605198015625 0.6881188125000001 0.7646452140625 0.68605610625 0.7759900984375 0.676773928125 0.7801155109375 0.6685231015624999 0.7801155109375 0.6499587453125 0.7708333328125 0.6365511546875 0.7636138609375 0.6334570953124999 0.7543316828125 0.6324257421875 0.7440181515625001 0.6365511546875 0.7285478546874999 0.6540841578125
0 0.6914191421875 0.699463696875 0.6914191421875 0.709777228125 0.6955445546875 0.7180280531250001 0.7027640265625 0.72318481875 0.7172029703125 0.72318481875 0.7285478546874999 0.713902640625 0.7306105609375 0.709777228125 0.7306105609375 0.693275578125 0.7254537953125 0.68605610625 0.7202970296875 0.682962046875 0.7110148515625 0.68193069375 0.7048267328125 0.6839934000000001 0.6914191421875 0.699463696875
0 0.7285478546874999 0.720090759375 0.7337046203125 0.7273102312499999 0.7378300328125 0.7293729375 0.7481435640625 0.7293729375 0.7594884484375 0.720090759375 0.7584570953124999 0.7169966999999999 0.7460808578125 0.71905940625 0.7378300328125 0.71493399375 0.7326732671875 0.7077145218750001 0.7306105609375 0.7077145218750001 0.7285478546874999 0.713902640625 0.7285478546874999 0.720090759375
1 0.7636138609375 0.5076320125 0.7512376234375 0.5323844890625 0.7512376234375 0.5550742578125 0.7553630359375 0.5674504953125 0.7728960390624999 0.5870462046875 0.7873349828125 0.5932343234374999 0.810024753125 0.5911716171875 0.826526403125 0.5787953796875 0.83168316875 0.5736386140625 0.8419966999999999 0.5488861390625 0.8419966999999999 0.5261963703125 0.83580858125 0.511757425 0.8203382843749999 0.496287128125 0.81105610625 0.49113036250000003 0.7914603953125 0.490099009375 0.7790841578125 0.494224421875 0.7636138609375 0.5076320125
1 0.9100660062499999 0.5591996703125 0.9038778875 0.5736386140625 0.9038778875 0.6025165015625 0.915222771875 0.6159240921875 0.919348184375 0.6179867984375 0.9337871281250001 0.6179867984375 0.937912540625 0.6159240921875 0.9492574250000001 0.6045792078125001 0.9554455453124999 0.5901402640625 0.9554455453124999 0.5695132015625 0.9533828390625001 0.5633250828125 0.9368811875 0.5488861390625 0.931724421875 0.5478547859375 0.915222771875 0.5540429046875001 0.9100660062499999 0.5591996703125
1 0.9626650171875 0.5519801984375 0.9513201312499999 0.5591996703125 0.9554455453124999 0.5695132015625 0.9554455453124999 0.5901402640625 0.9492574250000001 0.6066419140625 0.9585396046874999 0.6138613859375 0.9709158421874999 0.6138613859375 0.9884488453125 0.5922029703125 0.9884488453125 0.5777640265625 0.9822607265625001 0.5653877890625 0.9822607265625001 0.5571369640625 0.9791666671874999 0.5519801984375 0.9760726078124999 0.5509488453125 0.9709158421874999 0.5499174921875001 0.9688531359375 0.5519801984375 0.9626650171875 0.5519801984375
1 1 0.517842409375 0.9977310234375001 0.5189768984375001 0.9884488453125 0.5282590765624999 0.9822607265625001 0.5426980203125 0.9822607265625001 0.5633250828125 0.9843234328125 0.5653877890625 0.9843234328125 0.5715759078125 0.9915429046875 0.5808580859375 0.9997937296874999 0.5849834984375 1 0.58494224375 1 0.517842409375