1 0.4671875 0.5453125 0.04375 0.0453125
1 0.496875 0.96875 0.040625 0.0453125
1 0.5171875 0.5421875 0.04375 0.046875
2 0.459375 0.753125 0.0453125 0.053125
2 0.50625 0.740625 0.040625 0.0484375
2 0.484375 0.1765625 0.0375 0.0515625
2 0.5296875 0.1703125 0.04375 0.0546875
2 0.5288778875 0.7704207921874999 0.53506600625 0.7745462046875 0.5330033000000001 0.7786716171875 0.540222771875 0.7858910890625 0.544348184375 0.7838283828125 0.548473596875 0.7900165015625 0.564975246875 0.7900165015625 0.569100659375 0.7879537953125 0.5763201312499999 0.7807343234374999 0.5804455453124999 0.7724834984375 0.5804455453124999 0.7642326734375 0.5825082515625 0.7601072609374999 0.5804455453124999 0.7580445546875 0.5804455453124999 0.7539191421875 0.5763201312499999 0.7456683171875 0.569100659375 0.7384488453125 0.560849834375 0.7343234328125 0.550536303125 0.7343234328125 0.548473596875 0.7363861390625 0.540222771875 0.7363861390625 0.53094059375 0.7456683171875 0.52681518125 0.7539191421875 0.527846534375 0.7673267328125 0.5288778875 0.7704207921874999
1 0.45 0.946875 0.0515625 0.059375
1 0.539276984375 0.9771697359375 0.5423710453125 0.9802637953125 0.5485591640624999 0.9823265015624999 0.5588726953125 0.9802637953125 0.5629981078124999 0.9782010890624999 0.5743429921875001 0.9647934984375001 0.5764056984375 0.9586053796874999 0.5743429921875001 0.9441664359375 0.5702175796875 0.9379783171874999 0.5609354015625 0.9307588453125 0.5444337515625 0.9307588453125 0.5403083390625001 0.9369469640625001 0.5361829250000001 0.9348842578125 0.528963453125 0.9421037296874999 0.528963453125 0.9503545546875 0.524838040625 0.9586053796874999 0.5258693937500001 0.9637621453125 0.528963453125 0.9709816171875 0.53412021875 0.9740756765624999 0.5382456312499999 0.9720129703125 0.539276984375 0.9771697359375
1 0.5990099015625 0.1784240921875 0.5990099015625 0.1598597359375 0.5928217828125 0.1495462046875 0.5856023109375 0.14438943906249999 0.569100659375 0.14438943906249999 0.564975246875 0.1547029703125 0.560849834375 0.1526402640625 0.55569306875 0.1557343234375 0.5536303625000001 0.1701732671875 0.55156765625 0.1722359734375 0.552599009375 0.1815181515625 0.556724421875 0.1897689765625 0.560849834375 0.19183168281250002 0.564975246875 0.1897689765625 0.569100659375 0.1959570953125 0.5835396046875 0.1959570953125 0.5876650171875 0.1938943890625 0.5990099015625 0.1784240921875
2 0.573226071875 0.5259900984375 0.558787128125 0.5259900984375 0.556724421875 0.5342409234375001 0.55569306875 0.5290841578125 0.550536303125 0.5280528046875 0.541254125 0.5373349828125 0.5422854781249999 0.5631188125000001 0.548473596875 0.5713696374999999 0.552599009375 0.56930693125 0.558787128125 0.57549505 0.5773514843750001 0.57343234375 0.5866336640625 0.564150165625 0.5907590765624999 0.553836634375 0.5907590765624999 0.5476485156249999 0.5845709578125 0.5332095703124999 0.573226071875 0.5259900984375
3 0.5171875 0.1625 0.1125 0.08125
3 0.5078125 0.35625 0.125 0.065625
3 0.503125 0.54375 0.134375 0.0609375
3 0.4875 0.753125 0.1203125 0.0796875
3 0.484375 0.9515625 0.1375 0.0953125