2 0.5788810484375 0.8379032265624999 0.5869455640625 0.8379032265624999 0.5990423390624999 0.8338709671875 0.606098790625 0.826814515625 0.6101310484375 0.81875 0.6101310484375 0.810685484375 0.606098790625 0.8026209671875 0.58896169375 0.7935483875 0.57686491875 0.795564515625 0.568800403125 0.7995967734375 0.5607358875 0.80967741875 0.5597278218749999 0.8247983874999999 0.568800403125 0.8338709671875 0.5788810484375 0.8379032265624999
2 0.577872984375 0.6897177421875 0.5849294359375 0.698790321875 0.597026209375 0.7048387093749999 0.6131552421875 0.7048387093749999 0.6192036296875 0.70282258125 0.634324596875 0.6897177421875 0.6383568546875 0.679637096875 0.6383568546875 0.6655241937499999 0.6363407265625 0.65947580625 0.6333165328125 0.654435484375 0.6292842734375 0.6524193546875 0.625252015625 0.6524193546875 0.6192036296875 0.6584677421875 0.6071068546875 0.6645161296875 0.5849294359375 0.6645161296875 0.5788810484375 0.6625 0.57686491875 0.6685483875 0.5758568546875 0.6816532265624999 0.577872984375 0.6836693546875 0.577872984375 0.6897177421875
2 0.656502015625 0.6151209671875 0.6605342734375 0.6272177421875 0.6675907265625 0.62822580625 0.68271169375 0.6151209671875 0.6847278218749999 0.6110887093749999 0.6847278218749999 0.59697580625 0.6776713703125 0.585887096875 0.6736391125 0.585887096875 0.6675907265625 0.5879032265624999 0.6554939515625 0.6 0.64541330625 0.6040322578125 0.6444052421875 0.605040321875 0.6494455640625 0.6100806453125001 0.656502015625 0.6151209671875
2 0.67061491875 0.5647177421875 0.668598790625 0.5868951609375 0.671622984375 0.5879032265624999 0.6786794359375 0.582862903125 0.68271169375 0.576814515625 0.6867439515625 0.56875 0.6867439515625 0.5586693546875 0.6847278218749999 0.5526209671875 0.6776713703125 0.545564515625 0.6635584671875 0.5475806453125001 0.662550403125 0.5526209671875 0.668598790625 0.5586693546875 0.67061491875 0.5647177421875
2 0.668598790625 0.5868951609375 0.67061491875 0.5808467734375 0.67061491875 0.5627016125 0.6645665328125 0.5526209671875 0.65751008125 0.5475806453125001 0.6524697578125 0.5485887093749999 0.656502015625 0.560685484375 0.656502015625 0.5747983875 0.6544858875 0.5808467734375 0.6504536296875 0.588911290625 0.637348790625 0.6 0.637348790625 0.6040322578125 0.65146169375 0.6020161296875 0.668598790625 0.5868951609375
2 0.6010584671875 0.573790321875 0.60811491875 0.5808467734375 0.6161794359375 0.59697580625 0.625252015625 0.6040322578125 0.6272681453125 0.6020161296875 0.63936491875 0.6 0.6524697578125 0.5868951609375 0.656502015625 0.576814515625 0.656502015625 0.560685484375 0.6524697578125 0.5485887093749999 0.63936491875 0.5375 0.6292842734375 0.5334677421875 0.6192036296875 0.5334677421875 0.603074596875 0.5395161296875 0.5919858875 0.5526209671875 0.58896169375 0.5637096781250001 0.5879536296875 0.5667338703125 0.5909778218749999 0.5697580640625 0.6010584671875 0.573790321875
2 0.6534778218749999 0.5475806453125001 0.6675907265625 0.5475806453125001 0.6776713703125 0.5435483875 0.68876008125 0.5324596781250001 0.6948084671875 0.5183467734375 0.6948084671875 0.5082661296875 0.690776209375 0.4961693546875 0.6817036296875 0.4870967734375 0.6675907265625 0.4810483875 0.6635584671875 0.4810483875 0.6554939515625 0.49112903281250003 0.6474294359375 0.49717741875000004 0.631300403125 0.5012096781250001 0.6302923390624999 0.5243951609375 0.637348790625 0.5354838703125 0.6534778218749999 0.5475806453125001
2 0.574848790625 0.42862903281250003 0.58896169375 0.4366935484375 0.6040826609375001 0.4538306453125 0.60811491875 0.46592741875000004 0.609122984375 0.4770161296875 0.6151713703125 0.4770161296875 0.62626008125 0.46592741875000004 0.6302923390624999 0.4558467734375 0.6363407265625 0.44778225781250003 0.6363407265625 0.4316532265625 0.628276209375 0.41552419374999994 0.603074596875 0.39838709687499996 0.5929939515625 0.39838709687499996 0.57686491875 0.404435484375 0.562752015625 0.420564515625 0.5617439515625 0.42157258124999997 0.5667842734375 0.426612903125 0.574848790625 0.42862903281250003
2 0.6212197578125 0.22096774218749998 0.6333165328125 0.2189516125 0.6484375 0.2038306453125 0.6504536296875 0.1877016125 0.6444052421875 0.17358870937499998 0.625252015625 0.15846774218749998 0.6222278218749999 0.15947580625 0.6242439515625 0.1776209671875 0.6222278218749999 0.1836693546875 0.6121471781250001 0.1997983875 0.6050907265625 0.204838709375 0.6040826609375001 0.2179435484375 0.6192036296875 0.2229838703125 0.6212197578125 0.22096774218749998
2 0.5304939515625 0.1161290328125 0.540574596875 0.120161290625 0.5536794359375 0.1352822578125 0.5536794359375 0.139314515625 0.55771169375 0.145362903125 0.5587197578125 0.15846774218749998 0.5708165328125 0.15443548437500002 0.5798891125 0.145362903125 0.5859375 0.1352822578125 0.5879536296875 0.12116935468750001 0.5798891125 0.1010080640625 0.5728326609375001 0.0939516125 0.5587197578125 0.085887096875 0.5526713703125 0.0838709671875 0.5244455640625 0.0838709671875 0.5103326609375001 0.0899193546875 0.49924395156249995 0.0989919359375 0.49823588750000003 0.1020161296875 0.49823588750000003 0.108064515625 0.5224294359375 0.11008064531249999 0.5304939515625 0.1161290328125
2 0.35811491875 0.2260080640625 0.36416330625 0.230040321875 0.3651713703125 0.23306451562500002 0.37323588750000003 0.23709677343750002 0.387348790625 0.23709677343750002 0.38936491875 0.2350806453125 0.3913810484375 0.23709677343750002 0.40549395156249995 0.23709677343750002 0.40751008125 0.23911290312500003 0.4196068546875 0.24112903281250003 0.42363911249999997 0.24516129062499997 0.4337197578125 0.24516129062499997 0.45186491875 0.23709677343750002 0.4710181453125 0.219959678125 0.4790826609375 0.20786290312500003 0.48311491875 0.1957661296875 0.48311491875 0.1836693546875 0.48513104843750005 0.1816532265625 0.48311491875 0.167540321875 0.4790826609375 0.1614919359375 0.4790826609375 0.157459678125 0.46396169374999996 0.13830645156250002 0.44178427343750004 0.126209678125 0.43573588750000003 0.1241935484375 0.4196068546875 0.1241935484375 0.41759072656249996 0.12217741875000002 0.39339717812499997 0.126209678125 0.37323588750000003 0.136290321875 0.35408266093749996 0.157459678125 0.347026209375 0.1786290328125 0.3460181453125 0.20181451562500002 0.34803427343750004 0.20786290312500003 0.35811491875 0.2260080640625
2 0.3198084671875 0.34092741875 0.3258568546875 0.35302419375 0.34097782187500003 0.370161290625 0.3671875 0.38427419375 0.37323588750000003 0.38427419375 0.375252015625 0.386290321875 0.40146169374999996 0.386290321875 0.421622984375 0.37822580625 0.4337197578125 0.370161290625 0.452872984375 0.3489919359375 0.4649697578125 0.3207661296875 0.4649697578125 0.30463709687499996 0.46698588750000003 0.3026209671875 0.4649697578125 0.3006048390625 0.4629536296875 0.2864919359375 0.4569052421875 0.2743951609375 0.437752015625 0.25322580625 0.4296875 0.24717741875 0.40549395156249995 0.23709677343750002 0.3772681453125 0.23709677343750002 0.3510584671875 0.24717741875 0.327872984375 0.2683467734375 0.31779233906250004 0.2885080640625 0.3147681453125 0.3056451609375 0.315776209375 0.3308467734375 0.3198084671875 0.3368951609375 0.3198084671875 0.34092741875
0 0.48109879062500005 0.15947580625 0.48311491875 0.17157258125 0.48513104843750005 0.17358870937499998 0.48513104843750005 0.1877016125 0.4921875 0.19677419375 0.506300403125 0.198790321875 0.5083165328125 0.20080645156250002 0.5304939515625 0.198790321875 0.5385584671875 0.1947580640625 0.5425907265625 0.188709678125 0.5476310484375 0.18568548437500002 0.5556955640625 0.17358870937499998 0.5556955640625 0.167540321875 0.55771169375 0.16552419375 0.55771169375 0.1473790328125 0.5536794359375 0.1352822578125 0.5425907265625 0.12217741875000002 0.5244455640625 0.11209677343749999 0.52041330625 0.11209677343749999 0.51436491875 0.108064515625 0.4942036296875 0.108064515625 0.47001008125 0.11814516093750001 0.4599294359375 0.12822580625 0.4589213703125 0.1332661296875 0.475050403125 0.1493951609375 0.48109879062500005 0.15947580625
0 0.4881552421875 0.2854838703125 0.4901713703125 0.2875 0.5022681453125 0.2895161296875 0.5163810484375 0.2975806453125 0.5244455640625 0.3056451609375 0.5304939515625 0.3056451609375 0.5425907265625 0.2995967734375 0.55771169375 0.28447580625 0.5677923390624999 0.2622983875 0.5677923390624999 0.248185484375 0.55771169375 0.2260080640625 0.546622984375 0.2129032265625 0.52646169375 0.20282258125000002 0.5022681453125 0.20282258125000002 0.500252015625 0.204838709375 0.48613911249999997 0.20685483906250002 0.475050403125 0.21592741875 0.475050403125 0.2179435484375 0.45388104843750005 0.23911290312500003 0.452872984375 0.2663306453125 0.465977821875 0.2834677421875 0.4881552421875 0.2854838703125
0 0.45388104843750005 0.4064516125 0.46799395156249995 0.4084677421875 0.47001008125 0.4104838703125 0.484122984375 0.4104838703125 0.48613911249999997 0.4084677421875 0.5022681453125 0.4064516125 0.506300403125 0.4024193546875 0.5163810484375 0.39838709687499996 0.5294858875 0.38528225781250003 0.5335181453125 0.373185484375 0.5415826609375001 0.35907258125 0.5415826609375001 0.3368951609375 0.537550403125 0.3247983875 0.5294858875 0.310685484375 0.5083165328125 0.2935483875 0.484122984375 0.2854838703125 0.46799395156249995 0.2854838703125 0.4649697578125 0.29052419375 0.46698588750000003 0.292540321875 0.46698588750000003 0.3147177421875 0.4589213703125 0.34092741875 0.4448084671875 0.36108870937500004 0.4337197578125 0.37217741875 0.4276713703125 0.37419354843749997 0.42666330625000004 0.3832661296875 0.4458165328125 0.4024193546875 0.45388104843750005 0.4064516125
0 0.6464213703125 0.3247983875 0.6484375 0.326814515625 0.6444052421875 0.3489919359375 0.6383568546875 0.3570564515625 0.6433971781250001 0.3620967734375 0.6534778218749999 0.3620967734375 0.6645665328125 0.3510080640625 0.668598790625 0.34294354843749997 0.67061491875 0.3308467734375 0.668598790625 0.3288306453125 0.668598790625 0.32278225781250003 0.662550403125 0.310685484375 0.6554939515625 0.30362903281250003 0.6433971781250001 0.2975806453125 0.637348790625 0.2995967734375 0.6363407265625 0.3026209671875 0.6444052421875 0.3127016125 0.6464213703125 0.3247983875
0 0.659526209375 0.43467741875000004 0.6675907265625 0.43064516093750005 0.67666330625 0.42157258124999997 0.6806955640625 0.41350806406249996 0.6806955640625 0.395362903125 0.6726310484375 0.38125 0.6635584671875 0.37419354843749997 0.6585181453125 0.3752016125 0.6605342734375 0.3872983875 0.662550403125 0.389314515625 0.662550403125 0.40342741875000004 0.6544858875 0.4195564515625 0.6474294359375 0.426612903125 0.6464213703125 0.42963709687499996 0.65146169375 0.43467741875000004 0.659526209375 0.43467741875000004
0 0.6645665328125 0.457862903125 0.6665826609375001 0.45987903281250003 0.6645665328125 0.48004032187499995 0.6756552421875 0.483064515625 0.6847278218749999 0.47197580625 0.6847278218749999 0.46592741875000004 0.6867439515625 0.46391129062500003 0.68271169375 0.44778225781250003 0.671622984375 0.43467741875000004 0.6675907265625 0.43266129062500003 0.6635584671875 0.43266129062500003 0.65751008125 0.4366935484375 0.656502015625 0.4397177421875 0.6645665328125 0.451814515625 0.6645665328125 0.457862903125
0 0.634324596875 0.6372983875 0.628276209375 0.6493951609375 0.637348790625 0.6604838703125 0.6413810484375 0.6604838703125 0.656502015625 0.6473790328125 0.6605342734375 0.6372983875 0.6605342734375 0.623185484375 0.656502015625 0.6151209671875 0.64541330625 0.6060483875 0.6413810484375 0.6040322578125 0.6292842734375 0.6040322578125 0.628276209375 0.60907258125 0.634324596875 0.6211693546875 0.634324596875 0.6372983875
0 0.5869455640625 0.6645161296875 0.6071068546875 0.6645161296875 0.6192036296875 0.6584677421875 0.6302923390624999 0.6473790328125 0.634324596875 0.6372983875 0.634324596875 0.6211693546875 0.628276209375 0.6070564515625 0.6212197578125 0.6040322578125 0.6181955640625 0.6070564515625 0.6161794359375 0.6191532265624999 0.6101310484375 0.63125 0.5990423390624999 0.6423387093749999 0.5849294359375 0.648387096875 0.5728326609375001 0.6504032265624999 0.5708165328125 0.648387096875 0.5698084671875 0.65342741875 0.574848790625 0.6584677421875 0.5869455640625 0.6645161296875
0 0.6494455640625 0.7129032265624999 0.6554939515625 0.710887096875 0.662550403125 0.7058467734375 0.6665826609375001 0.6997983875 0.668598790625 0.685685484375 0.6665826609375001 0.679637096875 0.659526209375 0.6725806453125001 0.6534778218749999 0.676612903125 0.63936491875 0.6786290328125 0.6363407265625 0.6816532265624999 0.634324596875 0.6897177421875 0.6232358875 0.7008064515625 0.6222278218749999 0.701814515625 0.6333165328125 0.7129032265624999 0.6494455640625 0.7129032265624999
0 0.6444052421875 0.7280241937499999 0.6474294359375 0.7431451609375 0.6585181453125 0.73407258125 0.6605342734375 0.72197580625 0.6554939515625 0.710887096875 0.6494455640625 0.7129032265624999 0.6333165328125 0.7129032265624999 0.631300403125 0.710887096875 0.625252015625 0.710887096875 0.625252015625 0.716935484375 0.637348790625 0.7209677421875 0.6444052421875 0.7280241937499999
0 0.5446068546875 0.87217741875 0.5526713703125 0.876209678125 0.5667842734375 0.876209678125 0.574848790625 0.87217741875 0.5839213703125 0.8631048390625 0.5879536296875 0.8530241937499999 0.5859375 0.84697580625 0.5788810484375 0.8379032265624999 0.5667842734375 0.8338709671875 0.5647681453125 0.8358870968750001 0.5526713703125 0.8358870968750001 0.5425907265625 0.8399193546875001 0.5365423390624999 0.85 0.5355342734375 0.8610887093749999 0.537550403125 0.8651209671875 0.5446068546875 0.87217741875
1 0.6131552421875 0.7633064515625 0.6272681453125 0.7633064515625 0.6353326609375001 0.7592741937499999 0.6423891125 0.7522177421875 0.6484375 0.7360887093749999 0.6464213703125 0.730040321875 0.6353326609375001 0.7189516125 0.6292842734375 0.7189516125 0.6272681453125 0.716935484375 0.6212197578125 0.716935484375 0.6050907265625 0.7229838703125 0.5990423390624999 0.7350806453125001 0.5980342734375 0.748185484375 0.6020665328125 0.75625 0.6131552421875 0.7633064515625
1 0.668598790625 0.6917338703125 0.6645665328125 0.6997983875 0.665574596875 0.7048387093749999 0.67061491875 0.701814515625 0.6746471781250001 0.6957661296875 0.6786794359375 0.6877016125 0.6786794359375 0.679637096875 0.6696068546875 0.6665322578125 0.665574596875 0.6665322578125 0.6615423390624999 0.670564515625 0.6605342734375 0.6735887093749999 0.668598790625 0.685685484375 0.668598790625 0.6917338703125
1 0.67061491875 0.6473790328125 0.668598790625 0.6493951609375 0.668598790625 0.65947580625 0.6665826609375001 0.6614919359375 0.6675907265625 0.6665322578125 0.6746471781250001 0.6614919359375 0.6806955640625 0.651411290625 0.6806955640625 0.639314515625 0.6786794359375 0.6332661296875 0.6736391125 0.62822580625 0.6696068546875 0.6262096781250001 0.6635584671875 0.62822580625 0.662550403125 0.6352822578125 0.668598790625 0.6413306453125001 0.67061491875 0.6473790328125
1 0.6615423390624999 0.670564515625 0.67061491875 0.65342741875 0.67061491875 0.645362903125 0.6665826609375001 0.6372983875 0.6615423390624999 0.6342741937499999 0.656502015625 0.6473790328125 0.64541330625 0.6584677421875 0.63936491875 0.6604838703125 0.63936491875 0.676612903125 0.65146169375 0.676612903125 0.6615423390624999 0.670564515625
1 0.5546875 0.6443548390625 0.5728326609375001 0.6504032265624999 0.5869455640625 0.648387096875 0.5990423390624999 0.6423387093749999 0.6101310484375 0.63125 0.6181955640625 0.6131048390625 0.6181955640625 0.6030241937499999 0.6121471781250001 0.5868951609375 0.597026209375 0.5717741937499999 0.5849294359375 0.5677419359375 0.5667842734375 0.5677419359375 0.5607358875 0.5697580640625 0.5415826609375001 0.5848790328125 0.534526209375 0.6 0.5335181453125 0.6110887093749999 0.5395665328125 0.6292338703125 0.5546875 0.6443548390625
1 0.5546875 0.5274193546875 0.5607358875 0.5274193546875 0.562752015625 0.5254032265624999 0.5728326609375001 0.5254032265624999 0.58291330625 0.5213709671875 0.600050403125 0.5042338703125 0.60811491875 0.48810483906249996 0.60811491875 0.46995967812500006 0.606098790625 0.4679435484375 0.6040826609375001 0.4558467734375 0.5929939515625 0.44072580625 0.568800403125 0.426612903125 0.5597278218749999 0.4276209671875 0.5617439515625 0.4397177421875 0.56376008125 0.4417338703125 0.56376008125 0.451814515625 0.565776209375 0.4538306453125 0.5617439515625 0.47802419374999994 0.5536794359375 0.4941532265625 0.5425907265625 0.5052419359375 0.5304939515625 0.511290321875 0.5294858875 0.514314515625 0.5365423390624999 0.5213709671875 0.5546875 0.5274193546875
1 0.4508568546875 0.47197580625 0.4589213703125 0.4901209671875 0.478074596875 0.5072580640625 0.4962197578125 0.51532258125 0.5163810484375 0.51532258125 0.5183971781250001 0.5133064515625 0.5365423390624999 0.5092741937499999 0.5536794359375 0.4941532265625 0.5556955640625 0.486088709375 0.56376008125 0.47197580625 0.56376008125 0.4397177421875 0.5597278218749999 0.4276209671875 0.5446068546875 0.4104838703125 0.5244455640625 0.4004032265625 0.51436491875 0.4004032265625 0.4942036296875 0.4104838703125 0.47001008125 0.4145161296875 0.45488911249999997 0.4276209671875 0.44984879062500005 0.44475806406249996 0.44884072656249996 0.46189516093750005 0.4508568546875 0.46391129062500003 0.4508568546875 0.47197580625
1 0.6272681453125 0.5012096781250001 0.6333165328125 0.5012096781250001 0.6353326609375001 0.4991935484375 0.6474294359375 0.49717741875000004 0.6605342734375 0.48407258124999997 0.6665826609375001 0.47197580625 0.6665826609375001 0.45987903281250003 0.6605342734375 0.44375 0.6494455640625 0.43266129062500003 0.63936491875 0.43064516093750005 0.6363407265625 0.4336693546875 0.6363407265625 0.44778225781250003 0.6323084671875 0.4558467734375 0.628276209375 0.45987903281250003 0.6242439515625 0.46995967812500006 0.6101310484375 0.48004032187499995 0.609122984375 0.4850806453125 0.60811491875 0.4901209671875 0.6171875 0.49717741875000004 0.6272681453125 0.5012096781250001
1 0.6050907265625 0.39838709687499996 0.6151713703125 0.404435484375 0.628276209375 0.41552419374999994 0.637348790625 0.43064516093750005 0.6474294359375 0.426612903125 0.6544858875 0.4195564515625 0.662550403125 0.40141129062500003 0.662550403125 0.389314515625 0.656502015625 0.373185484375 0.6413810484375 0.3600806453125 0.6353326609375001 0.3600806453125 0.6131552421875 0.370161290625 0.5990423390624999 0.370161290625 0.5919858875 0.3792338703125 0.5909778218749999 0.38427419375 0.5899697578125 0.3913306453125 0.59501008125 0.39838709687499996 0.6050907265625 0.39838709687499996
1 0.5849294359375 0.3620967734375 0.597026209375 0.3681451609375 0.6192036296875 0.3681451609375 0.625252015625 0.364112903125 0.6292842734375 0.364112903125 0.6383568546875 0.3570564515625 0.6444052421875 0.34697580625 0.6464213703125 0.332862903125 0.6484375 0.3308467734375 0.6464213703125 0.31875 0.640372984375 0.3066532265625 0.6232358875 0.29153225781250003 0.6171875 0.2895161296875 0.5929939515625 0.2895161296875 0.577872984375 0.29858870937500004 0.571824596875 0.310685484375 0.5667842734375 0.31572580625 0.565776209375 0.33487903281250003 0.571824596875 0.34697580625 0.5849294359375 0.3620967734375
1 0.5819052421875 0.2743951609375 0.5869455640625 0.2834677421875 0.5929939515625 0.2875 0.6071068546875 0.2875 0.609122984375 0.2895161296875 0.6232358875 0.29153225781250003 0.6353326609375001 0.2995967734375 0.6484375 0.29052419375 0.656502015625 0.27237903281250003 0.6544858875 0.2582661296875 0.6484375 0.24616935468749998 0.63936491875 0.23709677343750002 0.6272681453125 0.2310483875 0.6050907265625 0.2310483875 0.597026209375 0.2350806453125 0.5839213703125 0.24616935468749998 0.5808971781250001 0.2552419359375 0.5798891125 0.2622983875 0.5819052421875 0.264314515625 0.5819052421875 0.2743951609375
1 0.5446068546875 0.21088709687499999 0.5556955640625 0.22197580625 0.565776209375 0.24012096718749998 0.565776209375 0.24616935468749998 0.568800403125 0.2491935484375 0.5808971781250001 0.24717741875 0.5869455640625 0.2431451609375 0.600050403125 0.2260080640625 0.6020665328125 0.219959678125 0.6020665328125 0.1997983875 0.5960181453125 0.1836693546875 0.5808971781250001 0.170564515625 0.5667842734375 0.1645161296875 0.55771169375 0.16552419375 0.5536794359375 0.179637096875 0.5476310484375 0.1877016125 0.5304939515625 0.20080645156250002 0.5294858875 0.20181451562500002 0.53251008125 0.204838709375 0.5446068546875 0.21088709687499999
1 0.5980342734375 0.18568548437500002 0.603074596875 0.20282258125000002 0.6071068546875 0.20282258125000002 0.6181955640625 0.1917338703125 0.6222278218749999 0.1836693546875 0.6242439515625 0.17157258125 0.6181955640625 0.15342741875000002 0.6050907265625 0.14032258125 0.5929939515625 0.13427419375 0.5869455640625 0.13427419375 0.5819052421875 0.1433467734375 0.5708165328125 0.15443548437500002 0.5647681453125 0.15846774218749998 0.5607358875 0.15846774218749998 0.5607358875 0.1645161296875 0.5788810484375 0.1685483875 0.5980342734375 0.18568548437500002
1 0.6050907265625 0.14032258125 0.6171875 0.1524193546875 0.6212197578125 0.1524193546875 0.634324596875 0.1372983875 0.634324596875 0.1191532265625 0.6323084671875 0.1151209671875 0.6232358875 0.1040322578125 0.6131552421875 0.0979838703125 0.60811491875 0.1010080640625 0.606098790625 0.111088709375 0.59501008125 0.12217741875000002 0.58896169375 0.1241935484375 0.58896169375 0.13427419375 0.5929939515625 0.13427419375 0.6050907265625 0.14032258125
1 0.5587197578125 0.085887096875 0.5708165328125 0.091935484375 0.5798891125 0.1010080640625 0.5839213703125 0.10705645156250002 0.5859375 0.1191532265625 0.58896169375 0.1241935484375 0.59501008125 0.12217741875000002 0.60811491875 0.10705645156250002 0.60811491875 0.08689516093750001 0.6040826609375001 0.0788306453125 0.59501008125 0.0697580640625 0.5849294359375 0.063709678125 0.5708165328125 0.0616935484375 0.5567036296875 0.07782258125 0.5506552421875 0.08185483906249999 0.5506552421875 0.0838709671875 0.5546875 0.085887096875 0.5587197578125 0.085887096875
1 0.48311491875 0.0667338703125 0.4921875 0.0758064515625 0.5163810484375 0.0838709671875 0.53251008125 0.0838709671875 0.534526209375 0.08185483906249999 0.5526713703125 0.07983870937500001 0.5677923390624999 0.0667338703125 0.571824596875 0.058669354687499994 0.571824596875 0.042540321874999995 0.5677923390624999 0.032459678125 0.5526713703125 0.0193548390625 0.5425907265625 0.01532258125 0.53251008125 0.01532258125 0.5304939515625 0.013306451562499998 0.5163810484375 0.013306451562499998 0.49823588750000003 0.0193548390625 0.48513104843750005 0.02842741875 0.478074596875 0.045564515625 0.4770665328125 0.0526209671875 0.4790826609375 0.058669354687499994 0.48311491875 0.0667338703125