1 0.577380953125 0.32083333281250004 0.577380953125 0.3009920640625 0.5704365078125 0.29404761874999996 0.5625 0.290079365625 0.5486111109375 0.290079365625 0.5416666671875 0.29503968281250004 0.5376984125 0.3009920640625 0.5357142859375 0.3049603171875 0.5357142859375 0.314880953125 0.546626984375 0.3297619046875 0.5575396828125 0.33075396874999996 0.5605158734375 0.33174603125 0.5704365078125 0.32777777812500003 0.577380953125 0.32083333281250004
1 0.615079365625 0.31884920625 0.615079365625 0.3109126984375 0.6111111109375 0.30297619062500003 0.6021825390625 0.29404761874999996 0.5882936515625 0.2920634921875 0.577380953125 0.3009920640625 0.5793650796875001 0.312896825 0.577380953125 0.314880953125 0.577380953125 0.3248015875 0.5873015875 0.3327380953125 0.5982142859375 0.333730159375 0.60615079375 0.3297619046875 0.615079365625 0.31884920625
1 0.6626984125 0.3168650796875 0.6607142859375 0.3049603171875 0.6478174609375 0.29404761874999996 0.6359126984375 0.29801587343749997 0.634920634375 0.3009920640625 0.637896825 0.3039682546875 0.6418650796875001 0.3039682546875 0.6507936515625 0.312896825 0.6547619046875 0.3248015875 0.65575396875 0.3257936515625 0.6607142859375 0.32083333281250004 0.6626984125 0.3168650796875
1 0.6418650796875001 0.2960317453125 0.6428571421875 0.29107142812500003 0.6359126984375 0.28611111093749997 0.6259920640625001 0.28611111093749997 0.622023809375 0.2880952375 0.6210317453124999 0.29107142812500003 0.6289682546875001 0.2990079359375 0.6339285718750001 0.3 0.637896825 0.2960317453125 0.6418650796875001 0.2960317453125
1 0.546626984375 0.2702380953125 0.5367063484375 0.2702380953125 0.53174603125 0.2732142859375 0.53174603125 0.2751984125 0.5416666671875 0.28710317500000004 0.5426587296875 0.2880952375 0.5555555562500001 0.2771825390625 0.546626984375 0.2702380953125
1 0.784722221875 0.3198412703125 0.7748015875 0.3198412703125 0.771825396875 0.3267857140625 0.7857142859375 0.3327380953125 0.7916666671875 0.3327380953125 0.7916666671875 0.3267857140625 0.784722221875 0.3198412703125
1 0.85615079375 0.3515873015625 0.8501984125 0.3515873015625 0.84325396875 0.35654761874999996 0.8571428578125 0.3644841265625 0.8611111109375 0.3644841265625 0.8611111109375 0.3585317453125 0.85615079375 0.3515873015625
1 0.862103175 0.3615079359375 0.8571428578125 0.3625 0.8581349203125 0.36547619062500003 0.865079365625 0.36845238125 0.86904761875 0.36845238125 0.8660714281249999 0.3634920640625 0.862103175 0.3615079359375
1 0.9176587296875001 0.38531746093749997 0.9107142859374999 0.39027777812500003 0.9107142859374999 0.3922619046875 0.9136904765624999 0.397222221875 0.9206349203125 0.4001984125 0.9265873015625001 0.4001984125 0.9265873015625001 0.3922619046875 0.9176587296875001 0.38531746093749997
2 0.652777778125 0.34861111093749997 0.65674603125 0.3386904765625 0.652777778125 0.32281746093749997 0.64384920625 0.315873015625 0.6339285718750001 0.3119047625 0.6200396828125 0.315873015625 0.6111111109375 0.3267857140625 0.6111111109375 0.340674603125 0.6170634921875 0.352579365625 0.625 0.35654761874999996 0.6418650796875001 0.35753968281250004 0.6458333328125 0.35555555625 0.652777778125 0.34861111093749997
2 0.6418650796875001 0.3039682546875 0.6359126984375 0.3019841265625 0.622023809375 0.3039682546875 0.615079365625 0.3109126984375 0.6160714281249999 0.3178571421875 0.6319444437499999 0.3119047625 0.64384920625 0.315873015625 0.6488095234375 0.32083333281250004 0.652777778125 0.32083333281250004 0.6507936515625 0.312896825 0.6418650796875001 0.3039682546875
2 0.6944444437499999 0.3248015875 0.6944444437499999 0.312896825 0.6855158734375 0.3039682546875 0.6736111109375 0.3019841265625 0.6626984125 0.3109126984375 0.6626984125 0.32083333281250004 0.6736111109375 0.333730159375 0.6785714281249999 0.334722221875 0.6835317453124999 0.3357142859375 0.6924603171875 0.32876984062500003 0.6944444437499999 0.3248015875
2 0.6289682546875001 0.3009920640625 0.6289682546875001 0.2990079359375 0.622023809375 0.290079365625 0.6180555562500001 0.2880952375 0.6041666671875 0.2880952375 0.6011904765625 0.29305555625 0.6111111109375 0.30297619062500003 0.6130952375 0.308928571875 0.6160714281249999 0.309920634375 0.6200396828125 0.3079365078125 0.6289682546875001 0.3009920640625
2 0.603174603125 0.29107142812500003 0.603174603125 0.28710317500000004 0.596230159375 0.2801587296875 0.5823412703125 0.2801587296875 0.575396825 0.285119046875 0.5833333328125 0.29107142812500003 0.5833333328125 0.29305555625 0.596230159375 0.2920634921875 0.6001984125 0.29404761874999996 0.603174603125 0.29107142812500003
2 0.5833333328125 0.29107142812500003 0.5763888890625 0.284126984375 0.5605158734375 0.284126984375 0.5555555562500001 0.28710317500000004 0.55654761875 0.290079365625 0.5664682546875001 0.2920634921875 0.575396825 0.2990079359375 0.5803571421875 0.29801587343749997 0.5833333328125 0.29503968281250004 0.5833333328125 0.29107142812500003
2 0.5357142859375 0.3049603171875 0.5416666671875 0.29503968281250004 0.5416666671875 0.29107142812500003 0.5386904765625 0.2880952375 0.534722221875 0.2880952375 0.53075396875 0.2821428578125 0.5267857140625 0.2801587296875 0.51884920625 0.2801587296875 0.5109126984375 0.284126984375 0.5039682546875001 0.29305555625 0.5039682546875001 0.3049603171875 0.5079365078125 0.312896825 0.514880953125 0.3178571421875 0.521825396875 0.31884920625 0.5267857140625 0.3198412703125 0.5357142859375 0.312896825 0.5357142859375 0.3049603171875
2 0.5644841265625 0.284126984375 0.572420634375 0.28611111093749997 0.575396825 0.2831349203125 0.56845238125 0.278174603125 0.5585317453124999 0.2761904765625 0.552579365625 0.278174603125 0.54365079375 0.28710317500000004 0.54365079375 0.29107142812500003 0.546626984375 0.2920634921875 0.5585317453124999 0.2880952375 0.5644841265625 0.284126984375
2 0.5168650796875001 0.2801587296875 0.528769840625 0.2801587296875 0.534722221875 0.2821428578125 0.5367063484375 0.28611111093749997 0.5396825390625 0.285119046875 0.5396825390625 0.2831349203125 0.5367063484375 0.278174603125 0.53075396875 0.2742063484375 0.51884920625 0.272222221875 0.512896825 0.2742063484375 0.5039682546875001 0.2831349203125 0.5039682546875001 0.2890873015625 0.5069444437499999 0.290079365625 0.512896825 0.2821428578125 0.5168650796875001 0.2801587296875