1 0.587624584375 0.404277409375 0.591777409375 0.39597176093750003 0.591777409375 0.3876661125 0.5938538203125 0.3855897015625 0.5855481734375 0.36482558125 0.57620431875 0.3575581390625 0.5720514953125 0.3575581390625 0.565822259375 0.353405315625 0.551287375 0.353405315625 0.542981728125 0.3575581390625 0.5315614625 0.36690199375 0.5274086375 0.375207640625 0.5274086375 0.39389534843749996 0.52948505 0.400124584375 0.5357142859375 0.4063538203125 0.5377906984374999 0.41465946875000004 0.540905315625 0.4177740859375 0.5481727578125 0.41881229218750005 0.5637458468750001 0.4198504984375 0.57828073125 0.4136212625 0.587624584375 0.404277409375
1 0.3519518265625 0.448920265625 0.35921926875 0.4395764125 0.3654485046875 0.42711794062499997 0.3654485046875 0.404277409375 0.36129568125 0.39597176093750003 0.345722590625 0.380398671875 0.3332641203125 0.37624584687499996 0.3145764125 0.37624584687499996 0.300041528125 0.3824750828125 0.28862126250000003 0.39389534843749996 0.2823920265625 0.4063538203125 0.2823920265625 0.4312707640625 0.28862126250000003 0.4437292359375 0.2969269109375 0.452034884375 0.299003321875 0.4582641203125 0.3052325578125 0.46034053124999996 0.3291112953125 0.4613787375 0.33534053125 0.459302325 0.3519518265625 0.448920265625
1 0.1038205984375 0.5039451828125 0.1121262453125 0.48318106250000004 0.1121262453125 0.46449335625000004 0.10589700937499999 0.44788205937500003 0.0903239203125 0.43230897031250004 0.08409468437499999 0.4302325578125 0.0674833890625 0.4302325578125 0.0550249171875 0.43646179375000005 0.0498338875 0.4416528234375 0.035299003125 0.4686461796875 0.035299003125 0.49148671093749996 0.0394518265625 0.49979235937500005 0.057101328124999996 0.519518271875 0.062292359374999995 0.5205564781249999 0.0799418609375 0.521594684375 0.0924003328125 0.5153654484375 0.1038205984375 0.5039451828125
1 0.30315614687500003 0.36690199375 0.3073089703125 0.3585963453125 0.3073089703125 0.34406146249999997 0.30315614687500003 0.33367940156250003 0.2958887046875 0.326411959375 0.28550664375 0.3222591359375 0.26681893749999996 0.326411959375 0.253322259375 0.3378322265625 0.25124584687499996 0.34198505 0.2491694359375 0.3606727578125 0.25124584687499996 0.36690199375 0.2605897015625 0.380398671875 0.2699335546875 0.38143687656249997 0.28550664375 0.380398671875 0.2938122921875 0.37624584687499996 0.30315614687500003 0.36690199375
1 0.3322259140625 0.3502906984375 0.33637873749999997 0.3378322265625 0.334302325 0.3253737546875 0.32288205937500003 0.3139534890625 0.3166528234375 0.31187707656249997 0.30211794062499997 0.31187707656249997 0.290697675 0.3212209296875 0.3052325578125 0.3378322265625 0.3073089703125 0.3565199328125 0.3052325578125 0.36274916875 0.3166528234375 0.36378737499999997 0.32080564843750004 0.3617109640625 0.3322259140625 0.3502906984375
1 0.396594684375 0.3565199328125 0.4007475078125 0.3461378734375 0.4007475078125 0.3357558140625 0.398671096875 0.32952657812499997 0.38725083125 0.3181063125 0.3810215953125 0.31602990000000003 0.3644102984375 0.31602990000000003 0.35610465156250004 0.320182725 0.34883720937499996 0.327450165625 0.3446843859375 0.3357558140625 0.3446843859375 0.352367109375 0.346760796875 0.3585963453125 0.35921926875 0.3689784046875 0.3789451828125 0.3700166109375 0.38725083125 0.36586378750000004 0.396594684375 0.3565199328125
1 0.4651162796875 0.32952657812499997 0.467192690625 0.31706810625 0.46303986718749995 0.3087624578125 0.455772425 0.3014950171875 0.4516196015625 0.2994186046875 0.43708471718749997 0.2994186046875 0.43085548124999995 0.3014950171875 0.423588040625 0.3087624578125 0.42151162812500004 0.31291528281250003 0.42151162812500004 0.32952657812499997 0.4318936875 0.34198505 0.4495431890625 0.34302325625 0.4578488375 0.33887043125 0.4651162796875 0.32952657812499997
1 0.467192690625 0.29630398593749996 0.467192690625 0.2921511625 0.45992524843749993 0.282807309375 0.455772425 0.280730896875 0.4412375421875 0.280730896875 0.43397009999999997 0.28592192656250004 0.429817275 0.2983803984375 0.43293189375 0.3014950171875 0.43708471718749997 0.2994186046875 0.4495431890625 0.2994186046875 0.45888704375 0.304609634375 0.4651162796875 0.304609634375 0.4651162796875 0.2983803984375 0.467192690625 0.29630398593749996
1 0.6748338875 0.3253737546875 0.6696428578125 0.31602990000000003 0.661337209375 0.31187707656249997 0.6530315609375 0.31187707656249997 0.64784053125 0.31499169375 0.6436877078125 0.327450165625 0.6530315609375 0.34094684375 0.658222590625 0.34198505 0.661337209375 0.34302325625 0.6727574749999999 0.3357558140625 0.6748338875 0.3253737546875
1 0.782807309375 0.377284053125 0.780730896875 0.36482558125 0.76931063125 0.355481728125 0.7568521593749999 0.3575581390625 0.7516611296875 0.36690199375 0.755813953125 0.38143687656249997 0.7641196015625 0.3876661125 0.77138704375 0.38870431875 0.7755398671875 0.38662790625 0.782807309375 0.377284053125
0 0.7412790703125001 0.3606727578125 0.7412790703125001 0.354443521875 0.7371262453125 0.3461378734375 0.7257059796875 0.33887043125 0.7174003328125 0.34094684375 0.710132890625 0.34821428593750003 0.710132890625 0.3585963453125 0.7142857140625 0.36690199375 0.72051495 0.3710548171875 0.7298588046875001 0.3720930234375 0.734011628125 0.3700166109375 0.7412790703125001 0.3606727578125
0 0.5107973421875001 0.331602990625 0.5107973421875001 0.31499169375 0.5035299 0.305647840625 0.49522425312499996 0.3014950171875 0.48276578125 0.3014950171875 0.47861295625 0.30357142812500004 0.469269103125 0.3108388703125 0.467192690625 0.31706810625 0.467192690625 0.3253737546875 0.47134551562500004 0.3357558140625 0.47861295625 0.34302325625 0.48380398593749996 0.34406146249999997 0.493147840625 0.3450996671875 0.4993770765625 0.34302325625 0.5107973421875001 0.331602990625
0 0.4973006640625 0.3014950171875 0.49833887031249996 0.29422757499999996 0.494186046875 0.28592192656250004 0.48899501718750005 0.282807309375 0.4765365453125 0.282807309375 0.4723837203125 0.2848837203125 0.4651162796875 0.2983803984375 0.4651162796875 0.302533221875 0.469269103125 0.3087624578125 0.4723837203125 0.3098006640625 0.48276578125 0.3014950171875 0.4973006640625 0.3014950171875
0 0.4973006640625 0.27865448437499996 0.49210963437500005 0.281769103125 0.4962624578125 0.2879983390625 0.5107973421875001 0.28384551562500004 0.5035299 0.27865448437499996 0.4973006640625 0.27865448437499996
0 0.4360465109375 0.28384551562500004 0.4412375421875 0.280730896875 0.447466778125 0.280730896875 0.447466778125 0.2745016609375 0.443313953125 0.2724252484375 0.43293189375 0.2724252484375 0.423588040625 0.279692690625 0.41943521562499997 0.2900747515625 0.4256644515625 0.2983803984375 0.4318936875 0.2983803984375 0.4318936875 0.2921511625 0.4360465109375 0.28384551562500004
1 0.5274086375 0.2921511625 0.515988371875 0.2848837203125 0.5014534890625 0.2869601328125 0.49833887031249996 0.2921511625 0.5004152828125 0.302533221875 0.5107973421875001 0.31499169375 0.518064784375 0.31602990000000003 0.5274086375 0.3087624578125 0.5274086375 0.2921511625
1 0.55440199375 0.3087624578125 0.55440199375 0.29630398593749996 0.5492109640625 0.2890365453125 0.5450581390625 0.2869601328125 0.5325996671875 0.2869601328125 0.5274086375 0.2921511625 0.5274086375 0.3108388703125 0.5325996671875 0.31602990000000003 0.5377906984374999 0.31706810625 0.540905315625 0.3181063125 0.5492109640625 0.3139534890625 0.55440199375 0.3087624578125