2 0.6230158734375 0.816071428125 0.61904761875 0.8259920640624999 0.6200396828125 0.8329365078125001 0.6210317453124999 0.8359126984374999 0.6339285718750001 0.846825396875 0.6517857140625 0.846825396875 0.6577380953125 0.8448412703124999 0.6706349203124999 0.83194444375 0.672619046875 0.8200396828125 0.665674603125 0.8071428578125 0.653769840625 0.8011904765625 0.6458333328125 0.8011904765625 0.6319444437499999 0.8071428578125 0.6230158734375 0.816071428125
2 0.7301587296875 0.6890873015625 0.7301587296875 0.68115079375 0.721230159375 0.6702380953125 0.7073412703125 0.6702380953125 0.6984126984375 0.6771825390624999 0.6944444437499999 0.6851190468749999 0.6954365078125 0.6920634921875 0.703373015625 0.7019841265625 0.715277778125 0.7039682546875 0.7261904765625 0.697023809375 0.7301587296875 0.6890873015625
2 0.7390873015625 0.6623015875 0.7271825390625 0.6642857140625 0.722222221875 0.6692460312499999 0.7232142859375 0.672222221875 0.7301587296875 0.68115079375 0.73115079375 0.690079365625 0.7410714281249999 0.6880952375 0.7480158734375 0.6771825390624999 0.7460317453124999 0.6692460312499999 0.7390873015625 0.6623015875
2 0.735119046875 0.5829365078125 0.7271825390625 0.584920634375 0.7202380953125 0.59384920625 0.721230159375 0.6047619046875 0.7271825390625 0.6107142859375 0.7331349203124999 0.6126984125 0.7390873015625 0.6107142859375 0.7480158734375 0.5978174609375 0.74404761875 0.587896825 0.735119046875 0.5829365078125
2 0.747023809375 0.5988095234374999 0.7390873015625 0.6107142859375 0.7271825390625 0.6107142859375 0.7271825390625 0.6146825390624999 0.7331349203124999 0.6206349203125 0.7450396828125 0.61865079375 0.75 0.6136904765625 0.7519841265625 0.6077380953125 0.75 0.5998015875 0.747023809375 0.5988095234374999
2 0.7321428578125 0.47876984062499994 0.7321428578125 0.4668650796875 0.7301587296875 0.46289682499999996 0.7232142859375 0.4579365078125 0.7132936515625 0.45992063437499997 0.7043650796875001 0.46884920625 0.7053571421875 0.471825396875 0.70634920625 0.47876984062499994 0.7132936515625 0.4857142859375 0.7251984125 0.4857142859375 0.7321428578125 0.47876984062499994
2 0.6696428578125 0.36666666718749996 0.6795634921875 0.36666666718749996 0.6865079359374999 0.3617063484375 0.690476190625 0.353769840625 0.690476190625 0.3478174609375 0.68154761875 0.334920634375 0.665674603125 0.3329365078125 0.658730159375 0.33789682499999996 0.6547619046875 0.3478174609375 0.65575396875 0.352777778125 0.6617063484375 0.3626984125 0.6696428578125 0.36666666718749996
1 0.71924603125 0.7019841265625 0.7113095234375 0.7039682546875 0.7083333328125 0.70694444375 0.709325396875 0.7178571421875 0.71924603125 0.7257936515625001 0.73115079375 0.7238095234374999 0.740079365625 0.708928571875 0.7380952375 0.6990079359375 0.7291666671875 0.69404761875 0.71924603125 0.7019841265625
1 0.6696428578125 0.9519841265625001 0.677579365625 0.9480158734374999 0.6825396828125 0.94305555625 0.684523809375 0.9371031750000001 0.6825396828125 0.93115079375 0.6755952375 0.9261904765625 0.6696428578125 0.9261904765625 0.65575396875 0.9321428578125 0.652777778125 0.9371031750000001 0.653769840625 0.9460317453125 0.6617063484375 0.9519841265625001 0.6696428578125 0.9519841265625001
1 0.7380952375 0.708928571875 0.73115079375 0.721825396875 0.71924603125 0.7238095234374999 0.71924603125 0.727777778125 0.7232142859375 0.7297619046875 0.735119046875 0.7297619046875 0.7420634921875 0.7208333328125 0.74404761875 0.714880953125 0.7420634921875 0.708928571875 0.7380952375 0.708928571875
1 0.5704365078125 0.0988095234375 0.5803571421875 0.11269841249999998 0.5922619046875 0.11071428593749999 0.597222221875 0.10376984062500001 0.5952380953125 0.0978174609375 0.5863095234375 0.090873015625 0.5744047625 0.090873015625 0.5694444437499999 0.09384920625 0.5704365078125 0.0988095234375
1 0.5882936515625 0.090873015625 0.5952380953125 0.0958333328125 0.5982142859375 0.10476190468749999 0.6021825390625 0.10476190468749999 0.6051587296875 0.1017857140625 0.6071428578125 0.0958333328125 0.6001984125 0.0888888890625 0.5882936515625 0.0888888890625 0.5882936515625 0.090873015625
1 0.6021825390625 0.10476190468749999 0.60615079375 0.10674603125 0.6111111109375 0.10376984062500001 0.6130952375 0.0978174609375 0.6081349203124999 0.09285714218749999 0.6051587296875 0.09384920625 0.6051587296875 0.0998015875 0.6011904765625 0.10376984062500001 0.6021825390625 0.10476190468749999
1 0.627976190625 0.1265873015625 0.6269841265625 0.127579365625 0.627976190625 0.128571428125 0.6289682546875001 0.12956349218750002 0.6289682546875001 0.1335317453125 0.63095238125 0.1355158734375 0.6289682546875001 0.1375 0.6289682546875001 0.1394841265625 0.6299603171875 0.140476190625 0.6339285718750001 0.140476190625 0.634920634375 0.1394841265625 0.634920634375 0.13154761875 0.6299603171875 0.1265873015625 0.627976190625 0.1265873015625
1 0.65674603125 0.16924603124999998 0.653769840625 0.166269840625 0.64384920625 0.166269840625 0.6428571421875 0.1672619046875 0.64384920625 0.16825396875 0.6498015875 0.16825396875 0.652777778125 0.171230159375 0.652777778125 0.1732142859375 0.6547619046875 0.17519841249999998 0.6547619046875 0.1771825390625 0.65575396875 0.178174603125 0.658730159375 0.17519841249999998 0.658730159375 0.1732142859375 0.65674603125 0.171230159375 0.65674603125 0.16924603124999998
1 0.64384920625 0.166269840625 0.6418650796875001 0.166269840625 0.6369047625 0.171230159375 0.6369047625 0.17916666718750002 0.637896825 0.1801587296875 0.64384920625 0.1861111109375 0.6498015875 0.1861111109375 0.6547619046875 0.18115079375 0.6547619046875 0.17916666718750002 0.65674603125 0.1771825390625 0.652777778125 0.1732142859375 0.652777778125 0.171230159375 0.6498015875 0.16825396875 0.6458333328125 0.16825396875 0.64384920625 0.166269840625