0 0.60546875 0.5048828125 0.6015625 0.4931640625 0.59375 0.4794921875 0.5732421875 0.462890625 0.5595703125 0.45703125 0.5458984375 0.45703125 0.5439453125 0.455078125 0.5263671875 0.45703125 0.5048828125 0.46875 0.4951171875 0.4765625 0.486328125 0.4873046875 0.48046875 0.5029296875 0.482421875 0.5302734375 0.4921875 0.5537109375 0.5029296875 0.56640625 0.5185546875 0.576171875 0.5302734375 0.578125 0.5322265625 0.580078125 0.5546875 0.5791015625 0.5712890625 0.57421875 0.5751953125 0.5703125 0.5810546875 0.568359375 0.591796875 0.5576171875 0.6015625 0.5400390625 0.6015625 0.5341796875 0.60546875 0.5263671875 0.60546875 0.5048828125
0 0.43359375 0.4111328125 0.4208984375 0.3984375 0.4052734375 0.392578125 0.3857421875 0.39453125 0.3701171875 0.40234375 0.361328125 0.4111328125 0.359375 0.4169921875 0.35546875 0.4208984375 0.353515625 0.4326171875 0.3515625 0.4345703125 0.35546875 0.4580078125 0.359375 0.4658203125 0.3701171875 0.4765625 0.3818359375 0.482421875 0.396484375 0.4833984375 0.4072265625 0.482421875 0.41796875 0.4736328125 0.41796875 0.4462890625 0.423828125 0.4345703125 0.423828125 0.4306640625 0.427734375 0.4248046875 0.435546875 0.4189453125 0.43359375 0.4111328125
0 0.478515625 0.7626953125 0.4765625 0.7470703125 0.466796875 0.7255859375 0.4609375 0.7177734375 0.4365234375 0.6953125 0.4091796875 0.68359375 0.4013671875 0.68359375 0.3896484375 0.6796875 0.3603515625 0.681640625 0.3544921875 0.685546875 0.3408203125 0.689453125 0.3349609375 0.6953125 0.3232421875 0.701171875 0.314453125 0.7099609375 0.3046875 0.7255859375 0.296875 0.7490234375 0.298828125 0.7744140625 0.30078125 0.7783203125 0.3056640625 0.78125 0.3681640625 0.78125 0.3701171875 0.779296875 0.3720703125 0.78125 0.478515625 0.7802734375 0.48046875 0.7783203125 0.48046875 0.7646484375 0.478515625 0.7626953125
0 0.4619140625 0.333984375 0.4521484375 0.337890625 0.439453125 0.3505859375 0.435546875 0.3603515625 0.435546875 0.3740234375 0.44140625 0.3876953125 0.4560546875 0.400390625 0.4619140625 0.40234375 0.4765625 0.4013671875 0.4853515625 0.3984375 0.501953125 0.3818359375 0.505859375 0.3720703125 0.505859375 0.3603515625 0.501953125 0.3505859375 0.4892578125 0.337890625 0.4794921875 0.333984375 0.4619140625 0.333984375
1 0.4931640625 0.41015625 0.4814453125 0.40625 0.4599609375 0.40625 0.4443359375 0.412109375 0.42578125 0.4287109375 0.41796875 0.4482421875 0.41796875 0.4677734375 0.423828125 0.4833984375 0.4345703125 0.49609375 0.4580078125 0.509765625 0.47265625 0.5107421875 0.48046875 0.5048828125 0.48046875 0.4970703125 0.48828125 0.4814453125 0.5029296875 0.46875 0.521484375 0.4580078125 0.521484375 0.4462890625 0.513671875 0.4267578125 0.4931640625 0.41015625
1 0.3671875 0.5361328125 0.3505859375 0.51953125 0.3349609375 0.51171875 0.3271484375 0.51171875 0.3251953125 0.509765625 0.2998046875 0.51171875 0.2900390625 0.517578125 0.2861328125 0.517578125 0.267578125 0.5380859375 0.26171875 0.5517578125 0.259765625 0.5673828125 0.2578125 0.5693359375 0.259765625 0.5888671875 0.267578125 0.6064453125 0.2861328125 0.625 0.3134765625 0.63671875 0.3193359375 0.63671875 0.3212890625 0.638671875 0.330078125 0.6376953125 0.3388671875 0.63671875 0.3466796875 0.6328125 0.3564453125 0.625 0.373046875 0.6064453125 0.380859375 0.5888671875 0.380859375 0.5654296875 0.375 0.5478515625 0.3671875 0.5361328125
1 0.498046875 0.3291015625 0.4892578125 0.3203125 0.4814453125 0.31640625 0.4697265625 0.31640625 0.4677734375 0.314453125 0.4658203125 0.31640625 0.4541015625 0.318359375 0.443359375 0.3291015625 0.4375 0.3427734375 0.4375 0.3486328125 0.44140625 0.3486328125 0.4521484375 0.337890625 0.4599609375 0.333984375 0.4794921875 0.333984375 0.4912109375 0.33984375 0.4970703125 0.345703125 0.5009765625 0.345703125 0.501953125 0.3408203125 0.498046875 0.3291015625
1 0.458984375 0.3134765625 0.4599609375 0.31640625 0.4677734375 0.314453125 0.4697265625 0.31640625 0.4814453125 0.31640625 0.4892578125 0.3203125 0.498046875 0.3291015625 0.5 0.3427734375 0.50390625 0.3427734375 0.5068359375 0.341796875 0.509765625 0.3369140625 0.51171875 0.3193359375 0.5078125 0.3115234375 0.4990234375 0.302734375 0.4873046875 0.298828125 0.4736328125 0.30078125 0.458984375 0.3134765625
1 0.58984375 0.2939453125 0.5859375 0.3017578125 0.5859375 0.3134765625 0.58984375 0.3212890625 0.6005859375 0.33203125 0.6044921875 0.333984375 0.619140625 0.3330078125 0.6259765625 0.330078125 0.6328125 0.3232421875 0.634765625 0.3017578125 0.62890625 0.2919921875 0.6220703125 0.287109375 0.6162109375 0.28515625 0.5986328125 0.287109375 0.58984375 0.2939453125
1 0.634765625 0.3037109375 0.6328125 0.3193359375 0.638671875 0.3310546875 0.6513671875 0.341796875 0.671875 0.3408203125 0.677734375 0.3369140625 0.68359375 0.3271484375 0.685546875 0.3212890625 0.68359375 0.3076171875 0.6728515625 0.294921875 0.6650390625 0.291015625 0.6494140625 0.291015625 0.634765625 0.3037109375
1 0.7197265625 0.296875 0.7021484375 0.296875 0.6982421875 0.298828125 0.689453125 0.3095703125 0.689453125 0.3154296875 0.6875 0.3173828125 0.689453125 0.3310546875 0.7001953125 0.34375 0.7080078125 0.34765625 0.724609375 0.3466796875 0.7333984375 0.341796875 0.73828125 0.3349609375 0.73828125 0.3271484375 0.740234375 0.3251953125 0.73828125 0.3154296875 0.734375 0.3076171875 0.7275390625 0.30078125 0.7197265625 0.296875
1 0.7431640625 0.29296875 0.7333984375 0.294921875 0.7265625 0.2998046875 0.73828125 0.3134765625 0.740234375 0.3271484375 0.736328125 0.3388671875 0.7412109375 0.341796875 0.751953125 0.3408203125 0.7587890625 0.337890625 0.765625 0.3310546875 0.767578125 0.3251953125 0.765625 0.3095703125 0.763671875 0.3056640625 0.7509765625 0.294921875 0.7451171875 0.294921875 0.7431640625 0.29296875
0 0.6865234375 0.287109375 0.6796875 0.2958984375 0.6796875 0.3017578125 0.68359375 0.3056640625 0.685546875 0.3154296875 0.6875 0.3154296875 0.69140625 0.3056640625 0.6982421875 0.298828125 0.7041015625 0.296875 0.7177734375 0.296875 0.716796875 0.2919921875 0.7060546875 0.28515625 0.6904296875 0.28515625 0.6865234375 0.287109375
1 0.8623046875 0.3359375 0.8447265625 0.33203125 0.8369140625 0.3359375 0.830078125 0.3427734375 0.828125 0.3486328125 0.828125 0.3662109375 0.833984375 0.3779296875 0.8369140625 0.380859375 0.837890625 0.3798828125 0.83984375 0.3701171875 0.8486328125 0.361328125 0.8564453125 0.357421875 0.8662109375 0.357421875 0.8740234375 0.361328125 0.876953125 0.3583984375 0.87109375 0.3447265625 0.8623046875 0.3359375
1 0.8349609375 0.3125 0.826171875 0.3232421875 0.826171875 0.3369140625 0.8291015625 0.341796875 0.83203125 0.3408203125 0.8369140625 0.3359375 0.8466796875 0.33203125 0.8642578125 0.3359375 0.865234375 0.3291015625 0.861328125 0.3212890625 0.8544921875 0.314453125 0.8447265625 0.310546875 0.8349609375 0.3125
1 1 0.3896484375 0.9873046875 0.375 0.9775390625 0.375 0.96875 0.3857421875 0.96875 0.4013671875 0.970703125 0.4072265625 0.9794921875 0.419921875 0.9833984375 0.421875 0.994140625 0.4208984375 1 0.4150390625 1 0.3896484375
2 0.8798828125 0.36328125 0.8662109375 0.357421875 0.8564453125 0.357421875 0.8486328125 0.361328125 0.841796875 0.3681640625 0.837890625 0.3759765625 0.837890625 0.3935546875 0.83984375 0.3955078125 0.83984375 0.4013671875 0.845703125 0.4111328125 0.8603515625 0.423828125 0.876953125 0.4228515625 0.8837890625 0.419921875 0.89453125 0.4052734375 0.89453125 0.3974609375 0.896484375 0.3955078125 0.89453125 0.3935546875 0.89453125 0.3837890625 0.888671875 0.3720703125 0.8798828125 0.36328125
2 0.7412109375 0.349609375 0.728515625 0.3603515625 0.724609375 0.3681640625 0.72265625 0.3837890625 0.724609375 0.3857421875 0.7265625 0.3974609375 0.732421875 0.4072265625 0.7451171875 0.41796875 0.7548828125 0.421875 0.76953125 0.4208984375 0.7783203125 0.41796875 0.7890625 0.4072265625 0.794921875 0.3916015625 0.79296875 0.3740234375 0.783203125 0.3583984375 0.7666015625 0.34765625 0.7470703125 0.34765625 0.7412109375 0.349609375
2 0.5361328125 0.322265625 0.5244140625 0.328125 0.513671875 0.3388671875 0.509765625 0.3486328125 0.509765625 0.3623046875 0.515625 0.3759765625 0.5283203125 0.38671875 0.5380859375 0.390625 0.5546875 0.3896484375 0.5634765625 0.38671875 0.576171875 0.3740234375 0.580078125 0.3642578125 0.580078125 0.3486328125 0.57421875 0.3369140625 0.5654296875 0.328125 0.5517578125 0.322265625 0.5361328125 0.322265625
2 0.8720703125 0.31640625 0.865234375 0.3251953125 0.865234375 0.3369140625 0.8759765625 0.353515625 0.8798828125 0.35546875 0.892578125 0.3544921875 0.896484375 0.3525390625 0.900390625 0.3447265625 0.900390625 0.3330078125 0.896484375 0.3251953125 0.8896484375 0.318359375 0.8818359375 0.314453125 0.8759765625 0.314453125 0.8720703125 0.31640625
2 0.904296875 0.3662109375 0.908203125 0.3740234375 0.9169921875 0.3828125 0.9208984375 0.384765625 0.931640625 0.3837890625 0.9375 0.3798828125 0.94140625 0.3701171875 0.939453125 0.3544921875 0.9287109375 0.341796875 0.9208984375 0.337890625 0.9130859375 0.33984375 0.904296875 0.3505859375 0.904296875 0.3662109375
2 0.939453125 0.3779296875 0.947265625 0.3779296875 0.955078125 0.3681640625 0.953125 0.3505859375 0.9423828125 0.337890625 0.9306640625 0.337890625 0.927734375 0.3408203125 0.935546875 0.3486328125 0.94140625 0.3642578125 0.939453125 0.3779296875
2 0.412109375 0.3779296875 0.4072265625 0.373046875 0.3896484375 0.365234375 0.3720703125 0.3671875 0.3603515625 0.373046875 0.349609375 0.3857421875 0.34375 0.3974609375 0.34375 0.4150390625 0.349609375 0.4267578125 0.353515625 0.4267578125 0.361328125 0.4111328125 0.3720703125 0.400390625 0.3837890625 0.39453125 0.4052734375 0.392578125 0.4072265625 0.39453125 0.4189453125 0.396484375 0.419921875 0.3916015625 0.412109375 0.3779296875