2 0.4577380953125 0.40595238125 0.4636904765625 0.40595238125 0.4676587296875 0.4019841265625 0.471626984375 0.40396825468750003 0.4855158734375 0.40396825468750003 0.49047619062500003 0.40099206406250004 0.496428571875 0.391071428125 0.49444444374999996 0.371230159375 0.4924603171875 0.3672619046875 0.4795634921875 0.35634920625 0.46666666718750005 0.35734127031249996 0.4636904765625 0.3603174609375 0.46170634843749997 0.3583333328125 0.45575396875 0.3603174609375 0.44880952343749997 0.3672619046875 0.44484127031250004 0.37519841249999997 0.44484127031250004 0.391071428125 0.4577380953125 0.40595238125
1 0.08705807812500001 0.4177533234375 0.0959866484375 0.40684062499999996 0.094002521875 0.39096760937499997 0.09003426875000001 0.38699935625 0.088050140625 0.381046975 0.0731691890625 0.3681501484375 0.050351728124999995 0.3691422125 0.0344787125 0.381046975 0.030510459375 0.39096760937499997 0.0324945859375 0.4048564984375 0.043407284375 0.415769196875 0.059280299999999994 0.4237057046875 0.0771374421875 0.4237057046875 0.0801136328125 0.4207295140625 0.081105696875 0.415769196875 0.08705807812500001 0.4177533234375
1 0.23752982500000003 0.392922778125 0.2414980796875 0.4008592859375 0.24645839687499999 0.4078037296875 0.25637903125 0.41375611093750003 0.26233141249999997 0.41375611093750003 0.2643155390625 0.4157402375 0.28018855625 0.41375611093750003 0.2911012546875 0.4048275390625 0.2911012546875 0.3909386515625 0.2891171265625 0.3889545234375 0.2911012546875 0.386970396875 0.2911012546875 0.37506563437499996 0.2821726828125 0.3661370640625 0.272252046875 0.3601846828125 0.253402840625 0.3611767453125 0.2414980796875 0.37109738124999997 0.23752982500000003 0.3790338890625 0.23752982500000003 0.3849862703125 0.23951395312499998 0.386970396875 0.23752982500000003 0.392922778125
1 0.8991963515625001 0.3521081515625 0.8843153984375001 0.339211325 0.863482065625 0.3402033890625 0.8565376203125 0.3431795796875 0.8436407953125 0.35806053125 0.84165666875 0.37393354687499997 0.8456249218749999 0.38187005625000003 0.858521746875 0.3907986265625 0.8644741281250001 0.3927827546875 0.8823312718749999 0.3907986265625 0.8991963515625001 0.375917675 0.9031646046875 0.3640129125 0.9011804781249999 0.3560764046875 0.8991963515625001 0.3521081515625
2 0.69462605625 0.3742750765625 0.692641928125 0.3722909484375 0.69462605625 0.37030682187499997 0.69462605625 0.3603861875 0.685697484375 0.351457615625 0.6777609765625 0.3474893625 0.6648641515625 0.348481425 0.6559355796874999 0.3534417421875 0.64502288125 0.36633856875 0.64502288125 0.3841957109375 0.6559355796874999 0.3970925359375 0.66982446875 0.401060790625 0.6718085953124999 0.3990766640625 0.6837133578125 0.3970925359375 0.69462605625 0.38617983749999996 0.69462605625 0.3742750765625
1 0.690383221875 0.3942061484375 0.6794705234375 0.3951982125 0.670541953125 0.39817440312499996 0.6635975078125 0.40511884687500005 0.6635975078125 0.40710297500000003 0.6675657625 0.4090871015625 0.66260544375 0.410079165625 0.6576451265625 0.417023609375 0.6576451265625 0.422975990625 0.6596292546875 0.4249601171875 0.6596292546875 0.428928371875 0.66161338125 0.432896625 0.6685578249999999 0.4398410703125 0.6764943328124999 0.44380932343749996 0.696335603125 0.44380932343749996 0.7042721109375 0.4398410703125 0.7132006828125 0.4309124984375 0.715184809375 0.42694424375000006 0.715184809375 0.4209918640625 0.7171689359375 0.41900773593749996 0.715184809375 0.41107122812499997 0.709232428125 0.40710297500000003 0.709232428125 0.40115059375 0.7022879843750001 0.3961902765625 0.6923673484374999 0.3961902765625 0.690383221875 0.3942061484375
2 0.2886833140625 0.46086563125 0.2976118859375 0.4499529328125 0.29562775937499997 0.44598467968750005 0.2976118859375 0.442016425 0.29562775937499997 0.42415928281250004 0.2847150609375 0.4152307109375 0.2579293453125 0.41622277499999993 0.25495315625 0.4172148375 0.2440404578125 0.43011166406249995 0.2440404578125 0.444000553125 0.2480087109375 0.44796880625 0.2480087109375 0.45193706093749997 0.25495315625 0.4588815046875 0.26884204375 0.4648338859375 0.2787626796875 0.4648338859375 0.2886833140625 0.46086563125
2 0.700514453125 0.4813126875 0.700514453125 0.46345554375000003 0.695554134375 0.46246348125000003 0.6965461984375 0.459487290625 0.694562071875 0.4555190359375 0.6816652453125001 0.44659046562500004 0.6628160390625 0.447582528125 0.6489271515625 0.4575031640625 0.6509112781249999 0.46147141718749995 0.644958896875 0.465439671875 0.644958896875 0.4813126875 0.6558715953124999 0.4942095125 0.6638081031249999 0.4981777671875 0.6836493734375 0.4981777671875 0.6876176265625 0.49619363906249997 0.700514453125 0.4813126875
1 0.5029143921875 0.43993279531249996 0.5042368781250001 0.4353033625 0.5044573 0.427587603125 0.5024735640625 0.4222967921875 0.5000489984375001 0.418549165625 0.4958611046875 0.41480150625 0.4877057359375 0.4112742890625 0.48029293281249996 0.4080097421875 0.47712581875 0.40576303593749996 0.47271751718750005 0.40576303593749996 0.46897045156250006 0.40664486406250006 0.46588465156250003 0.4077471015625 0.46257842812499994 0.40884935625 0.45971302031250005 0.41215609999999997 0.45574554687499996 0.417667353125 0.4533209828125 0.42251726562499997 0.452218903125 0.4253831109375 0.4508964171875 0.43287841406250005 0.4515576671875 0.43728741250000003 0.4533209828125 0.44257820781249996 0.45640679687499996 0.4456645109375 0.4643417421875 0.45161666250000004 0.46875004374999996 0.45382116093749997 0.472276675 0.456246109375 0.47955038437499997 0.456246109375 0.48638326562499995 0.45712791406250003 0.4905711453125 0.45558475468750004 0.49453861874999994 0.45315981250000004 0.49806526250000005 0.44963261093750007 0.5018123140624999 0.4456645109375 0.5029143921875 0.43993279531249996
3 0.8703125 0.39375 0.0859375 0.128125
3 0.678125 0.40625 0.0796875 0.128125
3 0.475 0.4140625 0.0796875 0.146875
3 0.2609375 0.41875 0.078125 0.13125
3 0.059375 0.43125 0.1 0.134375