2 0.652846534375 0.6448019796875 0.642533003125 0.6406765671875 0.63531353125 0.6417079203125 0.6239686468750001 0.6448019796875 0.616749175 0.6520214515625 0.61056105625 0.6643976890625 0.61056105625 0.678836634375 0.619843234375 0.6922442249999999 0.638407590625 0.69843234375 0.65594059375 0.689150165625 0.66419141875 0.676773928125 0.666254125 0.6664603953125 0.6621287125 0.6540841578125 0.652846534375 0.6448019796875
2 0.7766089109375 0.38902640312500003 0.7466996703125 0.39005775625 0.7312293734375 0.397277228125 0.7157590765624999 0.4168729375 0.7116336640625 0.42718646875 0.7116336640625 0.43543729375 0.7095709578125 0.4375 0.7095709578125 0.45193894375 0.7178217828125 0.47669141875000004 0.7353547859375 0.496287128125 0.7477310234375001 0.504537953125 0.7539191421875 0.504537953125 0.7559818484374999 0.506600659375 0.7745462046875 0.506600659375 0.7869224421875 0.500412540625 0.7910478546874999 0.500412540625 0.8085808578125 0.4828795375 0.8168316828125001 0.46431518125000004 0.8168316828125001 0.45193894375 0.8188943890625 0.4498762375 0.8168316828125001 0.445750825 0.8168316828125001 0.4333745875 0.8085808578125 0.41481023125 0.7869224421875 0.393151815625 0.7827970296875 0.393151815625 0.7766089109375 0.38902640312500003
2 0.7838283828125 0.678836634375 0.7786716171875 0.6695544546875001 0.7745462046875 0.6674917484375 0.7652640265625 0.6685231015624999 0.7549504953125 0.676773928125 0.7528877890625 0.689150165625 0.7601072609374999 0.69843234375 0.7724834984375 0.70049505 0.7817656765625001 0.691212871875 0.7838283828125 0.678836634375
2 0.9034653468749999 0.6169554453125 0.9106848187500001 0.6221122109375 0.9168729375 0.6221122109375 0.9261551156250001 0.6128300328125 0.9282178218749999 0.5963283828125 0.92099835 0.5870462046875 0.911716171875 0.5880775578125 0.9055280531250001 0.5922029703125 0.901402640625 0.6004537953125 0.901402640625 0.6128300328125 0.9034653468749999 0.6169554453125
2 0.6466584156249999 0.69843234375 0.640470296875 0.6963696374999999 0.638407590625 0.69843234375 0.634282178125 0.6963696374999999 0.6291254125 0.697400990625 0.62293729375 0.701526403125 0.616749175 0.713902640625 0.616749175 0.7180280531250001 0.61881188125 0.724216171875 0.6260313531249999 0.73143564375 0.6363448843749999 0.73349835 0.642533003125 0.73143564375 0.6538778875 0.722153465625 0.65594059375 0.709777228125 0.6466584156249999 0.69843234375
2 0.600247525 0.709777228125 0.5919966999999999 0.715965346875 0.5878712875 0.730404290625 0.5919966999999999 0.7386551156250001 0.599216171875 0.74381188125 0.611592409375 0.74381188125 0.6177805281250001 0.73968646875 0.62293729375 0.732466996875 0.62293729375 0.7283415843750001 0.61881188125 0.724216171875 0.61881188125 0.713902640625 0.611592409375 0.708745875 0.600247525 0.709777228125
2 0.5435231015624999 0.73143564375 0.5332095703124999 0.73143564375 0.5228960390624999 0.7273102312499999 0.5218646859375 0.732466996875 0.5352722765625 0.74381188125 0.549711221875 0.74381188125 0.5631188125000001 0.732466996875 0.56518151875 0.720090759375 0.562087459375 0.7169966999999999 0.56105610625 0.7180280531250001 0.555899340625 0.725247525 0.5435231015624999 0.73143564375
2 0 0.34467821718749997 0.00618811875 0.3384900984375 0.014438943749999999 0.3219884484375 0.01856435625 0.3178630359375 0.01856435625 0.3137376234375 0.02268976875 0.3096122109375 0.02268976875 0.3054867984375 0.01856435625 0.3054867984375 0 0.3231671390625 0 0.34467821718749997
2 0 0.3096122109375 0.011344884375 0.2982673265625 0.028877887499999998 0.28485973593749997 0.030940593750000002 0.28073432343750004 0.030940593750000002 0.2642326734375 0.028877887499999998 0.2642326734375 0.02268976875 0.2683580859375 0 0.2948294828125 0 0.3096122109375
2 0 0.2580445546875 0.02268976875 0.23535478593749998 0.02268976875 0.2332920796875 0.011344884375 0.22400990156249997 0 0.22467724687500001 0 0.2580445546875
1 0.1000412546875 0.6448019796875 0.1103547859375 0.6406765671875 0.11963696406249999 0.6313943890625 0.1237623765625 0.6231435640625 0.1237623765625 0.6004537953125 0.1175742578125 0.5839521453125001 0.1021039609375 0.5684818484374999 0.0917904296875 0.5643564359375 0.0804455453125 0.5653877890625 0.06806930624999999 0.5777640265625 0.06394389375000001 0.5860148515625 0.061881187500000004 0.5922029703125 0.061881187500000004 0.6128300328125 0.06806930624999999 0.6272689765624999 0.0794141921875 0.6406765671875 0.0917904296875 0.6448019796875 0.1000412546875 0.6448019796875
1 0.4682343234375 0.7283415843750001 0.47545379531250004 0.73968646875 0.48370462031250006 0.74381188125 0.49814356406250004 0.74381188125 0.5063943890625 0.73968646875 0.5136138609375 0.730404290625 0.5156765671875 0.724216171875 0.5136138609375 0.713902640625 0.49814356406250004 0.70049505 0.4826732671875 0.701526403125 0.47235973593749997 0.709777228125 0.4682343234375 0.7283415843750001
1 0.5631188125000001 0.695338284375 0.551773928125 0.6839934000000001 0.5476485156249999 0.6839934000000001 0.5414603953125 0.6798679875 0.5342409234375001 0.680899340625 0.5249587453125 0.6839934000000001 0.5177392734375 0.691212871875 0.5115511546875 0.709777228125 0.5156765671875 0.720090759375 0.5249587453125 0.7293729375 0.5455858078125 0.73143564375 0.553836634375 0.7273102312499999 0.5631188125000001 0.715965346875 0.56518151875 0.701526403125 0.5631188125000001 0.695338284375
1 1 0.573226071875 0.9993811875 0.5726072609374999 0.994224421875 0.5736386140625 0.990099009375 0.5798267328125 0.990099009375 0.5880775578125 0.9931930687499999 0.5911716171875 0.99731848125 0.5911716171875 1 0.5884900984375 1 0.573226071875
1 0.9828795375 0.6035478546874999 0.9890676562499999 0.6035478546874999 0.9921617156250001 0.6004537953125 0.9921617156250001 0.5880775578125 0.983910890625 0.5880775578125 0.979785478125 0.5942656765625001 0.979785478125 0.5983910890625 0.9828795375 0.6035478546874999
1 0.96018976875 0.6262376234375 0.965346534375 0.6210808578125 0.9674092406250001 0.6148927390625001 0.962252475 0.6076732671875 0.957095709375 0.6087046203125 0.952970296875 0.6128300328125 0.952970296875 0.6210808578125 0.96018976875 0.6262376234375
1 0.9447194718749999 0.6293316828125 0.942656765625 0.6210808578125 0.9395627062499999 0.6179867984375 0.936468646875 0.6190181515625001 0.9333745875 0.6200495046875 0.9282178218749999 0.6272689765624999 0.9282178218749999 0.6313943890625 0.9333745875 0.6386138609375 0.9395627062499999 0.6365511546875 0.9447194718749999 0.6293316828125
1 0.9251237625 0.6468646859375 0.929249175 0.6468646859375 0.934405940625 0.6396452140625 0.9271864687500001 0.6303630359375 0.9240924093749999 0.6313943890625 0.922029703125 0.6334570953124999 0.922029703125 0.6437706265625 0.9251237625 0.6468646859375