0 0.5244140625 0.208984375 0.5068359375 0.203125 0.4873046875 0.205078125 0.4775390625 0.208984375 0.4609375 0.2255859375 0.45703125 0.2373046875 0.45703125 0.2509765625 0.46484375 0.2646484375 0.4736328125 0.2734375 0.4892578125 0.279296875 0.5126953125 0.279296875 0.5185546875 0.27734375 0.53515625 0.2685546875 0.5390625 0.2568359375 0.5419921875 0.25390625 0.54296875 0.2333984375 0.5390625 0.2236328125 0.5244140625 0.208984375
0 0.5771484375 0.05078125 0.5654296875 0.044921875 0.5380859375 0.044921875 0.5302734375 0.048828125 0.521484375 0.0595703125 0.521484375 0.0751953125 0.5380859375 0.087890625 0.5439453125 0.08984375 0.5537109375 0.08984375 0.5576171875 0.091796875 0.5595703125 0.08984375 0.5751953125 0.08984375 0.5859375 0.0810546875 0.5869140625 0.078125 0.587890625 0.0634765625 0.5859375 0.0595703125 0.5771484375 0.05078125
0 0.5283203125 0.033203125 0.5126953125 0.03515625 0.501953125 0.0419921875 0.5 0.0458984375 0.5 0.0576171875 0.5087890625 0.06640625 0.5185546875 0.0703125 0.521484375 0.0673828125 0.5234375 0.0556640625 0.5302734375 0.048828125 0.5458984375 0.04296875 0.546875 0.0419921875 0.5439453125 0.0390625 0.5283203125 0.033203125
0 0.5712890625 0 0.5625 0.0068359375 0.560546875 0.0107421875 0.560546875 0.0166015625 0.5634765625 0.021484375 0.5810546875 0.01171875 0.6005859375 0.01171875 0.6103515625 0.015625 0.6162109375 0.015625 0.6171875 0.0146484375 0.611328125 0.0068359375 0.6025390625 0 0.5712890625 0
1 0.6142578125 0.015625 0.6025390625 0.013671875 0.6005859375 0.01171875 0.5830078125 0.01171875 0.5810546875 0.013671875 0.5751953125 0.013671875 0.564453125 0.0224609375 0.5625 0.0283203125 0.5625 0.0341796875 0.5712890625 0.046875 0.5849609375 0.0546875 0.5908203125 0.0546875 0.5927734375 0.056640625 0.6181640625 0.0546875 0.6279296875 0.048828125 0.6298828125 0.044921875 0.630859375 0.0322265625 0.62890625 0.0283203125 0.6142578125 0.015625
1 0.5205078125 0.07421875 0.5048828125 0.07421875 0.4931640625 0.080078125 0.484375 0.0908203125 0.484375 0.1025390625 0.4951171875 0.115234375 0.5029296875 0.119140625 0.5205078125 0.12109375 0.5224609375 0.119140625 0.5302734375 0.119140625 0.5361328125 0.1171875 0.5458984375 0.10546875 0.546875 0.0927734375 0.5283203125 0.08203125 0.5205078125 0.07421875
1 0.607421875 0.0009765625 0.6181640625 0.013671875 0.6318359375 0.021484375 0.6376953125 0.021484375 0.6396484375 0.0234375 0.6630859375 0.0234375 0.6689453125 0.021484375 0.6748046875 0.013671875 0.67578125 0.0087890625 0.6708984375 0 0.607421875 0.0009765625
1 0.4736328125 0.2734375 0.462890625 0.2626953125 0.4560546875 0.24609375 0.4443359375 0.24609375 0.4326171875 0.251953125 0.423828125 0.2607421875 0.41796875 0.2724609375 0.41796875 0.2900390625 0.421875 0.2978515625 0.4267578125 0.3046875 0.4443359375 0.314453125 0.4638671875 0.314453125 0.4755859375 0.310546875 0.48828125 0.2998046875 0.4931640625 0.28515625 0.494140625 0.2822265625 0.4912109375 0.279296875 0.4736328125 0.2734375
1 0.3740234375 0.400390625 0.3564453125 0.400390625 0.3486328125 0.404296875 0.341796875 0.4111328125 0.3359375 0.4228515625 0.3359375 0.4365234375 0.33984375 0.4462890625 0.3447265625 0.451171875 0.349609375 0.4501953125 0.349609375 0.4423828125 0.3603515625 0.423828125 0.3779296875 0.41796875 0.3916015625 0.41796875 0.388671875 0.4111328125 0.3818359375 0.404296875 0.3740234375 0.400390625
1 0.4013671875 0.423828125 0.3916015625 0.41796875 0.3779296875 0.41796875 0.3603515625 0.423828125 0.349609375 0.4443359375 0.349609375 0.4599609375 0.353515625 0.4697265625 0.3642578125 0.48046875 0.3740234375 0.484375 0.3896484375 0.484375 0.3974609375 0.48046875 0.4140625 0.4658203125 0.4150390625 0.4609375 0.416015625 0.4404296875 0.4140625 0.4365234375 0.4013671875 0.423828125
1 0.353515625 0.4697265625 0.349609375 0.4580078125 0.3466796875 0.455078125 0.3369140625 0.45703125 0.326171875 0.4677734375 0.32421875 0.4736328125 0.32421875 0.4892578125 0.326171875 0.4951171875 0.3369140625 0.505859375 0.3466796875 0.509765625 0.3525390625 0.509765625 0.3642578125 0.505859375 0.3759765625 0.494140625 0.376953125 0.4853515625 0.3642578125 0.48046875 0.353515625 0.4697265625
1 0.4736328125 0.599609375 0.4599609375 0.59375 0.4501953125 0.59375 0.4462890625 0.591796875 0.4443359375 0.59375 0.4326171875 0.59375 0.4189453125 0.599609375 0.404296875 0.6162109375 0.3984375 0.6298828125 0.3984375 0.6494140625 0.404296875 0.6630859375 0.4208984375 0.681640625 0.4365234375 0.6875 0.4560546875 0.6875 0.4580078125 0.685546875 0.4697265625 0.68359375 0.48828125 0.6669921875 0.4921875 0.6611328125 0.4951171875 0.650390625 0.49609375 0.6279296875 0.494140625 0.6220703125 0.4736328125 0.599609375
1 0.3603515625 0.634765625 0.3427734375 0.6328125 0.3369140625 0.634765625 0.326171875 0.6435546875 0.322265625 0.6513671875 0.3203125 0.6611328125 0.322265625 0.6630859375 0.322265625 0.6708984375 0.326171875 0.6787109375 0.3388671875 0.689453125 0.3447265625 0.69140625 0.3583984375 0.69140625 0.3642578125 0.689453125 0.373046875 0.6826171875 0.3779296875 0.673828125 0.37890625 0.6552734375 0.376953125 0.6494140625 0.3603515625 0.634765625
1 0.322265625 0.6611328125 0.3203125 0.6591796875 0.322265625 0.6572265625 0.322265625 0.6494140625 0.3193359375 0.646484375 0.3037109375 0.6484375 0.29296875 0.6611328125 0.29296875 0.6748046875 0.298828125 0.6845703125 0.3056640625 0.689453125 0.3154296875 0.69140625 0.3251953125 0.6875 0.3291015625 0.68359375 0.330078125 0.6826171875 0.322265625 0.6708984375 0.322265625 0.6611328125
0 0.2939453125 0.77734375 0.287109375 0.7841796875 0.287109375 0.7958984375 0.2919921875 0.802734375 0.2998046875 0.806640625 0.3095703125 0.806640625 0.31640625 0.8017578125 0.3173828125 0.798828125 0.318359375 0.7900390625 0.3095703125 0.779296875 0.2939453125 0.77734375