2 0.4828125 0.7171875 0.0484375 0.053125
1 0.3796875 0.5265625 0.0578125 0.05625
1 0.43125 0.8796875 0.0484375 0.053125
1 0.3875 0.7171875 0.0515625 0.05625
2 0.36875 0.0515625 0.06875 0.0765625
2 0.371875 0.3078125 0.0625 0.0640625
2 0.390625 0.8625 0.04375 0.0484375
1 0.4359375 0.7109375 0.0515625 0.0546875
3 0.4 0.05 0.15625 0.0984375
3 0.4046875 0.309375 0.14375 0.0859375
3 0.4109375 0.5296875 0.13125 0.0734375
3 0.4140625 0.7140625 0.121875 0.0734375
3 0.4171875 0.8703125 0.1109375 0.0703125