2 0 0.5098730921875 0.005790734375 0.514376996875 0.0137779546875 0.514376996875 0.0157747609375 0.5123801921875 0.0197683703125 0.5163738015625 0.0257587859375 0.5163738015625 0.0317492015625 0.514376996875 0.039736421875 0.5103833859375 0.05071885 0.49940095781249993 0.05071885 0.4894169328125 0.0527156546875 0.487420128125 0.05071885 0.48142971250000005 0.041733226562499996 0.47044728437499994 0.030750798437499997 0.46545527187499997 0.021765175 0.46445686875 0.0197683703125 0.4664536734375 0.017771565625 0.46445686875 0.01178115 0.46445686875 0.0017971250000000001 0.46845047968750003 0 0.47024760312499997 0 0.5098730921875
1 0.3662140578125 0.5213658140625 0.364217253125 0.5273562296875001 0.364217253125 0.541333865625 0.3682108625 0.5453274765625 0.3682108625 0.551317890625 0.3771964859375 0.5603035140625 0.38518370625 0.5642971250000001 0.3991613421875 0.5662939296875 0.411142171875 0.56230031875 0.42012779531250005 0.553314696875 0.42212459999999996 0.5453274765625 0.4261182109375 0.5433306703125 0.4261182109375 0.5233626203124999 0.42412140625 0.519369009375 0.41813099062500003 0.5153754 0.41813099062500003 0.5113817890625 0.41513578281249996 0.50838658125 0.408146965625 0.5073881796874999 0.3831869015625 0.5063897765625 0.37519968125 0.5103833859375 0.3662140578125 0.5213658140625
1 0.37420127812500004 0.453474440625 0.3682108625 0.46545527187499997 0.3682108625 0.46944888125000006 0.3702076671875 0.4714456875 0.3682108625 0.4734424921875 0.3682108625 0.48342651718749996 0.37220447343749996 0.4914137375 0.3831869015625 0.5003993609374999 0.39317092656249997 0.504392971875 0.4051517578125 0.504392971875 0.41513578281249996 0.5003993609374999 0.41912939375 0.49440894531249996 0.4261182109375 0.4914137375 0.43210862656250004 0.47943290781250003 0.4301118203125 0.47543929687500003 0.4301118203125 0.46345846718750006 0.428115015625 0.4614616609375 0.428115015625 0.45746805156250003 0.42511980781250003 0.45447284374999997 0.4211261984375 0.45447284374999997 0.41813099062500003 0.44748402499999995 0.4101437703125 0.44149361093749995 0.39317092656249997 0.44049520781249996 0.38518370625 0.4444888171875 0.37420127812500004 0.453474440625
2 0.6178115015625 0.5692891375 0.615814696875 0.575279553125 0.6178115015625 0.5772763578125 0.6118210859375 0.5832667734375 0.6118210859375 0.597244409375 0.61980830625 0.61321885 0.6267971250000001 0.6202076671875 0.6407747609375 0.6261980828125 0.6567492015624999 0.6261980828125 0.6667332265625 0.6222044734375001 0.6777156546875001 0.6112220453125 0.6837060703125 0.595247603125 0.679712459375 0.5772763578125 0.6677316296875 0.5672923328125 0.664736421875 0.56230031875 0.6517571890625 0.5593051124999999 0.632787540625 0.558306709375 0.62480031875 0.56230031875 0.6178115015625 0.5692891375
1 0.620806709375 0.49840255625 0.615814696875 0.5053913734375 0.60982428125 0.5173722046875 0.60982428125 0.5293530343749999 0.6178115015625 0.5433306703125 0.6178115015625 0.54732428125 0.630790734375 0.558306709375 0.65874600625 0.5603035140625 0.6667332265625 0.5563099046875 0.66873003125 0.55231629375 0.6727236421875 0.55231629375 0.679712459375 0.5453274765625 0.679712459375 0.541333865625 0.6777156546875001 0.5393370609375 0.6857028749999999 0.5333466453125 0.6857028749999999 0.5213658140625 0.6837060703125 0.519369009375 0.6837060703125 0.5153754 0.679712459375 0.5073881796874999 0.6727236421875 0.5003993609374999 0.66873003125 0.49840255625 0.6667332265625 0.502396165625 0.6637380187499999 0.497404153125 0.6267971250000001 0.4964057515625 0.62480031875 0.49840255625 0.620806709375 0.49840255625
2 0.6078274765625 0.443490415625 0.603833865625 0.4514776359375 0.603833865625 0.4554712453125 0.6018370609375 0.45746805156250003 0.6018370609375 0.4714456875 0.603833865625 0.4734424921875 0.603833865625 0.4774361015625 0.6228035140625 0.49440894531249996 0.630790734375 0.49440894531249996 0.632787540625 0.49241214062500005 0.652755590625 0.49241214062500005 0.6567492015624999 0.4904153359375 0.6637380187499999 0.48342651718749996 0.6637380187499999 0.47543929687500003 0.669728434375 0.4714456875 0.6717252390625 0.4674520765625 0.669728434375 0.453474440625 0.665734825 0.44548722031250004 0.6617412140625001 0.443490415625 0.6617412140625001 0.4394968046875 0.6567492015624999 0.43450479218750004 0.647763578125 0.42951277968749996 0.6347843453124999 0.4285143765625 0.6188099046875 0.43450479218750004 0.6078274765625 0.443490415625
2 0.9303115015625 0.42052715625000003 0.9243210859375001 0.41653354687500005 0.9093450484375 0.42951277968749996 0.901357828125 0.44548722031250004 0.9033546328125001 0.44948083125 0.9033546328125001 0.4614616609375 0.916333865625 0.4784345046875 0.928314696875 0.4844249203125 0.938298721875 0.482428115625 0.9402955265624999 0.4844249203125 0.960263578125 0.4844249203125 0.9722444093749999 0.480431309375 0.9872204468750001 0.46545527187499997 0.9912140578124999 0.45746805156250003 0.9912140578124999 0.44748402499999995 0.9892172531250001 0.443490415625 0.9912140578124999 0.4375 0.9872204468750001 0.42951277968749996 0.9802316296875 0.42252396093750005 0.9652555906250001 0.4135383390625 0.938298721875 0.4125399359375 0.9313099046875 0.41753194843749997 0.9303115015625 0.42052715625000003
3 0.034375 0.525 0.06875 0.1234375
3 0.190625 0.5078125 0.103125 0.140625
3 0.39375 0.5109375 0.103125 0.153125
3 0.65 0.5 0.1203125 0.1765625
3 0.9390625 0.4953125 0.1203125 0.1890625