0 0.6064453125 0.43359375 0.5908203125 0.427734375 0.5654296875 0.427734375 0.5458984375 0.4375 0.53515625 0.4482421875 0.52734375 0.4658203125 0.52734375 0.4892578125 0.53515625 0.5087890625 0.5517578125 0.525390625 0.5673828125 0.53125 0.58984375 0.5302734375 0.5966796875 0.529296875 0.6083984375 0.5234375 0.619140625 0.5146484375 0.630859375 0.4912109375 0.630859375 0.4697265625 0.623046875 0.4501953125 0.6171875 0.4423828125 0.6064453125 0.43359375
0 0.189453125 0.3564453125 0.193359375 0.3603515625 0.1953125 0.3681640625 0.1982421875 0.37109375 0.205078125 0.3701171875 0.2080078125 0.369140625 0.216796875 0.3583984375 0.216796875 0.3466796875 0.2099609375 0.337890625 0.2001953125 0.337890625 0.1962890625 0.33984375 0.189453125 0.3486328125 0.189453125 0.3564453125
0 0.1806640625 0.34375 0.171875 0.3544921875 0.189453125 0.3544921875 0.19140625 0.3447265625 0.1865234375 0.341796875 0.1806640625 0.34375
0 0.298828125 0.3095703125 0.30078125 0.3134765625 0.3076171875 0.318359375 0.318359375 0.3173828125 0.3212890625 0.31640625 0.328125 0.3076171875 0.328125 0.2978515625 0.3212890625 0.2890625 0.3134765625 0.287109375 0.3076171875 0.2890625 0.298828125 0.2978515625 0.298828125 0.3095703125
0 0.5517578125 0.279296875 0.564453125 0.2783203125 0.564453125 0.2685546875 0.572265625 0.2548828125 0.5654296875 0.248046875 0.5517578125 0.248046875 0.54296875 0.2548828125 0.541015625 0.2666015625 0.5478515625 0.27734375 0.5517578125 0.279296875
0 0.564453125 0.2763671875 0.5751953125 0.2890625 0.5791015625 0.291015625 0.58984375 0.2900390625 0.599609375 0.2822265625 0.6015625 0.2783203125 0.6015625 0.2666015625 0.5947265625 0.2578125 0.5869140625 0.25390625 0.5732421875 0.255859375 0.56640625 0.2626953125 0.564453125 0.2763671875
0 0.646484375 0.2568359375 0.646484375 0.2646484375 0.6552734375 0.26953125 0.6650390625 0.28125 0.669921875 0.2802734375 0.6748046875 0.27734375 0.6796875 0.2705078125 0.6796875 0.2626953125 0.67578125 0.2548828125 0.6650390625 0.248046875 0.6572265625 0.248046875 0.6494140625 0.251953125 0.646484375 0.2568359375
0 0.623046875 0.2744140625 0.62109375 0.2802734375 0.623046875 0.2919921875 0.6318359375 0.302734375 0.6396484375 0.306640625 0.650390625 0.3056640625 0.6552734375 0.302734375 0.662109375 0.2939453125 0.6640625 0.2880859375 0.662109375 0.2783203125 0.6572265625 0.271484375 0.6474609375 0.265625 0.6337890625 0.265625 0.623046875 0.2744140625
0 0.71875 0.2763671875 0.7314453125 0.291015625 0.740234375 0.2919921875 0.7470703125 0.2890625 0.751953125 0.2822265625 0.751953125 0.2724609375 0.7412109375 0.259765625 0.7353515625 0.2578125 0.7255859375 0.259765625 0.720703125 0.2646484375 0.71875 0.2763671875
0 0.794921875 0.2978515625 0.791015625 0.3056640625 0.791015625 0.3134765625 0.794921875 0.3232421875 0.8056640625 0.333984375 0.8115234375 0.3359375 0.81640625 0.3349609375 0.8212890625 0.333984375 0.828125 0.3271484375 0.830078125 0.3232421875 0.830078125 0.3095703125 0.826171875 0.3017578125 0.8193359375 0.294921875 0.8076171875 0.291015625 0.794921875 0.2978515625
0 0.90234375 0.3369140625 0.900390625 0.3544921875 0.904296875 0.3623046875 0.9130859375 0.37109375 0.9169921875 0.373046875 0.919921875 0.3720703125 0.921875 0.3603515625 0.923828125 0.3564453125 0.93359375 0.3486328125 0.93359375 0.3447265625 0.9296875 0.3369140625 0.9228515625 0.330078125 0.9091796875 0.328125 0.90234375 0.3369140625
1 0.4775390625 0.35546875 0.4599609375 0.361328125 0.4453125 0.3759765625 0.44140625 0.3876953125 0.44140625 0.3974609375 0.443359375 0.3994140625 0.4453125 0.4111328125 0.44921875 0.4169921875 0.4638671875 0.4296875 0.4677734375 0.431640625 0.48828125 0.4306640625 0.5029296875 0.423828125 0.513671875 0.4111328125 0.517578125 0.4033203125 0.517578125 0.3837890625 0.513671875 0.3740234375 0.5068359375 0.365234375 0.4931640625 0.357421875 0.4775390625 0.35546875
1 0.503671071875 0.4711861078125 0.49585857187500004 0.4555611078125 0.47925700937500004 0.4389595453125 0.46753825937500004 0.4370064203125 0.46167888437500004 0.4331001703125 0.45777263437500004 0.4350532953125 0.45191325937500004 0.4350532953125 0.44996013437500004 0.4331001703125 0.44800700937500004 0.4350532953125 0.43824138437500004 0.4350532953125 0.42847575937500004 0.4389595453125 0.42066325937500004 0.4448189203125 0.40992107187500004 0.4575142328125 0.40210857187500004 0.4809517328125 0.40406169687500004 0.5004829828124999 0.40796794687500004 0.5082954828124999 0.41968669687500004 0.5219673578124999 0.43042888437500004 0.5307564203124999 0.44605388437500004 0.5327095453124999 0.44800700937500004 0.5346626703124999 0.46460857187500004 0.5336861078124999 0.47730388437500004 0.5307564203124999 0.48511638437500004 0.5248970453124999 0.49976482187500004 0.5082954828124999 0.503671071875 0.4985298578125 0.503671071875 0.4868111078125 0.505624196875 0.4848579828125 0.503671071875 0.4829048578125 0.503671071875 0.4711861078125
1 0.3935546875 0.37890625 0.3798828125 0.384765625 0.3671875 0.3935546875 0.359375 0.4072265625 0.357421875 0.4248046875 0.365234375 0.4443359375 0.3701171875 0.44921875 0.3857421875 0.45703125 0.408203125 0.4560546875 0.431640625 0.4365234375 0.43359375 0.4248046875 0.435546875 0.4228515625 0.435546875 0.4111328125 0.431640625 0.3994140625 0.4228515625 0.388671875 0.4091796875 0.380859375 0.3935546875 0.37890625
1 0.2451171875 0.384765625 0.236328125 0.3955078125 0.234375 0.4013671875 0.234375 0.4189453125 0.236328125 0.4248046875 0.2470703125 0.435546875 0.2529296875 0.4375 0.26953125 0.4365234375 0.2744140625 0.435546875 0.283203125 0.4267578125 0.2890625 0.4150390625 0.2890625 0.3955078125 0.287109375 0.3916015625 0.2724609375 0.37890625 0.2548828125 0.37890625 0.2451171875 0.384765625
1 0.1640625 0.3798828125 0.166015625 0.3837890625 0.1708984375 0.388671875 0.1796875 0.3896484375 0.1865234375 0.38671875 0.1953125 0.3759765625 0.193359375 0.3603515625 0.1884765625 0.35546875 0.1826171875 0.353515625 0.1708984375 0.357421875 0.1640625 0.3662109375 0.1640625 0.3798828125
1 0.1416015625 0.373046875 0.1328125 0.3857421875 0.1328125 0.3974609375 0.134765625 0.4013671875 0.1396484375 0.40625 0.146484375 0.4052734375 0.1513671875 0.404296875 0.158203125 0.3974609375 0.162109375 0.3876953125 0.16015625 0.3857421875 0.16015625 0.3798828125 0.1533203125 0.373046875 0.1474609375 0.37109375 0.1416015625 0.373046875
1 0.1630859375 0.38671875 0.16796875 0.3857421875 0.1640625 0.3779296875 0.1640625 0.3681640625 0.171875 0.3583984375 0.1611328125 0.357421875 0.154296875 0.3642578125 0.15234375 0.3720703125 0.16015625 0.3798828125 0.1630859375 0.38671875
1 0.240234375 0.3330078125 0.2470703125 0.337890625 0.25 0.3369140625 0.2587890625 0.333984375 0.265625 0.3212890625 0.263671875 0.3134765625 0.2548828125 0.306640625 0.2431640625 0.310546875 0.23828125 0.3173828125 0.23828125 0.3291015625 0.240234375 0.3330078125
1 0.2294921875 0.337890625 0.2421875 0.3369140625 0.2421875 0.3330078125 0.23828125 0.3291015625 0.240234375 0.3115234375 0.2353515625 0.310546875 0.2294921875 0.3125 0.22265625 0.3212890625 0.224609375 0.3330078125 0.2294921875 0.337890625
1 0.271484375 0.3193359375 0.2763671875 0.32421875 0.2802734375 0.326171875 0.291015625 0.3251953125 0.298828125 0.3173828125 0.298828125 0.3037109375 0.296875 0.2998046875 0.2919921875 0.296875 0.2822265625 0.296875 0.271484375 0.3056640625 0.26953125 0.3134765625 0.271484375 0.3193359375
0 0.37890625 0.3017578125 0.384765625 0.2958984375 0.384765625 0.2841796875 0.3779296875 0.27734375 0.3681640625 0.275390625 0.3671875 0.2802734375 0.369140625 0.2861328125 0.376953125 0.3017578125 0.37890625 0.3017578125
1 0.5 0.2607421875 0.5 0.2705078125 0.5068359375 0.279296875 0.5146484375 0.283203125 0.51953125 0.2822265625 0.5244140625 0.28125 0.533203125 0.2724609375 0.533203125 0.2607421875 0.53125 0.2568359375 0.5224609375 0.25 0.5107421875 0.25 0.501953125 0.2568359375 0.5 0.2607421875
1 0.6962890625 0.28515625 0.6904296875 0.2890625 0.685546875 0.2958984375 0.68359375 0.3017578125 0.685546875 0.3154296875 0.6875 0.3193359375 0.7001953125 0.330078125 0.7041015625 0.33203125 0.716796875 0.3310546875 0.7255859375 0.326171875 0.73046875 0.3173828125 0.73046875 0.3017578125 0.7265625 0.2939453125 0.7158203125 0.28515625 0.7080078125 0.28515625 0.7060546875 0.283203125 0.6962890625 0.28515625
1 0.8330078125 0.302734375 0.8408203125 0.306640625 0.849609375 0.3056640625 0.85546875 0.2978515625 0.85546875 0.2880859375 0.853515625 0.2841796875 0.8408203125 0.2734375 0.8310546875 0.275390625 0.826171875 0.2841796875 0.828125 0.2958984375 0.8330078125 0.302734375
2 0.6796875 0.2626953125 0.6796875 0.2744140625 0.6884765625 0.279296875 0.693359375 0.2783203125 0.703125 0.2705078125 0.705078125 0.2626953125 0.6982421875 0.25 0.6904296875 0.24609375 0.6845703125 0.24609375 0.67578125 0.2509765625 0.67578125 0.2568359375 0.6796875 0.2626953125
2 0.7587890625 0.28125 0.7666015625 0.28515625 0.771484375 0.2841796875 0.779296875 0.2783203125 0.78125 0.2685546875 0.7724609375 0.255859375 0.7607421875 0.25390625 0.751953125 0.2607421875 0.75 0.2666015625 0.751953125 0.2724609375 0.7587890625 0.28125
2 0.7900390625 0.294921875 0.7939453125 0.296875 0.798828125 0.2958984375 0.8017578125 0.29296875 0.814453125 0.2900390625 0.814453125 0.2783203125 0.8037109375 0.267578125 0.7919921875 0.267578125 0.78515625 0.2744140625 0.783203125 0.2822265625 0.7900390625 0.294921875
2 0.8193359375 0.294921875 0.822265625 0.2939453125 0.826171875 0.2900390625 0.828125 0.2744140625 0.8212890625 0.265625 0.8095703125 0.265625 0.806640625 0.2705078125 0.814453125 0.2802734375 0.814453125 0.2919921875 0.8193359375 0.294921875
2 0.84375 0.3271484375 0.84765625 0.3349609375 0.8544921875 0.341796875 0.8623046875 0.345703125 0.869140625 0.3447265625 0.87890625 0.3369140625 0.880859375 0.3310546875 0.87890625 0.3193359375 0.873046875 0.3095703125 0.8662109375 0.3046875 0.8525390625 0.3046875 0.84375 0.3154296875 0.84375 0.3271484375
2 0.87890625 0.3388671875 0.8896484375 0.3515625 0.8955078125 0.353515625 0.900390625 0.3525390625 0.900390625 0.3427734375 0.904296875 0.3330078125 0.908203125 0.3291015625 0.908203125 0.3232421875 0.8994140625 0.314453125 0.8876953125 0.3125 0.87890625 0.3193359375 0.87890625 0.3388671875
2 0.953125 0.3623046875 0.9580078125 0.375 0.966796875 0.3740234375 0.96484375 0.3583984375 0.9609375 0.3505859375 0.9541015625 0.34375 0.9443359375 0.34375 0.9375 0.3486328125 0.9384765625 0.3515625 0.9423828125 0.3515625 0.953125 0.3623046875
2 0.9443359375 0.3515625 0.9306640625 0.3515625 0.9267578125 0.353515625 0.921875 0.3603515625 0.919921875 0.3759765625 0.927734375 0.3916015625 0.9365234375 0.3984375 0.94140625 0.3974609375 0.943359375 0.3857421875 0.947265625 0.3798828125 0.9501953125 0.376953125 0.9541015625 0.376953125 0.95703125 0.3720703125 0.955078125 0.3701171875 0.955078125 0.3642578125 0.9443359375 0.3515625
2 0.943359375 0.3857421875 0.943359375 0.3916015625 0.94140625 0.3935546875 0.943359375 0.4091796875 0.9521484375 0.423828125 0.9580078125 0.427734375 0.96875 0.4267578125 0.97265625 0.4169921875 0.98046875 0.4111328125 0.98046875 0.3994140625 0.974609375 0.3857421875 0.9638671875 0.375 0.9541015625 0.375 0.9501953125 0.376953125 0.943359375 0.3857421875
2 1 0.4208984375 0.998046875 0.4169921875 0.9912109375 0.412109375 0.9794921875 0.412109375 0.9736328125 0.416015625 0.96875 0.4228515625 0.96875 0.4287109375 0.966796875 0.4306640625 0.966796875 0.4482421875 0.974609375 0.4638671875 0.9814453125 0.470703125 0.9853515625 0.47265625 0.99609375 0.4716796875 1 0.4677734375 1 0.4208984375
2 1 0.3896484375 0.9931640625 0.384765625 0.9892578125 0.384765625 0.978515625 0.3935546875 0.98046875 0.4091796875 0.9912109375 0.412109375 0.9970703125 0.416015625 1 0.4150390625 1 0.3896484375