1 0.3583984375 0.609375 0.3486328125 0.603515625 0.3310546875 0.603515625 0.3251953125 0.60546875 0.31640625 0.6142578125 0.3125 0.6220703125 0.3125 0.6279296875 0.314453125 0.6298828125 0.3125 0.6318359375 0.3125 0.6376953125 0.314453125 0.6416015625 0.3251953125 0.65234375 0.3349609375 0.65625 0.33984375 0.6552734375 0.3505859375 0.65234375 0.3583984375 0.646484375 0.361328125 0.6416015625 0.361328125 0.6298828125 0.359375 0.6279296875 0.361328125 0.6240234375 0.361328125 0.6142578125 0.3583984375 0.609375
1 0.7568359375 0.58984375 0.7509765625 0.58984375 0.7490234375 0.587890625 0.7294921875 0.58984375 0.71875 0.6005859375 0.716796875 0.6083984375 0.71484375 0.6103515625 0.716796875 0.6142578125 0.716796875 0.6201171875 0.720703125 0.6279296875 0.7314453125 0.638671875 0.7353515625 0.640625 0.7392578125 0.640625 0.7412109375 0.642578125 0.755859375 0.6416015625 0.7587890625 0.640625 0.7734375 0.6240234375 0.7734375 0.6083984375 0.771484375 0.6044921875 0.7666015625 0.599609375 0.7646484375 0.599609375 0.763671875 0.5966796875 0.7568359375 0.58984375
2 0.3330078125 0.556640625 0.3271484375 0.556640625 0.3251953125 0.5546875 0.3173828125 0.5546875 0.3154296875 0.556640625 0.3115234375 0.556640625 0.3056640625 0.564453125 0.30078125 0.5654296875 0.30078125 0.5673828125 0.296875 0.5732421875 0.296875 0.5888671875 0.298828125 0.5908203125 0.298828125 0.5927734375 0.302734375 0.5966796875 0.3037109375 0.599609375 0.3095703125 0.599609375 0.3115234375 0.6015625 0.3349609375 0.6015625 0.3359375 0.6005859375 0.3388671875 0.599609375 0.345703125 0.5927734375 0.345703125 0.5908203125 0.34765625 0.5888671875 0.34765625 0.5712890625 0.34375 0.5673828125 0.34375 0.5634765625 0.3330078125 0.556640625
1 0.7353515625 0.5390625 0.7236328125 0.5390625 0.7138671875 0.54296875 0.70703125 0.5498046875 0.708984375 0.5556640625 0.705078125 0.5595703125 0.705078125 0.5693359375 0.70703125 0.5712890625 0.708984375 0.5830078125 0.7119140625 0.5859375 0.748046875 0.5849609375 0.751953125 0.5830078125 0.7578125 0.5732421875 0.7578125 0.5595703125 0.755859375 0.5556640625 0.75 0.5517578125 0.75 0.5478515625 0.7451171875 0.54296875 0.7353515625 0.5390625
1 0.1396484375 0.5625 0.1259765625 0.5625 0.1220703125 0.56640625 0.1142578125 0.568359375 0.103515625 0.5791015625 0.1015625 0.5830078125 0.1015625 0.5966796875 0.1083984375 0.609375 0.1240234375 0.609375 0.1279296875 0.61328125 0.140625 0.6123046875 0.1455078125 0.611328125 0.1474609375 0.607421875 0.1533203125 0.60546875 0.158203125 0.6005859375 0.16015625 0.5810546875 0.15625 0.5732421875 0.1494140625 0.56640625 0.1396484375 0.5625
2 0.1201171875 0.623046875 0.1171875 0.6279296875 0.1171875 0.6435546875 0.1279296875 0.658203125 0.1318359375 0.66015625 0.150390625 0.6591796875 0.1591796875 0.65625 0.169921875 0.6455078125 0.173828125 0.6376953125 0.173828125 0.6240234375 0.1650390625 0.61328125 0.1572265625 0.609375 0.1357421875 0.611328125 0.1201171875 0.623046875
2 0.5244140625 0.544921875 0.5166015625 0.548828125 0.509765625 0.5556640625 0.509765625 0.5595703125 0.505859375 0.5654296875 0.505859375 0.5771484375 0.51171875 0.5888671875 0.5205078125 0.59375 0.53125 0.5927734375 0.5478515625 0.591796875 0.5546875 0.5849609375 0.55859375 0.5732421875 0.55859375 0.5673828125 0.5546875 0.5576171875 0.5498046875 0.55078125 0.5400390625 0.544921875 0.5244140625 0.544921875
1 0.5478515625 0.595703125 0.5380859375 0.595703125 0.5361328125 0.6015625 0.5322265625 0.595703125 0.5263671875 0.595703125 0.5224609375 0.59765625 0.51171875 0.6103515625 0.51171875 0.6201171875 0.513671875 0.6220703125 0.51171875 0.6240234375 0.51171875 0.6298828125 0.515625 0.6357421875 0.5283203125 0.646484375 0.5322265625 0.6484375 0.537109375 0.6474609375 0.5478515625 0.646484375 0.5556640625 0.640625 0.564453125 0.6240234375 0.5625 0.6201171875 0.564453125 0.6181640625 0.5625 0.6103515625 0.55859375 0.6044921875 0.5478515625 0.595703125
2 0.3466796875 0.5078125 0.3349609375 0.505859375 0.3212890625 0.51171875 0.31640625 0.5166015625 0.310546875 0.5283203125 0.310546875 0.5380859375 0.3212890625 0.552734375 0.3291015625 0.556640625 0.345703125 0.5556640625 0.3525390625 0.552734375 0.357421875 0.5478515625 0.35546875 0.5419921875 0.3603515625 0.541015625 0.36328125 0.5380859375 0.36328125 0.5263671875 0.3564453125 0.513671875 0.3466796875 0.5078125
2 0.921875 0.6220703125 0.9248046875 0.625 0.9287109375 0.625 0.9326171875 0.630859375 0.9365234375 0.6328125 0.953125 0.6318359375 0.958984375 0.6181640625 0.962890625 0.5849609375 0.9580078125 0.580078125 0.9365234375 0.580078125 0.9306640625 0.58203125 0.916015625 0.5947265625 0.916015625 0.6103515625 0.921875 0.6220703125
1 0.9072265625 0.53515625 0.8984375 0.5439453125 0.896484375 0.5478515625 0.896484375 0.5615234375 0.8984375 0.5673828125 0.9072265625 0.576171875 0.9287109375 0.576171875 0.9306640625 0.578125 0.9453125 0.5771484375 0.9482421875 0.576171875 0.95703125 0.5654296875 0.95703125 0.5498046875 0.953125 0.5419921875 0.9462890625 0.53515625 0.9384765625 0.53125 0.9169921875 0.53125 0.9072265625 0.53515625
3 0.1375 0.60625 0.08125 0.128125
3 0.328125 0.6 0.078125 0.1234375
3 0.534375 0.59375 0.0859375 0.15
3 0.73125 0.590625 0.0828125 0.140625
3 0.928125 0.5703125 0.08125 0.1359375