1 0.9484375 0.5796875 0.0625 0.053125
1 0.940625 0.5296875 0.059375 0.0515625
1 0.73125 0.5234375 0.05625 0.05
1 0.540625 0.5140625 0.0546875 0.0515625
1 0.353125 0.50625 0.05 0.0515625
2 0.1609375 0.5453125 0.05625 0.046875
2 0.1546875 0.5 0.053125 0.0484375
2 0.3390625 0.5546875 0.05 0.046875
2 0.53125 0.5609375 0.0484375 0.0484375
2 0.74375 0.571875 0.05625 0.05
2 0.7515625 0.4734375 0.0546875 0.053125
3 0.165625 0.509375 0.0921875 0.1234375
3 0.340625 0.5234375 0.084375 0.1171875
3 0.5375 0.53125 0.08125 0.125
3 0.7421875 0.5359375 0.09375 0.1234375
3 0.9453125 0.55 0.0984375 0.13125