1 0.5567036296875 0.7229838703125 0.574848790625 0.7209677421875 0.5909778218749999 0.7129032265624999 0.6040826609375001 0.6997983875 0.6040826609375001 0.6957661296875 0.60811491875 0.6917338703125 0.6101310484375 0.685685484375 0.6101310484375 0.6635080640625 0.6020665328125 0.6473790328125 0.58896169375 0.636290321875 0.574848790625 0.6302419359375 0.5546875 0.6302419359375 0.534526209375 0.64032258125 0.5234375 0.65342741875 0.5234375 0.6574596781250001 0.515372984375 0.67157258125 0.5163810484375 0.6887096781250001 0.5173891125 0.6957661296875 0.5274697578125 0.707862903125 0.5385584671875 0.716935484375 0.5567036296875 0.7229838703125
1 0.521622984375 1 0.531502015625 0.9901209671875 0.5355342734375 0.9739919359375 0.531502015625 0.963911290625 0.52041330625 0.9508064515625 0.500252015625 0.9427419359375 0.4760584671875 0.9427419359375 0.4740423390625 0.9447580640625001 0.46799395156249995 0.9447580640625001 0.4478326609375 0.9568548390625 0.43876008125 0.97197580625 0.437752015625 0.9810483874999999 0.4448084671875 0.9941532265624999 0.4519545265625 1 0.521622984375 1
1 0.6222278218749999 0.9276209671875 0.62626008125 0.9215725812500001 0.62626008125 0.9114919359375 0.6222278218749999 0.901411290625 0.6111391125 0.8943548390625 0.5869455640625 0.8943548390625 0.5808971781250001 0.8983870968750001 0.57686491875 0.8983870968750001 0.565776209375 0.90947580625 0.5617439515625 0.9215725812500001 0.562752015625 0.9245967734375 0.5677923390624999 0.9336693546875001 0.574848790625 0.94072580625 0.5869455640625 0.9447580640625001 0.6010584671875 0.9447580640625001 0.6151713703125 0.938709678125 0.6222278218749999 0.9316532265624999 0.6222278218749999 0.9276209671875
1 0.6192036296875 0.8600806453125 0.6010584671875 0.858064515625 0.5919858875 0.8651209671875 0.5899697578125 0.8711693546875001 0.5909778218749999 0.8883064515625 0.59501008125 0.8923387093749999 0.6111391125 0.8943548390625 0.6232358875 0.9004032265624999 0.6333165328125 0.8983870968750001 0.6444052421875 0.8872983874999999 0.6504536296875 0.8772177421875 0.6484375 0.8651209671875 0.63936491875 0.8540322578125 0.631300403125 0.8540322578125 0.6192036296875 0.8600806453125
1 0.5899697578125 0.8147177421875 0.5839213703125 0.826814515625 0.5849294359375 0.8439516125000001 0.59501008125 0.8540322578125 0.6050907265625 0.8600806453125 0.6212197578125 0.8600806453125 0.6272681453125 0.858064515625 0.6444052421875 0.844959678125 0.6484375 0.8368951609374999 0.6484375 0.81875 0.6464213703125 0.8147177421875 0.631300403125 0.8016129031249999 0.609122984375 0.8016129031249999 0.5899697578125 0.8147177421875
0 0.6423891125 0.6372983875 0.6383568546875 0.645362903125 0.63936491875 0.6604838703125 0.6474294359375 0.670564515625 0.6554939515625 0.6745967734375 0.6736391125 0.6745967734375 0.6867439515625 0.6635080640625 0.690776209375 0.6554435484375001 0.690776209375 0.6413306453125001 0.6796875 0.6262096781250001 0.6696068546875 0.62217741875 0.659526209375 0.62217741875 0.65146169375 0.6262096781250001 0.6423891125 0.6372983875
0 0.6917842734375 0.6322580640625 0.7058971781250001 0.6322580640625 0.7169858875 0.6191532265624999 0.7169858875 0.605040321875 0.7149697578125 0.6010080640625 0.70791330625 0.5939516125 0.6917842734375 0.5939516125 0.687752015625 0.5959677421875 0.6786794359375 0.60907258125 0.6796875 0.62217741875 0.6837197578125 0.62822580625 0.6917842734375 0.6322580640625
0 0.631300403125 0.2975806453125 0.6222278218749999 0.3086693546875 0.6232358875 0.32177419375 0.631300403125 0.3318548390625 0.63936491875 0.33588709687499996 0.6494455640625 0.33588709687499996 0.6605342734375 0.3288306453125 0.6645665328125 0.3207661296875 0.6645665328125 0.3147177421875 0.662550403125 0.3086693546875 0.65146169375 0.2975806453125 0.6474294359375 0.295564515625 0.6353326609375001 0.295564515625 0.631300403125 0.2975806453125
1 0.65751008125 0.39032258125 0.6605342734375 0.3993951609375 0.6696068546875 0.4064516125 0.6756552421875 0.4084677421875 0.6857358875 0.4064516125 0.6927923390624999 0.3993951609375 0.6948084671875 0.3933467734375 0.6948084671875 0.3872983875 0.690776209375 0.3772177421875 0.6796875 0.370161290625 0.6696068546875 0.370161290625 0.6585181453125 0.38125 0.65751008125 0.39032258125
1 0.6071068546875 0.24112903281250003 0.6020665328125 0.248185484375 0.6010584671875 0.2572580640625 0.6040826609375001 0.2663306453125 0.6171875 0.2754032265625 0.6333165328125 0.2754032265625 0.6423891125 0.2683467734375 0.6444052421875 0.2622983875 0.6444052421875 0.2542338703125 0.640372984375 0.24616935468749998 0.6353326609375001 0.24112903281250003 0.625252015625 0.23709677343750002 0.6151713703125 0.23709677343750002 0.6071068546875 0.24112903281250003
1 0.6958165328125 0.5939516125 0.6978326609375001 0.591935484375 0.7099294359375 0.591935484375 0.7169858875 0.582862903125 0.719002015625 0.56875 0.70791330625 0.5556451609375 0.693800403125 0.5556451609375 0.6897681453125 0.557661290625 0.6806955640625 0.56875 0.6817036296875 0.5818548390625 0.6897681453125 0.591935484375 0.6958165328125 0.5939516125
1 0.6837197578125 0.545564515625 0.687752015625 0.551612903125 0.6958165328125 0.5556451609375 0.7058971781250001 0.5556451609375 0.7099294359375 0.5536290328125 0.7169858875 0.5445564515625 0.7169858875 0.5304435484375001 0.7149697578125 0.526411290625 0.7058971781250001 0.5193548390625 0.693800403125 0.5193548390625 0.6897681453125 0.5213709671875 0.68271169375 0.5324596781250001 0.6837197578125 0.545564515625
1 0.690776209375 0.6554435484375001 0.6847278218749999 0.6655241937499999 0.6857358875 0.6685483875 0.6917842734375 0.6725806453125001 0.7038810484375 0.6725806453125001 0.7149697578125 0.6635080640625 0.7169858875 0.65947580625 0.7169858875 0.6433467734375 0.71396169375 0.6383064515625 0.7038810484375 0.6322580640625 0.6958165328125 0.6322580640625 0.68876008125 0.6372983875 0.690776209375 0.6413306453125001 0.690776209375 0.6554435484375001
1 0.65751008125 0.6806451609375 0.65146169375 0.682661290625 0.6423891125 0.6897177421875 0.634324596875 0.7058467734375 0.6353326609375001 0.7129032265624999 0.6363407265625 0.7179435484375001 0.64541330625 0.7290322578125 0.6534778218749999 0.733064515625 0.665574596875 0.733064515625 0.6756552421875 0.7290322578125 0.6847278218749999 0.7199596781250001 0.68876008125 0.7038306453125001 0.6847278218749999 0.6917338703125 0.6756552421875 0.682661290625 0.65751008125 0.6806451609375
0 0.70791330625 0.6342741937499999 0.7169858875 0.645362903125 0.7149697578125 0.6635080640625 0.7179939515625 0.6645161296875 0.7270665328125 0.65342741875 0.7270665328125 0.6413306453125001 0.7179939515625 0.6322580640625 0.70791330625 0.6322580640625 0.70791330625 0.6342741937499999