1 0.5139642296875 0.36595911875 0.5296875 0.36595911875 0.531652909375 0.3639937109375 0.541479953125 0.3639937109375 0.55327240625 0.358097484375 0.5601513359375 0.351218553125 0.568012971875 0.33746069218749997 0.568012971875 0.311910378125 0.5601513359375 0.29618710625 0.5493415875000001 0.2853773578125 0.531652909375 0.2775157234375 0.50610259375 0.2775157234375 0.5021717765625 0.281446540625 0.4943101421875 0.28341194999999997 0.47760416718750004 0.300117925 0.4756387578125 0.3040487421875 0.47465605312500003 0.32665094375 0.479569575 0.341391509375 0.4943101421875 0.358097484375 0.5139642296875 0.36595911875
1 0.664318003125 0.4141116359375 0.6662834125 0.4023191828125 0.6682488203125 0.40035377343749995 0.6682488203125 0.39249213906249997 0.66235259375 0.37676886718749997 0.647612028125 0.3639937109375 0.6417158015625 0.3620283015625 0.6220617140625 0.3620283015625 0.6053557390625001 0.37283805000000003 0.5994595125 0.3885613203125 0.6004422171875 0.40330188749999996 0.6053557390625001 0.41607704375 0.6161654875 0.424921384375 0.624027121875 0.42885220156250003 0.6436812109375001 0.42885220156250003 0.6554736640625001 0.422955975 0.664318003125 0.4141116359375
0 0.59258058125 0.57232704375 0.6122346703125 0.564465409375 0.621079009375 0.5556210687500001 0.6289406453125 0.5418632078125001 0.630906053125 0.5182783015625 0.621079009375 0.4986242140625 0.6102692609375 0.48977987343749996 0.5965114 0.48388364843750004 0.5768573109374999 0.48388364843750004 0.5748919031249999 0.48584905625 0.5689956765625 0.48584905625 0.5591686328125001 0.49174528281249996 0.548358884375 0.504520440625 0.544428065625 0.51631289375 0.5454107703125 0.5428459125 0.5522897015625 0.5556210687500001 0.56309945 0.5664308171875 0.5768573109374999 0.57232704375 0.59258058125 0.57232704375
1 0.56997838125 0.6283411953125 0.5827535375 0.6430817609374999 0.5965114 0.6489779875 0.618130896875 0.6489779875 0.6299233484375 0.6430817609374999 0.644663915625 0.6263757859375 0.6485947328125 0.6165487421875 0.6485947328125 0.5949292453125 0.644663915625 0.58903301875 0.644663915625 0.5851022015625 0.635819575 0.574292453125 0.6220617140625 0.5664308171875 0.6161654875 0.5664308171875 0.614200078125 0.564465409375 0.6122346703125 0.5664308171875 0.60633844375 0.5664308171875 0.594545990625 0.57232704375 0.5827535375 0.574292453125 0.5719437890625 0.5851022015625 0.5660475625 0.5988600625 0.5670302671874999 0.6194968546874999 0.56997838125 0.6283411953125
1 0.488413915625 0.035770440625 0.481534984375 0.042649370312500004 0.48251768906250003 0.055424528125000004 0.4943101421875 0.06328616406250001 0.5100334125 0.06328616406250001 0.5139642296875 0.065251571875 0.5267393874999999 0.0544418234375 0.5287047953124999 0.042649370312500004 0.5267393874999999 0.038718553125 0.51986045625 0.03380503125 0.5139642296875 0.031839621875 0.49627555 0.031839621875 0.488413915625 0.035770440625
0 0.512981525 0.0681996859375 0.511016115625 0.072130503125 0.5119988203125 0.08097484218749999 0.512981525 0.08392295625 0.5218258640625 0.0908018875 0.5434453609375 0.0927672953125 0.5493415875000001 0.0908018875 0.558185928125 0.081957546875 0.558185928125 0.07016509374999999 0.5493415875000001 0.0613207546875 0.5434453609375 0.059355345312499995 0.5257566828125 0.059355345312499995 0.512981525 0.0681996859375
1 0.551306996875 0.06328616406250001 0.5522897015625 0.052476415624999995 0.541479953125 0.043632075 0.5336183171875 0.043632075 0.531652909375 0.0416666671875 0.5287047953124999 0.0446147796875 0.5287047953124999 0.050511006250000004 0.5267393874999999 0.052476415624999995 0.527722090625 0.059355345312499995 0.541479953125 0.059355345312499995 0.551306996875 0.06328616406250001
2 0.570961084375 0.07900943437499999 0.5689956765625 0.08097484218749999 0.56309945 0.08097484218749999 0.55622051875 0.0878537734375 0.5572032234375001 0.09866352187500001 0.558185928125 0.1016116359375 0.5670302671874999 0.108490565625 0.5827535375 0.110455975 0.5886497640624999 0.108490565625 0.5955286953125001 0.1016116359375 0.5955286953125001 0.091784590625 0.5906151734375 0.0849056609375 0.5768573109374999 0.07900943437499999 0.570961084375 0.07900943437499999
1 0.6161654875 0.112421384375 0.6024076265625 0.112421384375 0.5984768078125 0.1143867921875 0.5935632859375 0.1212657234375 0.594545990625 0.13011006249999998 0.6004422171875 0.13797169843749998 0.6083038515625 0.141902515625 0.618130896875 0.141902515625 0.624027121875 0.13993710625 0.6289406453125 0.135023584375 0.630906053125 0.12716195 0.6269752359375 0.1193003140625 0.6200963046875 0.1143867921875 0.6161654875 0.112421384375
0 0.6161654875 0.141902515625 0.611251965625 0.1468160375 0.6102692609375 0.155660378125 0.611251965625 0.1605739 0.6161654875 0.165487421875 0.6299233484375 0.1713836484375 0.63975039375 0.1694182390625 0.6466293234375 0.16253930781249998 0.6485947328125 0.15664308124999998 0.6466293234375 0.1507468546875 0.637784984375 0.141902515625 0.62599253125 0.13797169843749998 0.6161654875 0.141902515625
1 0.6800412734375 0.19005503125 0.6711969343749999 0.17924528281250002 0.6554736640625001 0.1772798734375 0.6515428453125 0.17924528281250002 0.6466293234375 0.1861242140625 0.647612028125 0.194968553125 0.6535082546875 0.2028301890625 0.669231525 0.20676100625 0.6800412734375 0.1979166671875 0.6800412734375 0.19005503125
0 0.6918337265625001 0.2824292453125 0.6898683171875 0.2863600625 0.690851021875 0.2971698109375 0.6918337265625001 0.300117925 0.700678065625 0.30699685468750004 0.714435928125 0.30699685468750004 0.7213148578124999 0.300117925 0.7232802671874999 0.2942216984375 0.71934945 0.28439465468749997 0.71247051875 0.2775157234375 0.702643475 0.2755503140625 0.6967472484375 0.2775157234375 0.6918337265625001 0.2824292453125
1 0.7183667453125 0.3757861640625 0.724262971875 0.377751571875 0.73212460625 0.3757861640625 0.7390035375 0.36694182343750004 0.7390035375 0.3551493703125 0.7301591984375 0.344339621875 0.7183667453125 0.3423742140625 0.707556996875 0.351218553125 0.7085397015625 0.36595911875 0.70952240625 0.3689072328125 0.7183667453125 0.3757861640625
1 0.743917059375 0.47209119531250004 0.7517786953125001 0.47209119531250004 0.760623034375 0.46521226406249994 0.76258844375 0.45145440312499996 0.7557095125 0.4406446546875 0.743917059375 0.43671383593749996 0.7380208328125 0.4386792453125 0.72917649375 0.44948899375 0.7301591984375 0.4583333328125 0.736055425 0.468160378125 0.743917059375 0.47209119531250004
0 0.743917059375 0.47209119531250004 0.7517786953125001 0.47209119531250004 0.760623034375 0.46521226406249994 0.76258844375 0.45341981093749995 0.7557095125 0.4406446546875 0.743917059375 0.43671383593749996 0.7380208328125 0.4386792453125 0.72917649375 0.44948899375 0.7301591984375 0.4583333328125 0.736055425 0.468160378125 0.743917059375 0.47209119531250004
0 0.7537441031250001 0.5546383640625 0.7635711484375001 0.5546383640625 0.7724154875 0.545794025 0.774380896875 0.5398977984375 0.770450078125 0.5261399375 0.7635711484375001 0.5212264156249999 0.7537441031250001 0.5212264156249999 0.7429343546875 0.5320361640625 0.743917059375 0.5448113203125 0.7448997640624999 0.547759434375 0.7537441031250001 0.5546383640625
1 0.7183667453125 0.564465409375 0.702643475 0.564465409375 0.6898683171875 0.5752751578125 0.6859375 0.5831367921874999 0.6869202046875 0.5978773578125 0.6898683171875 0.6047562890625 0.6987126578125 0.6136006296875001 0.704608884375 0.6155660375 0.7203321546875 0.6136006296875001 0.7331073109374999 0.5988600625 0.7350727203125 0.5929638359375 0.7331073109374999 0.577240565625 0.72622838125 0.5683962265625 0.7183667453125 0.564465409375
2 0.72917649375 0.6067216984375 0.7232802671874999 0.612617925 0.724262971875 0.6136006296875001 0.7301591984375 0.6194968546874999 0.74588246875 0.6194968546874999 0.7547268078125 0.610652515625 0.7566922171875 0.6067216984375 0.7566922171875 0.590998428125 0.747847878125 0.5801886796875 0.736055425 0.5782232703125 0.7331073109374999 0.5811713843749999 0.7350727203125 0.5929638359375 0.72917649375 0.6067216984375
2 0.7301591984375 0.57232704375 0.736055425 0.5801886796875 0.74588246875 0.5801886796875 0.7557095125 0.5900157234375001 0.7645538515625 0.577240565625 0.760623034375 0.5634827046875001 0.7537441031250001 0.5566037734375 0.747847878125 0.5566037734375 0.74588246875 0.5546383640625 0.736055425 0.5585691828125 0.72917649375 0.5654481125 0.7301591984375 0.57232704375
2 0.71247051875 0.6489779875 0.6996953609375 0.663718553125 0.700678065625 0.680424528125 0.7016607703125 0.6833726421875 0.71247051875 0.69221698125 0.72622838125 0.69221698125 0.7301591984375 0.690251571875 0.7390035375 0.6814072328125 0.7429343546875 0.673545596875 0.740968946875 0.6578223265625 0.7281937890625 0.647012578125 0.7164013359375 0.647012578125 0.71247051875 0.6489779875
2 0.6918337265625001 0.856328615625 0.6918337265625001 0.8445361640625 0.687902909375 0.8366745281249999 0.67905856875 0.83176100625 0.6633352984374999 0.83176100625 0.6574390718750001 0.833726415625 0.6466293234375 0.8425707546875 0.64269850625 0.8523977984375 0.6436812109375001 0.8612421390625 0.644663915625 0.8661556609375 0.6515428453125 0.8730345906249999 0.6574390718750001 0.875 0.6711969343749999 0.875 0.67905856875 0.8710691828125 0.6898683171875 0.8602594343750001 0.6918337265625001 0.856328615625
2 0.6711969343749999 0.9143081765625001 0.6869202046875 0.9123427671875 0.6996953609375 0.90153301875 0.6996953609375 0.8897405656249999 0.690851021875 0.8808962265625 0.67905856875 0.8808962265625 0.664318003125 0.8897405656249999 0.6603871859375 0.8956367921874999 0.661369890625 0.906446540625 0.6653007078125001 0.9123427671875 0.6711969343749999 0.9143081765625001
2 0.702643475 0.8278301890625 0.6987126578125 0.8258647796874999 0.681023978125 0.8258647796874999 0.67611045625 0.82881289375 0.6770931609375 0.83176100625 0.6829893874999999 0.833726415625 0.6898683171875 0.8406053453125001 0.6918337265625001 0.8445361640625 0.69281643125 0.8592767296874999 0.6987126578125 0.8592767296874999 0.7055915875000001 0.8523977984375 0.70952240625 0.8386399375 0.707556996875 0.8327437109375 0.702643475 0.8278301890625
2 0.6217996593749999 1 0.6250098265624999 0.9958726421874999 0.6250098265624999 0.989976415625 0.614200078125 0.981132075 0.5965114 0.981132075 0.5906151734375 0.98506289375 0.5866843546875 0.98506289375 0.579805425 0.9919418234374999 0.577840015625 0.9958726421874999 0.5782986109375 1 0.6217996593749999 1
2 0.74588246875 0.670597484375 0.7498132859375 0.6745283015625 0.7616057390625001 0.6745283015625 0.7684846703125 0.6696147796874999 0.774380896875 0.6597877359375001 0.774380896875 0.6519261000000001 0.767501965625 0.6430817609374999 0.7635711484375001 0.6430817609374999 0.760623034375 0.6519261000000001 0.7517786953125001 0.660770440625 0.7448997640624999 0.663718553125 0.74588246875 0.670597484375
2 0.7517786953125001 0.627358490625 0.74883058125 0.6283411953125 0.7498132859375 0.6332547171875 0.7527614 0.6362028296875 0.7537441031250001 0.6411163515625 0.7547268078125 0.6381682390625001 0.7586576265625 0.6362028296875 0.7566922171875 0.630306603125 0.7517786953125001 0.627358490625
2 0.750795990625 0.6578223265625 0.7448997640624999 0.663718553125 0.74588246875 0.670597484375 0.7498132859375 0.6745283015625 0.7596403296875 0.6745283015625 0.7635711484375001 0.67256289375 0.7724154875 0.6617531453125001 0.7724154875 0.6519261000000001 0.7596403296875 0.637185534375 0.7566922171875 0.6401336484375 0.7586576265625 0.6499606921875001 0.7537441031250001 0.650943396875 0.750795990625 0.6578223265625
1 0.7281937890625 0.62539308125 0.7134532234375001 0.6381682390625001 0.714435928125 0.647012578125 0.7281937890625 0.647012578125 0.74588246875 0.6627358484375 0.7527614 0.6519261000000001 0.7527614 0.6381682390625001 0.7419516515625 0.62539308125 0.7281937890625 0.62539308125
1 0.7616057390625001 0.6096698109375 0.770450078125 0.5968946546875 0.770450078125 0.58903301875 0.76553655625 0.5801886796875 0.7635711484375001 0.5801886796875 0.7566922171875 0.58903301875 0.757674921875 0.6096698109375 0.7616057390625001 0.6096698109375
0 0.7557095125 0.6155660375 0.7537441031250001 0.6136006296875001 0.74883058125 0.6165487421875 0.7468651734375 0.620479559375 0.747847878125 0.6234276734375 0.7517786953125001 0.62539308125 0.7635711484375001 0.63915094375 0.767501965625 0.63915094375 0.774380896875 0.634237421875 0.7783117140625 0.6263757859375 0.7783117140625 0.6165487421875 0.7733981921875 0.6096698109375 0.7616057390625001 0.6155660375 0.7557095125 0.6155660375
0 0.747847878125 0.69221698125 0.7537441031250001 0.6981132078125001 0.7694673734374999 0.6961477984375 0.7763463046875 0.687303459375 0.7763463046875 0.6774764156249999 0.774380896875 0.673545596875 0.7714327828124999 0.670597484375 0.76553655625 0.670597484375 0.7596403296875 0.6745283015625 0.7517786953125001 0.6745283015625 0.7468651734375 0.6794418234374999 0.747847878125 0.69221698125
0 0.7399862421875001 0.723663521875 0.740968946875 0.7266116359375 0.747847878125 0.7315251578125 0.757674921875 0.7315251578125 0.7665192609375 0.7246462265625 0.7684846703125 0.7148191828125 0.7635711484375001 0.7059748421875 0.757674921875 0.702044025 0.7498132859375 0.702044025 0.743917059375 0.7059748421875 0.7390035375 0.7128537734375 0.7399862421875001 0.723663521875
0 0.7596403296875 0.6961477984375 0.7557095125 0.6981132078125001 0.7557095125 0.7000786156250001 0.7645538515625 0.7030267296875 0.7694673734374999 0.7197327046875001 0.774380896875 0.7148191828125 0.774380896875 0.7010613203125 0.7694673734374999 0.6961477984375 0.7596403296875 0.6961477984375
1 0.757674921875 0.7531446546875 0.7684846703125 0.7443003140625 0.770450078125 0.740369496875 0.770450078125 0.730542453125 0.76553655625 0.7256289312499999 0.757674921875 0.7315251578125 0.743917059375 0.7315251578125 0.740968946875 0.740369496875 0.7419516515625 0.743317609375 0.747847878125 0.7511792453125 0.757674921875 0.7531446546875
1 0.770450078125 0.7541273578125 0.76553655625 0.7492138359375 0.757674921875 0.7531446546875 0.74588246875 0.7531446546875 0.7429343546875 0.7580581765625001 0.743917059375 0.76493710625 0.7537441031250001 0.76493710625 0.7616057390625001 0.7708333328125 0.7684846703125 0.7659198109375 0.770450078125 0.7541273578125
2 0.760623034375 0.7698506296875001 0.7557095125 0.76493710625 0.7498132859375 0.7629716984375 0.743917059375 0.76493710625 0.7370381296875 0.7718160375 0.7380208328125 0.7727987421875 0.7448997640624999 0.7777122640624999 0.747847878125 0.7924528296875 0.760623034375 0.78164308125 0.760623034375 0.7698506296875001
1 0.69576454375 0.7914701265625 0.6937991359375 0.79540094375 0.6947818390625 0.8062106921875 0.700678065625 0.8140723265625001 0.714435928125 0.8180031453125001 0.7222975625 0.8140723265625001 0.7311419031249999 0.8052279875 0.7331073109374999 0.8012971703125 0.7331073109374999 0.7895047171875 0.7311419031249999 0.7855738999999999 0.724262971875 0.780660378125 0.7085397015625 0.780660378125 0.69576454375 0.7914701265625
1 0.7203321546875 0.77869496875 0.7281937890625 0.7826257859375 0.7331073109374999 0.7895047171875 0.734090015625 0.8042452828125001 0.7448997640624999 0.79540094375 0.7468651734375 0.7914701265625 0.7468651734375 0.7796776734375 0.7399862421875001 0.7727987421875 0.72622838125 0.7727987421875 0.7222975625 0.7747641515625 0.71934945 0.7777122640624999 0.7203321546875 0.77869496875
1 0.74883058125 0.8130896218749999 0.7468651734375 0.8012971703125 0.7399862421875001 0.8003144656250001 0.73212460625 0.8042452828125001 0.717384040625 0.8170204406250001 0.7183667453125 0.8219339625 0.72622838125 0.8278301890625 0.734090015625 0.8278301890625 0.7419516515625 0.8238993703125 0.74883058125 0.8130896218749999