1 0.7202380953125 0.3799603171875 0.716269840625 0.36805555624999997 0.70634920625 0.3501984125 0.6894841265625 0.3353174609375 0.6696428578125 0.325396825 0.6517857140625 0.3234126984375 0.6498015875 0.32142857187499996 0.6359126984375 0.32142857187499996 0.6339285718750001 0.3234126984375 0.622023809375 0.325396825 0.6021825390625 0.3373015875 0.5873015875 0.3541666671875 0.577380953125 0.3799603171875 0.577380953125 0.3998015875 0.5873015875 0.42757936562500004 0.6041666671875 0.4484126984375 0.627976190625 0.4623015875 0.6339285718750001 0.4623015875 0.6359126984375 0.46428571406249997 0.6696428578125 0.46428571406249997 0.69345238125 0.45238095312500004 0.7123015875 0.43154761875 0.7123015875 0.42757936562500004 0.71825396875 0.41964285781250005 0.721230159375 0.40277777812500004 0.722222221875 0.3918650796875 0.7202380953125 0.389880953125 0.7202380953125 0.3799603171875
1 0.771825396875 0.247023809375 0.7619047625 0.2331349203125 0.7490079359374999 0.2202380953125 0.7331349203124999 0.21031746093749998 0.7232142859375 0.20833333281250002 0.7172619046875 0.2043650796875 0.6855158734375 0.2043650796875 0.6835317453124999 0.20634920625 0.677579365625 0.20634920625 0.659722221875 0.21626984062500001 0.646825396875 0.22916666718749998 0.640873015625 0.2390873015625 0.6388888890625 0.252976190625 0.6369047625 0.2549603171875 0.6369047625 0.2708333328125 0.6388888890625 0.2728174609375 0.640873015625 0.28472222187499996 0.658730159375 0.3125 0.6736111109375 0.325396825 0.6875 0.3333333328125 0.6914682546875001 0.3333333328125 0.697420634375 0.3373015875 0.721230159375 0.33928571406249997 0.7232142859375 0.3373015875 0.735119046875 0.3373015875 0.7430555562500001 0.3333333328125 0.7490079359374999 0.3333333328125 0.7569444437499999 0.3293650796875 0.7738095234375 0.3125 0.778769840625 0.297619046875 0.7797619046875 0.264880953125 0.7738095234375 0.2549603171875 0.771825396875 0.247023809375
1 0.7827380953125 0.103174603125 0.764880953125 0.0952380953125 0.735119046875 0.0952380953125 0.721230159375 0.10119047656249999 0.7103174609375 0.112103175 0.70634920625 0.1240079359375 0.70634920625 0.1458333328125 0.7123015875 0.15972222187500001 0.7202380953125 0.17162698437499999 0.737103175 0.18849206406250002 0.7430555562500001 0.190476190625 0.7490079359374999 0.196428571875 0.7708333328125 0.20634920625 0.7886904765625 0.20833333281250002 0.790674603125 0.20634920625 0.7916666671875 0.10813492031250001 0.7867063484375 0.103174603125 0.7827380953125 0.103174603125
1 0.4990079359375 0.23611111093749998 0.487103175 0.2301587296875 0.4632936515625 0.2301587296875 0.45535714218749995 0.234126984375 0.4424603171875 0.247023809375 0.4384920640625 0.2549603171875 0.4384920640625 0.2748015875 0.4424603171875 0.2827380953125 0.453373015625 0.29365079375 0.471230159375 0.299603175 0.487103175 0.297619046875 0.5009920640625001 0.2916666671875 0.509920634375 0.28075396874999997 0.512896825 0.2698412703125 0.5138888890625 0.25892857187499996 0.5079365078125 0.24503968281250002 0.4990079359375 0.23611111093749998
1 0.3700396828125 0.3075396828125 0.362103175 0.3075396828125 0.360119046875 0.30555555624999997 0.3581349203125 0.3075396828125 0.3521825390625 0.3075396828125 0.3452380953125 0.3125 0.3452380953125 0.3164682546875 0.33928571406249997 0.3263888890625 0.33928571406249997 0.3363095234375 0.3501984125 0.34325396874999997 0.362103175 0.3452380953125 0.372023809375 0.341269840625 0.3769841265625 0.3363095234375 0.377976190625 0.33134920625 0.3789682546875 0.31845238125 0.375 0.3125 0.3700396828125 0.3075396828125
1 0.3353174609375 0.3164682546875 0.3333333328125 0.3263888890625 0.3382936515625 0.3353174609375 0.341269840625 0.334325396875 0.33928571406249997 0.3323412703125 0.33928571406249997 0.322420634375 0.34821428593750003 0.31150793593750004 0.34821428593750003 0.3075396828125 0.34424603125000003 0.3075396828125 0.3353174609375 0.3164682546875
1 0.3640873015625 0.2738095234375 0.3541666671875 0.27777777812500004 0.3452380953125 0.290674603125 0.3452380953125 0.296626984375 0.3521825390625 0.30555555624999997 0.3640873015625 0.30555555624999997 0.36607142812500004 0.3075396828125 0.37400793593750004 0.30555555624999997 0.38194444375000003 0.2956349203125 0.3829365078125 0.28472222187499996 0.3700396828125 0.2738095234375 0.3640873015625 0.2738095234375
1 0.3105158734375 0.4206349203125 0.3015873015625 0.4295634921875 0.299603175 0.43948412656249997 0.302579365625 0.44444444375 0.3045634921875 0.44444444375 0.3075396828125 0.4375 0.3144841265625 0.43055555625 0.3303571421875 0.43055555625 0.3293650796875 0.42559523749999995 0.322420634375 0.4206349203125 0.3105158734375 0.4206349203125
1 0.322420634375 0.428571428125 0.3144841265625 0.43055555625 0.30357142812500004 0.44345238125 0.30357142812500004 0.453373015625 0.30555555624999997 0.45734127031250005 0.3144841265625 0.46428571406249997 0.3244047625 0.46428571406249997 0.334325396875 0.4583333328125 0.3363095234375 0.4543650796875 0.3373015875 0.43948412656249997 0.3323412703125 0.4325396828125 0.322420634375 0.428571428125
1 0.3263888890625 0.46428571406249997 0.3144841265625 0.46428571406249997 0.30357142812500004 0.47718253906249997 0.30357142812500004 0.491071428125 0.3105158734375 0.49801587343750003 0.3244047625 0.49603174531249994 0.3303571421875 0.49801587343750003 0.3373015875 0.49305555625 0.3382936515625 0.49007936562500004 0.33928571406249997 0.47718253906249997 0.3303571421875 0.466269840625 0.3263888890625 0.46428571406249997
0 0.31845238125 0.49603174531249994 0.3125 0.49801587343750003 0.3015873015625 0.5109126984375 0.30357142812500004 0.5248015875 0.3085317453125 0.53174603125 0.3125 0.533730159375 0.3244047625 0.5357142859375 0.3303571421875 0.533730159375 0.3382936515625 0.5238095234375 0.33928571406249997 0.5089285718750001 0.3303571421875 0.49801587343750003 0.31845238125 0.49603174531249994
0 0.3382936515625 0.5575396828125 0.328373015625 0.5535714281249999 0.3144841265625 0.5575396828125 0.30555555624999997 0.5704365078125 0.30555555624999997 0.5803571421875 0.309523809375 0.5882936515625 0.3204365078125 0.597222221875 0.334325396875 0.597222221875 0.3382936515625 0.5952380953125 0.34722222187499996 0.5863095234375 0.34821428593750003 0.58134920625 0.3492063484375 0.5744047625 0.34325396874999997 0.5625 0.3382936515625 0.5575396828125
0 0.3382936515625 0.3373015875 0.327380953125 0.34424603125000003 0.3234126984375 0.3521825390625 0.3234126984375 0.360119046875 0.3263888890625 0.3630952375 0.3363095234375 0.3551587296875 0.346230159375 0.3511904765625 0.34821428593750003 0.353174603125 0.3581349203125 0.353174603125 0.3571428578125 0.34821428593750003 0.3521825390625 0.34325396874999997 0.3382936515625 0.3373015875
0 0.34027777812500004 0.353174603125 0.327380953125 0.3640873015625 0.327380953125 0.37400793593750004 0.3293650796875 0.377976190625 0.3422619046875 0.384920634375 0.3521825390625 0.3829365078125 0.362103175 0.3710317453125 0.3630952375 0.3581349203125 0.35615079375 0.353174603125 0.34027777812500004 0.353174603125
0 0.3799603171875 0.7757936515625 0.362103175 0.7738095234375 0.35615079375 0.7757936515625 0.34722222187499996 0.7827380953125 0.34325396874999997 0.790674603125 0.34325396874999997 0.802579365625 0.34722222187499996 0.8125 0.35615079375 0.8214285718750001 0.3640873015625 0.825396825 0.38392857187499996 0.825396825 0.3988095234375 0.8125 0.3998015875 0.809523809375 0.4007936515625 0.7986111109375 0.396825396875 0.7886904765625 0.3799603171875 0.7757936515625
0 0.38194444375000003 0.825396825 0.3640873015625 0.825396825 0.3581349203125 0.8234126984374999 0.346230159375 0.809523809375 0.3373015875 0.8164682546875 0.33928571406249997 0.834325396875 0.3501984125 0.8452380953124999 0.3581349203125 0.8492063484375001 0.37599206406249996 0.847222221875 0.384920634375 0.840277778125 0.387896825 0.8353174609374999 0.3888888890625 0.8263888890625 0.3859126984375 0.8234126984374999 0.38194444375000003 0.825396825
0 0.4632936515625 0.884920634375 0.4513888890625 0.88095238125 0.43353174531249994 0.88095238125 0.42757936562500004 0.8829365078125001 0.41964285781250005 0.8869047625 0.408730159375 0.8998015875 0.408730159375 0.9136904765624999 0.41468253906249997 0.9255952375 0.42757936562500004 0.9365079359375 0.43948412656249997 0.940476190625 0.45734127031250005 0.940476190625 0.471230159375 0.934523809375 0.478174603125 0.927579365625 0.4831349203125 0.9146825390625001 0.484126984375 0.90575396875 0.48015872968749995 0.8958333328125001 0.4632936515625 0.884920634375
0 0.4136904765625 0.9365079359375 0.3998015875 0.9365079359375 0.3918650796875 0.940476190625 0.384920634375 0.947420634375 0.3829365078125 0.953373015625 0.3829365078125 0.9573412703124999 0.387896825 0.966269840625 0.3998015875 0.9742063484375001 0.4117063484375 0.978174603125 0.41964285781250005 0.978174603125 0.43154761875 0.9742063484375001 0.43948412656249997 0.9603174609374999 0.4384920640625 0.9513888890625 0.43353174531249994 0.9444444437499999 0.4136904765625 0.9365079359375
1 0.360119046875 0.7519841265625 0.3501984125 0.7480158734375 0.334325396875 0.75 0.325396825 0.7589285718750001 0.325396825 0.7767857140625 0.3382936515625 0.7916666671875 0.3422619046875 0.7916666671875 0.34722222187499996 0.7827380953125 0.35615079375 0.7757936515625 0.37400793593750004 0.7738095234375 0.375 0.7668650796875001 0.3730158734375 0.762896825 0.360119046875 0.7519841265625
1 0.584325396875 1 0.5892857140625 0.9950396828124999 0.5922619046875 0.9880952375 0.59325396875 0.9732142859374999 0.5892857140625 0.965277778125 0.5803571421875 0.95634920625 0.5625 0.9484126984374999 0.5545634921875 0.9484126984374999 0.552579365625 0.9464285718750001 0.528769840625 0.9484126984374999 0.5228174609375 0.952380953125 0.512896825 0.9543650796875 0.49603174531249994 0.96924603125 0.4920634921875 0.98115079375 0.49603174531249994 0.997023809375 0.4990079359375 1 0.584325396875 1
2 0.43869047656250004 1 0.44345238125 0.9960317453125 0.44444444375 0.985119046875 0.4424603171875 0.98115079375 0.43154761875 0.9742063484375001 0.421626984375 0.978174603125 0.4117063484375 0.978174603125 0.3998015875 0.9742063484375001 0.3948412703125 0.9771825390625001 0.3928571421875 0.98115079375 0.3928571421875 0.9910714281249999 0.396825396875 0.997023809375 0.40065192656250004 1 0.43869047656250004 1