0 0.5881147546875 0.7592981562500001 0.5922131140625 0.77364241875 0.6075819671875 0.784912909375 0.61782786875 0.784912909375 0.6219262296875 0.7828637296875 0.633196721875 0.7695440578125 0.633196721875 0.7613473359375 0.6290983609375 0.7531506140625 0.618852459375 0.74495389375 0.60348360625 0.743929303125 0.5942622953125001 0.751101434375 0.5881147546875 0.7592981562500001
0 0.5799180328125 0.7797899593750001 0.5819672125 0.7838883203125 0.5932377046874999 0.79310963125 0.6055327875 0.79310963125 0.609631146875 0.7910604515624999 0.6147540984375001 0.7859375 0.6116803281250001 0.7828637296875 0.60348360625 0.7828637296875 0.5922131140625 0.77364241875 0.590163934375 0.7613473359375 0.5870901640625 0.7603227453125 0.5799180328125 0.7674948765625 0.5799180328125 0.7797899593750001
0 0.6219262296875 0.7828637296875 0.6157786890625 0.784912909375 0.6106557375 0.7900358609375 0.6137295078125 0.7951588109375 0.6280737703125 0.7951588109375 0.63729508125 0.7879866796874999 0.6413934421875 0.777740778125 0.63729508125 0.765445696875 0.6342213109375 0.76442110625 0.631147540625 0.77364241875 0.6219262296875 0.7828637296875
0 0.585040984375 0.801306353125 0.597336065625 0.801306353125 0.6065573765625001 0.794134221875 0.58913934375 0.7910604515624999 0.58401639375 0.7859375 0.577868853125 0.7859375 0.5758196718749999 0.794134221875 0.585040984375 0.801306353125
0 0.54098360625 0.7838883203125 0.5481557375 0.7951588109375 0.556352459375 0.799257171875 0.5645491796875 0.799257171875 0.5758196718749999 0.792085040625 0.5799180328125 0.777740778125 0.577868853125 0.7715932375000001 0.56967213125 0.763396515625 0.556352459375 0.7623719265625 0.5430327875 0.77364241875 0.54098360625 0.7838883203125
0 0.5020491796875 0.7859375 0.50717213125 0.79310963125 0.5133196718749999 0.7972079921875 0.5256147546875 0.799257171875 0.5389344265625 0.7900358609375 0.54098360625 0.7859375 0.54098360625 0.7756915984375 0.5317622953125001 0.76442110625 0.520491803125 0.7613473359375 0.5133196718749999 0.7623719265625 0.5040983609375 0.7715932375000001 0.5020491796875 0.7859375
0 0.5 0.7961834015625 0.5112704921875 0.8054047125 0.5256147546875 0.8033555328125 0.5307377046874999 0.79823258125 0.515368853125 0.7972079921875 0.5112704921875 0.7951588109375 0.5020491796875 0.7838883203125 0.5 0.7838883203125 0.49795082031250004 0.7879866796874999 0.5 0.7961834015625
0 0.5379098359375 0.801306353125 0.5461065578125 0.8054047125 0.556352459375 0.8054047125 0.5635245906249999 0.8002817625 0.5481557375 0.7951588109375 0.5430327875 0.7879866796874999 0.542008196875 0.786962090625 0.534836065625 0.794134221875 0.5379098359375 0.801306353125
0 0.652663934375 0.7972079921875 0.6444672125 0.7972079921875 0.6434426234374999 0.8043801234375 0.6485655734375 0.8095030734374999 0.664959015625 0.8095030734374999 0.672131146875 0.79823258125 0.672131146875 0.794134221875 0.664959015625 0.79310963125 0.652663934375 0.7972079921875
0 0.7110655734375 0.794134221875 0.7182377046874999 0.801306353125 0.7264344265625 0.801306353125 0.73770491875 0.792085040625 0.7397540984375001 0.7879866796874999 0.73770491875 0.777740778125 0.7305327875 0.7767161890625001 0.7120901640625 0.7828637296875 0.7110655734375 0.794134221875
0 0.75 0.7838883203125 0.7551229515625 0.7890112703125001 0.7612704921875 0.7910604515624999 0.77151639375 0.786962090625 0.778688525 0.777740778125 0.778688525 0.7674948765625 0.77663934375 0.765445696875 0.7694672125 0.76442110625 0.7510245906249999 0.7705686468749999 0.75 0.7838883203125
2 0.9518442625000001 0.6804047125 0.9446721312499999 0.6855276640625 0.9446721312499999 0.689626025 0.9477459015624999 0.6926997953125 0.9579918031249999 0.6926997953125 0.9620901640625 0.6906506140625 0.971311475 0.681429303125 0.97336065625 0.6711834015625 0.9682377046875 0.6701588109375 0.9579918031249999 0.6783555328124999 0.9518442625000001 0.6804047125
2 0.9303278687500001 0.7039702875 0.9303278687500001 0.7121670078125 0.9262295078125 0.71626536875 0.929303278125 0.7213883203125 0.9415983609374999 0.7172899593750001 0.9487704921875 0.7080686468749999 0.9508196718749999 0.6957735656249999 0.9446721312499999 0.689626025 0.9415983609374999 0.688601434375 0.936475409375 0.6937243859375 0.9303278687500001 0.7039702875
2 0.9231557374999999 0.6967981562500001 0.9118852453124999 0.7060194671875 0.9149590156249999 0.7090932375000001 0.9252049187500001 0.7090932375000001 0.9344262296875 0.6998719265625 0.936475409375 0.6937243859375 0.9334016390625001 0.6926997953125 0.9272540984375001 0.6967981562500001 0.9231557374999999 0.6967981562500001
2 0.883196721875 0.7203637296875 0.883196721875 0.722412909375 0.8903688531249999 0.7275358609375 0.902663934375 0.7254866796874999 0.909836065625 0.7203637296875 0.9139344265625 0.7121670078125 0.9118852453124999 0.7080686468749999 0.9047131140625 0.7070440578125 0.8924180328125001 0.7131915984375 0.883196721875 0.7203637296875
2 0.8842213109375001 0.7254866796874999 0.883196721875 0.7326588109375 0.8903688531249999 0.7398309421875 0.9006147546875001 0.7398309421875 0.9077868859375 0.7347079921875 0.9118852453124999 0.7285604515624999 0.909836065625 0.722412909375 0.9067622953125 0.7213883203125 0.89651639375 0.7275358609375 0.8842213109375001 0.7254866796874999
2 0.8596311468750001 0.731634221875 0.8504098359375 0.7429047125 0.8504098359375 0.7470030734375 0.8596311468750001 0.7541752046875 0.8719262296875 0.7500768437499999 0.881147540625 0.736757171875 0.881147540625 0.7285604515624999 0.876024590625 0.7275358609375 0.8698770484375 0.731634221875 0.8596311468750001 0.731634221875
2 0.8637295078125 0.7336834015625 0.876024590625 0.729585040625 0.881147540625 0.722412909375 0.876024590625 0.7213883203125 0.8586065578125 0.73060963125 0.8637295078125 0.7336834015625
2 0.8432377046875 0.73573258125 0.8309426234374999 0.7418801234375 0.8299180328125001 0.74495389375 0.8329918031249999 0.7480276640625 0.8432377046875 0.7480276640625 0.8565573765625001 0.736757171875 0.8586065578125 0.7326588109375 0.85348360625 0.731634221875 0.847336065625 0.73573258125 0.8432377046875 0.73573258125
2 0.9231557374999999 0.7193391390625 0.9282786890624999 0.7142161890625001 0.9282786890624999 0.7080686468749999 0.9149590156249999 0.7090932375000001 0.9139344265625 0.71626536875 0.9231557374999999 0.7193391390625
1 1 0.66469433125 0.998975409375 0.6660604515624999 0.9948770484375 0.66810963125 0.9846311468750001 0.6660604515624999 0.9815573765625001 0.669134221875 0.9836065578125 0.6793801234375 0.9866803281250001 0.68245389375 0.9969262296875 0.68245389375 1 0.6809170078125 1 0.66469433125
1 1 0.6489839468749999 0.9866803281250001 0.6578637296875 0.9815573765625001 0.6629866796874999 0.9815573765625001 0.667085040625 0.9928278687500001 0.6701588109375 1 0.665377390625 1 0.6489839468749999