0 0.7075396828125 0.396230159375 0.7075396828125 0.3803571421875 0.7015873015625 0.3704365078125 0.6946428578125 0.36547619062500003 0.690674603125 0.3634920640625 0.678769840625 0.3634920640625 0.665873015625 0.372420634375 0.6619047625000001 0.3823412703125 0.662896825 0.39126984062500003 0.6638888890625 0.396230159375 0.6708333328125 0.4051587296875 0.684722221875 0.41111111093749997 0.690674603125 0.41111111093749997 0.696626984375 0.409126984375 0.70555555625 0.4001984125 0.7075396828125 0.396230159375
0 0.7293650796875 0.537103175 0.721428571875 0.5490079359375 0.7224206343749999 0.5519841265625 0.728373015625 0.5619047625 0.734325396875 0.565873015625 0.7422619046875 0.565873015625 0.753174603125 0.558928571875 0.7571428578125 0.5509920640625 0.7571428578125 0.5450396828125 0.7501984125 0.5321428578125 0.7382936515625 0.528174603125 0.7293650796875 0.5331349203125 0.7293650796875 0.537103175
0 0.7075396828125 0.45575396875 0.703571428125 0.4636904765625 0.7045634921875 0.4765873015625 0.7105158734375 0.484523809375 0.71845238125 0.4884920640625 0.728373015625 0.4884920640625 0.741269840625 0.4795634921875 0.741269840625 0.4636904765625 0.7373015875 0.45575396875 0.7303571421874999 0.45079365156250006 0.7263888890625 0.44880952343749997 0.7144841265624999 0.44880952343749997 0.7075396828125 0.45575396875
0 0.7105158734375 0.41507936562500003 0.7125 0.4130952375 0.7244047625000001 0.4130952375 0.7382936515625 0.425 0.741269840625 0.422023809375 0.74325396875 0.41210317500000004 0.741269840625 0.40615079375 0.7323412703125001 0.397222221875 0.7224206343749999 0.3952380953125 0.7115079359375 0.40416666718750005 0.709523809375 0.4081349203125 0.7105158734375 0.41507936562500003
0 0.6986111109375 0.54404761875 0.709523809375 0.53115079375 0.709523809375 0.5251984125 0.7115079359375 0.5232142859375 0.7075396828125 0.5053571421874999 0.696626984375 0.496428571875 0.6867063484375 0.4924603171875 0.6767857140625 0.4924603171875 0.6648809531250001 0.4984126984375 0.65595238125 0.5113095234375 0.6569444437499999 0.5182539687500001 0.6678571421874999 0.5271825390625 0.6738095234375 0.537103175 0.6738095234375 0.54305555625 0.6767857140625 0.5480158734375 0.6886904765625 0.5480158734375 0.6986111109375 0.54404761875
0 0.44563492031249996 0.3625 0.44662698437500004 0.36944444375 0.447619046875 0.3744047625 0.45059523749999997 0.377380953125 0.472420634375 0.377380953125 0.4744047625 0.3793650796875 0.4823412703125 0.3793650796875 0.49424603125 0.38531746093749997 0.516071428125 0.409126984375 0.522023809375 0.409126984375 0.540873015625 0.3922619046875 0.5488095234375 0.3763888890625 0.5488095234375 0.352579365625 0.540873015625 0.334722221875 0.5240079359375 0.3198412703125 0.510119046875 0.3138888890625 0.5081349203125 0.315873015625 0.5041666671875 0.3138888890625 0.4863095234375 0.3138888890625 0.472420634375 0.3198412703125 0.4575396828125 0.3327380953125 0.447619046875 0.3545634921875 0.447619046875 0.36051587343749997 0.44563492031249996 0.3625
0 0.6242063484375 0.20178571406249998 0.622222221875 0.20575396875 0.6232142859375001 0.2146825390625 0.6331349203125 0.2265873015625 0.6390873015625 0.22857142812500003 0.652976190625 0.22857142812500003 0.6569444437499999 0.2265873015625 0.6619047625000001 0.21964285781249998 0.6619047625000001 0.2077380953125 0.652976190625 0.196825396875 0.6390873015625 0.1928571421875 0.6291666671875 0.196825396875 0.6242063484375 0.20178571406249998
0 0.6331349203125 0.153174603125 0.634126984375 0.15615079375000002 0.64305555625 0.1630952375 0.652976190625 0.1630952375 0.6569444437499999 0.1611111109375 0.6599206343749999 0.15615079375000002 0.6579365078125 0.146230159375 0.652976190625 0.141269840625 0.647023809375 0.1392857140625 0.637103175 0.141269840625 0.6321428578125 0.1482142859375 0.6331349203125 0.153174603125
0 0.4704365078125 0 0.4704365078125 0.0023809531250000003 0.47142857187500004 0.0073412703125 0.4763888890625 0.0103174609375 0.49623015937500004 0.0103174609375 0.5041666671875 0.00634920625 0.50688775625 0 0.4704365078125 0
1 0.42281746093750006 0.6511904765625001 0.4297619046875 0.6700396828125 0.4446428578125 0.6888888890625 0.46845238125 0.7007936515625001 0.49424603125 0.7007936515625001 0.5140873015625 0.6928571421874999 0.5329365078125 0.6759920640625 0.540873015625 0.660119046875 0.5448412703125001 0.640277778125 0.5428571421874999 0.6382936515625001 0.540873015625 0.6244047625 0.5349206343749999 0.6125 0.53095238125 0.60654761875 0.516071428125 0.59365079375 0.5021825390625 0.5857142859375 0.4704365078125 0.5837301593750001 0.45456349218750003 0.5896825390625 0.43373015937500004 0.6085317453125 0.4297619046875 0.6144841265625 0.4297619046875 0.61845238125 0.42579365156250004 0.622420634375 0.421825396875 0.634325396875 0.42281746093750006 0.6511904765625001
1 0.647023809375 0.7742063484374999 0.6549603171875 0.7682539687500001 0.6638888890625 0.7573412703125 0.665873015625 0.753373015625 0.665873015625 0.7335317453125 0.6638888890625 0.727579365625 0.6509920640625 0.7146825390625 0.6450396828125 0.7126984125 0.6232142859375001 0.7126984125 0.609325396875 0.7206349203125 0.600396825 0.7295634921875 0.5944444437499999 0.74345238125 0.5954365078125 0.7523809531250001 0.6023809531250001 0.7672619046875 0.609325396875 0.7742063484374999 0.6172619046875 0.778174603125 0.637103175 0.778174603125 0.647023809375 0.7742063484374999
1 0.6251984125 0.6611111109375 0.6450396828125 0.653174603125 0.65595238125 0.6422619046875 0.6599206343749999 0.6323412703125 0.6619047625000001 0.6164682546875 0.65595238125 0.6005952375 0.6490079359375 0.5916666671875 0.637103175 0.5837301593750001 0.61924603125 0.58174603125 0.603373015625 0.5876984125 0.590476190625 0.6005952375 0.5825396828125 0.6204365078125 0.5835317453125 0.6293650796875 0.590476190625 0.64424603125 0.6013888890625 0.6551587296875 0.6113095234375 0.6591269843750001 0.621230159375 0.6591269843750001 0.6251984125 0.6611111109375
1 0.6609126984375 0.5797619046875 0.671825396875 0.5668650796875 0.6757936515625 0.5450396828125 0.6698412703125001 0.53115079375 0.658928571875 0.5202380953125 0.6509920640625 0.5162698406249999 0.6331349203125 0.5162698406249999 0.6172619046875 0.5242063484374999 0.6083333328125 0.535119046875 0.6043650796875 0.54305555625 0.6053571421874999 0.5638888890625 0.6103174609375001 0.5728174609375001 0.61924603125 0.58174603125 0.6331349203125 0.58174603125 0.6390873015625 0.5857142859375 0.6509920640625 0.5857142859375 0.6609126984375 0.5797619046875
1 0.71845238125 0.6412698406249999 0.721428571875 0.6462301593750001 0.728373015625 0.6511904765625001 0.7402777781250001 0.6511904765625001 0.74424603125 0.6492063484374999 0.753174603125 0.6382936515625001 0.753174603125 0.6263888890625 0.747222221875 0.6164682546875 0.7422619046875 0.6134920640625 0.7303571421874999 0.6134920640625 0.7174603171875 0.6263888890625 0.71845238125 0.6412698406249999
1 0.7541666671875 0.63134920625 0.759126984375 0.6303571421874999 0.7630952375 0.61845238125 0.7611111109375 0.6125 0.7521825390625 0.603571428125 0.7422619046875 0.603571428125 0.7382936515625 0.60555555625 0.7353174609375001 0.6085317453125 0.7363095234375 0.6134920640625 0.74424603125 0.615476190625 0.7541666671875 0.63134920625
1 0.73134920625 0.5291666671875 0.7293650796875 0.5271825390625 0.7293650796875 0.51924603125 0.7273809531250001 0.515277778125 0.7144841265624999 0.5043650796875 0.7075396828125 0.5053571421874999 0.709523809375 0.5113095234375 0.709523809375 0.53115079375 0.70555555625 0.537103175 0.69365079375 0.547023809375 0.6946428578125 0.55 0.7045634921875 0.5539682546875 0.7164682546875001 0.5519841265625 0.725396825 0.5450396828125 0.7293650796875 0.537103175 0.7293650796875 0.53115079375 0.73134920625 0.5291666671875
1 0.747222221875 0.5013888890625 0.74325396875 0.49345238125 0.734325396875 0.4884920640625 0.7224206343749999 0.4884920640625 0.7134920640625 0.49742063437499995 0.7115079359375 0.5013888890625 0.7125 0.5043650796875 0.71845238125 0.50634920625 0.7273809531250001 0.515277778125 0.7293650796875 0.5251984125 0.7323412703125001 0.528174603125 0.7363095234375 0.528174603125 0.7422619046875 0.5242063484374999 0.747222221875 0.515277778125 0.747222221875 0.5013888890625
1 0.7015873015625 0.30694444375 0.7045634921875 0.321825396875 0.7134920640625 0.3168650796875 0.715476190625 0.3049603171875 0.7134920640625 0.2990079359375 0.7045634921875 0.290079365625 0.6926587296875 0.290079365625 0.6867063484375 0.2920634921875 0.6867063484375 0.2960317453125 0.6946428578125 0.3 0.7015873015625 0.30694444375
1 0.703571428125 0.32281746093749997 0.703571428125 0.308928571875 0.6886904765625 0.2960317453125 0.6767857140625 0.2960317453125 0.6678571421874999 0.30297619062500003 0.6648809531250001 0.3119047625 0.68075396875 0.3178571421875 0.690674603125 0.333730159375 0.6986111109375 0.33174603125 0.703571428125 0.32281746093749997
0 0.6609126984375 0.3138888890625 0.6549603171875 0.315873015625 0.6460317453125 0.3248015875 0.6440476187499999 0.32876984062500003 0.6450396828125 0.3456349203125 0.6509920640625 0.35357142812500003 0.6609126984375 0.359523809375 0.678769840625 0.359523809375 0.6827380953125 0.35753968281250004 0.6896825390625 0.34861111093749997 0.6896825390625 0.33075396874999996 0.68075396875 0.3178571421875 0.6728174609375001 0.3138888890625 0.6609126984375 0.3138888890625
0 0.5398809531250001 0.0242063484375 0.5349206343749999 0.029166667187500002 0.533928571875 0.034126984375 0.5398809531250001 0.0420634921875 0.55575396875 0.04404761875 0.5646825390625 0.037103175 0.5646825390625 0.029166667187500002 0.55575396875 0.0242063484375 0.5398809531250001 0.0242063484375
0 0.6261904765625 0.102579365625 0.6242063484375 0.0986111109375 0.6152777781250001 0.0916666671875 0.6013888890625 0.0916666671875 0.596428571875 0.0986111109375 0.5974206343749999 0.10555555624999999 0.6073412703125001 0.11349206406250001 0.6172619046875 0.11349206406250001 0.6242063484375 0.10853174531250001 0.6261904765625 0.102579365625
0 0.6363253828125 0.130968375 0.63881388125 0.1274893234375 0.6397892093750001 0.12373289843749999 0.639733396875 0.11807880781249999 0.637103175 0.11349206406250001 0.635119046875 0.11349206406250001 0.6321066625 0.11308940781250001 0.6226589359375 0.1130268296875 0.621230159375 0.11349206406250001 0.6172619046875 0.11349206406250001 0.6123015875 0.11845238124999999 0.6123015875 0.1263888890625 0.6132936515625 0.127380953125 0.61924603125 0.13333333281249998 0.6232142859375001 0.13333333281249998 0.6258566625 0.131478025 0.632996296875 0.131584015625 0.6363253828125 0.130968375
2 0.4275352734375 0 0.421825396875 0.0073412703125 0.42281746093750006 0.012301587499999999 0.42876984062499995 0.020238095312500003 0.434722221875 0.022222221875 0.45456349218750003 0.022222221875 0.4605158734375 0.020238095312500003 0.46944444374999994 0.0132936515625 0.47142857187500004 0.0033730156249999997 0.46940476249999996 0 0.4275352734375 0
2 0.658928571875 0.2424603171875 0.6619047625000001 0.2494047625 0.6668650796875 0.2543650796875 0.6728174609375001 0.25634920625 0.678769840625 0.25634920625 0.6867063484375 0.252380953125 0.6896825390625 0.247420634375 0.6876984125 0.23551587343749997 0.678769840625 0.2265873015625 0.6668650796875 0.2265873015625 0.6579365078125 0.23551587343749997 0.658928571875 0.2424603171875
2 0.6698412703125001 0.26527777812500003 0.6678571421874999 0.26924603125 0.66884920625 0.278174603125 0.6748015875 0.2880952375 0.6827380953125 0.2920634921875 0.690674603125 0.2920634921875 0.699603175 0.28710317500000004 0.7015873015625 0.2831349203125 0.7015873015625 0.271230159375 0.697619046875 0.26527777812500003 0.690674603125 0.26031746093749997 0.678769840625 0.25833333281250004 0.6698412703125001 0.26527777812500003
2 0.684722221875 0.359523809375 0.7005952375 0.36944444375 0.7085317453125 0.3674603171875 0.7174603171875 0.35654761874999996 0.7174603171875 0.3446428578125 0.715476190625 0.340674603125 0.7045634921875 0.33174603125 0.696626984375 0.33174603125 0.6916666671875 0.3367063484375 0.6896825390625 0.34861111093749997 0.683730159375 0.35654761874999996 0.684722221875 0.359523809375
2 0.7244047625000001 0.4130952375 0.7144841265624999 0.4130952375 0.703571428125 0.422023809375 0.7015873015625 0.4259920640625 0.702579365625 0.43690476250000004 0.70555555625 0.44384920625 0.7105158734375 0.44880952343749997 0.7303571421874999 0.44880952343749997 0.7353174609375001 0.4458333328125 0.7392857140625 0.43194444374999996 0.7373015875 0.4299603171875 0.7373015875 0.42400793593749997 0.728373015625 0.41507936562500003 0.7244047625000001 0.4130952375
2 0.741269840625 0.4636904765625 0.741269840625 0.47757936562500003 0.74424603125 0.478571428125 0.7511904765625 0.4676587296875 0.7511904765625 0.46170634843749997 0.7422619046875 0.44880952343749997 0.734325396875 0.446825396875 0.7303571421874999 0.44880952343749997 0.7303571421874999 0.45079365156250006 0.7373015875 0.45575396875 0.741269840625 0.4636904765625
2 0.7422619046875 0.49444444374999996 0.747222221875 0.5013888890625 0.747222221875 0.515277778125 0.74325396875 0.5212301593750001 0.74325396875 0.5232142859375 0.746230159375 0.5242063484374999 0.7501984125 0.522222221875 0.7551587296875 0.515277778125 0.7551587296875 0.5013888890625 0.7482142859375001 0.4924603171875 0.7422619046875 0.49047619062500003 0.7422619046875 0.49444444374999996
2 0.6609126984375 0.478571428125 0.6748015875 0.4765873015625 0.678769840625 0.47460317500000004 0.6916666671875 0.459722221875 0.69365079375 0.453769840625 0.6916666671875 0.437896825 0.6767857140625 0.4210317453125 0.6648809531250001 0.41904761874999996 0.662896825 0.4170634921875 0.6609126984375 0.41904761874999996 0.6549603171875 0.41904761874999996 0.647023809375 0.4230158734375 0.640079365625 0.4299603171875 0.6420634921875 0.4359126984375 0.6420634921875 0.4498015875 0.640079365625 0.4517857140625 0.6390873015625 0.4607142859375 0.6420634921875 0.4676587296875 0.6549603171875 0.4765873015625 0.6609126984375 0.478571428125
2 0.59345238125 0.48055555625 0.6132936515625 0.48055555625 0.6291666671875 0.47261904687499995 0.6361111109375 0.4636904765625 0.6420634921875 0.4478174609375 0.6420634921875 0.4359126984375 0.634126984375 0.42003968281250004 0.6232142859375001 0.409126984375 0.609325396875 0.403174603125 0.5914682546875001 0.403174603125 0.5855158734375 0.40714285781250004 0.5815476187499999 0.40714285781250004 0.5706349203125 0.41805555625 0.5646825390625 0.4299603171875 0.5646825390625 0.4359126984375 0.5626984125 0.437896825 0.5636904765625 0.44285714218749994 0.56865079375 0.4636904765625 0.5795634921875 0.47460317500000004 0.59345238125 0.48055555625
2 0.484325396875 0.5638888890625 0.5021825390625 0.5738095234375 0.5081349203125 0.5738095234375 0.510119046875 0.5757936515625001 0.527976190625 0.5757936515625001 0.5498015875 0.565873015625 0.5626984125 0.552976190625 0.5706349203125 0.537103175 0.572619046875 0.515277778125 0.5646825390625 0.49345238125 0.5517857140625 0.478571428125 0.5359126984375 0.4706349203125 0.51805555625 0.46666666718750005 0.49424603125 0.48650793593749997 0.4734126984375 0.4954365078125 0.465476190625 0.509325396875 0.4644841265625 0.5242063484374999 0.465476190625 0.537103175 0.47539682499999997 0.5549603171874999 0.484325396875 0.5638888890625
2 0.41884920625 0.3952380953125 0.409920634375 0.40615079375 0.4019841265625 0.4259920640625 0.402976190625 0.44880952343749997 0.40595238125 0.459722221875 0.409920634375 0.4636904765625 0.409920634375 0.4676587296875 0.4267857140625 0.484523809375 0.4486111109375 0.49444444374999996 0.4704365078125 0.49444444374999996 0.49424603125 0.484523809375 0.5111111109375 0.46964285781250004 0.5210317453125 0.4478174609375 0.5210317453125 0.43988095312500003 0.5230158734375 0.437896825 0.5210317453125 0.422023809375 0.5130952375 0.40416666718750005 0.5001984125 0.39325396874999996 0.49623015937500004 0.3873015875 0.4922619046875 0.3873015875 0.4803571421875 0.3793650796875 0.46646825468750003 0.3793650796875 0.4644841265625 0.377380953125 0.4446428578125 0.3793650796875 0.42876984062499995 0.3873015875 0.41884920625 0.3952380953125
1 0.512103175 0.315873015625 0.522023809375 0.3178571421875 0.527976190625 0.32380952343749997 0.5359126984375 0.32777777812500003 0.5428571421874999 0.3367063484375 0.5488095234375 0.3505952375 0.5488095234375 0.3625 0.5507936515625 0.3644841265625 0.5488095234375 0.3763888890625 0.5517857140625 0.3793650796875 0.5617063484375 0.377380953125 0.5736111109375 0.371428571875 0.5884920640625 0.3545634921875 0.590476190625 0.34861111093749997 0.590476190625 0.32876984062500003 0.5884920640625 0.32281746093749997 0.5825396828125 0.312896825 0.5676587296875 0.3 0.5577380953125 0.2960317453125 0.5359126984375 0.2960317453125 0.51805555625 0.3039682546875 0.5111111109375 0.3109126984375 0.512103175 0.315873015625
1 0.637103175 0.11349206406250001 0.6383425171875 0.11527236562500001 0.6397319031250001 0.1173740625 0.6402815875 0.1184850828125 0.6408873765624999 0.120292965625 0.6409342671875 0.1222287828125 0.6406572578125 0.12414237343750001 0.6411367390625 0.12618443906250001 0.6408296421874999 0.12813218125 0.6376475546875 0.13047538125 0.6358724687499999 0.1319271078125 0.6298443875 0.13190894687500002 0.6279665750000001 0.13301644375 0.6270523328125 0.1338520828125 0.628453915625 0.13386861562500002 0.6341450875 0.13332760625 0.637103175 0.13333333281249998 0.6390873015625 0.13333333281249998 0.641071428125 0.13134920625 0.64305555625 0.13134920625 0.6440476187499999 0.1303571421875 0.6440476187499999 0.128373015625 0.6460317453125 0.1263888890625 0.6460317453125 0.12242063437499999 0.6440476187499999 0.1204365078125 0.6440476187499999 0.11845238124999999 0.641071428125 0.115476190625 0.6394123390625001 0.114773096875 0.637103175 0.11349206406250001