1 0.8950127515625 0.561506584375 0.896996878125 0.555554203125 0.891044496875 0.5515859484375001 0.891044496875 0.549601821875 0.8960048140625 0.548609759375 0.8989810046875 0.543649440625 0.8950127515625 0.5317446796875 0.8880683062499999 0.5228161078125 0.87616354375 0.5148796 0.8702111640625001 0.5128954734375 0.8543381468750001 0.5148796 0.8523540203125 0.5128954734375 0.834496878125 0.5128954734375 0.8235841796875001 0.52182404375 0.821600053125 0.5317446796875 0.816639734375 0.530752615625 0.81366354375 0.5357129328125 0.815647671875 0.5476176953125 0.81366354375 0.549601821875 0.8196159249999999 0.555554203125 0.821600053125 0.567458965625 0.8325127515625 0.5783716640625001 0.8493778296875 0.58333198125 0.8662429093749999 0.58432404375 0.8821159249999999 0.5763875359374999 0.8950127515625 0.561506584375
2 0.5795634921875 0.5730158734375 0.5944444437499999 0.5601190468749999 0.600396825 0.5501984125 0.600396825 0.5303571421875 0.5984126984375 0.5244047625 0.5875 0.5115079359375 0.5835317453125 0.509523809375 0.5478174609375001 0.509523809375 0.5388888890625 0.51845238125 0.5329365078125 0.5283730156249999 0.5349206343749999 0.5442460312499999 0.5329365078125 0.5482142859375 0.5349206343749999 0.5501984125 0.5349206343749999 0.55615079375 0.5517857140625 0.5710317453125 0.5626984125 0.5740079359375 0.5696428578125 0.575 0.571626984375 0.5730158734375 0.5795634921875 0.5730158734375
1 0.31765872968750003 0.5015873015625 0.327579365625 0.5015873015625 0.33948412656250004 0.49761904687499997 0.346428571875 0.490674603125 0.35039682499999997 0.48075396875000004 0.35039682499999997 0.46884920625 0.3484126984375 0.46289682499999996 0.34444444375 0.458928571875 0.34444444375 0.45496031718749996 0.33948412656250004 0.45 0.3255952375 0.4420634921875 0.303769840625 0.4420634921875 0.2958333328125 0.44603174531249995 0.28690476249999997 0.45496031718749996 0.28095238125 0.46884920625 0.28095238125 0.4767857140625 0.2829365078125 0.47876984062499994 0.2829365078125 0.48472222187499997 0.2888888890625 0.49464285781250006 0.296825396875 0.5005952375 0.3117063484375 0.5015873015625 0.315674603125 0.499603175 0.31765872968750003 0.5015873015625
1 0.32162698437500004 0.56904761875 0.33055555625 0.5621031750000001 0.340476190625 0.5462301593750001 0.340476190625 0.5263888890625 0.3365079359375 0.51845238125 0.327579365625 0.509523809375 0.3196428578125 0.50555555625 0.31369047656250004 0.5075396828125001 0.3017857140625 0.503571428125 0.2958333328125 0.50555555625 0.28789682499999997 0.509523809375 0.27698412656250004 0.5204365078125 0.2730158734375 0.5283730156249999 0.2710317453125 0.534325396875 0.2730158734375 0.5382936515625001 0.2710317453125 0.5422619046875 0.27698412656250004 0.55615079375 0.2859126984375 0.565079365625 0.296825396875 0.5700396828125001 0.3117063484375 0.5710317453125 0.315674603125 0.5670634921875 0.32162698437500004 0.56904761875
2 0.8771825390625001 0.499603175 0.884126984375 0.49464285781250006 0.890079365625 0.48075396875000004 0.890079365625 0.46488095312500005 0.8861111109375001 0.4609126984375 0.884126984375 0.452976190625 0.8791666671874999 0.44801587343750005 0.871230159375 0.4420634921875 0.8613095234375001 0.43809523749999996 0.8394841265625 0.4361111109375 0.8295634921874999 0.44007936562500005 0.8255952375 0.44603174531249995 0.821626984375 0.44603174531249995 0.8126984125 0.45496031718749996 0.80674603125 0.46488095312500005 0.80674603125 0.48472222187499997 0.8107142859375 0.49265872968749996 0.8176587296875001 0.499603175 0.8236111109375001 0.499603175 0.828571428125 0.50654761875 0.8672619046875001 0.5075396828125001 0.8751984125 0.503571428125 0.8771825390625001 0.499603175
2 0.121230159375 0.559126984375 0.1301587296875 0.5521825390624999 0.1361111109375 0.5422619046875 0.1380952375 0.5303571421875 0.1361111109375 0.5283730156249999 0.1361111109375 0.5204365078125 0.1291666671875 0.5115079359375 0.1172619046875 0.503571428125 0.1113095234375 0.50555555625 0.10932539687500001 0.503571428125 0.0914682546875 0.503571428125 0.0795634921875 0.509523809375 0.06865079375000001 0.522420634375 0.0666666671875 0.5323412703125 0.0706349203125 0.5382936515625001 0.06865079375000001 0.540277778125 0.06865079375000001 0.5462301593750001 0.0795634921875 0.5571428578125001 0.090476190625 0.5621031750000001 0.10932539687500001 0.5630952375 0.1172619046875 0.5571428578125001 0.121230159375 0.559126984375
2 0.600396825 0.48670634843749994 0.6023809531250001 0.47281746093750004 0.600396825 0.47083333281249995 0.600396825 0.46488095312500005 0.596428571875 0.4609126984375 0.596428571875 0.45694444375 0.5894841265624999 0.44801587343750005 0.5755952375 0.44007936562500005 0.55575396875 0.44007936562500005 0.5418650796875 0.44801587343750005 0.5349206343749999 0.45694444375 0.5349206343749999 0.46488095312500005 0.5329365078125 0.4668650796875 0.5329365078125 0.490674603125 0.5349206343749999 0.49464285781250006 0.5418650796875 0.503571428125 0.558730159375 0.5045634921875 0.5875 0.503571428125 0.5944444437499999 0.4986111109375 0.600396825 0.48670634843749994
3 0.853125 0.5078125 0.11875 0.1890625
3 0.559375 0.503125 0.08125 0.1609375
3 0.3109375 0.5 0.0953125 0.15625
3 0.0921875 0.4984375 0.0953125 0.146875