1 0.354983659375 0.4576491015625 0.3508986921875 0.4678615203125 0.3529411765625 0.469904003125 0.3508986921875 0.4821589046875 0.3529411765625 0.48828635625 0.3662173203125 0.5015625 0.3764297390625 0.5056474671875 0.3907271234375 0.5056474671875 0.396854575 0.503604984375 0.40298202656250004 0.4954350484375 0.40706699375 0.4954350484375 0.41217320312499994 0.490328840625 0.4162581703125 0.48011642187500003 0.4142156859375 0.4739889703125 0.4162581703125 0.469904003125 0.41217320312499994 0.4576491015625 0.40196078437500005 0.44947916718750003 0.40093954218750005 0.44437295781249997 0.3897058828125 0.44130923125 0.38051470625 0.440287990625 0.3662173203125 0.44641544062499994 0.354983659375 0.4576491015625
2 0.6014177562499999 0.4385949171875 0.593247821875 0.4528923015625 0.59529030625 0.4631047203125 0.593247821875 0.4651472046875 0.593247821875 0.47331713906250006 0.5973327890625 0.48148707343749997 0.606523965625 0.49067825000000004 0.6146939 0.4947632171875 0.6392037046875 0.4947632171875 0.6453311546875 0.492720734375 0.656564815625 0.48148707343749997 0.656564815625 0.4610622375 0.6524798484375001 0.4569772703125 0.656564815625 0.45084981874999996 0.65452233125 0.44063739999999996 0.6432886718749999 0.42940374062500003 0.6381824625 0.42838249843750004 0.622863834375 0.42736125625000004 0.6106089328125 0.4314462234375 0.6014177562499999 0.4385949171875
2 0.9217728765625001 0.41782067031250003 0.9197303921875 0.41373570312499997 0.9156454249999999 0.41373570312499997 0.8982843140625001 0.42905432968749996 0.8921568625 0.443351715625 0.8921568625 0.44743668281250004 0.8962418296875001 0.453564134375 0.894199346875 0.4556066171875 0.894199346875 0.46377655156250003 0.90543300625 0.47705269531249994 0.9217728765625001 0.48522263125 0.9279003265625001 0.48522263125 0.9299428109375001 0.4811376640625 0.934027778125 0.48522263125 0.95241013125 0.48522263125 0.96875 0.47705269531249994 0.979983659375 0.4658190359375 0.9861111109375 0.45152165 0.984068628125 0.443351715625 0.9861111109375 0.43722426406250003 0.98202614375 0.42905432968749996 0.9748774515624999 0.4219056375 0.957516340625 0.4106719765625 0.93198529375 0.4096507359375 0.92585784375 0.41169321875 0.9217728765625001 0.41782067031250003
1 0.9279003265625001 0.4893075984375 0.9176879078125 0.4893075984375 0.9156454249999999 0.49135008124999996 0.90543300625 0.49135008124999996 0.8952205875000001 0.4954350484375 0.8839869281249999 0.516881128125 0.8839869281249999 0.5291360296875001 0.8901143796875 0.5373059640625 0.8901143796875 0.54139093125 0.9013480390625 0.5526245921874999 0.9176879078125 0.5607945265625001 0.950367646875 0.5587520421875001 0.9626225484375001 0.5526245921874999 0.973856209375 0.5393484484375 0.9758986921874999 0.51483864375 0.9697712421875 0.5025837421875 0.95547385625 0.490328840625 0.9360702609375 0.4893075984375 0.934027778125 0.4954350484375 0.9279003265625001 0.4893075984375
1 0.5919117640625 0.5209660953124999 0.58986928125 0.523008578125 0.58986928125 0.5311785125 0.5919117640625 0.533220996875 0.5939542484375 0.543433415625 0.6051879078125 0.556709559375 0.6174428109375001 0.562837009375 0.6296977125 0.56487949375 0.6317401953124999 0.562837009375 0.63991013125 0.562837009375 0.648080065625 0.5587520421875001 0.6552287578125 0.5516033499999999 0.6552287578125 0.5454758984375 0.6654411765625 0.5373059640625 0.6654411765625 0.5189236109375 0.661356209375 0.5087111921874999 0.658292484375 0.5056474671875 0.654207515625 0.5056474671875 0.6491013078125001 0.498498775 0.6092728765625 0.4974775328125 0.5939542484375 0.5107536765625 0.5919117640625 0.5209660953124999
2 0.34375 0.509732434375 0.34068627500000004 0.512796159375 0.338643790625 0.5189236109375 0.3345588234375 0.523008578125 0.332516340625 0.5270935453125001 0.332516340625 0.543433415625 0.338643790625 0.5475183828125 0.338643790625 0.5556883171875 0.3498774515625 0.56487949375 0.35396241875 0.56487949375 0.35600490156250003 0.5669219765625 0.37234477187500004 0.5669219765625 0.3743872546875 0.56487949375 0.3825571890625 0.562837009375 0.39379084999999997 0.5516033499999999 0.391748365625 0.549560865625 0.3978758171875 0.543433415625 0.3978758171875 0.5270935453125001 0.3897058828125 0.512796159375 0.3815359484375 0.5087111921874999 0.3498774515625 0.5076899515625 0.3478349671875 0.509732434375 0.34375 0.509732434375
2 0 0.5158598859375 0.0046977125 0.5158598859375 0.012867646875 0.509732434375 0.01491013125 0.509732434375 0.0241013078125 0.498498775 0.0241013078125 0.4842013890625 0.0220588234375 0.48011642187500003 0.0087826796875 0.466840278125 0.0036764703125 0.4658190359375 0 0.465293825 0 0.5158598859375
3 0.0265625 0.515625 0.0515625 0.128125
3 0.1578125 0.5203125 0.1109375 0.140625
3 0.3734375 0.509375 0.1015625 0.15625
3 0.63125 0.5015625 0.0890625 0.1640625