2 0.07717041875 0.5838022515625 0.0811897109375 0.5918408359375 0.0882234734375 0.5968649515625 0.0982717046875 0.5968649515625 0.10530546562500001 0.58782154375 0.10530546562500001 0.5717443734375001 0.10128617343749999 0.5637057875 0.095257234375 0.5596864953125 0.0882234734375 0.558681671875 0.07717041875 0.5677250796875 0.07717041875 0.5838022515625
0 0.0590836015625 0.5295418 0.0590836015625 0.5496382640624999 0.06109324687499999 0.555667203125 0.07013665625 0.5647106109375 0.0801848875 0.5647106109375 0.0842041796875 0.5627009640625 0.0912379421875 0.55365755625 0.0912379421875 0.531551446875 0.0862138265625 0.5225080390625 0.0791800640625 0.51949356875 0.0721463015625 0.5184887453125 0.06611736406249999 0.5204983921874999 0.0590836015625 0.5295418
0 0.030948553125 0.511454984375 0.0329582 0.5275321546875 0.037982315625 0.534565915625 0.0420016078125 0.5365755625 0.052049839062500006 0.5365755625 0.0590836015625 0.5295418 0.06310289375 0.521503215625 0.06310289375 0.5034163984375 0.0540594859375 0.49236334375 0.0490353703125 0.4913585203125 0.0460209 0.4903536984375 0.0369774921875 0.49537781406250003 0.030948553125 0.511454984375
1 0.04300643125 0.5496382640624999 0.0500401921875 0.556672025 0.060088425 0.558681671875 0.06109324687499999 0.551647909375 0.0590836015625 0.5496382640624999 0.0570739546875 0.5375803859375 0.0420016078125 0.5365755625 0.040996784375 0.543609325 0.04300643125 0.5496382640624999
1 0.1073151125 0.6159565921875 0.109324759375 0.619975884375 0.1163585203125 0.627009646875 0.122387459375 0.6290192921875 0.1284163984375 0.627009646875 0.1334405140625 0.62198553125 0.1354501609375 0.6159565921875 0.1354501609375 0.605908359375 0.127411575 0.5938504828125 0.11434887499999999 0.592845659375 0.1073151125 0.599879421875 0.1073151125 0.6159565921875
0 0.1334405140625 0.6179662375 0.1334405140625 0.630024115625 0.1424839234375 0.6430868171874999 0.1525321546875 0.6450964625 0.1615755625 0.6380627015625 0.163585209375 0.6340434078125 0.163585209375 0.6239951765625 0.159565915625 0.6139469453124999 0.1545418 0.6089228296875 0.149517684375 0.60791800625 0.14449356875 0.6069131828125001 0.1354501609375 0.6139469453124999 0.1334405140625 0.6179662375
1 0.1676045015625 0.6601688109375 0.17865755625 0.6732315109375 0.1887057875 0.6732315109375 0.19573955 0.664188103125 0.193729903125 0.650120578125 0.1887057875 0.6430868171874999 0.18569131875 0.64208199375 0.176647909375 0.6410771703125 0.1676045015625 0.650120578125 0.1676045015625 0.6601688109375
0 0.2640675234375 0.6903135046875 0.2640675234375 0.7023713828125 0.2711012859375 0.711414790625 0.275120578125 0.7134244375 0.2851688109375 0.7134244375 0.292202571875 0.706390675 0.292202571875 0.6923231515625 0.2851688109375 0.6832797421875 0.2801446953125 0.6822749203125 0.275120578125 0.681270096875 0.2711012859375 0.6832797421875 0.2640675234375 0.6903135046875
1 0.326366559375 0.718448553125 0.333400321875 0.7274919609375 0.3474678453125 0.7315112546875 0.3565112546875 0.7264871375 0.360530546875 0.71643890625 0.3565112546875 0.706390675 0.350482315625 0.7003617359375001 0.3354099671875 0.6993569125 0.326366559375 0.708400321875 0.326366559375 0.718448553125
0 0.41680064375 0.742564309375 0.4188102890625 0.7465836015625 0.42986334375 0.7536173640625 0.44192122187500005 0.7516077171875 0.448954984375 0.742564309375 0.4469453375 0.73050643125 0.43689710625 0.7224678453125 0.4278536984375 0.721463021875 0.41680064375 0.73050643125 0.41680064375 0.742564309375
0 0.49718649531250003 0.7586414796875001 0.506229903125 0.765675240625 0.516278134375 0.765675240625 0.5273311890625 0.7566318328125 0.5273311890625 0.7465836015625 0.520297428125 0.7375401921875 0.5172829578125 0.7365353703124999 0.506229903125 0.735530546875 0.4951768484375 0.748593246875 0.49718649531250003 0.7586414796875001
1 0.3524919609375 0.630024115625 0.3524919609375 0.6461012859374999 0.3585209 0.6581591640625 0.3695739546875 0.667202571875 0.3816318328125 0.671221865625 0.3936897109375 0.66921221875 0.4017282953125 0.6651929265625001 0.40876205781249997 0.6581591640625 0.41278135000000005 0.650120578125 0.41278135000000005 0.630024115625 0.40876205781249997 0.62198553125 0.397709003125 0.6109324765624999 0.3846463015625 0.60791800625 0.373593246875 0.6089228296875 0.3615353703125 0.61495176875 0.3524919609375 0.630024115625
1 0.282154340625 0.551647909375 0.2841639875 0.55365755625 0.2861736328125 0.565715434375 0.292202571875 0.575763665625 0.3052652734375 0.5868167203125 0.3173231515625 0.5908360125 0.3394292609375 0.5888263671875 0.3494774921875 0.582797428125 0.3585209 0.5717443734375001 0.3625401921875 0.551647909375 0.360530546875 0.5496382640624999 0.3585209 0.53356109375 0.353496784375 0.524517684375 0.3454582 0.5204983921874999 0.3102893890625 0.5154742765625 0.299236334375 0.514469453125 0.2861736328125 0.5295418 0.282154340625 0.551647909375
0 0.46704179999999995 0.585811896875 0.46101286249999995 0.6038987140625001 0.46503215468750003 0.6239951765625 0.47407556250000005 0.63504823125 0.48211414843749995 0.6410771703125 0.4921623796875 0.6450964625 0.50823955 0.6450964625 0.51828778125 0.6410771703125 0.535369775 0.6260048234375 0.535369775 0.62198553125 0.5393890671875 0.6159565921875 0.5393890671875 0.597869775 0.535369775 0.58782154375 0.5263263671875 0.5767684890625 0.520297428125 0.572749196875 0.5122588421875001 0.568729903125 0.5012057875 0.5677250796875 0.494172025 0.5667202578125 0.4780948546875 0.5747588421875001 0.46704179999999995 0.585811896875
1 0.5413987140625001 0.6038987140625001 0.5393890671875 0.6159565921875 0.535369775 0.62198553125 0.533360128125 0.6320337625 0.537379421875 0.644091640625 0.550442121875 0.657154340625 0.5584807078125 0.6611736328125 0.5685289390625 0.6611736328125 0.5705385859375001 0.6631832796875 0.57254823125 0.6611736328125 0.5805868171874999 0.6611736328125 0.5926446953125 0.6551446953125 0.6036977484375 0.644091640625 0.6077170421875 0.6360530546875001 0.6077170421875 0.6159565921875 0.6057073953125001 0.609927653125 0.5926446953125 0.5948553046875 0.5836012859374999 0.5898311890625 0.5625 0.5888263671875 0.5564710609375 0.5908360125 0.5413987140625001 0.6038987140625001
1 0.645900321875 0.6481109328125 0.6398713828125 0.6581591640625 0.6378617359375001 0.6702170421875 0.6398713828125 0.6722266875 0.6398713828125 0.6802652734375 0.648914790625 0.691318328125 0.662982315625 0.6973472671875001 0.6770498390624999 0.6953376203125 0.6870980703125 0.68930868125 0.6941318328125 0.6822749203125 0.698151125 0.6722266875 0.698151125 0.6581591640625 0.6961414796875001 0.652130225 0.685088425 0.6410771703125 0.6780546625 0.6380627015625 0.662982315625 0.637057878125 0.6569533765625 0.6390675234375001 0.645900321875 0.6481109328125
1 0.535369775 0.7023713828125 0.535369775 0.718448553125 0.537379421875 0.7224678453125 0.550442121875 0.7315112546875 0.5665192921875 0.7315112546875 0.57958199375 0.7204582 0.581591640625 0.71643890625 0.581591640625 0.7003617359375001 0.577572346875 0.694332796875 0.5685289390625 0.6872990359375 0.5614951765625 0.6862942125 0.5564710609375 0.6852893890625 0.5464228296875 0.68930868125 0.535369775 0.7023713828125
2 0.9453376203125 0.6239951765625 0.9433279750000001 0.640072346875 0.9523713828125 0.6531350484375 0.9624196140624999 0.6531350484375 0.97347266875 0.64208199375 0.9774919609375001 0.6340434078125 0.9774919609375001 0.619975884375 0.9694533765625 0.609927653125 0.958400321875 0.6089228296875 0.9543810296874999 0.6109324765624999 0.9453376203125 0.6239951765625
2 0.7926045015625001 0.6702170421875 0.788585209375 0.6782556265624999 0.788585209375 0.69634244375 0.7976286171875 0.7053858515625 0.8116961421875001 0.7073954984374999 0.8197347265625 0.70337620625 0.8267684890625 0.69634244375 0.83078778125 0.6883038578125 0.83078778125 0.6722266875 0.828778134375 0.6682073953125001 0.8237540187500001 0.6631832796875 0.8167202578125 0.6601688109375 0.8096864953124999 0.6591639875 0.7996382640624999 0.6631832796875 0.7926045015625001 0.6702170421875
2 0.8428456593749999 0.7043810296874999 0.849879421875 0.7134244375 0.8538987140625001 0.715434084375 0.8659565921875 0.7134244375 0.875 0.7023713828125 0.8770096468749999 0.6903135046875 0.875 0.684284565625 0.8689710609375 0.6782556265624999 0.855908359375 0.677250803125 0.8448553046875 0.6883038578125 0.8428456593749999 0.7043810296874999
2 0.784565915625 0.708400321875 0.791599678125 0.7174437296875 0.7956189703125001 0.7194533765625 0.8116961421875001 0.7174437296875 0.8207395500000001 0.706390675 0.8197347265625 0.70337620625 0.8157154343749999 0.7053858515625 0.7996382640624999 0.7053858515625 0.788585209375 0.694332796875 0.7865755625 0.694332796875 0.784565915625 0.698352090625 0.784565915625 0.708400321875
1 0.74236334375 0.71643890625 0.74236334375 0.73050643125 0.751406753125 0.7395498390624999 0.7634646296875001 0.7395498390624999 0.7674839234374999 0.7375401921875 0.778536978125 0.7244774921875 0.778536978125 0.7144292609375 0.77652733125 0.7104099671874999 0.7664791 0.7023713828125 0.757435690625 0.701366559375 0.7534163984375 0.70337620625 0.74236334375 0.71643890625
1 0.764469453125 0.748593246875 0.76949356875 0.7536173640625 0.781551446875 0.7536173640625 0.788585209375 0.748593246875 0.7926045015625001 0.742564309375 0.7926045015625001 0.73050643125 0.7865755625 0.7244774921875 0.7795418 0.72347266875 0.7684887453125 0.7365353703124999 0.764469453125 0.748593246875
1 0.7363344046875 0.742564309375 0.7433681671875 0.7495980703125 0.7554260453125 0.7516077171875 0.764469453125 0.7465836015625 0.7664791 0.742564309375 0.7654742765625 0.7375401921875 0.7634646296875001 0.7395498390624999 0.751406753125 0.7395498390624999 0.74236334375 0.728496784375 0.739348875 0.7274919609375 0.7363344046875 0.7325160765625001 0.7363344046875 0.742564309375
2 0.7323151125 0.7586414796875001 0.739348875 0.7636655953125 0.747387459375 0.7636655953125 0.7584405140625 0.7546221859375 0.757435690625 0.7516077171875 0.747387459375 0.7516077171875 0.7433681671875 0.7495980703125 0.7383440515624999 0.7445739546875 0.7323151125 0.7445739546875 0.730305465625 0.752612540625 0.7323151125 0.7586414796875001
2 0.61374598125 0.7204582 0.611736334375 0.7224678453125 0.61374598125 0.7244774921875 0.61374598125 0.73050643125 0.62680868125 0.7415594859375 0.64087620625 0.7415594859375 0.6448954984374999 0.7395498390624999 0.655948553125 0.7264871375 0.655948553125 0.7144292609375 0.65393890625 0.7104099671874999 0.6469051453125 0.70337620625 0.6418810296874999 0.7023713828125 0.628818328125 0.701366559375 0.61374598125 0.7144292609375 0.61374598125 0.7204582
0 0.5936495171875 0.7244774921875 0.591639871875 0.73050643125 0.5936495171875 0.7405546625 0.604702571875 0.7495980703125 0.618770096875 0.7495980703125 0.6278135046875 0.7445739546875 0.6247990359375 0.7395498390624999 0.61374598125 0.73050643125 0.61374598125 0.7124196140625 0.608721865625 0.711414790625 0.604702571875 0.7134244375 0.5936495171875 0.7244774921875
1 0.5936495171875 0.7244774921875 0.591639871875 0.73050643125 0.5936495171875 0.7405546625 0.604702571875 0.7495980703125 0.618770096875 0.7495980703125 0.6278135046875 0.7445739546875 0.6247990359375 0.7395498390624999 0.61374598125 0.73050643125 0.61374598125 0.7124196140625 0.608721865625 0.711414790625 0.604702571875 0.7134244375 0.5936495171875 0.7244774921875
2 0.5484324765624999 0.7315112546875 0.540393890625 0.725482315625 0.5363745984375 0.725482315625 0.5313504828125 0.73050643125 0.5273311890625 0.7405546625 0.5313504828125 0.75060289375 0.5424035375 0.75763665625 0.55245176875 0.75763665625 0.5584807078125 0.7516077171875 0.57254823125 0.7536173640625 0.5805868171874999 0.7495980703125 0.587620578125 0.7365353703124999 0.5856109328125 0.7264871375 0.581591640625 0.7224678453125 0.5785771703125 0.721463021875 0.5665192921875 0.7315112546875 0.5484324765624999 0.7315112546875
1 0.581591640625 0.77069935625 0.584606109375 0.7737138265625 0.5986736328125 0.7737138265625 0.6057073953125001 0.7686897109374999 0.6097266875 0.762660771875 0.5956591640625 0.75060289375 0.5936495171875 0.7445739546875 0.58661575625 0.74356913125 0.5836012859374999 0.7465836015625 0.581591640625 0.77069935625
1 0.5514469453124999 0.7586414796875001 0.5564710609375 0.7636655953125 0.5705385859375001 0.7636655953125 0.581591640625 0.75060289375 0.5584807078125 0.7516077171875 0.5514469453124999 0.7566318328125 0.5514469453124999 0.7586414796875001
2 0.6057073953125001 0.7666800640625 0.6077170421875 0.762660771875 0.60671221875 0.7596463015625 0.6036977484375 0.7586414796875001 0.59967845625 0.7586414796875001 0.6006832796875 0.769694534375 0.6057073953125001 0.7666800640625
2 0.5705385859375001 0.7636655953125 0.557475884375 0.76467041875 0.564509646875 0.769694534375 0.5785771703125 0.7676848875 0.5856109328125 0.760651125 0.5856109328125 0.748593246875 0.584606109375 0.747588425 0.57958199375 0.752612540625 0.5705385859375001 0.7636655953125
0 0.581591640625 0.762660771875 0.581591640625 0.7686897109374999 0.5886254015625 0.7737138265625 0.5966639875 0.7737138265625 0.6077170421875 0.76467041875 0.6077170421875 0.760651125 0.5956591640625 0.75060289375 0.5936495171875 0.7465836015625 0.5856109328125 0.7465836015625 0.5856109328125 0.7566318328125 0.581591640625 0.762660771875
0 0.6418810296874999 0.75060289375 0.6418810296874999 0.7586414796875001 0.6378617359375001 0.76467041875 0.6428858515625 0.7717041796874999 0.6469051453125 0.7737138265625 0.6549437296875 0.7737138265625 0.665996784375 0.76467041875 0.665996784375 0.752612540625 0.6579582 0.7445739546875 0.6509244375 0.74356913125 0.6448954984374999 0.745578778125 0.6418810296874999 0.75060289375
0 0.66800643125 0.7566318328125 0.6750401921875 0.765675240625 0.6790594859375 0.765675240625 0.685088425 0.769694534375 0.6961414796875001 0.760651125 0.698151125 0.752612540625 0.6961414796875001 0.75060289375 0.6961414796875001 0.7445739546875 0.6921221859375 0.7405546625 0.6790594859375 0.7395498390624999 0.66800643125 0.75060289375 0.66800643125 0.7566318328125
1 0.698151125 0.7546221859375 0.6941318328125 0.7666800640625 0.7011655953125 0.7717041796874999 0.7112138265625 0.769694534375 0.720257234375 0.7586414796875001 0.720257234375 0.75060289375 0.710209003125 0.742564309375 0.7011655953125 0.74356913125 0.698151125 0.7465836015625 0.698151125 0.7546221859375