1 0.3921875 0.2546875 0.05 0.0546875
1 0.3796875 0.4171875 0.0546875 0.05625
2 0.43125 0.4140625 0.0515625 0.0546875
2 0.3546875 0.903125 0.078125 0.084375
1 0.4296875 0.6171875 0.0640625 0.0671875
2 0.3703125 0.6265625 0.0625 0.0640625
1 0.4359375 0.1234375 0.04375 0.05
2 0.4 0.140625 0.0390625 0.0453125
3 0.4234375 0.1328125 0.1015625 0.065625
3 0.4171875 0.25625 0.115625 0.071875
3 0.4125 0.4171875 0.1296875 0.0734375
3 0.4015625 0.6234375 0.15 0.0859375
3 0.390625 0.903125 0.1796875 0.1109375