1 0.1219262296875 0.48655225468749996 0.11270491875 0.49782274531250004 0.1065573765625 0.5121670078125 0.1065573765625 0.53060963125 0.11270491875 0.5347079921875 0.11065573749999999 0.5367571718749999 0.11270491875 0.5408555328125 0.123975409375 0.552126025 0.13217213125 0.5562243859375 0.138319671875 0.558273565625 0.15881147499999998 0.558273565625 0.16086065624999998 0.5562243859375 0.167008196875 0.5562243859375 0.1700819671875 0.5531506140625 0.1711065578125 0.5480276640625 0.1834016390625 0.545978484375 0.1926229515625 0.5347079921875 0.1967213109375 0.5224129093750001 0.19467213125 0.5060194671875 0.1905737703125 0.49782274531250004 0.1834016390625 0.4906506140625 0.1772540984375 0.4926997953125 0.1711065578125 0.48655225468749996 0.1393442625 0.48552766406250003 0.1301229515625 0.48450307343750004 0.1280737703125 0.48655225468749996 0.1219262296875 0.48655225468749996
2 0.102459015625 0.432248975 0.1004098359375 0.43839651562500004 0.1065573765625 0.44249487656250003 0.1065573765625 0.4445440578125 0.10143442656249999 0.445568646875 0.09836065625 0.45069159843750006 0.102459015625 0.46298667968749996 0.109631146875 0.47220799218750004 0.1219262296875 0.48040471250000005 0.1280737703125 0.48245389375 0.1444672125 0.48040471250000005 0.14651639375 0.48245389375 0.16495901562499998 0.48245389375 0.1762295078125 0.47323258125 0.1782786890625 0.46298667968749996 0.1834016390625 0.4640112703125 0.186475409375 0.45888832031250004 0.1844262296875 0.4465932375 0.186475409375 0.4445440578125 0.18032786875 0.43839651562500004 0.1782786890625 0.42610143437500003 0.167008196875 0.4148309421875 0.1495901640625 0.40970799218750004 0.13217213125 0.40868340156249994 0.1157786890625 0.41688012343749997 0.102459015625 0.432248975
2 0.4231557375 0.4906506140625 0.41393442656249996 0.49987192656249996 0.40983606562499997 0.508068646875 0.40983606562499997 0.5265112703125 0.41495901562500004 0.531634221875 0.4200819671875 0.5326588109375 0.41598360625 0.5347079921875 0.41598360625 0.538806353125 0.4211065578125 0.545978484375 0.42725409843750006 0.55007684375 0.43545082031250004 0.5541752046874999 0.44774590156249994 0.5562243859375 0.466188525 0.55007684375 0.47745901562500004 0.538806353125 0.47540983593749997 0.53060963125 0.47745901562500004 0.5285604515625 0.47745901562500004 0.49782274531250004 0.47233606562499997 0.4906506140625 0.46311475468749996 0.489626025 0.44364754062499995 0.48860143437500003 0.4415983609375 0.4906506140625 0.4231557375 0.4906506140625
2 0.429303278125 0.418929303125 0.41393442656249996 0.432248975 0.4077868859375 0.44249487656250003 0.4077868859375 0.46298667968749996 0.40983606562499997 0.469134221875 0.4211065578125 0.48245389375 0.42520491875 0.48450307343750004 0.46209016406250003 0.48450307343750004 0.471311475 0.4752817625 0.47745901562500004 0.4650358609375 0.47540983593749997 0.44864241875 0.47745901562500004 0.4445440578125 0.47540983593749997 0.44249487656250003 0.47540983593749997 0.43634733593749997 0.457991803125 0.42097848437499996 0.4467213109375 0.41790471250000005 0.43954917968749996 0.41688012343749997 0.4375 0.418929303125 0.429303278125 0.418929303125
2 0.91086065625 0.4291752046875 0.9067622953125 0.43532274531250004 0.9006147546875001 0.43737192656249996 0.8954918031249999 0.44249487656250003 0.8893442625000001 0.452740778125 0.8893442625000001 0.46298667968749996 0.8934426234374999 0.4752817625 0.902663934375 0.48450307343750004 0.9170081968750001 0.4906506140625 0.9375 0.4906506140625 0.943647540625 0.48655225468749996 0.9477459015624999 0.48655225468749996 0.95901639375 0.4752817625 0.9631147546875001 0.4650358609375 0.9610655734375 0.4465932375 0.9569672125 0.440445696875 0.9497950812499999 0.43327356562499997 0.9344262296875 0.4281506140625 0.9211065578125 0.427126025 0.9190573765625001 0.4291752046875 0.91086065625 0.4291752046875
1 0.69979508125 0.4926997953125 0.6895491796875 0.4926997953125 0.6772540984375001 0.49679815625 0.6700819671875 0.5039702875 0.66598360625 0.5142161890625 0.66598360625 0.5265112703125 0.6680327875 0.5326588109375 0.672131146875 0.5367571718749999 0.672131146875 0.5408555328125 0.6772540984375001 0.545978484375 0.6915983609375 0.5541752046874999 0.71413934375 0.5541752046874999 0.722336065625 0.55007684375 0.7315573765625001 0.5408555328125 0.73770491875 0.5265112703125 0.73770491875 0.5183145484375 0.7356557375 0.51626536875 0.7356557375 0.5101178281250001 0.729508196875 0.49987192656249996 0.721311475 0.4937243859375 0.7059426234374999 0.4926997953125 0.7018442625 0.494748975 0.69979508125 0.4926997953125
1 0.695696721875 0.42302766406250003 0.6864754093750001 0.4301997953125 0.6762295078125 0.4465932375 0.6762295078125 0.46708504062499995 0.68032786875 0.4752817625 0.6895491796875 0.48450307343750004 0.6977459015624999 0.48860143437500003 0.7038934421875 0.48655225468749996 0.716188525 0.4906506140625 0.722336065625 0.48860143437500003 0.7305327875 0.48450307343750004 0.741803278125 0.47323258125 0.7459016390625 0.4650358609375 0.7479508203125 0.45888832031250004 0.7459016390625 0.45478995937500005 0.7479508203125 0.45069159843750006 0.741803278125 0.43634733593749997 0.7325819671875 0.427126025 0.721311475 0.42200307343750004 0.7059426234374999 0.42097848437499996 0.7018442625 0.42507684375 0.695696721875 0.42302766406250003
3 0.1484375 0.4890625 0.1375 0.2109375
3 0.45 0.4859375 0.0984375 0.1765625
3 0.7171875 0.4984375 0.1046875 0.1640625
3 0.934375 0.4890625 0.0890625 0.146875