1 0.5269292609375 0.3273713828125 0.5420016078125001 0.3424437296875 0.560088425 0.350482315625 0.582194534375 0.350482315625 0.592242765625 0.346463021875 0.6073151125 0.333400321875 0.6153536984375 0.3153135046875 0.6153536984375 0.299236334375 0.6073151125 0.2811495171875 0.592242765625 0.2680868171875 0.5761655953125 0.262057878125 0.558078778125 0.262057878125 0.5460209 0.2660771703125 0.5229099671874999 0.2851688109375 0.5219051453125 0.292202571875 0.520900321875 0.3072749203125 0.5229099671874999 0.309284565625 0.5269292609375 0.3273713828125
1 0.49979903593749997 0.0932475890625 0.5178858515625 0.0992765265625 0.533963021875 0.0992765265625 0.5500401921875 0.0932475890625 0.56310289375 0.08219453437499999 0.5671221859375 0.0741559484375 0.5671221859375 0.058078778124999994 0.56310289375 0.0500401921875 0.548030546875 0.0369774921875 0.5319533765625 0.030948553125 0.51587620625 0.030948553125 0.513866559375 0.0329582 0.49979903593749997 0.0349678453125 0.489750803125 0.040996784375 0.4776929265625 0.055064309374999995 0.476688103125 0.0641077171875 0.4847266875 0.08219453437499999 0.49979903593749997 0.0932475890625
1 0.5761655953125 0.6258038578125 0.5882234734375 0.631832796875 0.6083199359375 0.631832796875 0.6183681671875 0.6278135046875 0.629421221875 0.61676045 0.6354501609375001 0.604702571875 0.6354501609375001 0.584606109375 0.629421221875 0.57254823125 0.614348875 0.55948553125 0.6083199359375 0.557475884375 0.592242765625 0.557475884375 0.5862138265625 0.55948553125 0.568127009375 0.5695337625 0.56310289375 0.574557878125 0.5620980703125 0.57958199375 0.561093246875 0.5986736328125 0.5671221859375 0.61676045 0.5761655953125 0.6258038578125
1 0.6525321546875 0.43488745937499995 0.666599678125 0.43488745937499995 0.6726286171875 0.43287781406250003 0.681672025 0.42383440468750005 0.68569131875 0.4157958203125 0.6877009640625 0.40373794218750003 0.68569131875 0.4017282953125 0.683681671875 0.38967041875 0.6726286171875 0.3786173640625 0.6625803859375 0.3745980703125 0.6505225078125 0.3745980703125 0.6404742765625 0.3786173640625 0.6304260453125 0.3886655953125 0.629421221875 0.4137861734375 0.6404742765625 0.4288585203125 0.6525321546875 0.43488745937499995
1 0.6525321546875 0.3665594859375 0.6605707390625 0.370578778125 0.6746382640624999 0.370578778125 0.6826768484375 0.3665594859375 0.6897106109375 0.3595257234375 0.693729903125 0.3514871375 0.693729903125 0.3374196140625 0.6897106109375 0.3293810296875 0.680667203125 0.3203376203125 0.6776527328124999 0.32134244375 0.6706189703125001 0.3303858515625 0.65856109375 0.3323954984375 0.656551446875 0.3344051453125 0.6424839234374999 0.3323954984375 0.6384646296875001 0.336414790625 0.6374598078125 0.3514871375 0.639469453125 0.35550643125 0.6525321546875 0.3665594859375
1 0.636454984375 0.3303858515625 0.646503215625 0.3344051453125 0.6605707390625 0.3344051453125 0.6726286171875 0.32837620625 0.6776527328124999 0.323352090625 0.681672025 0.3112942125 0.6796623796875 0.2952170421875 0.6645900328125001 0.2781350484375 0.6525321546875 0.27411575625 0.636454984375 0.27411575625 0.6254019296875 0.2831591640625 0.622387459375 0.2881832796875 0.6213826359375 0.309284565625 0.6233922828125 0.3153135046875 0.636454984375 0.3303858515625
1 0.6706189703125001 0.5192926046874999 0.6826768484375 0.5213022515625 0.6887057875 0.5192926046874999 0.7017684890625 0.50823955 0.703778134375 0.4921623796875 0.697749196875 0.4801045015625 0.6927250796875 0.4750803859375 0.6887057875 0.47307073906249997 0.6726286171875 0.47307073906249997 0.65856109375 0.48512861718750006 0.6575562703125 0.5042202578125 0.6615755625 0.5122588421875001 0.6706189703125001 0.5192926046874999
1 0.65856109375 0.752411575 0.6706189703125001 0.7504019296875 0.6796623796875 0.739348875 0.6776527328124999 0.727290996875 0.6706189703125001 0.72226688125 0.6605707390625 0.72226688125 0.6525321546875 0.7262861734375 0.6485128625 0.7323151125 0.6475080390625 0.7413585203124999 0.649517684375 0.7453778140625 0.65856109375 0.752411575
1 0.60430064375 0.8609324765625 0.61032958125 0.8609324765625 0.6183681671875 0.8569131828125001 0.6254019296875 0.849879421875 0.627411575 0.8438504828125 0.6254019296875 0.835811896875 0.622387459375 0.832797428125 0.612339228125 0.828778134375 0.5982717046875 0.832797428125 0.592242765625 0.8408360125 0.5912379421875 0.8518890671875001 0.5982717046875 0.8589228296875 0.60430064375 0.8609324765625
0 0.6605707390625 0.56551446875 0.666599678125 0.5695337625 0.6826768484375 0.5695337625 0.69573955 0.5584807078125 0.697749196875 0.5544614140624999 0.6997588421875001 0.5444131828125001 0.697749196875 0.5424035375 0.697749196875 0.5363745984375 0.6887057875 0.52532154375 0.6726286171875 0.523311896875 0.666599678125 0.52532154375 0.6555466234375 0.5343649515625 0.6545418 0.537379421875 0.653536978125 0.55245176875 0.6555466234375 0.5584807078125 0.6605707390625 0.56551446875
0 0.7067926046874999 0.5695337625 0.7158360125 0.564509646875 0.7198553046875 0.5564710609375 0.7198553046875 0.5464228296875 0.710811896875 0.535369775 0.700763665625 0.533360128125 0.697749196875 0.5363745984375 0.6997588421875001 0.5464228296875 0.697749196875 0.5484324765624999 0.697749196875 0.5544614140624999 0.690715434375 0.56551446875 0.690715434375 0.567524115625 0.6967443734375001 0.5695337625 0.7067926046874999 0.5695337625
0 0.7168408359375 0.5836012859374999 0.7218649515625 0.5785771703125 0.7218649515625 0.5665192921875 0.7188504828125 0.5635048234375 0.7148311890625 0.5635048234375 0.710811896875 0.567524115625 0.7118167203125 0.57254823125 0.7158360125 0.5765675234375001 0.7168408359375 0.5836012859374999
0 0.7148311890625 0.49919614218749997 0.7218649515625 0.506229903125 0.724879421875 0.523311896875 0.7319131828125001 0.5142684890625 0.7319131828125001 0.5022106109375 0.7188504828125 0.49115755625 0.710811896875 0.49115755625 0.7088022515625 0.49316720312499995 0.707797428125 0.49618167187499995 0.710811896875 0.49919614218749997 0.7148311890625 0.49919614218749997
1 0.700763665625 0.533360128125 0.71282154375 0.533360128125 0.717845659375 0.530345659375 0.7238745984375 0.5223070734374999 0.7238745984375 0.506229903125 0.710811896875 0.49718649531250003 0.7047829578125 0.49718649531250003 0.7017684890625 0.50823955 0.6897106109375 0.51828778125 0.6887057875 0.5213022515625 0.6877009640625 0.5223070734374999 0.6967443734375001 0.5313504828125 0.700763665625 0.533360128125
1 0.6927250796875 0.59967845625 0.7067926046874999 0.59967845625 0.7138263671875 0.5926446953125 0.7158360125 0.5765675234375001 0.710811896875 0.5695337625 0.6887057875 0.5695337625 0.683681671875 0.5765675234375001 0.6826768484375 0.581591640625 0.683681671875 0.5906350484375 0.6887057875 0.5976688109375 0.6927250796875 0.59967845625
1 0.690715434375 0.6298231515625 0.7047829578125 0.6278135046875 0.7098070734374999 0.6227893890625 0.7138263671875 0.6127411578124999 0.7067926046874999 0.59967845625 0.6887057875 0.59967845625 0.683681671875 0.6026929265625001 0.680667203125 0.6097266875 0.6796623796875 0.61676045 0.683681671875 0.6247990359375 0.690715434375 0.6298231515625
0 0.6183681671875 0.8167202578125 0.62439710625 0.8187299031249999 0.636454984375 0.8167202578125 0.6454983921874999 0.8076768484375 0.6454983921874999 0.793609325 0.6344453375 0.7865755625 0.6203778140625 0.788585209375 0.6133440515624999 0.793609325 0.612339228125 0.79662379375 0.6113344046875 0.8076768484375 0.6133440515624999 0.8116961421875001 0.6183681671875 0.8167202578125