1 0.7149193546875 0.5719254031250001 0.7088709671875 0.5678931453125 0.7088709671875 0.5618447578125 0.6977822578125 0.552772178125 0.6816532265624999 0.5507560484375 0.67157258125 0.5547883062500001 0.6665322578125 0.5598286296875 0.6665322578125 0.5638608875 0.6604838703125 0.5719254031250001 0.6604838703125 0.57998991875 0.6645161296875 0.59208669375 0.6695564515625 0.597127015625 0.682661290625 0.5981350812499999 0.7038306453125001 0.5991431453125 0.7149193546875 0.5860383062500001 0.7149193546875 0.5719254031250001
1 0.7048387093749999 0.640473790625 0.7068548390625 0.6324092734375 0.70282258125 0.628377015625 0.7068548390625 0.6263608875 0.7068548390625 0.6203125 0.7048387093749999 0.6142641125 0.69375 0.6031754031250001 0.6877016125 0.6031754031250001 0.685685484375 0.6011592734375 0.667540321875 0.6011592734375 0.6564516125 0.6102318546875 0.654435484375 0.6142641125 0.654435484375 0.6223286296875 0.6584677421875 0.6243447578125 0.654435484375 0.628377015625 0.654435484375 0.6344254031250001 0.6695564515625 0.6515625 0.6725806453125001 0.6525705640624999 0.6877016125 0.6535786296875 0.6957661296875 0.6495463703125 0.7048387093749999 0.640473790625
1 0.29153225781250003 0.6021673390625 0.27842741875 0.5870463703125 0.2502016125 0.5870463703125 0.24112903281250003 0.594102821875 0.23911290312500003 0.600151209375 0.23911290312500003 0.6122479843749999 0.24112903281250003 0.6142641125 0.23810483906250002 0.6172883062500001 0.23709677343750002 0.6162802421875 0.236088709375 0.6051915328125 0.2290322578125 0.6102318546875 0.2350806453125 0.6142641125 0.2350806453125 0.6203125 0.23911290312500003 0.6243447578125 0.23911290312500003 0.6303931453125 0.251209678125 0.6384576609375 0.270362903125 0.6394657265625 0.2895161296875 0.628377015625 0.29153225781250003 0.6021673390625
1 0.2975806453125 0.565877015625 0.2995967734375 0.5638608875 0.2995967734375 0.5557963703125 0.2935483875 0.5517641125 0.295564515625 0.5457157265625 0.29052419375 0.5406754031250001 0.2743951609375 0.534627015625 0.26028225781250003 0.5366431453125 0.2542338703125 0.5406754031250001 0.2491935484375 0.5457157265625 0.251209678125 0.5477318546875 0.24516129062499997 0.5517641125 0.2431451609375 0.5557963703125 0.2431451609375 0.5699092734375 0.251209678125 0.5820060484375 0.292540321875 0.5830141125 0.2975806453125 0.5759576609375 0.2975806453125 0.565877015625
2 0.08185483906249999 0.6082157265625 0.08185483906249999 0.600151209375 0.0838709671875 0.5981350812499999 0.08185483906249999 0.59208669375 0.076814515625 0.5870463703125 0.0707661296875 0.5890625 0.0697580640625 0.584022178125 0.0667338703125 0.5809979843749999 0.056653226562500006 0.5769657265625 0.04052419375 0.5769657265625 0.030443548437500002 0.5809979843749999 0.0193548390625 0.59208669375 0.01532258125 0.6102318546875 0.0193548390625 0.6182963703125 0.02842741875 0.6273689515624999 0.0395161296875 0.6303931453125 0.073790321875 0.6303931453125 0.073790321875 0.6223286296875 0.08185483906249999 0.6082157265625
2 0.4991935484375 0.6303931453125 0.5012096781250001 0.6102318546875 0.49516129062500003 0.600151209375 0.4901209671875 0.597127015625 0.47600806406249996 0.597127015625 0.47197580625 0.5991431453125 0.4679435484375 0.5951108875 0.46189516093750005 0.5951108875 0.44879032187499995 0.6102318546875 0.44879032187499995 0.6263608875 0.45282258124999997 0.6344254031250001 0.45987903281250003 0.6414818546875 0.46592741875000004 0.6434979843749999 0.4679435484375 0.6414818546875 0.4709677421875 0.6445060484375 0.48407258124999997 0.6455141125 0.49717741875000004 0.6344254031250001 0.4991935484375 0.6303931453125
2 0.5072580640625 0.5820060484375 0.5092741937499999 0.5759576609375 0.5092741937499999 0.5638608875 0.5072580640625 0.5598286296875 0.4961693546875 0.546723790625 0.48810483906249996 0.5426915328125 0.47802419374999994 0.5426915328125 0.47399193593750005 0.546723790625 0.46995967812500006 0.5447076609375 0.46592741875000004 0.546723790625 0.454838709375 0.5618447578125 0.454838709375 0.5759576609375 0.4588709671875 0.5860383062500001 0.46391129062500003 0.5890625 0.46995967812500006 0.5890625 0.47197580625 0.5870463703125 0.475 0.5900705640624999 0.4941532265625 0.5910786296875 0.5002016125 0.5890625 0.5072580640625 0.5820060484375
1 0.8983870968750001 0.5981350812499999 0.8983870968750001 0.577973790625 0.8943548390625 0.5739415328125 0.8983870968750001 0.5719254031250001 0.8983870968750001 0.5678931453125 0.8913306453125 0.56083669375 0.8832661296875 0.5568044359375001 0.8671370968750001 0.5568044359375001 0.8610887093749999 0.56083669375 0.8570564515625 0.56083669375 0.8459677421875 0.5759576609375 0.8479838703125001 0.59208669375 0.8520161296875 0.600151209375 0.8590725812500001 0.6031754031250001 0.8822580640625001 0.6041834671874999 0.8913306453125 0.6051915328125 0.8963709671875 0.6021673390625 0.8983870968750001 0.5981350812499999
1 0.9185483874999999 0.646522178125 0.9185483874999999 0.6303931453125 0.907459678125 0.615272178125 0.889314515625 0.6072076609375 0.8792338703125001 0.6072076609375 0.8691532265624999 0.61123991875 0.8600806453125 0.6203125 0.858064515625 0.6243447578125 0.858064515625 0.6384576609375 0.8620967734375 0.646522178125 0.8792338703125001 0.6616431453125 0.8903225812500001 0.662651209375 0.8933467734375 0.6636592734375 0.9145161296875 0.6525705640624999 0.9185483874999999 0.646522178125
2 0.9225806453125 0.5416834671874999 0.9225806453125 0.52958669375 0.920564515625 0.5255544359375001 0.90947580625 0.5144657265625 0.901411290625 0.5104334671874999 0.8832661296875 0.5104334671874999 0.8772177421875 0.512449596875 0.8681451609374999 0.5195060484375 0.8620967734375 0.52958669375 0.8620967734375 0.5416834671874999 0.8661290328125 0.5457157265625 0.8681451609374999 0.5517641125 0.88125 0.56083669375 0.8883064515625 0.5618447578125 0.8973790328125 0.562852821875 0.90947580625 0.5588205640624999 0.9225806453125 0.5416834671874999
2 0.2935483875 0.521522178125 0.2975806453125 0.5195060484375 0.2975806453125 0.503377015625 0.29052419375 0.49228830625000003 0.28447580625 0.490272178125 0.28044354843749997 0.48623991875000006 0.26028225781250003 0.48623991875000006 0.2522177421875 0.490272178125 0.24516129062499997 0.4973286296875 0.24112903281250003 0.5053931453125 0.24112903281250003 0.51748991875 0.24516129062499997 0.5195060484375 0.24516129062499997 0.5255544359375001 0.2572580640625 0.5356350812499999 0.28447580625 0.534627015625 0.29153225781250003 0.52958669375 0.2935483875 0.521522178125
3 0.8796875 0.603125 0.096875 0.1203125
3 0.684375 0.5953125 0.071875 0.121875
3 0.475 0.58125 0.08125 0.125
3 0.275 0.578125 0.084375 0.128125
3 0.06875 0.5671875 0.0796875 0.1359375