1 0.5244047625 0.4361111109375 0.5442460312499999 0.44404761875 0.5621031750000001 0.44404761875 0.58194444375 0.4361111109375 0.596825396875 0.421230159375 0.602777778125 0.40535714218749996 0.602777778125 0.38154761875 0.5928571421875 0.36369047656250003 0.58194444375 0.352777778125 0.5621031750000001 0.3448412703125 0.5363095234374999 0.346825396875 0.5164682546875 0.35674603125000004 0.50555555625 0.371626984375 0.502579365625 0.38452380937499997 0.5015873015625 0.403373015625 0.5134920640625 0.4251984125 0.5244047625 0.4361111109375
1 0.5244047625 0.7039682546875 0.5382936515625001 0.709920634375 0.5581349203125 0.709920634375 0.566071428125 0.70595238125 0.5829365078125 0.691071428125 0.5908730156249999 0.6751984125 0.5908730156249999 0.659325396875 0.584920634375 0.6454365078125 0.572023809375 0.6325396828125001 0.56805555625 0.6325396828125001 0.55615079375 0.6265873015625 0.540277778125 0.6265873015625 0.5244047625 0.634523809375 0.5204365078125 0.634523809375 0.5115079359375 0.64345238125 0.5045634921875 0.6603174609375 0.503571428125 0.6732142859375 0.509523809375 0.6890873015625 0.5244047625 0.7039682546875
1 0.6126984125 0.6136904765625 0.6206349203125 0.6236111109375 0.6206349203125 0.6295634921875 0.6246031750000001 0.6375 0.6295634921875 0.6424603171875 0.647420634375 0.6484126984375 0.6613095234374999 0.6424603171875 0.6662698406249999 0.6375 0.672222221875 0.627579365625 0.672222221875 0.6117063484374999 0.6662698406249999 0.60575396875 0.6642857140625 0.58194444375 0.6573412703125 0.5730158734375 0.6414682546875 0.5670634921875 0.6236111109375 0.5670634921875 0.6166666671875001 0.572023809375 0.6126984125 0.577976190625 0.609722221875 0.5888888890625 0.6087301593750001 0.6037698406249999 0.6126984125 0.609722221875 0.6126984125 0.6136904765625
1 0.615674603125 0.709920634375 0.63154761875 0.709920634375 0.6394841265625 0.70595238125 0.646428571875 0.6990079359375 0.652380953125 0.6871031750000001 0.652380953125 0.6751984125 0.650396825 0.6712301593750001 0.6375 0.6583333328125 0.615674603125 0.6583333328125 0.6077380953125 0.6623015875 0.6007936515625001 0.6692460312499999 0.5998015875 0.6742063484374999 0.5988095234374999 0.69305555625 0.60575396875 0.7039682546875 0.615674603125 0.709920634375
1 0.5283730156249999 0.8726190468749999 0.5462301593750001 0.8726190468749999 0.5521825390624999 0.8706349203125001 0.5670634921875 0.8577380953124999 0.56904761875 0.8517857140625 0.5670634921875 0.833928571875 0.5601190468749999 0.8269841265625001 0.5462301593750001 0.8210317453125 0.5323412703125 0.8210317453125 0.522420634375 0.825 0.5164682546875 0.825 0.509523809375 0.83194444375 0.50654761875 0.8428571421875001 0.509523809375 0.859722221875 0.5164682546875 0.8666666671875 0.5283730156249999 0.8726190468749999
1 0.6236111109375 0.753571428125 0.627579365625 0.75555555625 0.6394841265625 0.75555555625 0.6454365078125 0.753571428125 0.6543650796875 0.7446428578125001 0.6583333328125 0.734722221875 0.6583333328125 0.7287698406249999 0.6543650796875 0.7208333328125 0.647420634375 0.7158730156249999 0.6355158734375 0.7138888890625 0.6196428578125001 0.7198412703125 0.6166666671875001 0.7228174609375 0.6136904765625 0.7337301593750001 0.6126984125 0.7367063484374999 0.6166666671875001 0.746626984375 0.6236111109375 0.753571428125
1 0.6583333328125 0.73075396875 0.65634920625 0.7426587296875 0.6672619046875 0.74365079375 0.6712301593750001 0.7416666671875001 0.6801587296875 0.73075396875 0.678174603125 0.71884920625 0.6732142859375 0.7138888890625 0.6672619046875 0.7119047625 0.6533730156249999 0.7158730156249999 0.652380953125 0.7208333328125 0.65634920625 0.7248015875 0.6583333328125 0.73075396875
1 0.587896825 0.90634920625 0.5998015875 0.90634920625 0.6087301593750001 0.9013888890624999 0.6107142859375 0.89345238125 0.60575396875 0.884523809375 0.59384920625 0.8825396828125 0.5918650796875 0.884523809375 0.5859126984375 0.884523809375 0.58095238125 0.8894841265625001 0.5799603171875 0.89444444375 0.5789682546875 0.897420634375 0.583928571875 0.9043650796874999 0.587896825 0.90634920625
1 0.5442460312499999 0.977777778125 0.5492063484374999 0.9708333328125001 0.547222221875 0.964880953125 0.540277778125 0.959920634375 0.5263888890625 0.959920634375 0.5204365078125 0.9619047625 0.5164682546875 0.9678571421875001 0.515476190625 0.9748015875 0.5283730156249999 0.9817460312499999 0.5442460312499999 0.977777778125
0 0.5640873015625 0.9519841265625001 0.5710317453125 0.94305555625 0.56904761875 0.9371031750000001 0.5621031750000001 0.9321428578125 0.5482142859375 0.9321428578125 0.540277778125 0.9380952375 0.5392857140625 0.9490079359375001 0.5462301593750001 0.9539682546874999 0.5640873015625 0.9519841265625001
0 0.647420634375 0.771428571875 0.659325396875 0.771428571875 0.6702380953125 0.7625 0.6702380953125 0.7505952375 0.665277778125 0.74365079375 0.6553571421875 0.74365079375 0.6414682546875 0.75555555625 0.640476190625 0.7585317453125 0.64444444375 0.7625 0.647420634375 0.771428571875
0 0.678174603125 0.71884920625 0.68115079375 0.7257936515625001 0.6851190468749999 0.7257936515625001 0.6920634921875 0.7168650796875 0.6920634921875 0.708928571875 0.6831349203125 0.7 0.6732142859375 0.7 0.665277778125 0.70595238125 0.6642857140625 0.7109126984375 0.6732142859375 0.7138888890625 0.678174603125 0.71884920625
0 0.6136904765625 0.7912698406249999 0.63154761875 0.7912698406249999 0.6355158734375 0.7892857140625 0.6424603171875 0.7823412703125 0.646428571875 0.7744047625 0.64444444375 0.7625 0.6375 0.75555555625 0.627579365625 0.75555555625 0.6255952375 0.753571428125 0.609722221875 0.759523809375 0.6047619046875 0.7644841265625 0.6037698406249999 0.76944444375 0.602777778125 0.7763888890625 0.6047619046875 0.7823412703125 0.6136904765625 0.7912698406249999