1 0.7587472171874999 0.29287081875 0.7653597750000001 0.2926077640625 0.77193545 0.2950197953125 0.76949349375 0.2897524359375 0.7642045453125 0.28510551875 0.7631899343749999 0.28409090937500003 0.7530438312500001 0.28409090937500003 0.7510146109375 0.2861201296875 0.7489853890625 0.2861201296875 0.7479707796875 0.287134740625 0.7479707796875 0.29119318125000004 0.7459415578125 0.29322240312500003 0.7459415578125 0.299310065625 0.7479707796875 0.30133928593750003 0.7489853890625 0.302353896875 0.7532300265625 0.29420279374999997 0.7587472171874999 0.29287081875
1 0.7713068187500001 0.31858766250000004 0.7733360390625 0.31858766250000004 0.7784090906250001 0.3135146109375 0.7784090906250001 0.30336850625 0.7763798703125 0.30133928593750003 0.7763798703125 0.299310065625 0.7723214281249999 0.2952516234375 0.7723214281249999 0.29322240312500003 0.7672483765625 0.28814934999999997 0.7652191562499999 0.29017857187499996 0.75913149375 0.29017857187499996 0.7571022734375 0.29220779218750004 0.7550730515625 0.29220779218750004 0.7520292203125 0.2952516234375 0.7520292203125 0.29728084374999997 0.75 0.299310065625 0.75 0.30742694843749996 0.7520292203125 0.30945616875000004 0.7520292203125 0.3135146109375 0.7571022734375 0.31858766250000004 0.75913149375 0.31858766250000004 0.7601461031250001 0.31960227343750003 0.7611607140625 0.3206168828125 0.7692775968750001 0.3206168828125 0.7713068187500001 0.31858766250000004
1 0.8047889609375 0.325689934375 0.8047889609375 0.3135146109375 0.7956574671875 0.3043831171875 0.793628246875 0.3043831171875 0.7915990265625 0.302353896875 0.7875405843750001 0.302353896875 0.7855113640625 0.3043831171875 0.7834821421875 0.3043831171875 0.7784090906250001 0.30945616875000004 0.7784090906250001 0.32366071406249997 0.7865259734375 0.33177759687499997 0.7875405843750001 0.33279220781249996 0.7976866890625 0.33279220781249996 0.8047889609375 0.325689934375
0 0.7327516234375 0.302353896875 0.7347808437500001 0.30032467500000004 0.7368100656250001 0.30032467500000004 0.7398538968749999 0.29728084374999997 0.7398538968749999 0.2952516234375 0.7418831171875 0.29322240312500003 0.7418831171875 0.28510551875 0.7398538968749999 0.28307629843750004 0.7398538968749999 0.28104707812499996 0.7347808437500001 0.27597402656250003 0.7327516234375 0.27597402656250003 0.7307224031249999 0.27394480468750004 0.72260551875 0.27394480468750004 0.7205762984375 0.27597402656250003 0.7185470781250001 0.27597402656250003 0.7134740265625 0.28104707812499996 0.7134740265625 0.29119318125000004 0.715503246875 0.29322240312500003 0.715503246875 0.2952516234375 0.72260551875 0.302353896875 0.7266639609375 0.302353896875 0.7276785718750001 0.30336850625 0.7286931812499999 0.3043831171875 0.7307224031249999 0.302353896875 0.7327516234375 0.302353896875
0 0.6941964281249999 0.3307629875 0.6962256499999999 0.3307629875 0.69926948125 0.32771915625000003 0.7012987015625 0.32163149375 0.7033279218749999 0.31960227343750003 0.7033279218749999 0.30742694843749996 0.7012987015625 0.30539772656249997 0.7012987015625 0.30336850625 0.697240259375 0.299310065625 0.697240259375 0.29728084374999997 0.6941964281249999 0.296266234375 0.6901379875 0.29220779218750004 0.688108765625 0.29220779218750004 0.6860795453125 0.29017857187499996 0.671875 0.29017857187499996 0.6698457796875 0.29220779218750004 0.6678165578125 0.29220779218750004 0.66274350625 0.29728084374999997 0.66274350625 0.299310065625 0.6607142859375 0.30133928593750003 0.6607142859375 0.31757305156250004 0.6647727265625 0.32366071406249997 0.6647727265625 0.325689934375 0.6698457796875 0.3307629875 0.671875 0.3307629875 0.6739042203125 0.33279220781249996 0.6799918828125 0.33279220781249996 0.68100649375 0.33380681874999996 0.6820211031250001 0.33482142812500004 0.688108765625 0.33482142812500004 0.6941964281249999 0.3307629875
1 0.8961038968749999 0.374391234375 0.894074675 0.3642451296875 0.88494318125 0.3551136359375 0.8768262984374999 0.3551136359375 0.8697240265625 0.3642451296875 0.8697240265625 0.37033279218750004 0.8737824671875 0.380478896875 0.8798701296875 0.38453733749999996 0.8869724031249999 0.38555194843749996 0.89103084375 0.38352272656249997 0.8961038968749999 0.374391234375
1 0.9853896109375 0.44744318125 0.9803165578125 0.43831168906249995 0.9701704546875 0.43628246718749997 0.96306818125 0.443384740625 0.96306818125 0.45758928593750003 0.9661120125 0.46063311718750005 0.9742288968749999 0.456574675 0.98133116875 0.46164772656249997 0.9823457796874999 0.4626623375 0.9853896109375 0.45961850625 0.9853896109375 0.44744318125
0 0.9549512984374999 0.44541396093749996 0.95698051875 0.43932629843750004 0.9549512984374999 0.425121753125 0.9498782468750001 0.41801948125 0.9458198046874999 0.415990259375 0.9356737015625001 0.415990259375 0.9285714281249999 0.42918019531249996 0.93060065 0.443384740625 0.9366883109374999 0.45150162343750005 0.9458198046874999 0.452516234375 0.9498782468750001 0.4504870125 0.9549512984374999 0.44541396093749996
0 1 0.45860389687499997 0.996550325 0.45860389687499997 0.9914772734374999 0.46164772656249997 0.9914772734374999 0.46570616875 0.99959415625 0.47585227343750003 0.99959415625 0.49005681875 1 0.48997565 1 0.45860389687499997
0 0.98741883125 0.488027596875 0.9894480515625 0.47585227343750003 0.98741883125 0.47382305156250004 0.98741883125 0.46570616875 0.9823457796874999 0.46063311718750005 0.9762581171875 0.456574675 0.9701704546875 0.456574675 0.9650974031249999 0.46367694843749996 0.9711850656250001 0.46976461093750005 0.9732142859374999 0.481939934375 0.97524350625 0.48396915625 0.97524350625 0.49614448125 0.9772727265625001 0.49817370156249996 0.9782873375 0.49918831093750005 0.9833603890625 0.494115259375 0.98741883125 0.488027596875
0 0.5521509734375 0.34090909062499997 0.5622970781250001 0.33482142812500004 0.5714285718750001 0.31960227343750003 0.5714285718750001 0.30539772656249997 0.5693993500000001 0.299310065625 0.5582386359375 0.28814934999999997 0.5460633109375 0.28409090937500003 0.5359172078125 0.28409090937500003 0.5237418828125 0.28814934999999997 0.5166396109375 0.2952516234375 0.5125811687499999 0.30336850625 0.5125811687499999 0.31960227343750003 0.5206980515625 0.33380681874999996 0.5298295453125 0.34090909062499997 0.5389610390625 0.34192370156249996 0.5440340906250001 0.3429383109375 0.5460633109375 0.34090909062499997 0.5521509734375 0.34090909062499997
0 0.5044642859375 0.30945616875000004 0.5044642859375 0.29119318125000004 0.5004058437500001 0.28307629843750004 0.49127435 0.27394480468750004 0.48518668906249995 0.27191558437499996 0.46692370156249996 0.27191558437499996 0.45880681875 0.27597402656250003 0.449675325 0.28510551875 0.44561688281249995 0.2952516234375 0.44561688281249995 0.30539772656249997 0.45170454531250004 0.31757305156250004 0.46083603906250004 0.32467532499999996 0.46996753281250003 0.32771915625000003 0.47909902656250003 0.328733765625 0.493303571875 0.322646103125 0.5044642859375 0.30945616875000004
0 0.384740259375 0.27495941562500004 0.384740259375 0.2607548703125 0.38271103906250004 0.25466720781249996 0.375608765625 0.247564934375 0.36546266250000004 0.24350649375 0.35734577968750003 0.24350649375 0.3512581171875 0.2455357140625 0.3421266234375 0.2526379875 0.33806818125000004 0.2607548703125 0.33806818125000004 0.2769886359375 0.34719967500000004 0.28814934999999997 0.35024350625 0.28916396093749996 0.3674918828125 0.29017857187499996 0.3776379875 0.28409090937500003 0.384740259375 0.27495941562500004
0 0.346185065625 0.35815746718749997 0.35227272656249997 0.3480113640625 0.35227272656249997 0.33177759687499997 0.34821428593750003 0.31960227343750003 0.33908279218750004 0.3084415578125 0.3289366890625 0.302353896875 0.31067370156249996 0.302353896875 0.29646915625000003 0.3084415578125 0.28733766250000004 0.31757305156250004 0.28125 0.32771915625000003 0.27922077968750003 0.3459821421875 0.2853084421875 0.36221590937500003 0.29241071406249997 0.36931818125000004 0.30052759687499997 0.36931818125000004 0.30255681874999996 0.37134740312500003 0.31067370156249996 0.37134740312500003 0.31980519531249996 0.374391234375 0.324878246875 0.37540584374999997 0.3289366890625 0.3733766234375 0.346185065625 0.35815746718749997
0 0.27211850625 0.28409090937500003 0.28125 0.27495941562500004 0.2853084421875 0.26684253281250003 0.2853084421875 0.25466720781249996 0.28327922031249997 0.250608765625 0.27820616875000004 0.2455357140625 0.268060065625 0.2414772734375 0.255884740625 0.2455357140625 0.2447240265625 0.25669642812500004 0.2447240265625 0.26278409062499997 0.24269480468750002 0.2648133109375 0.2447240265625 0.27495941562500004 0.25182629843750004 0.2820616890625 0.25892857187499996 0.28510551875 0.2640016234375 0.2861201296875 0.26603084374999997 0.28409090937500003 0.27211850625 0.28409090937500003
0 0.44155844218749996 0.25872565000000003 0.4435876625 0.246550325 0.44155844218749996 0.2404626625 0.43445616875 0.2333603890625 0.43039772656249997 0.23133116875 0.41619318125 0.23133116875 0.40706168906249995 0.2384334421875 0.40706168906249995 0.2404626625 0.418222403125 0.24350649375 0.425324675 0.250608765625 0.42735389687499997 0.25466720781249996 0.42735389687499997 0.26684253281250003 0.43039772656249997 0.2678571421875 0.43445616875 0.26582792187500004 0.44155844218749996 0.25872565000000003
0 0.7215909093749999 0.6178977265625 0.7236201296875 0.5955762984375 0.7215909093749999 0.5935470781250001 0.7215909093749999 0.581371753125 0.7134740265625 0.5610795453125 0.6962256499999999 0.5418019484375 0.6779626624999999 0.5316558437500001 0.6515827921875 0.5296266234375 0.6495535718750001 0.5316558437500001 0.6394074671875 0.5316558437500001 0.6252029218749999 0.53774350625 0.6018668828125 0.5590503250000001 0.5896915578125 0.5834009734375 0.5876623375000001 0.6097808437500001 0.5917207796875 0.6219561687499999 0.5957792203125 0.6260146109375 0.5957792203125 0.6300730515625 0.6008522734375 0.6351461031250001 0.6150568187500001 0.6351461031250001 0.6272321421875 0.6310876624999999 0.6617288968749999 0.6331168828125 0.688108765625 0.6452922078125 0.6931818187500001 0.650365259375 0.6982548703125 0.6513798703125 0.7114448046875 0.6381899343749999 0.7215909093749999 0.6178977265625
1 0.619115259375 0.5438311687499999 0.6231737015625 0.53774350625 0.6272321421875 0.53774350625 0.6434659093749999 0.5296266234375 0.6759334421875 0.5296266234375 0.6820211031250001 0.5336850656250001 0.6860795453125 0.5336850656250001 0.6891233765625 0.530641234375 0.6891233765625 0.5265827921875 0.6931818187500001 0.5204951296875 0.6931818187500001 0.49817370156249996 0.6870941562499999 0.481939934375 0.671875 0.4626623375 0.6515827921875 0.452516234375 0.6312905843750001 0.4504870125 0.6292613640625 0.452516234375 0.6130275968750001 0.45454545468749996 0.59375 0.46976461093750005 0.5795454546875 0.494115259375 0.5795454546875 0.5286120125 0.5896915578125 0.5509334421875 0.5998376624999999 0.5570211031250001 0.6008522734375 0.5580357140625 0.6130275968750001 0.5458603890625 0.619115259375 0.5438311687499999
1 0.33198051875 0.45961850625 0.34415584374999997 0.43932629843750004 0.346185065625 0.412946428125 0.34415584374999997 0.41091720781249996 0.3421266234375 0.3987418828125 0.33603896093749996 0.38859577968750003 0.3258928578125 0.380478896875 0.324878246875 0.377435065625 0.3167613640625 0.3733766234375 0.31067370156249996 0.3733766234375 0.30864448125 0.37134740312500003 0.29038149375 0.37134740312500003 0.27414772656249997 0.377435065625 0.25892857187499996 0.390625 0.246753246875 0.412946428125 0.246753246875 0.437297078125 0.25892857187499996 0.455560065625 0.25892857187499996 0.45961850625 0.27008928593750003 0.47077922031249997 0.2853084421875 0.47585227343750003 0.30255681874999996 0.47686688281249995 0.31879058437499996 0.47077922031249997 0.33198051875 0.45961850625
1 0.25689934999999997 0.5062905843750001 0.26095779218750004 0.49817370156249996 0.26095779218750004 0.488027596875 0.2629870125 0.48599837656249995 0.26095779218750004 0.46570616875 0.25284090937500003 0.45150162343750005 0.25284090937500003 0.44744318125 0.246753246875 0.44135551875 0.2447240265625 0.43526785781250005 0.2396509734375 0.43019480468750004 0.2173295453125 0.42004870156249996 0.19703733750000002 0.42004870156249996 0.1767451296875 0.43019480468750004 0.16558441562499998 0.44135551875 0.1554383109375 0.46164772656249997 0.1554383109375 0.49614448125 0.1635551953125 0.5144074671875 0.17877435 0.5316558437500001 0.1980519484375 0.5387581171875 0.2213879875 0.5397727265625 0.2335633109375 0.5336850656250001 0.25689934999999997 0.5062905843750001
1 0.0803571421875 0.5326704546875 0.0884740265625 0.5083198046875 0.0884740265625 0.47991071406249997 0.0803571421875 0.46367694843749996 0.0803571421875 0.45961850625 0.069196428125 0.44845779218750004 0.054991882812500004 0.44237012968749995 0.0428165578125 0.44237012968749995 0.030641234375 0.44845779218750004 0.019480518750000002 0.46164772656249997 0.0113636359375 0.48396915625 0.0113636359375 0.5144074671875 0.017451298437500002 0.5245535718750001 0.017451298437500002 0.5286120125 0.0286120125 0.5418019484375 0.0387581171875 0.5478896109375 0.0458603890625 0.5489042203125 0.059050325 0.5499188312500001 0.0732548703125 0.5418019484375 0.0803571421875 0.5326704546875
1 0.2264610390625 0.7437094156249999 0.22443181874999998 0.7416801953125 0.22443181874999998 0.7335633109375 0.2102272734375 0.6990665578125 0.192978896875 0.677759740625 0.1767451296875 0.6655844156249999 0.15645292187499998 0.6554383109375 0.1422483765625 0.6534090906250001 0.14021915625 0.6513798703125 0.1300730515625 0.6513798703125 0.12804383125000002 0.6534090906250001 0.111810065625 0.6554383109375 0.099634740625 0.6615259734375 0.08441558437499999 0.6767451296875 0.078327921875 0.6889204546875 0.0762987015625 0.7010957796875 0.07426948125 0.703125 0.07426948125 0.7234172078125 0.0762987015625 0.7254464281249999 0.078327921875 0.7457386359375 0.0925324671875 0.7741477265625 0.1016639609375 0.7853084421875 0.1067370125 0.7863230515625 0.1300730515625 0.7873376624999999 0.13413149375 0.7853084421875 0.13616071406250002 0.7873376624999999 0.1584821421875 0.7873376624999999 0.1605113640625 0.7853084421875 0.2173295453125 0.7853084421875 0.2264610390625 0.77211850625 0.2264610390625 0.7437094156249999
1 0.2984983765625 0.30641233749999996 0.31067370156249996 0.302353896875 0.324878246875 0.302353896875 0.32792207812499996 0.299310065625 0.3258928578125 0.28916396093749996 0.31270292187500004 0.27597402656250003 0.294439934375 0.27394480468750004 0.2802353890625 0.28003246718749997 0.271103896875 0.28916396093749996 0.26704545468749996 0.29728084374999997 0.26704545468749996 0.31554383124999996 0.26907467500000004 0.32163149375 0.27516233749999996 0.32771915625000003 0.2802353890625 0.328733765625 0.291396103125 0.3114853890625 0.2984983765625 0.30641233749999996
1 0.33603896093749996 0.27495941562500004 0.33603896093749996 0.2648133109375 0.33806818125000004 0.26278409062499997 0.334009740625 0.2526379875 0.3289366890625 0.247564934375 0.32284902656250003 0.2455357140625 0.30864448125 0.2455357140625 0.29646915625000003 0.2516233765625 0.2893668828125 0.2607548703125 0.28733766250000004 0.27090097343749997 0.29038149375 0.27394480468750004 0.30864448125 0.27394480468750004 0.3167613640625 0.278003246875 0.32183441562500004 0.28510551875 0.324878246875 0.2861201296875 0.3289366890625 0.28409090937500003 0.33603896093749996 0.27495941562500004
1 0.20008116875 0.26684253281250003 0.1980519484375 0.2607548703125 0.19094967499999999 0.25365259687499997 0.1767451296875 0.25365259687499997 0.1676136359375 0.2607548703125 0.16558441562499998 0.26684253281250003 0.180803571875 0.2698863640625 0.18790584375 0.2769886359375 0.18790584375 0.28510551875 0.192978896875 0.2861201296875 0.1980519484375 0.28104707812499996 0.20008116875 0.26684253281250003
1 0.189935065625 0.28104707812499996 0.18790584375 0.27495941562500004 0.17877435 0.2678571421875 0.168628246875 0.26582792187500004 0.1605113640625 0.2698863640625 0.147321428125 0.28510551875 0.14529220781250002 0.2952516234375 0.14935065 0.30539772656249997 0.15645292187499998 0.3125 0.1615259734375 0.3135146109375 0.1726866890625 0.3125 0.18790584375 0.2952516234375 0.189935065625 0.28104707812499996
1 0.577516234375 0.28510551875 0.5754870125 0.2769886359375 0.568384740625 0.26582792187500004 0.5562094156249999 0.259740259375 0.5440340906250001 0.259740259375 0.5308441562499999 0.268871753125 0.5267857140625 0.2790178578125 0.5267857140625 0.28307629843750004 0.5298295453125 0.2861201296875 0.5541801953125 0.2861201296875 0.5673701296875 0.29728084374999997 0.5704139609375 0.29829545468749996 0.5734577921875 0.2952516234375 0.577516234375 0.28510551875
1 0.5693993500000001 0.2526379875 0.5582386359375 0.24350649375 0.5460633109375 0.24350649375 0.5328733765625 0.25466720781249996 0.5338879875 0.26582792187500004 0.5460633109375 0.259740259375 0.5541801953125 0.259740259375 0.5562094156249999 0.26176948125 0.5622970781250001 0.26176948125 0.5673701296875 0.26684253281250003 0.5714285718750001 0.26684253281250003 0.5734577921875 0.2607548703125 0.5693993500000001 0.2526379875
2 0.99959415625 0.494115259375 0.99959415625 0.47382305156250004 0.9904626625 0.46469155781250004 0.9853896109375 0.46570616875 0.98741883125 0.47179383125 0.98741883125 0.48599837656249995 0.9793019484375 0.49817370156249996 0.9833603890625 0.5022321421875 0.9904626625 0.503246753125 0.9945211031250001 0.5012175328125 0.99959415625 0.494115259375
2 0.97524350625 0.494115259375 0.9732142859374999 0.47382305156250004 0.9620535718750001 0.46063311718750005 0.9539366890625001 0.46063311718750005 0.9427759734375 0.46976461093750005 0.9407467531249999 0.481939934375 0.9387175328125 0.48396915625 0.9427759734375 0.5022321421875 0.9478490265625 0.5073051953125 0.9549512984374999 0.5103490265625 0.9640827921874999 0.5093344156249999 0.9732142859374999 0.5002029218749999 0.97524350625 0.494115259375
2 0.6485389609375 0.27293019531249996 0.646509740625 0.268871753125 0.6292613640625 0.259740259375 0.62114448125 0.26176948125 0.6140422078125 0.268871753125 0.6120129875 0.27495941562500004 0.6140422078125 0.28510551875 0.6241883109375 0.29322240312500003 0.6394074671875 0.2942370125 0.6485389609375 0.28510551875 0.6485389609375 0.27293019531249996
2 0.6120129875 0.2790178578125 0.6120129875 0.268871753125 0.6079545453125 0.2607548703125 0.5967938312500001 0.25365259687499997 0.5907061687499999 0.25365259687499997 0.5886769484375 0.2516233765625 0.5785308437500001 0.25568181874999996 0.5714285718750001 0.26684253281250003 0.577516234375 0.28510551875 0.5825892859375 0.29017857187499996 0.5876623375000001 0.29119318125000004 0.5967938312500001 0.29220779218750004 0.6049107140625 0.28814934999999997 0.6120129875 0.2790178578125
2 0.52475649375 0.28510551875 0.5308441562499999 0.268871753125 0.5288149343749999 0.2607548703125 0.5217126624999999 0.25365259687499997 0.5135957796875 0.24959415625 0.5014204546875 0.24959415625 0.493303571875 0.25365259687499997 0.484172078125 0.2648133109375 0.484172078125 0.27090097343749997 0.49127435 0.27394480468750004 0.5024350656250001 0.28510551875 0.5044642859375 0.29119318125000004 0.515625 0.29220779218750004 0.5196834421875 0.29017857187499996 0.52475649375 0.28510551875
2 0.42735389687499997 0.268871753125 0.42735389687499997 0.25466720781249996 0.418222403125 0.24350649375 0.41416396093749996 0.2414772734375 0.39590097343749997 0.2414772734375 0.38271103906250004 0.2526379875 0.384740259375 0.2648133109375 0.38676948125 0.26684253281250003 0.384740259375 0.27495941562500004 0.39184253281250003 0.2820616890625 0.39894480468750004 0.28510551875 0.40401785781250005 0.2861201296875 0.41619318125 0.2820616890625 0.42735389687499997 0.268871753125
2 0.359375 0.2455357140625 0.36140422031249997 0.24350649375 0.3634334421875 0.2455357140625 0.37155032499999996 0.2455357140625 0.38169642812500004 0.2516233765625 0.38271103906250004 0.244521103125 0.37357954531250004 0.2333603890625 0.359375 0.23133116875 0.35328733749999996 0.2333603890625 0.34415584374999997 0.2404626625 0.34009740312500003 0.2485795453125 0.3421266234375 0.2526379875 0.343141234375 0.25365259687499997 0.35328733749999996 0.2455357140625 0.359375 0.2455357140625
2 0.30864448125 0.2455357140625 0.32284902656250003 0.2455357140625 0.3289366890625 0.247564934375 0.32995129843750004 0.244521103125 0.32081980468750004 0.2353896109375 0.30458603906250004 0.2353896109375 0.291396103125 0.246550325 0.2893668828125 0.25669642812500004 0.29241071406249997 0.25771103906250004 0.29646915625000003 0.2516233765625 0.30864448125 0.2455357140625
2 0.453733765625 0.36627434999999997 0.45779220781249996 0.35409902656250003 0.45779220781249996 0.34192370156249996 0.449675325 0.32366071406249997 0.44257305156250004 0.3165584421875 0.42836850625 0.31047077968750003 0.40807629843750004 0.31047077968750003 0.39793019531249996 0.31452922031249997 0.38271103906250004 0.3297483765625 0.37865259687499997 0.33989448125 0.37865259687499997 0.36221590937500003 0.38271103906250004 0.37033279218750004 0.393871753125 0.38149350625 0.409090909375 0.3865665578125 0.424310065625 0.38758116875000004 0.44460227343750003 0.377435065625 0.453733765625 0.36627434999999997
2 0.48518668906249995 0.5093344156249999 0.5034496749999999 0.49918831093750005 0.5166396109375 0.48396915625 0.52475649375 0.46367694843749996 0.5227272734375 0.43932629843750004 0.5105519484375 0.41700487031250005 0.4973620125 0.40584415625 0.475040584375 0.39772727343750003 0.450689934375 0.39975649375 0.43039772656249997 0.409902596875 0.41720779218750004 0.425121753125 0.41314935 0.437297078125 0.41314935 0.44541396093749996 0.41112012968749995 0.44744318125 0.41314935 0.47179383125 0.425324675 0.494115259375 0.43648538906249995 0.503246753125 0.4557629875 0.5103490265625 0.47706980468750004 0.5113636359375 0.47909902656250003 0.5093344156249999 0.48518668906249995 0.5093344156249999
2 0.43445616875 0.677759740625 0.453733765625 0.6605113640625 0.4557629875 0.6544237015625 0.46185065 0.6483360390625 0.46996753281250003 0.6239853890625 0.46996753281250003 0.6016639609375 0.465909090625 0.5915178578125 0.465909090625 0.5854301953125 0.45779220781249996 0.5691964281249999 0.44257305156250004 0.5519480515625 0.43242694843749996 0.5438311687499999 0.418222403125 0.5357142859375 0.40198863593749995 0.5336850656250001 0.39995941562500004 0.5316558437500001 0.37966720781249996 0.5316558437500001 0.369521103125 0.5357142859375 0.3634334421875 0.5357142859375 0.33908279218750004 0.5478896109375 0.31980519531249996 0.5712256499999999 0.3116883109375 0.5955762984375 0.3116883109375 0.6260146109375 0.31980519531249996 0.6463068187500001 0.32792207812499996 0.6584821421875 0.349228896875 0.677759740625 0.3674918828125 0.6858766234375 0.38068181874999996 0.6889204546875 0.406047078125 0.6899350656250001 0.424310065625 0.6838474031249999 0.43445616875 0.677759740625
2 0.6678165578125 0.7853084421875 0.6799918828125 0.7771915578125 0.69926948125 0.7579139609375 0.7073863640625 0.7457386359375 0.715503246875 0.7234172078125 0.7175324671875 0.6970373375000001 0.715503246875 0.6950081171875 0.715503246875 0.686891234375 0.7053571421875 0.6665990265625 0.6860795453125 0.6452922078125 0.6637581171875 0.6351461031250001 0.6475243500000001 0.6331168828125 0.6454951296875 0.6310876624999999 0.62114448125 0.6331168828125 0.60288149375 0.641233765625 0.5988230515625 0.641233765625 0.5886769484375 0.6473214281249999 0.5734577921875 0.6605113640625 0.5653409093749999 0.6706574671875 0.5551948046875 0.6889204546875 0.5511363640625 0.7010957796875 0.5491071421875 0.7254464281249999 0.5511363640625 0.7274756499999999 0.5511363640625 0.7355925328125 0.5572240265625 0.7477678578125 0.5572240265625 0.7518262984375 0.5693993500000001 0.7700892859375 0.5825892859375 0.7832792203125 0.59375 0.7863230515625 0.6596996749999999 0.7873376624999999 0.6617288968749999 0.7853084421875 0.6678165578125 0.7853084421875