2 0.3579758984375 0.48120915000000003 0.3784007359375 0.483251634375 0.388613153125 0.4771241828125 0.3916768796875 0.47201797343749996 0.3916768796875 0.4577205875 0.3896343953125 0.4536356203125 0.3937193625 0.44955065312500003 0.3937193625 0.44342320312499994 0.3784007359375 0.43014705937500003 0.362060865625 0.43014705937500003 0.35389093125 0.43423202656250004 0.3467422390625 0.44138071874999996 0.3446997546875 0.4475081703125 0.3467422390625 0.44955065312500003 0.34367851250000003 0.4526143796875 0.342657271875 0.46589052343750004 0.35389093125 0.4791666671875 0.3579758984375 0.48120915000000003
1 0.37130273593749996 0 0.371223121875 0.0000318453125 0.35896822031250003 0.0163717140625 0.357946978125 0.039860276562500005 0.371223121875 0.055178903125 0.3773505734375 0.0572213875 0.38143554062499996 0.061306354687499995 0.397775409375 0.0633488375 0.4090090703125 0.0541576625 0.4069665859375 0.0480302109375 0.41207279531249996 0.047008968750000005 0.41513652187499994 0.04394524375 0.41513652187499994 0.025562890625 0.4069665859375 0.009223021875 0.397743565625 0 0.37130273593749996 0
1 0.3599067890625 0.273517515625 0.372161690625 0.273517515625 0.37420417499999997 0.2714750328125 0.3762466578125 0.273517515625 0.39054404374999996 0.273517515625 0.39973522031250003 0.26228385625 0.40177770468749996 0.24594398750000002 0.39973522031250003 0.24390150312499997 0.39973522031250003 0.23777405156250003 0.3936077703125 0.227561634375 0.3864590765625 0.222455425 0.3782891421875 0.2183704578125 0.372161690625 0.220412940625 0.3701192078125 0.2183704578125 0.36399175625 0.2183704578125 0.355821821875 0.222455425 0.345609403125 0.2347103265625 0.3445881625 0.25411392187500004 0.3507156125 0.264326340625 0.3599067890625 0.273517515625
1 0.3438683984375 0.8990124265625001 0.35203833281249997 0.9010549093750001 0.3642932359375 0.8969699421874999 0.3796118625 0.87960883125 0.381654346875 0.861226478125 0.3796118625 0.8550990281249999 0.3704206859375 0.8418228843750001 0.36225075156250003 0.8377379171875001 0.34591088281250004 0.8397804000000001 0.33059225468750003 0.85305654375 0.3275285296875 0.8602052375 0.3265072875 0.881651315625 0.33978343125 0.8969699421874999 0.3438683984375 0.8990124265625001
2 0.41370067343750005 0.2738334609375 0.42391309218749995 0.2738334609375 0.425955575 0.2717909765625 0.427998059375 0.2738334609375 0.4402529609375 0.2738334609375 0.4514866203125 0.2625998 0.45352910468749996 0.25034489843749996 0.4555715875 0.248302415625 0.4514866203125 0.23400502968749998 0.4382104765625 0.22277136875 0.4198281234375 0.22277136875 0.4065519796875 0.23400502968749998 0.401445771875 0.24319620625 0.40042452968750003 0.25647235 0.404509496875 0.264642284375 0.41370067343750005 0.2738334609375
1 0.3809863671875 0.8859942453125 0.38609257656249996 0.8931429375000001 0.392220028125 0.8931429375000001 0.3963049953125 0.8992703890625 0.4044749296875 0.901312871875 0.4065174140625 0.8992703890625 0.4126448640625 0.8992703890625 0.41672983124999996 0.8972279046875 0.42592100781250003 0.8880367281250001 0.430005975 0.87986679375 0.430005975 0.8594419578125001 0.42592100781250003 0.8512720234375 0.41877231562499995 0.8441233296874999 0.4146873484375 0.842080846875 0.41060238125000004 0.842080846875 0.40855989687500005 0.8400383625 0.4024324453125 0.8400383625 0.395283753125 0.8451445718749999 0.39426251093750003 0.85025078125 0.392220028125 0.8461658140624999 0.39017754375 0.8461658140624999 0.3830288515625 0.8533145062499999 0.37996512656250003 0.8625056828125001 0.37894388437500004 0.87373934375 0.3809863671875 0.8757818265624999 0.3809863671875 0.8859942453125
2 0.44164767187500004 0.07191646406249999 0.4457326390625 0.0698739796875 0.44981760625 0.07191646406249999 0.461051265625 0.0627252875 0.46513623437499996 0.05251286875 0.46513623437499996 0.0423004515625 0.4590087828125 0.028003065625 0.451860090625 0.020854371875 0.447775121875 0.020854371875 0.4436901546875 0.0167694046875 0.4293927703125 0.0167694046875 0.4161166265625 0.028003065625 0.415095384375 0.031066790625 0.4140741421875 0.05864032031250001 0.42326531875000006 0.0698739796875 0.44164767187500004 0.07191646406249999
1 0.4105444921875 0.4894744203125 0.415990915625 0.4915165015625 0.42393360781249995 0.491289596875 0.42869920156249997 0.4899282140625 0.43459949687500005 0.48879372187500003 0.43868430625 0.4849364625 0.4423152484375 0.4813060953125 0.44481151093750004 0.47722193125 0.446400059375 0.472910878125 0.44549231875000006 0.4658770296875 0.44549231875000006 0.4583893875 0.442996046875 0.45475903281249996 0.4407267109375 0.45022107499999997 0.43459949687500005 0.44205274843750003 0.4314224203125 0.438876175 0.42597601249999995 0.437060996875 0.4214373375 0.4363802984375 0.413721584375 0.43774168125 0.41077145000000004 0.438876175 0.40577889218749996 0.44137205 0.40010554374999996 0.44545621406249997 0.3967015421875 0.4484058984375 0.39556686874999997 0.4518093625 0.3944322125 0.454985921875 0.39352445 0.4588431953125 0.39352445 0.463381153125 0.39583723593750003 0.46664141875 0.399197796875 0.4742722453125 0.40282875625000003 0.48266747656250003 0.406686640625 0.48697854375 0.4105444921875 0.4894744203125
3 0.3890625 0.8640625 0.13125 0.0875
3 0.39375 0.671875 0.125 0.084375
3 0.4015625 0.4625 0.1328125 0.0953125
3 0.415625 0.25 0.121875 0.0953125
3 0.4234375 0.046875 0.128125 0.0921875