1 0.6604785484375 0.7786716171875 0.6522277234375 0.7662953796875 0.6408828390625 0.7549504953125 0.6285065999999999 0.7466996703125 0.6161303625000001 0.7425742578125 0.5748762375 0.7425742578125 0.5625 0.7466996703125 0.54806105625 0.7549504953125 0.528465346875 0.7766089109375 0.5202145218750001 0.7951732671875 0.5202145218750001 0.8075495046875 0.518151815625 0.8096122109375001 0.5202145218750001 0.8137376234374999 0.5202145218750001 0.8240511546875 0.528465346875 0.8426155109375 0.54599835 0.8601485156249999 0.5625 0.868399340625 0.57693894375 0.8704620468750001 0.57900165 0.872524753125 0.6099422437500001 0.8704620468750001 0.62231848125 0.8663366343750001 0.636757425 0.8580858078125001 0.6481023109375 0.8488036296875 0.6563531359375 0.8384900984374999 0.6635726078124999 0.8209570953125 0.6646039609375001 0.7931105609375 0.6625412546875 0.7910478546874999 0.6604785484375 0.7786716171875
1 0.4696782171875 0.1278877890625 0.4511138609375 0.1278877890625 0.4387376234375 0.1340759078125 0.43151815156250006 0.1433580859375 0.4273927390625 0.1536716171875 0.4273927390625 0.1598597359375 0.43151815156250006 0.16811056093750001 0.4408003296875 0.1773927390625 0.4469884484375 0.1794554453125 0.46555280468750004 0.1794554453125 0.47792904218750004 0.17533003281249998 0.485148515625 0.16811056093750001 0.488242575 0.1608910890625 0.489273928125 0.1433580859375 0.47999174843750003 0.13201320156250002 0.4696782171875 0.1278877890625
1 0.5408415843750001 0.009282178125 0.537747525 0.0041254125 0.5253712875 0.00206270625 0.52330858125 0.0041254125 0.5150577562499999 0.0041254125 0.50680693125 0.008250825 0.499587459375 0.017533003125 0.499587459375 0.025783828125 0.5088696374999999 0.03506600625 0.5150577562499999 0.0371287125 0.53155940625 0.03919141875 0.5336221125 0.0371287125 0.54393564375 0.0371287125 0.5501237625 0.030940593750000002 0.5511551156250001 0.025783828125 0.5408415843750001 0.015470296875000001 0.5408415843750001 0.009282178125
1 0.5450357546875 0 0.538778878125 0.007219471874999999 0.5408415843750001 0.009282178125 0.5408415843750001 0.015470296875000001 0.5501237625 0.024752475 0.5666254125 0.030940593750000002 0.5913778875 0.030940593750000002 0.603754125 0.0206270625 0.6047854781249999 0.005156765625 0.5996287125 0 0.5450357546875 0
2 0.4242986796875 0.0969471953125 0.41192244218749996 0.0990099015625 0.40264026406250003 0.10622937343750001 0.40057755781250004 0.1103547859375 0.40264026406250003 0.1206683171875 0.41192244218749996 0.1278877890625 0.4242986796875 0.1278877890625 0.4325495046875 0.1216996703125 0.43358085781250005 0.1186056109375 0.42326732656250005 0.10622937343750001 0.4242986796875 0.0969471953125
2 0.45523927343750004 0.0825082515625 0.4428630359375 0.0825082515625 0.4325495046875 0.0866336640625 0.4273927390625 0.0917904296875 0.42326732656250005 0.1041666671875 0.42533003281250004 0.1103547859375 0.4325495046875 0.1155115515625 0.43976897656249997 0.1041666671875 0.4469884484375 0.0990099015625 0.4593646859375 0.0948844890625 0.46761551093750003 0.0948844890625 0.4686468640625 0.0917904296875 0.4634900984375 0.0866336640625 0.45523927343750004 0.0825082515625
2 0.47586633593750005 0.0969471953125 0.4696782171875 0.0948844890625 0.4593646859375 0.0948844890625 0.4469884484375 0.0990099015625 0.43976897656249997 0.1041666671875 0.43358085781250005 0.11448019843749999 0.43358085781250005 0.1227310234375 0.4387376234375 0.13201320156250002 0.44492574218750003 0.13201320156250002 0.4511138609375 0.1278877890625 0.4696782171875 0.1278877890625 0.47792904218750004 0.13201320156250002 0.4841171609375 0.13201320156250002 0.488242575 0.1237623765625 0.489273928125 0.1103547859375 0.487211221875 0.10622937343750001 0.47586633593750005 0.0969471953125
2 0.50268151875 0.057755774999999995 0.4841171609375 0.057755774999999995 0.47792904218750004 0.05981848125 0.46658415781249996 0.069100659375 0.46452145156249997 0.07322607187499999 0.46452145156249997 0.0876650171875 0.4738036296875 0.0969471953125 0.4820544546875 0.1010726078125 0.50268151875 0.1010726078125 0.51093234375 0.0969471953125 0.5191831687499999 0.0866336640625 0.5202145218750001 0.071163365625 0.51093234375 0.061881187500000004 0.50268151875 0.057755774999999995
2 0.55631188125 0.249587459375 0.5336221125 0.23927392812499998 0.50680693125 0.241336634375 0.49443069375000004 0.247524753125 0.4789603953125 0.26093234375 0.4707095703125 0.27743399375 0.4686468640625 0.29393564375 0.4748349828125 0.3125 0.49030528125000006 0.330033003125 0.5047442249999999 0.338283828125 0.52743399375 0.340346534375 0.5294966999999999 0.338283828125 0.5398102312499999 0.338283828125 0.55218646875 0.33415841562500004 0.5697194718749999 0.31868811875 0.57693894375 0.303217821875 0.577970296875 0.28362211249999997 0.5697194718749999 0.26299505 0.55631188125 0.249587459375
2 0.586221121875 0.5393976890625 0.582095709375 0.5270214515625 0.5738448843749999 0.5125825078124999 0.5583745875 0.4991749171875 0.5501237625 0.4950495046875 0.54393564375 0.4929867984375 0.5294966999999999 0.4929867984375 0.52743399375 0.4909240921875 0.5253712875 0.4929867984375 0.51093234375 0.4929867984375 0.488242575 0.5033003296875 0.4707095703125 0.5228960390624999 0.4603960390625 0.551773928125 0.4624587453125 0.568275578125 0.46658415781249996 0.576526403125 0.46658415781249996 0.5827145218750001 0.4707095703125 0.588902640625 0.49030528125000006 0.60849835 0.5150577562499999 0.616749175 0.53155940625 0.616749175 0.554249175 0.6023102312499999 0.56868811875 0.59818481875 0.577970296875 0.588902640625 0.587252475 0.56518151875 0.588283828125 0.5476485156249999 0.586221121875 0.5455858078125 0.586221121875 0.5393976890625
2 0.6481023109375 0.652846534375 0.6460396046875 0.650783828125 0.6460396046875 0.644595709375 0.635726071875 0.6260313531249999 0.62231848125 0.6126237625 0.59344059375 0.600247525 0.5666254125 0.600247525 0.5418729375 0.61056105625 0.524339934375 0.6260313531249999 0.516089109375 0.638407590625 0.507838284375 0.6569719468749999 0.507838284375 0.689975246875 0.516089109375 0.7085396046875 0.53568481875 0.7281353140625 0.554249175 0.7384488453125 0.56043729375 0.7384488453125 0.5625 0.7405115515625 0.57693894375 0.7405115515625 0.58106435625 0.7425742578125 0.5913778875 0.7384488453125 0.59756600625 0.7384488453125 0.6243811874999999 0.7240099015625 0.6398514843750001 0.7064768984375001 0.6481023109375 0.689975246875 0.6491336640625 0.68069306875 0.6501650171875 0.663160065625 0.6481023109375 0.661097359375 0.6481023109375 0.652846534375