2 0.453327921875 0.3621161296875 0.453327921875 0.378349896875 0.46651785781250005 0.3935690515625 0.47260551875 0.3935690515625 0.479953421875 0.3950650171875 0.48640194374999995 0.395292421875 0.49492694843749996 0.39153983124999997 0.5 0.388496 0.5060876624999999 0.378349896875 0.5040584421875 0.3580576890625 0.5020292203125 0.353999246875 0.48883928593750003 0.3428385328125 0.47564935 0.3438531421875 0.47260551875 0.3468969734375 0.47057629843750004 0.344867753125 0.46448863593749995 0.3468969734375 0.45738636406250005 0.353999246875 0.453327921875 0.3621161296875
1 0.0729008703125 0.40838182031250003 0.07391548125 0.40330876718750003 0.0800031421875 0.4053379890625 0.0891346359375 0.394177275 0.087105415625 0.3779435078125 0.0830469734375 0.3738850671875 0.08101775312500001 0.3677974046875 0.065798596875 0.35460746875 0.0424625578125 0.3556220796875 0.0262287921875 0.3677974046875 0.02217035 0.3779435078125 0.024199571875 0.392148053125 0.0353602859375 0.40330876718750003 0.0515940515625 0.4114256515625 0.0698570390625 0.4114256515625 0.0729008703125 0.40838182031250003
1 0.24292649375000003 0.3702219234375 0.2449557140625 0.37225114375 0.24292649375000003 0.37833880625 0.246984934375 0.38645569062499996 0.2520579875 0.39355796249999997 0.262204090625 0.399645625 0.26829175312500003 0.399645625 0.2703209734375 0.40167484531250003 0.286554740625 0.399645625 0.2977154546875 0.39051413125 0.2977154546875 0.37630958593749997 0.295686234375 0.374280365625 0.2977154546875 0.37225114375 0.2977154546875 0.36007582031249996 0.2885839609375 0.35094432656249996 0.2784378578125 0.34485666406250004 0.259160259375 0.34587127500000003 0.246984934375 0.356017378125 0.24292649375000003 0.3641342609375 0.24292649375000003 0.3702219234375
1 0.9127998500000001 0.3634800609375 0.9143938265625 0.34960697343749997 0.9138446578125 0.34608971093749996 0.912301821875 0.34377020156250004 0.909233359375 0.3376327953125 0.8982432875 0.3315766421875 0.8841183171875 0.3296461859375 0.8730111484374999 0.332130590625 0.8591098609375001 0.3466709046875 0.8573170546875 0.3627000421875 0.859155609375 0.3708064 0.8723455437500001 0.37993789218749996 0.8784332062500001 0.3819671140625 0.8966961937500001 0.37993789218749996 0.9127998500000001 0.3634800609375
2 0.28398405625 0.450854325 0.295144771875 0.4396936109375 0.29810815 0.429068840625 0.2984376546875 0.4258979515625 0.2961264890625 0.41965015 0.29234648281250003 0.41223168125000004 0.2838455265625 0.40692017968750005 0.2741541796875 0.4061126640625 0.26382587343749997 0.406295978125 0.24853180937500002 0.41033355625 0.24064113125 0.4193403703125 0.240410246875 0.4342515578125 0.25557496562500004 0.450854325 0.26977951093749997 0.45491276562499994 0.2718087328125 0.45288354531249997 0.28398405625 0.450854325
1 0.9105082624999999 0.3806284109375 0.9038678484375 0.3770095015625 0.8983329390625 0.378599190625 0.8871722234374999 0.3796138 0.8780407312499999 0.38265763124999996 0.8709384578125 0.3897599046875 0.8709384578125 0.39178912499999996 0.87047416875 0.392341784375 0.869923846875 0.39483295625000003 0.8665893609375 0.40177563593750004 0.8669430453125001 0.40540234999999997 0.8670558421875001 0.410126446875 0.8682359109375 0.412097528125 0.8688390890625 0.414478215625 0.8762010109375 0.4235125 0.8841283921875001 0.429329709375 0.9044206000000001 0.429329709375 0.912537484375 0.42527126718749997 0.9216689765625 0.416139775 0.9236981984374999 0.41208133281250003 0.9260167078125001 0.4087255640625 0.92572741875 0.40396445 0.9236981984374999 0.3958475671875 0.9220812359374999 0.38905059375 0.9176105359375001 0.38570146250000004 0.9105082624999999 0.3806284109375
2 0.47234124218750007 0.4455878859375 0.4824873453125 0.4455878859375 0.49112057968749995 0.4429389953125 0.50176494375 0.43036873125 0.5042094390625 0.4253137578125 0.50477676875 0.4164357640625 0.5019732078125 0.4070284671875 0.4963825125 0.4011045875 0.48372986406249996 0.3929057484375 0.46982712187500003 0.3931964703125 0.4617436625 0.3993329109375 0.45441580468750004 0.407082890625 0.45035519687500003 0.418733746875 0.4514371171875 0.4283910265625 0.458136696875 0.4395002234375 0.47234124218750007 0.4455878859375
3 0.890625 0.3828125 0.0953125 0.1359375
3 0.6984375 0.3921875 0.0875 0.11875
3 0.4859375 0.396875 0.075 0.1359375
3 0.2609375 0.409375 0.0828125 0.134375
3 0.059375 0.421875 0.109375 0.1203125