2 0.459375 0.840625 0.046875 0.053125
2 0.45 0.6765625 0.0453125 0.0546875
2 0.4421875 0.490625 0.053125 0.046875
2 0.43125 0.2875 0.0625 0.0546875
2 0.4234375 0.1046875 0.053125 0.05625
1 0.5015625 0.8453125 0.046875 0.0578125
1 0.4953125 0.6640625 0.046875 0.053125
1 0.490625 0.4796875 0.046875 0.053125
1 0.48125 0.2953125 0.04375 0.053125
2 0.524129746875 0.8530458859375001 0.531052215625 0.861946203125 0.5350079109375 0.861946203125 0.54094145625 0.8698575953125 0.5508306968750001 0.8698575953125 0.5617088609375 0.8629351265625 0.5676424046874999 0.8530458859375001 0.5676424046874999 0.8372231015624999 0.563686709375 0.829311709375 0.55280854375 0.81843354375 0.54094145625 0.8164556968750001 0.536985759375 0.81843354375 0.5350079109375 0.822389240625 0.5261075953125001 0.8273338609374999 0.5251186703124999 0.83227848125 0.524129746875 0.8431566453125001 0.5261075953125001 0.8471123421875 0.524129746875 0.8530458859375001
1 0.505340190625 0.29825949375 0.5092958859375 0.3002373421875 0.51424050625 0.2992484171875 0.51424050625 0.2794699359375 0.5162183546875 0.2794699359375 0.5191851265625 0.30617088593749997 0.5350079109375 0.30617088593749997 0.5478639234375 0.2933148734375 0.5498417718749999 0.28738132968749996 0.5498417718749999 0.2735363921875 0.5478639234375 0.26760284843750004 0.5389636078125 0.25870253125 0.5290743671875 0.25474683593749997 0.517207278125 0.2567246828125 0.5162183546875 0.2735363921875 0.511273734375 0.2745253171875 0.5092958859375 0.27254746875 0.5033623421875 0.2745253171875 0.50138449375 0.2784810125 0.5003955703125 0.28738132968749996 0.5023734171875 0.2933148734375 0.505340190625 0.29825949375
3 0.48125 0.8421875 0.121875 0.084375
3 0.4796875 0.675 0.115625 0.0796875
3 0.4765625 0.4828125 0.1265625 0.0703125
3 0.4625 0.2890625 0.121875 0.0828125
3 0.4546875 0.096875 0.121875 0.0921875