2 0.3359375 0.509375 0.0484375 0.04375
2 0.334375 0.4625 0.0484375 0.0421875
2 0.3375 0.4171875 0.046875 0.04375
2 0.7171875 0.525 0.05 0.0453125
2 0.7015625 0.4796875 0.0484375 0.0421875
2 0.7234375 0.434375 0.046875 0.046875
1 0.525 0.4234375 0.046875 0.04375
1 0.515625 0.4703125 0.0453125 0.040625
1 0.521875 0.515625 0.046875 0.0484375
1 0.159375 0.5015625 0.05 0.04375
1 0.159375 0.459375 0.0484375 0.0421875
1 0.15625 0.415625 0.053125 0.046875
3 0.1640625 0.4765625 0.090625 0.10625
3 0.3328125 0.4765625 0.071875 0.1140625
3 0.515625 0.484375 0.06875 0.121875
3 0.7125 0.49375 0.078125 0.1265625
3 0.90625 0.5 0.084375 0.1203125