2 0.282475490625 0.3701695265625 0.27430555624999997 0.37425449375 0.2671568625 0.3814031859375 0.2630718953125 0.3895731203125 0.2630718953125 0.4079554734375 0.2651143796875 0.41204044062499995 0.2763480390625 0.4212316171875 0.28043300625 0.4232741015625 0.2916666671875 0.422252859375 0.298815359375 0.419189134375 0.3080065359375 0.4099979578125 0.312091503125 0.4018280234375 0.312091503125 0.3875306375 0.3029003265625 0.37425449375 0.2947303921875 0.3701695265625 0.282475490625 0.3701695265625
2 0.3366013078125 0.3344260625 0.345792484375 0.34361723906249997 0.354983659375 0.342595996875 0.36008986875 0.3415747546875 0.3672385625 0.3344260625 0.3692810453125 0.3303410953125 0.3692810453125 0.3180861921875 0.3672385625 0.314001225 0.36008986875 0.308895015625 0.3478349671875 0.308895015625 0.34375 0.3109375 0.3366013078125 0.3201286765625 0.3366013078125 0.3344260625
2 0.481617646875 0.295618871875 0.481617646875 0.289491421875 0.48366013125 0.2874489375 0.48366013125 0.28540645468750003 0.481617646875 0.2833639703125 0.481617646875 0.28132148749999997 0.48059640468750003 0.2803002453125 0.47446895468749994 0.2803002453125 0.47242647031249996 0.2782577609375 0.468341503125 0.2782577609375 0.46629902031250003 0.276215278125 0.46017156875 0.276215278125 0.4530228765625 0.2833639703125 0.4530228765625 0.2874489375 0.4509803921875 0.289491421875 0.4509803921875 0.2935763890625 0.455065359375 0.29766135625 0.455065359375 0.299703840625 0.46017156875 0.3048100484375 0.47242647031249996 0.3048100484375 0.47344771249999995 0.3037888078125 0.481617646875 0.295618871875
2 0.478553921875 0.2721303109375 0.47651143749999997 0.2721303109375 0.47446895468749994 0.2700878265625 0.468341503125 0.2700878265625 0.46629902031250003 0.2721303109375 0.46425653593750005 0.2721303109375 0.46323529375000005 0.2731515515625 0.46629902031250003 0.276215278125 0.468341503125 0.276215278125 0.4703839875 0.2782577609375 0.47242647031249996 0.2782577609375 0.47446895468749994 0.2803002453125 0.478553921875 0.2803002453125 0.48059640468750003 0.282342728125 0.481617646875 0.28132148749999997 0.48366013125 0.279279003125 0.481617646875 0.2772365203125 0.481617646875 0.27519403593749997 0.478553921875 0.2721303109375
2 0.505106209375 0.2721303109375 0.49285130781250003 0.2721303109375 0.48366013125 0.28132148749999997 0.48366013125 0.29153390468749996 0.4908088234375 0.30072508125 0.5061274515624999 0.299703840625 0.5142973859375 0.29153390468749996 0.5142973859375 0.28132148749999997 0.5122549015625 0.2772365203125 0.505106209375 0.2721303109375
2 0.5653594765625 0.2833639703125 0.5653594765625 0.27110906875 0.558210784375 0.2639603765625 0.5459558828125 0.2639603765625 0.541870915625 0.266002859375 0.53676470625 0.2731515515625 0.5388071890624999 0.2833639703125 0.5459558828125 0.2905126640625 0.5592320265625 0.289491421875 0.5622957515625 0.2884701796875 0.5653594765625 0.2833639703125
2 0.677696078125 0.2833639703125 0.6828022875 0.2884701796875 0.69607843125 0.2874489375 0.7022058828125 0.28132148749999997 0.7022058828125 0.2731515515625 0.6889297390625 0.2619178921875 0.6807598046875001 0.2639603765625 0.6756535953125 0.27110906875 0.677696078125 0.2833639703125
2 0.9146241828124999 0.32421364375 0.907475490625 0.31502246718750004 0.9013480390625 0.31502246718750004 0.8993055562500001 0.31297998437499996 0.8921568625 0.3201286765625 0.8921568625 0.332383578125 0.8993055562500001 0.3415747546875 0.9033905234375 0.34361723906249997 0.910539215625 0.342595996875 0.9166666671874999 0.332383578125 0.9146241828124999 0.32421364375
2 0.9013480390625 0.302767565625 0.8931781046875 0.302767565625 0.8901143796875 0.305831290625 0.8901143796875 0.31604370937500004 0.8931781046875 0.319107434375 0.894199346875 0.3180861921875 0.8972630718750001 0.31502246718750004 0.90849673125 0.314001225 0.90849673125 0.3099162578125 0.9013480390625 0.302767565625
1 0.8839869281249999 0.307873775 0.8839869281249999 0.314001225 0.8901143796875 0.31604370937500004 0.8901143796875 0.305831290625 0.894199346875 0.299703840625 0.8911356203125 0.2966401140625 0.8829656859374999 0.2966401140625 0.8819444437499999 0.305831290625 0.8839869281249999 0.307873775
1 0.8676470593750001 0.31195874218749997 0.8747957515625 0.31706495156250003 0.8819444437499999 0.31604370937500004 0.8819444437499999 0.29766135625 0.87888071875 0.29459763125 0.8686683000000001 0.29459763125 0.8656045750000001 0.29766135625 0.8656045750000001 0.307873775 0.8676470593750001 0.31195874218749997
1 0.8053513078125001 0.276215278125 0.7951388890625 0.2782577609375 0.7920751640625 0.28132148749999997 0.7920751640625 0.295618871875 0.801266340625 0.302767565625 0.810457515625 0.3017463234375 0.814542484375 0.29766135625 0.8165849671875 0.29153390468749996 0.8125 0.28132148749999997 0.8053513078125001 0.276215278125
1 0.5684232031249999 0.2619178921875 0.56331699375 0.26906658437500003 0.5653594765625 0.27110906875 0.5674019609375 0.2833639703125 0.5725081703125 0.2884701796875 0.581699346875 0.2874489375 0.58986928125 0.28132148749999997 0.58986928125 0.26906658437500003 0.5806781046875 0.2619178921875 0.5684232031249999 0.2619178921875
1 0.3978758171875 0.31604370937500004 0.3999183 0.3201286765625 0.40706699375 0.32727736875 0.41115196093749995 0.329319853125 0.4142156859375 0.3282986109375 0.42544934687499997 0.3252348859375 0.43259803906250005 0.31604370937500004 0.43464052343750004 0.305831290625 0.43055555625 0.29766135625 0.4234068625 0.292555146875 0.41115196093749995 0.292555146875 0.40093954218750005 0.2986825984375 0.3978758171875 0.3037888078125 0.3978758171875 0.31604370937500004
1 0.1405228765625 0.4406352125 0.1435866015625 0.44574142187500004 0.14665032656250002 0.44472017968750005 0.17728758125 0.4181678921875 0.17013888906250002 0.408976715625 0.155841503125 0.408976715625 0.1517565359375 0.4110192 0.14256535937499998 0.422252859375 0.1405228765625 0.4406352125