1 0.5171875 0.4796875 0.04375 0.0421875
1 0.921875 0.509375 0.04375 0.0390625
2 0.715625 0.471875 0.0515625 0.04375
2 0.7046875 0.51875 0.046875 0.0390625
2 0.1671875 0.4953125 0.05 0.0359375
2 0.1609375 0.540625 0.053125 0.0421875
1 0.9015625 0.4625 0.05625 0.05
2 0.3390625 0.5359375 0.0453125 0.0421875
1 0.33125 0.4890625 0.04375 0.0421875
1 0.5203125 0.5265625 0.04375 0.0375
2 0.5035377359375001 0.5595617140625 0.504520440625 0.5644752359375 0.5094339625 0.565457940625 0.49960691874999996 0.5674233484375 0.49960691874999996 0.5792158015625 0.5035377359375001 0.5870774375 0.514347484375 0.5959217765625 0.5281053453125 0.5978871859375 0.534001571875 0.5959217765625 0.5448113203125 0.5870774375 0.5467767296875 0.5831466187500001 0.5487421390625 0.573319575 0.5467767296875 0.5674233484375 0.540880503125 0.561527121875 0.5428459125 0.5595617140625 0.540880503125 0.555630896875 0.5330188671875 0.551700078125 0.512382075 0.5507173734374999 0.5055031453125001 0.555630896875 0.5035377359375001 0.5595617140625
1 0.7176080046875 0.5425877484375 0.7107290734375 0.5455358609375 0.708763665625 0.55536290625 0.70385014375 0.556345609375 0.7009020296874999 0.5592937234375001 0.7009020296874999 0.573051584375 0.7058155515625 0.579930515625 0.7156425953125 0.5858267421875001 0.7333312750000001 0.5858267421875001 0.7411929109375001 0.581895925 0.748071840625 0.57501699375 0.752002659375 0.5671553578124999 0.752002659375 0.5573283140624999 0.7490545453124999 0.5543802015625 0.7441410234375 0.553397496875 0.7461064328125 0.5494666796875001 0.7441410234375 0.5455358609375 0.738244796875 0.54160504375 0.7294004578125 0.5406223390625 0.7274350484375 0.5425877484375 0.7176080046875 0.5425877484375
3 0.1625 0.5203125 0.0890625 0.1171875
3 0.3359375 0.5203125 0.0765625 0.121875
3 0.5203125 0.5125 0.0671875 0.1203125
3 0.7125 0.5 0.0859375 0.1328125
3 0.90625 0.4953125 0.0890625 0.1296875