1 0.28434504843749997 0.629193290625 0.2883386578125 0.641174121875 0.298322684375 0.6591453671874999 0.31529552656250004 0.67412140625 0.3192891375 0.67412140625 0.33126996875 0.6821086265625 0.34524760312499997 0.68410543125 0.347244409375 0.6861022359375 0.3771964859375 0.6861022359375 0.4051517578125 0.6701277953125 0.41413737968750003 0.661142171875 0.41813099062500003 0.6511581468750001 0.42212459999999996 0.6471645374999999 0.4261182109375 0.63518370625 0.4261182109375 0.6271964859375 0.428115015625 0.62519968125 0.4261182109375 0.6012380187499999 0.41613418593749996 0.5772763578125 0.4101437703125 0.5692891375 0.391174121875 0.55231629375 0.3652156546875 0.54233226875 0.3372603828125 0.54233226875 0.325279553125 0.548322684375 0.3212859421875 0.548322684375 0.30930511250000003 0.5563099046875 0.29233226874999996 0.575279553125 0.2903354625 0.5832667734375 0.286341853125 0.5872603828125 0.28434504843749997 0.5932507984375001 0.2833466453125 0.602236421875 0.2823482421875 0.617212459375 0.28434504843749997 0.619209265625 0.28434504843749997 0.629193290625
1 0.22444089531250003 0.7410143765625 0.23242811562500001 0.7609824281249999 0.23642172499999997 0.7649760390625 0.23642172499999997 0.7689696484375 0.24341054374999999 0.777955271875 0.259384984375 0.7919329078125 0.2833466453125 0.8039137375 0.2893370609375 0.8039137375 0.291333865625 0.8059105437499999 0.3172923328125 0.8059105437499999 0.3292731625 0.8019169328125001 0.347244409375 0.7919329078125 0.362220446875 0.7749600640625001 0.3662140578125 0.7629792328125 0.3662140578125 0.7549920125 0.3682108625 0.7529952078125 0.3682108625 0.7390175718750001 0.3662140578125 0.7370207671875 0.3662140578125 0.729033546875 0.362220446875 0.7230431312500001 0.362220446875 0.7190495203125 0.3502396171875 0.701078275 0.3332667734375 0.68410543125 0.32727635781250003 0.6821086265625 0.323282746875 0.678115015625 0.3192891375 0.678115015625 0.31529552656250004 0.67412140625 0.303314696875 0.6721246 0.301317890625 0.6701277953125 0.27935303437500003 0.6701277953125 0.2773562296875 0.6721246 0.2673722046875 0.6721246 0.2494009578125 0.678115015625 0.2344249203125 0.6910942484375 0.22843450468749998 0.6990814703125 0.2234424921875 0.7200479234375 0.2224440890625 0.7310303515625 0.22444089531250003 0.73302715625 0.22444089531250003 0.7410143765625
1 0.225439296875 0.9097444093749999 0.237420128125 0.9117412140625 0.23941693281249998 0.9137380187499999 0.24740415312500003 0.9137380187499999 0.2494009578125 0.915734825 0.26337859375 0.915734825 0.2833466453125 0.907747603125 0.29233226874999996 0.8987619812500001 0.298322684375 0.882787540625 0.298322684375 0.8668130984375001 0.29432907343750003 0.8548322687500001 0.286341853125 0.8408546328125001 0.2733626203125 0.8258785937500001 0.2513977640625 0.809904153125 0.225439296875 0.799920128125 0.2134584671875 0.799920128125 0.21146166093750002 0.8019169328125001 0.210463259375 0.8987619812500001 0.2124600640625 0.9027555906250001 0.225439296875 0.9097444093749999
1 0.5089856234375 0.7739616609375 0.51697284375 0.777955271875 0.5329472843749999 0.7799520765625 0.5349440890625 0.777955271875 0.5469249203125 0.777955271875 0.56589456875 0.7609824281249999 0.5698881796874999 0.750998403125 0.5698881796874999 0.7370207671875 0.56589456875 0.727036740625 0.5529153359375 0.7140575078125 0.542931309375 0.7100638984375001 0.522963259375 0.7100638984375001 0.5069888171875 0.7160543125000001 0.4980031953125 0.727036740625 0.4950079875 0.734025559375 0.494009584375 0.7549920125 0.4980031953125 0.7629792328125 0.5089856234375 0.7739616609375
1 0.646765175 0.734025559375 0.654752396875 0.7300319484375 0.6617412140625001 0.7210463265625 0.6617412140625001 0.7090654953125 0.6567492015624999 0.7020766765625 0.6387779546875 0.700079871875 0.6267971250000001 0.7100638984375001 0.6257987218750001 0.7250399359374999 0.63678115 0.734025559375 0.646765175 0.734025559375
1 0.652755590625 0.7020766765625 0.6617412140625001 0.695087859375 0.6677316296875 0.6771166140625 0.654752396875 0.6761182109375 0.652755590625 0.678115015625 0.6347843453124999 0.678115015625 0.6287939296875 0.6801118203125001 0.6267971250000001 0.68410543125 0.6277955265624999 0.6890974437499999 0.6387779546875 0.700079871875 0.652755590625 0.7020766765625
1 0.6717252390625 0.6930910546875 0.6737220453125 0.6890974437499999 0.6727236421875 0.6761182109375 0.6677316296875 0.6771166140625 0.65874600625 0.6980830671875 0.65874600625 0.7020766765625 0.664736421875 0.700079871875 0.6717252390625 0.6930910546875
1 0.6827076671875 0.54233226875 0.6946884984375 0.54233226875 0.703674121875 0.5333466453125 0.7056709265625 0.519369009375 0.703674121875 0.51337859375 0.698682109375 0.50838658125 0.6827076671875 0.5103833859375 0.676717253125 0.50838658125 0.669728434375 0.5153754 0.66873003125 0.524361021875 0.669728434375 0.531349840625 0.6787140578125 0.5403354625000001 0.6827076671875 0.54233226875
1 0.69269169375 0.568290734375 0.7056709265625 0.5672923328125 0.703674121875 0.551317890625 0.6946884984375 0.54233226875 0.6827076671875 0.54233226875 0.6717252390625 0.551317890625 0.6707268375 0.5563099046875 0.6707268375 0.5662939296875 0.6906948875000001 0.5662939296875 0.69269169375 0.568290734375
1 0.6507587859374999 0.2547923328125 0.6667332265625 0.2567891375 0.674720446875 0.25279552656250004 0.681709265625 0.24380990468750002 0.681709265625 0.2278354625 0.679712459375 0.223841853125 0.6727236421875 0.2148562296875 0.664736421875 0.2108626203125 0.6507587859374999 0.20886581406250002 0.642771565625 0.212859425 0.632787540625 0.22284345 0.6317891375 0.233825878125 0.635782746875 0.24380990468750002 0.6507587859374999 0.2547923328125
1 0.44309105468750004 0.0630990421875 0.46106230000000004 0.0710862625 0.4910143765625 0.0710862625 0.49700479218750004 0.06908945625 0.5089856234375 0.0630990421875 0.52196485625 0.05011980781249999 0.5259584671875001 0.0401357828125 0.5259584671875001 0.028154951562500002 0.52196485625 0.02016773125 0.5129792328125 0.011182109375 0.5029952078125 0.00519169375 0.489017571875 0.0031948875 0.4870207671875 0.0011980828125 0.46904952031249997 0.0011980828125 0.46705271562500006 0.0031948875 0.4530750796875 0.00519169375 0.4490814703125 0.009185303124999999 0.44309105468750004 0.011182109375 0.43210862656250004 0.0221645375 0.42911341875 0.031150159375000003 0.428115015625 0.0461261984375 0.4301118203125 0.05011980781249999 0.44309105468750004 0.0630990421875
0 0.5469249203125 0.0910543125 0.5628993609374999 0.09305111875 0.564896165625 0.0910543125 0.5728833859375 0.0910543125 0.5848642171875 0.0850638984375 0.593849840625 0.0720846640625 0.593849840625 0.0621006390625 0.587859425 0.05011980781249999 0.5688897765625 0.037140574999999995 0.544928115625 0.037140574999999995 0.5389377 0.0391373796875 0.5239616609375 0.0521166140625 0.522963259375 0.055111820312500004 0.52196485625 0.0740814703125 0.5259584671875001 0.080071884375 0.5469249203125 0.0910543125
0 0.587859425 0.05011980781249999 0.5968450484375001 0.06709265156250001 0.6128194890625001 0.0630990421875 0.6218051124999999 0.0521166140625 0.61980830625 0.0401357828125 0.6068290734375 0.0291533546875 0.5948482421875 0.02515974375 0.58087060625 0.02515974375 0.57088658125 0.033146965625000004 0.5698881796874999 0.038138978125 0.5828674125 0.0451277953125 0.587859425 0.05011980781249999
0 0.647763578125 0.167931309375 0.6557507984375001 0.1839057515625 0.6567492015624999 0.196884984375 0.6607428109375 0.196884984375 0.6677316296875 0.189896165625 0.669728434375 0.18590255625000002 0.669728434375 0.1759185296875 0.665734825 0.167931309375 0.654752396875 0.15694888125 0.6487619812500001 0.1549520765625 0.632787540625 0.1549520765625 0.6287939296875 0.1589456875 0.6287939296875 0.1609424921875 0.6387779546875 0.1609424921875 0.647763578125 0.167931309375
0 0.62480031875 0.2108626203125 0.6407747609375 0.212859425 0.652755590625 0.2048722046875 0.6557507984375001 0.1998801921875 0.6557507984375001 0.18590255625000002 0.6497603828125 0.1779153359375 0.647763578125 0.16992811562500001 0.64376996875 0.167931309375 0.6407747609375 0.162939296875 0.6347843453124999 0.1609424921875 0.6188099046875 0.1609424921875 0.603833865625 0.173921725 0.6028354625000001 0.1769169328125 0.6018370609375 0.18789936093749998 0.6058306703125 0.1978833859375 0.62480031875 0.2108626203125
0 0.6906948875000001 0.5103833859375 0.696685303125 0.50838658125 0.7056709265625 0.497404153125 0.7056709265625 0.48342651718749996 0.703674121875 0.47943290781250003 0.6906948875000001 0.47044728437499994 0.6787140578125 0.4724440890625 0.66873003125 0.4844249203125 0.6677316296875 0.4954073484375 0.676717253125 0.50838658125 0.6906948875000001 0.5103833859375
0 0.6727236421875 0.4504792328125 0.6847044734375001 0.45247603906249995 0.6906948875000001 0.4504792328125 0.701677315625 0.4375 0.701677315625 0.4235223640625 0.6996805109374999 0.4195287546875 0.6867012781249999 0.4085463265625 0.6727236421875 0.4085463265625 0.665734825 0.4135383390625 0.6607428109375 0.42052715625000003 0.659744409375 0.4355031953125 0.665734825 0.44548722031250004 0.6727236421875 0.4504792328125
0 0.6667332265625 0.646166134375 0.679712459375 0.6371805109374999 0.679712459375 0.6311900953125 0.6727236421875 0.6242012781249999 0.6567492015624999 0.6242012781249999 0.6497603828125 0.629193290625 0.6457667734375 0.63518370625 0.6447683703125 0.6421725234375 0.64376996875 0.6471645374999999 0.646765175 0.65015974375 0.6667332265625 0.646166134375
2 0.5672923328125 0 0.5619009578124999 0.004193290625 0.5609025562500001 0.0071884984375 0.559904153125 0.016174121875 0.5688897765625 0.02715655 0.5948482421875 0.02515974375 0.60483226875 0.0291533546875 0.60982428125 0.026158146875 0.613817890625 0.016174121875 0.60982428125 0.0081869015625 0.6028354625000001 0.0011980828125 0.599640575 0 0.5672923328125 0