2 0.5119047625 0.36805555624999997 0.509920634375 0.387896825 0.515873015625 0.3978174609375 0.5208333328125 0.4007936515625 0.534722221875 0.4007936515625 0.5386904765625 0.3988095234375 0.5426587296875 0.40277777812500004 0.5486111109375 0.40277777812500004 0.5615079359374999 0.387896825 0.5615079359374999 0.372023809375 0.5575396828125 0.3640873015625 0.5505952375 0.3571428578125 0.5446428578125 0.3551587296875 0.5426587296875 0.3571428578125 0.5396825390625 0.3541666671875 0.5267857140625 0.353174603125 0.5138888890625 0.3640873015625 0.5119047625 0.36805555624999997
1 0.925837103125 0.38488235625 0.9218688484375 0.388850609375 0.919884721875 0.40472362500000003 0.92881329375 0.4156363234375 0.9347656750000001 0.41365219687500004 0.9357577375 0.4186125140625 0.938733928125 0.42158870468750004 0.956591071875 0.42158870468750004 0.9724640875 0.41365219687500004 0.9833767859375 0.4027394984375 0.9853609125 0.388850609375 0.9813926593750001 0.37892997500000003 0.9655196421875001 0.36702521250000003 0.9427021828125 0.3660331484375 0.9278212296874999 0.37892997500000003 0.925837103125 0.38488235625
2 0.5069444437499999 0.408730159375 0.5 0.421626984375 0.5 0.43154761875 0.50595238125 0.44345238125 0.5208333328125 0.4543650796875 0.53075396875 0.4543650796875 0.5426587296875 0.450396825 0.5535714281249999 0.4375 0.5535714281249999 0.43154761875 0.5555555562500001 0.4295634921875 0.5515873015625 0.4117063484375 0.540674603125 0.4047619046875 0.5367063484375 0.40674603125 0.533730159375 0.40178571406249997 0.5228174609375 0.4007936515625 0.514880953125 0.40674603125 0.5069444437499999 0.408730159375
1 0.715247953125 0.37189103125 0.715247953125 0.38379579375 0.7172320796875 0.38577992031249997 0.715247953125 0.387764046875 0.715247953125 0.4016529359375 0.7261606515625 0.41058150781249997 0.7420336671875 0.41256563437500005 0.74401779375 0.41058150781249997 0.749970175 0.41058150781249997 0.7598908093750001 0.40462912656250005 0.7648511265625 0.39768468281249997 0.7688193812499999 0.389748175 0.7668352546875 0.38379579375 0.7688193812499999 0.3818116671875 0.7688193812499999 0.3758592859375 0.7648511265625 0.36792277812499996 0.752946365625 0.35800214218750004 0.734097159375 0.3570100796875 0.7241765234375 0.3629624609375 0.715247953125 0.37189103125
1 0.111516865625 0.3560744078125 0.1095327375 0.364010915625 0.11350099218750001 0.37591567812500004 0.130366071875 0.3907966296875 0.1482232140625 0.3927807578125 0.1541755953125 0.3907966296875 0.1670724203125 0.381868059375 0.171040675 0.3739315515625 0.169056546875 0.358058534375 0.156159721875 0.3431775828125 0.149215278125 0.3402013921875 0.12838194375 0.33920932812500004 0.11350099218750001 0.3521061546875 0.111516865625 0.3560744078125
2 0.31172315156249997 0.357211584375 0.31172315156249997 0.36713221875 0.313707278125 0.36911634531250004 0.31172315156249997 0.37110047343749997 0.31172315156249997 0.383005234375 0.3226358484375 0.3939179328125 0.3345406109375 0.3959020609375 0.3365247375 0.39788618750000004 0.3504136265625 0.3939179328125 0.361326325 0.3810211078125 0.361326325 0.363163965625 0.3504136265625 0.3502671390625 0.34148505625 0.345306821875 0.3285882296875 0.344314759375 0.320651721875 0.3482830125 0.31172315156249997 0.357211584375
1 0.116071428125 0.3928571421875 0.1041666671875 0.3928571421875 0.09920634843750001 0.3998015875 0.09920634843750001 0.4077380953125 0.097222221875 0.40972222187499996 0.09920634843750001 0.421626984375 0.110119046875 0.4325396828125 0.1140873015625 0.434523809375 0.116071428125 0.4325396828125 0.12202380937499999 0.4384920640625 0.14384920625 0.4365079359375 0.15674603125 0.421626984375 0.15674603125 0.40575396875 0.1547619046875 0.3998015875 0.1498015875 0.3948412703125 0.14384920625 0.3928571421875 0.1289682546875 0.3918650796875 0.12202380937499999 0.390873015625 0.11805555625 0.3948412703125 0.116071428125 0.3928571421875
1 0.304061221875 0.3966524171875 0.29711677812500004 0.401612734375 0.29711677812500004 0.40756511562500003 0.291164396875 0.4115333703125 0.28918027031250004 0.419469878125 0.291164396875 0.42145400468750005 0.291164396875 0.4274063859375 0.29314852343750003 0.4313746390625 0.3020770953125 0.4403032109375 0.310013603125 0.444271465625 0.32985487343750003 0.444271465625 0.33779138125 0.4403032109375 0.344735825 0.4333587671875 0.346719953125 0.42939051250000004 0.346719953125 0.425422259375 0.3487040796875 0.42343813125 0.3487040796875 0.4174857515625 0.3437437625 0.41054130625 0.33878344375 0.4095492421875 0.3427516984375 0.40756511562500003 0.3427516984375 0.40558098906250006 0.3358072546875 0.39863654375 0.3268786828125 0.3956603546875 0.315965984375 0.394668290625 0.3139818578125 0.3966524171875 0.304061221875 0.3966524171875
2 0.7087373203125 0.438841821875 0.7107214468749999 0.44281007656250004 0.7087373203125 0.4467783296875 0.7176658921875 0.457691028125 0.7275865265625 0.4616592828125 0.7375071625 0.4616592828125 0.7513960515625 0.45570690156250004 0.7583404953125 0.44876245781249996 0.7583404953125 0.444794203125 0.7623087484375 0.4408259484375 0.7623087484375 0.42693706093749995 0.7513960515625 0.414040234375 0.7484198609375 0.413048171875 0.7216341453124999 0.4120561078125 0.7107214468749999 0.42098467968750003 0.7087373203125 0.438841821875
1 0.11699914687499999 0.4375426734375 0.11005470312500001 0.448455371875 0.11203882968750001 0.4504394984375 0.1080705765625 0.45242362500000005 0.1080705765625 0.46631251406249996 0.11005470312500001 0.47028076875 0.11898327500000001 0.4811934671875 0.12890390937500001 0.48516172031250004 0.13882454375 0.48516172031250004 0.1487451796875 0.4811934671875 0.153705496875 0.47623314843750003 0.159657878125 0.46234426093750003 0.159657878125 0.4563918796875 0.153705496875 0.45242362500000005 0.15568962343749998 0.44647124375 0.153705496875 0.442502990625 0.14180073437500001 0.4345664828125 0.13485629062499999 0.4375426734375 0.12096740156250001 0.43555854531250005 0.11699914687499999 0.4375426734375
2 0.9160515078125 0.43093180000000003 0.917043571875 0.433907990625 0.9120832546875001 0.4349000546875 0.9120832546875001 0.45275719687500005 0.9249800796875001 0.46763814843749996 0.9289483328125 0.46962227656250005 0.9487896031249999 0.46962227656250005 0.9567261109375 0.465654021875 0.9676388093750001 0.45275719687500005 0.9676388093750001 0.43688418125000006 0.961686428125 0.4329159265625 0.96367055625 0.42894767343750007 0.9497816671875 0.4190270375 0.9309324609375 0.41803497500000003 0.918035634375 0.42696354531249997 0.9160515078125 0.43093180000000003
1 0.71825396875 0.4672619046875 0.716269840625 0.471230159375 0.7172619046875 0.4742063484375 0.7202380953125 0.4751984125 0.7123015875 0.47718253906249997 0.7123015875 0.4831349203125 0.7103174609375 0.48511904687499996 0.7123015875 0.487103175 0.7123015875 0.49305555625 0.716269840625 0.5009920640625001 0.7251984125 0.509920634375 0.7291666671875 0.509920634375 0.73115079375 0.5119047625 0.7490079359374999 0.5119047625 0.7569444437499999 0.5079365078125 0.765873015625 0.4990079359375 0.7678571421875 0.4950396828125 0.7678571421875 0.491071428125 0.7698412703125 0.4890873015625 0.7698412703125 0.48115079375 0.7668650796875001 0.478174603125 0.759920634375 0.4751984125 0.7619047625 0.47321428593750003 0.7619047625 0.4672619046875 0.7589285718750001 0.46428571406249997 0.7480158734375 0.459325396875 0.73115079375 0.4583333328125 0.7271825390625 0.46031746093750003 0.71825396875 0.4672619046875
3 0.1359375 0.39375 0.090625 0.1234375
3 0.334375 0.4 0.078125 0.1328125
3 0.534375 0.409375 0.0859375 0.134375
3 0.740625 0.41875 0.084375 0.1375
3 0.9421875 0.4265625 0.0953125 0.125