1 0.638954403125 0.29482114843749996 0.62716195 0.2928557390625 0.625196540625 0.2908903296875 0.610455975 0.2899076265625 0.5976808171875 0.2908903296875 0.572130503125 0.3007173734375 0.55345911875 0.3193887578125 0.543632075 0.3390428453125 0.543632075 0.3508352984375 0.5416666671875 0.3528007078125 0.543632075 0.3763856125 0.545597484375 0.378351021875 0.545597484375 0.3842472484375 0.5573899375 0.4039013359375 0.5799921390625 0.42257272031250004 0.5996462265625 0.43043435468749996 0.6291273578125 0.43239976406249997 0.6409198109375 0.428468946875 0.658608490625 0.418641903125 0.6694182390625001 0.4078321546875 0.6831761000000001 0.3822818390625 0.6831761000000001 0.354766115625 0.6812106921875001 0.3528007078125 0.6792452828125 0.33707743749999997 0.6625393078124999 0.31054441875 0.638954403125 0.29482114843749996
1 0.7893081765625001 0.272218946875 0.7873427671875 0.2663227203125 0.77358490625 0.25059945 0.764740565625 0.24372051875 0.7608097484375 0.24372051875 0.7529481125 0.2378242921875 0.7490172953124999 0.2378242921875 0.7372248421875 0.231928065625 0.7087264156249999 0.23291077031250002 0.701847484375 0.233893475 0.6841588046875 0.24372051875 0.675314465625 0.2564956765625 0.6694182390625001 0.2741843546875 0.6694182390625001 0.282045990625 0.6674528296875 0.28401139999999997 0.6674528296875 0.3095617140625 0.6713836484375 0.3213541671875 0.6890723265625 0.34886989062499996 0.711674528125 0.36557586406250003 0.735259434375 0.3734375 0.7509827046875001 0.3734375 0.7529481125 0.37147209062500003 0.766705975 0.3695066828125 0.77653301875 0.36361045625 0.79323899375 0.344939071875 0.79323899375 0.3410082546875 0.8011006296875 0.323319575 0.8011006296875 0.2977692609375 0.79323899375 0.28008058125 0.79323899375 0.2761497640625 0.7893081765625001 0.272218946875
1 0.8590801890625 0.24568592812499998 0.8708726421874999 0.23978970156249999 0.8816823906250001 0.228979953125 0.8856132078125001 0.22111831718750002 0.8846305031249999 0.2162047953125 0.7873427671875 0.2171875 0.7942216984375 0.22603183906250002 0.8079795593749999 0.23585888437500002 0.8374606921875 0.24568592812499998 0.8590801890625 0.24568592812499998
1 0.70676100625 0.541479953125 0.7146226421875 0.5572032234375001 0.725432390625 0.5660475625 0.7293632078125001 0.5660475625 0.735259434375 0.56997838125 0.745086478125 0.56997838125 0.7608097484375 0.5621167453125 0.7657232703125 0.5552378140625 0.7696540875 0.55327240625 0.7755503140625 0.541479953125 0.7755503140625 0.5218258640625 0.771619496875 0.5119988203125 0.7608097484375 0.4992236640625 0.7431210687500001 0.49332743749999997 0.7342767296875 0.4943101421875 0.7195361640625 0.5011890718750001 0.7106918234374999 0.5119988203125 0.70676100625 0.5237912734375 0.70676100625 0.541479953125
1 0.69005503125 0.630906053125 0.6861242140625 0.6289406453125 0.67334905625 0.6299233484375 0.6664701265625 0.6328714625 0.661556603125 0.63975039375 0.661556603125 0.6554736640625001 0.67040094375 0.6662834125 0.678262578125 0.6662834125 0.6939858484375 0.6584217765625 0.6969339625 0.6554736640625001 0.6988993703124999 0.6456466187500001 0.694968553125 0.635819575 0.69005503125 0.630906053125
1 0.72641509375 0.6299233484375 0.7195361640625 0.6250098265624999 0.7087264156249999 0.62599253125 0.6988993703124999 0.6338541671875 0.6969339625 0.6417158015625 0.6988993703124999 0.6436812109375001 0.6988993703124999 0.6554736640625001 0.711674528125 0.66235259375 0.721501571875 0.6584217765625 0.72641509375 0.6535082546875 0.7303459125 0.6456466187500001 0.7303459125 0.635819575 0.72641509375 0.6299233484375
1 0.6969339625 0.661369890625 0.6969339625 0.6574390718750001 0.694968553125 0.6574390718750001 0.682193396875 0.6662834125 0.6674528296875 0.667266115625 0.6743317609374999 0.6721796390625 0.6861242140625 0.6721796390625 0.694968553125 0.6653007078125001 0.6969339625 0.661369890625
1 0.5750786156250001 0.69281643125 0.5750786156250001 0.6869202046875 0.577044025 0.6849547953124999 0.5750786156250001 0.6829893874999999 0.5750786156250001 0.6770931609375 0.5681996859375 0.6702142296875 0.5593553453125 0.669231525 0.55051100625 0.6702142296875 0.5416666671875 0.681023978125 0.5416666671875 0.69281643125 0.55051100625 0.7016607703125 0.5564072328125 0.7016607703125 0.5583726421875 0.7036261796875001 0.57016509375 0.697729953125 0.5750786156250001 0.69281643125
1 0.5731132078125001 0.6751277515624999 0.577044025 0.6849547953124999 0.5750786156250001 0.6869202046875 0.5750786156250001 0.69281643125 0.5613207546875 0.702643475 0.5642688671875 0.7055915875000001 0.5760613203125 0.7055915875000001 0.5849056609375001 0.6947818390625 0.5849056609375001 0.6829893874999999 0.5829402515625 0.67905856875 0.5760613203125 0.674145046875 0.5731132078125001 0.6751277515624999
1 0.5416666671875 0.681023978125 0.53085691875 0.6682488203125 0.522012578125 0.667266115625 0.5151336484375 0.6682488203125 0.5082547171875 0.6751277515624999 0.5102201265625 0.681023978125 0.5082547171875 0.6967472484375 0.5131682390625001 0.7016607703125 0.5269261000000001 0.7036261796875001 0.5328223265625 0.7016607703125 0.5397012578125 0.6947818390625 0.5416666671875 0.690851021875 0.5416666671875 0.681023978125
1 0.24783805 0.6800412734375 0.256682390625 0.6731623421874999 0.26061320781249997 0.6653007078125001 0.2586477984375 0.6495774375 0.24783805 0.6348368703125 0.236045596875 0.630906053125 0.2272012578125 0.6318887578125 0.2154088046875 0.6436812109375001 0.21344339687499997 0.65940448125 0.21933962187499997 0.6711969343749999 0.2301493703125 0.6800412734375 0.23801100625 0.6800412734375 0.239976415625 0.6820066828125 0.2419418234375 0.6800412734375 0.24783805 0.6800412734375
1 0 0.4520538515625 0.0041273578125 0.4520538515625 0.01198899375 0.448123034375 0.022798742187500002 0.43731328593749996 0.0326257859375 0.421590015625 0.036556603124999996 0.4097975625 0.036556603124999996 0.401935928125 0.0385220125 0.39997051875 0.0385220125 0.3763856125 0.030660378125 0.3528007078125 0.0178852203125 0.3439563671875 0.01198899375 0.3439563671875 0.010023584375 0.341990959375 0.0011792453125 0.34297366406249996 0 0.34375982656250004 0 0.4520538515625
0 0.014937106250000002 0.49627555 0.00904088125 0.508068003125 0.00904088125 0.517895046875 0.007075471875 0.51986045625 0.00904088125 0.53951454375 0.012971698437500002 0.5493415875000001 0.018867925 0.5572032234375001 0.027712264062500002 0.5640821546875 0.043435534375 0.5640821546875 0.0522798734375 0.5572032234375001 0.060141509375 0.5454107703125 0.060141509375 0.53951454375 0.06210691875 0.5375491359375 0.06210691875 0.5159296390625 0.0542452828125 0.5002063671875 0.0542452828125 0.49627555 0.0473663515625 0.48939661875 0.043435534375 0.4874312109375 0.026729559375 0.488413915625 0.0198506296875 0.491362028125 0.014937106250000002 0.49627555
0 0.063089621875 0.6191136 0.0719339625 0.6083038515625 0.0719339625 0.6004422171875 0.0738993703125 0.5984768078125 0.0719339625 0.584718946875 0.0660377359375 0.57292649375 0.0611242140625 0.568012971875 0.057193396875000004 0.5660475625 0.044418239062499996 0.5670302671874999 0.039504717187499996 0.568012971875 0.0326257859375 0.5788227203125 0.0326257859375 0.5965114 0.0385220125 0.6102692609375 0.0473663515625 0.6191136 0.0591588046875 0.621079009375 0.063089621875 0.6191136
0 0.20165094374999998 0.65940448125 0.2055817609375 0.6515428453125 0.2055817609375 0.6417158015625 0.20165094374999998 0.6318887578125 0.1908411953125 0.6191136 0.18494496875 0.6171481921875 0.1741352203125 0.618130896875 0.17118710625 0.6191136 0.1603773578125 0.6318887578125 0.1603773578125 0.647612028125 0.16430817656250002 0.6554736640625001 0.173152515625 0.664318003125 0.182979559375 0.6682488203125 0.1888757859375 0.6682488203125 0.20165094374999998 0.65940448125
0 0.4463443390625 0.664318003125 0.43651729531249994 0.6584217765625 0.4217767296875 0.65940448125 0.4168632078125 0.66235259375 0.40998427656249997 0.6711969343749999 0.40998427656249997 0.6849547953124999 0.420794025 0.697729953125 0.42472484218749995 0.6996953609375 0.43848270468750006 0.6996953609375 0.4512578609375 0.6888856125 0.4532232703125 0.6829893874999999 0.4512578609375 0.6711969343749999 0.4463443390625 0.664318003125
0 0.47484276718749996 0.6220617140625 0.48368710625 0.6328714625 0.495479559375 0.6387676890625 0.505306603125 0.6387676890625 0.5072720125 0.640733096875 0.5249606921875001 0.6348368703125 0.5377358484375 0.6220617140625 0.5397012578125 0.6161654875 0.5397012578125 0.6004422171875 0.53380503125 0.5866843546875 0.5229952828125 0.57587460625 0.5112028296875 0.56997838125 0.49842767343750005 0.570961084375 0.487617925 0.57587460625 0.4768081765625 0.5866843546875 0.47287735781249995 0.594545990625 0.47091194999999997 0.6102692609375 0.47484276718749996 0.6220617140625
0 0.48466981093749995 0.667266115625 0.47287735781249995 0.6770931609375 0.47091194999999997 0.6888856125 0.47975628906249995 0.7016607703125 0.48368710625 0.7036261796875001 0.49744496875 0.7036261796875001 0.5082547171875 0.6947818390625 0.5102201265625 0.690851021875 0.5102201265625 0.681023978125 0.499410378125 0.6682488203125 0.495479559375 0.6662834125 0.48466981093749995 0.667266115625
0 0.6409198109375 0.6800412734375 0.6497641515625 0.6711969343749999 0.65369496875 0.6633352984374999 0.65369496875 0.6515428453125 0.6468160375 0.644663915625 0.632075471875 0.6456466187500001 0.622248428125 0.6554736640625001 0.622248428125 0.6711969343749999 0.6330581765625001 0.6800412734375 0.6409198109375 0.6800412734375
0 0.6546776734375 0.6820066828125 0.658608490625 0.6800412734375 0.6674528296875 0.669231525 0.661556603125 0.6535082546875 0.658608490625 0.6505601421875 0.655660378125 0.6515428453125 0.65369496875 0.667266115625 0.641902515625 0.67905856875 0.6428852203125001 0.6820066828125 0.6546776734375 0.6820066828125
2 0.0159198109375 0.60928655625 0.0198506296875 0.611251965625 0.029677673437500003 0.611251965625 0.033608490625 0.60928655625 0.036556603124999996 0.604373034375 0.0326257859375 0.5965114 0.0345911953125 0.5689956765625 0.023781446875 0.5601513359375 0.014937106250000002 0.561134040625 0.01198899375 0.5621167453125 0.0051100625 0.570961084375 0.0051100625 0.5768573109374999 0.0031446546875000003 0.5788227203125 0.0051100625 0.594545990625 0.00904088125 0.6024076265625 0.0159198109375 0.60928655625