2 0 0.64655854375 0.016811709375 0.663370253125 0.035601265625 0.6683148734375 0.0385680375 0.669303796875 0.048457278124999996 0.6653481015625 0.05933544375000001 0.656447784375 0.0632911390625 0.650514240625 0.07120253125 0.630735759375 0.07120253125 0.6030458859375 0.0672468359375 0.5931566453125 0.0672468359375 0.5872231015625 0.0534018984375 0.5634889234375 0.0445015828125 0.5545886078125 0.0346123421875 0.5486550640625001 0.016811709375 0.546677215625 0.0009889234375 0.5545886078125 0 0.5557972921875 0 0.64655854375
2 0.264042721875 0.376582278125 0.275909809375 0.376582278125 0.2788765828125 0.37361550625 0.276898734375 0.3558148734375 0.2660205703125 0.3429588609375 0.2581091765625 0.33900316406250003 0.24426424062500002 0.33900316406250003 0.238330696875 0.3429588609375 0.234375 0.3429588609375 0.22646360781250002 0.3488924046875 0.2195411390625 0.357792721875 0.21558544375 0.36768196249999996 0.21558544375 0.38746044375 0.22745253124999998 0.4013053796875 0.2323971515625 0.402294303125 0.250197784375 0.3825158234375 0.264042721875 0.376582278125
2 0.510284809375 0.474485759375 0.518196203125 0.4626186703125 0.518196203125 0.4566851265625 0.5201740499999999 0.454707278125 0.5221518984375 0.44086234218750003 0.5201740499999999 0.43888449375 0.5201740499999999 0.428995253125 0.5122626578125 0.41317246875 0.5033623421875 0.40427215156249996 0.4816060125 0.3943829109375 0.4578718359375 0.396360759375 0.4440268984375 0.40427215156249996 0.43117088593749997 0.4191060125 0.42523734218750003 0.43295095000000006 0.42523734218750003 0.45272942968749996 0.4291930375 0.4626186703125 0.446004746875 0.48536392343749996 0.4608386078125 0.49030854375 0.4835838609375 0.49129746875 0.4934731015625 0.487341771875 0.510284809375 0.474485759375
2 0.3827136078125 0.3488924046875 0.3896360765625 0.3399920890625 0.3916139234375 0.32416930312500003 0.3896360765625 0.318235759375 0.3827136078125 0.30933544375 0.374802215625 0.305379746875 0.3570015828125 0.305379746875 0.349090190625 0.30933544375 0.33821202499999997 0.32219145625 0.33821202499999997 0.338014240625 0.3401898734375 0.343947784375 0.35106803750000004 0.35482595 0.3560126578125 0.3558148734375 0.36491297500000003 0.356803796875 0.37084651874999996 0.35482595 0.3827136078125 0.3488924046875
2 0.3362341765625 0.338014240625 0.33821202499999997 0.33208069687499997 0.33821202499999997 0.3202136078125 0.3401898734375 0.318235759375 0.3362341765625 0.3103243671875 0.33128955625 0.305379746875 0.3174446203125 0.299446203125 0.3035996828125 0.3034018984375 0.29272151874999996 0.3142800640625 0.2887658234375 0.32416930312500003 0.29272151874999996 0.3399920890625 0.3045886078125 0.34988132968749996 0.315466771875 0.350870253125 0.3273338609375 0.34691455625 0.3362341765625 0.338014240625
2 0.5439082281250001 0.312302215625 0.5419303796875 0.3004351265625 0.5290743671875 0.28955696249999996 0.5152294296875 0.28955696249999996 0.5063291140625 0.2945015828125 0.5023734171875 0.30241297500000003 0.5023734171875 0.3162579109375 0.504351265625 0.3202136078125 0.511273734375 0.3271360765625 0.518196203125 0.328125 0.52709651875 0.3291139234375 0.5350079109375 0.325158228125 0.5439082281250001 0.312302215625
2 0.739715190625 0.3518591765625 0.7377373421875 0.3419699359375 0.72290348125 0.3291139234375 0.7149920890625 0.3291139234375 0.7041139234375 0.338014240625 0.7041139234375 0.3518591765625 0.7060917718749999 0.357792721875 0.7110363921875 0.3627373421875 0.7179588609375 0.36570411406250003 0.7268591765625 0.36669303750000004 0.7347705703125 0.3627373421875 0.739715190625 0.3518591765625
1 0.30656645625 0.44679588593749997 0.31447784843750004 0.4270174046875 0.31447784843750004 0.4111946203125 0.30854430312500003 0.39537183593749997 0.295688290625 0.3825158234375 0.2818433546875 0.376582278125 0.264042721875 0.376582278125 0.25415348125000004 0.38053797500000003 0.2353639234375 0.3973496828125 0.2294303796875 0.40723892343749996 0.22745253124999998 0.428995253125 0.2333860765625 0.44679588593749997 0.2521756328125 0.46756329062499996 0.26107595 0.46855221562500005 0.2818433546875 0.46756329062499996 0.2917325953125 0.4636075953125 0.30656645625 0.44679588593749997
1 0.20767405 0.43492879687499997 0.21558544375 0.4171281640625 0.21558544375 0.3973496828125 0.2136075953125 0.3914161390625 0.2007515828125 0.3785601265625 0.18888449375 0.3726265828125 0.173061709375 0.3746044296875 0.1651503171875 0.3785601265625 0.152294303125 0.3914161390625 0.14636075937499998 0.4013053796875 0.14636075937499998 0.4210838609375 0.152294303125 0.4309731015625 0.152294303125 0.43492879687499997 0.1651503171875 0.44976265781249997 0.1700949359375 0.45075158281250005 0.1869066453125 0.45174050625 0.1967958859375 0.447784809375 0.20767405 0.43492879687499997
1 0.8158623421875 0.3330696203125 0.8119066453125001 0.331091771875 0.803995253125 0.331091771875 0.7990506328125 0.338014240625 0.7990506328125 0.3419699359375 0.8059731015624999 0.34691455625 0.810917721875 0.34790348125000004 0.8188291140624999 0.34790348125000004 0.8188291140624999 0.338014240625 0.8158623421875 0.3330696203125
1 0.7575158234375 0.3103243671875 0.752571203125 0.3034018984375 0.7466376578125 0.30142405 0.739715190625 0.30834651874999996 0.739715190625 0.312302215625 0.7476265828125 0.318235759375 0.752571203125 0.3192246828125 0.7575158234375 0.3142800640625 0.7575158234375 0.3103243671875
1 0.7268591765625 0.291534809375 0.72290348125 0.291534809375 0.719936709375 0.2945015828125 0.719936709375 0.3043908234375 0.7238924046874999 0.30636867031250004 0.7337816453125 0.30636867031250004 0.7337816453125 0.2964794296875 0.7268591765625 0.291534809375
1 0.7001582281250001 0.28856803750000004 0.6952136078125 0.2816455703125 0.6823575953125001 0.28263449375 0.6823575953125001 0.292523734375 0.6882911390625 0.2964794296875 0.6952136078125 0.2974683546875 0.7001582281250001 0.292523734375 0.7001582281250001 0.28856803750000004
1 0.6784018984375 0.28856803750000004 0.6714794296875 0.279667721875 0.6635680374999999 0.279667721875 0.6586234171875 0.286590190625 0.6586234171875 0.29054588593749997 0.6635680374999999 0.29549050625 0.6685126578125 0.2964794296875 0.673457278125 0.2974683546875 0.6784018984375 0.292523734375 0.6784018984375 0.28856803750000004
1 0.6586234171875 0.27670095 0.6517009500000001 0.26977848125000004 0.64378955625 0.27175632968749996 0.640822784375 0.2747231015625 0.640822784375 0.28263449375 0.6467563296875001 0.286590190625 0.6556566453125 0.28757911406250003 0.6586234171875 0.28263449375 0.6586234171875 0.27670095