1 0.37520029374999997 0.435791903125 0.3782740640625 0.43271813281249993 0.3782740640625 0.42042305156250004 0.37417570312500004 0.41222632968750006 0.367003571875 0.4050541984375 0.3567576703125 0.4009558375 0.34856094843749996 0.4009558375 0.33831504687499997 0.4050541984375 0.331142915625 0.41222632968750006 0.32704455625 0.42042305156250004 0.32704455625 0.430668953125 0.3301183265625 0.43374272343750003 0.3393396375 0.4347673125 0.333192096875 0.4388656734375 0.333192096875 0.442964034375 0.34241340781249996 0.4521853453125 0.3557330796875 0.45116075625 0.3629052109375 0.45013616562500003 0.3721265234375 0.442964034375 0.3700773421875 0.43681649375 0.37520029374999997 0.435791903125
1 0.78165508125 0.443425334375 0.7796059015625 0.431130253125 0.770384590625 0.421908940625 0.76218786875 0.4178105796875 0.7375977046875 0.4198597609375 0.7334993437499999 0.421908940625 0.7263272125 0.431130253125 0.7242780328125 0.449572875 0.727351803125 0.4526466453125 0.7334993437499999 0.4526466453125 0.7304255734375 0.45981877656250003 0.7375977046875 0.464941728125 0.741696065625 0.46289254687500003 0.7437452453125 0.4690400890625 0.7591140984375 0.4680154984375 0.770384590625 0.46289254687500003 0.7734583609375 0.45981877656250003 0.7714091796875 0.455720415625 0.7796059015625 0.449572875 0.78165508125 0.443425334375
2 0.159375 0.4671875 0.05 0.04375
2 0.171875 0.515625 0.0484375 0.0453125
1 0.3484375 0.5203125 0.046875 0.0453125
1 0.340625 0.475 0.046875 0.0453125
2 0.74375 0.5421875 0.046875 0.0515625
2 0.7328125 0.4890625 0.0453125 0.0453125
1 0.9359375 0.5484375 0.0546875 0.05
2 0.95625 0.5015625 0.059375 0.0484375
2 0.53125 0.53125 0.0484375 0.0484375
3 0.1671875 0.4859375 0.0859375 0.1234375
3 0.346875 0.490625 0.078125 0.125
3 0.5375 0.4984375 0.075 0.134375
3 0.740625 0.5125 0.0859375 0.134375
3 0.946875 0.5171875 0.10625 0.1421875