1 0.1135080640625 0.481502015625 0.10443548437500001 0.49259072656249997 0.098387096875 0.5067036296875 0.098387096875 0.524848790625 0.10443548437500001 0.5288810484375001 0.1024193546875 0.530897178125 0.10443548437500001 0.5349294359375001 0.11552419375 0.5460181453125 0.123588709375 0.550050403125 0.129637096875 0.5520665328125001 0.14979838750000002 0.5520665328125001 0.15181451562499998 0.550050403125 0.157862903125 0.550050403125 0.160887096875 0.547026209375 0.1618951609375 0.5419858875 0.1739919359375 0.5399697578125 0.18306451562499998 0.5288810484375001 0.1870967734375 0.5167842734375 0.1850806453125 0.5006552421875 0.18104838750000002 0.49259072656249997 0.1739919359375 0.4855342734375 0.16794354843749998 0.48755040312500003 0.1618951609375 0.481502015625 0.1306451609375 0.48049395156249997 0.12157258124999999 0.4794858875 0.11955645156250001 0.481502015625 0.1135080640625 0.481502015625
2 0.0943548390625 0.428074596875 0.09233870937500001 0.43412298437499997 0.098387096875 0.4381552421875 0.098387096875 0.4401713703125 0.0933467734375 0.44117943593750003 0.09032258125 0.4462197578125 0.0943548390625 0.4583165328125 0.10141129062500001 0.4673891125 0.1135080640625 0.4754536296875 0.11955645156250001 0.4774697578125 0.135685484375 0.4754536296875 0.1377016125 0.4774697578125 0.1558467734375 0.4774697578125 0.166935484375 0.46839717812500004 0.1689516125 0.4583165328125 0.1739919359375 0.459324596875 0.1770161296875 0.4542842734375 0.175 0.4421875 0.1770161296875 0.4401713703125 0.1709677421875 0.43412298437499997 0.1689516125 0.42202620937499996 0.157862903125 0.4109375 0.14072580625 0.40589717812500004 0.123588709375 0.4048891125 0.10745967812499999 0.4129536296875 0.0943548390625 0.428074596875
2 0.40987903281250004 0.4855342734375 0.40080645156249994 0.4946068546875 0.39677419375 0.5026713703125 0.39677419375 0.5208165328125001 0.40181451562500003 0.5258568546875 0.4068548390625 0.5268649187500001 0.40282258125 0.5288810484375001 0.40282258125 0.53291330625 0.407862903125 0.5399697578125 0.41391129062500004 0.5440020156250001 0.42197580625000003 0.5480342734375 0.43407258125 0.550050403125 0.4522177421875 0.5440020156250001 0.46330645156249994 0.53291330625 0.46129032187499996 0.524848790625 0.46330645156249994 0.5228326609375 0.46330645156249994 0.49259072656249997 0.4582661296875 0.4855342734375 0.44919354843750003 0.48452620937499996 0.43004032187499996 0.48351814531250004 0.42802419374999995 0.4855342734375 0.40987903281250004 0.4855342734375
2 0.41592741875000006 0.4149697578125 0.40080645156249994 0.428074596875 0.3947580640625 0.4381552421875 0.3947580640625 0.4583165328125 0.39677419375 0.46436491875 0.407862903125 0.4774697578125 0.4118951609375 0.4794858875 0.448185484375 0.4794858875 0.45725806406249997 0.47041330625000005 0.46330645156249994 0.4603326609375 0.46129032187499996 0.4442036296875 0.46330645156249994 0.4401713703125 0.46129032187499996 0.4381552421875 0.46129032187499996 0.4321068546875 0.4441532265625 0.4169858875 0.43306451562500003 0.41396169374999997 0.42600806406249997 0.4129536296875 0.42399193593750006 0.4149697578125 0.41592741875000006 0.4149697578125
1 0.6820564515624999 0.48755040312500003 0.6719758062500001 0.48755040312500003 0.6598790328125 0.4915826609375 0.6528225812499999 0.4986391125 0.648790321875 0.5087197578125 0.648790321875 0.5208165328125001 0.6508064515624999 0.5268649187500001 0.654838709375 0.530897178125 0.654838709375 0.5349294359375001 0.6598790328125 0.5399697578125 0.6739919359375001 0.5480342734375 0.6961693546875 0.5480342734375 0.7042338703125 0.5440020156250001 0.7133064515624999 0.5349294359375001 0.7193548390625 0.5208165328125001 0.7193548390625 0.5127520156250001 0.717338709375 0.5107358875 0.717338709375 0.5046875 0.711290321875 0.4946068546875 0.7032258062500001 0.48855846718749996 0.6881048390625 0.48755040312500003 0.6840725812499999 0.4895665328125 0.6820564515624999 0.48755040312500003
1 0.67802419375 0.419002015625 0.6689516125 0.42605846718749996 0.6588709671874999 0.4421875 0.6588709671874999 0.462348790625 0.6629032265625 0.47041330625000005 0.6719758062500001 0.4794858875 0.680040321875 0.48351814531250004 0.686088709375 0.481502015625 0.6981854843749999 0.4855342734375 0.7042338703125 0.48351814531250004 0.7122983875 0.4794858875 0.723387096875 0.46839717812500004 0.7274193546875 0.4603326609375 0.7294354843749999 0.4542842734375 0.7274193546875 0.450252015625 0.7294354843749999 0.4462197578125 0.723387096875 0.4321068546875 0.714314515625 0.4230342734375 0.7032258062500001 0.41799395156249997 0.6881048390625 0.4169858875 0.6840725812499999 0.42101814531250004 0.67802419375 0.419002015625
2 0.6840725812499999 0.5480342734375 0.680040321875 0.550050403125 0.6729838703125 0.5571068546875 0.6709677421875 0.5671875 0.6669354843749999 0.5692036296875 0.6669354843749999 0.5833165328125001 0.6709677421875 0.593397178125 0.6820564515624999 0.6065020156250001 0.6941532265625 0.612550403125 0.7163306453125 0.612550403125 0.7223790328125 0.6105342734375 0.7354838703125 0.5974294359375001 0.7395161296875 0.587348790625 0.7395161296875 0.5712197578125 0.7364919359375001 0.5661794359375001 0.7314516125 0.5631552421875 0.7334677421875 0.559122984375 0.7243951609375 0.550050403125 0.7072580640624999 0.5429939515625 0.692137096875 0.5440020156250001 0.6881048390625 0.550050403125 0.6840725812499999 0.5480342734375
3 0.1328125 0.4921875 0.1109375 0.165625
3 0.4359375 0.49375 0.0890625 0.18125
3 0.6921875 0.4875 0.115625 0.184375
3 0.9125 0.490625 0.0953125 0.1578125