2 0.4592563296875 0.6853243671875 0.4651898734375 0.6952136078125 0.480023734375 0.7080696203125 0.4938686703125 0.7140031640625 0.515625 0.7140031640625 0.5176028484375 0.7120253171875001 0.5235363921875 0.7120253171875001 0.5373813296875001 0.7041139234375 0.552215190625 0.687302215625 0.5561708859375 0.677412975 0.5561708859375 0.6655458859375 0.558148734375 0.6635680374999999 0.552215190625 0.64378955625 0.53540348125 0.6269778484375 0.515625 0.61906645625 0.4918908234375 0.6210443031249999 0.47804588593749997 0.6269778484375 0.4592563296875 0.647745253125 0.45628955624999995 0.660601265625 0.4553006328125 0.667523734375 0.45727848125000004 0.6695015828125 0.4592563296875 0.6853243671875
2 0.3801424046875 0.329311709375 0.3939873421875 0.3570015828125 0.4127768984375 0.37183544375 0.4167325953125 0.37183544375 0.42859968281249994 0.3777689875 0.43848892343749996 0.3777689875 0.440466771875 0.37974683593749997 0.460245253125 0.3777689875 0.48200158281250005 0.367879746875 0.49881329062499996 0.35106803750000004 0.5126582281250001 0.32337816406250003 0.5126582281250001 0.2976661390625 0.5007911390625 0.27393196249999996 0.48200158281250005 0.257120253125 0.47013449375 0.251186709375 0.45628955624999995 0.2492088609375 0.45431170937500004 0.24723101249999999 0.440466771875 0.24723101249999999 0.43848892343749996 0.2492088609375 0.4246439875 0.251186709375 0.39893196249999996 0.26700949375 0.39200949375 0.27393196249999996 0.382120253125 0.2917325953125 0.37915348125000004 0.30656645625 0.37816455625 0.3214003171875 0.3801424046875 0.32337816406250003 0.3801424046875 0.329311709375
2 0.4493670890625 0.44996044375000005 0.45134493593749997 0.4558939875 0.4681566453125 0.47072784843750004 0.48200158281250005 0.4766613921875 0.50969145625 0.4766613921875 0.5116693031249999 0.47468354375 0.5176028484375 0.47468354375 0.5373813296875001 0.46281645625 0.5502373421875 0.446004746875 0.558148734375 0.42424841718749995 0.558148734375 0.41040348125000004 0.54825949375 0.38469145625 0.5294699359374999 0.367879746875 0.515625 0.361946203125 0.505735759375 0.361946203125 0.5037579109375 0.3599683546875 0.48991297500000003 0.361946203125 0.474090190625 0.373813290625 0.45628955624999995 0.37974683593749997 0.4493670890625 0.38666930312500003 0.440466771875 0.40941455624999995 0.43947784843750004 0.42820411406250003 0.4454113921875 0.446004746875 0.4493670890625 0.44996044375000005
1 0.375197784375 0.2294303796875 0.39893196249999996 0.24525316406250003 0.4068433546875 0.24525316406250003 0.40882120312500003 0.24723101249999999 0.434533228125 0.24723101249999999 0.43651107656250004 0.24525316406250003 0.4483781640625 0.24525316406250003 0.4582674046875 0.2393196203125 0.4622231015625 0.2393196203125 0.48101265781249997 0.22448575937499998 0.48892404999999994 0.2126186703125 0.4948575953125 0.198773734375 0.49683544375000005 0.1770174046875 0.48892404999999994 0.15526107656250002 0.46617879687499997 0.13449367031249998 0.4622231015625 0.13449367031249998 0.4523338609375 0.1285601265625 0.44640031718750006 0.1285601265625 0.44442246875 0.126582278125 0.414754746875 0.126582278125 0.3870648734375 0.1384493671875 0.37025316406250003 0.153283228125 0.362341771875 0.1671281640625 0.359375 0.181962025 0.3583860765625 0.1967958859375 0.362341771875 0.20866297500000003 0.375197784375 0.2294303796875
1 0.5492484171875 0.8188291140624999 0.5591376578125 0.822784809375 0.57496044375 0.822784809375 0.58682753125 0.816851265625 0.5957278484375 0.8059731015624999 0.5977056968750001 0.80003955625 0.5977056968750001 0.7901503171875001 0.59375 0.7822389234375 0.5828718359375 0.7733386078125 0.57496044375 0.7733386078125 0.5729825953125001 0.771360759375 0.5532041140625 0.77531645625 0.5423259500000001 0.7861946203125 0.5393591765625 0.7931170890625 0.538370253125 0.80003955625 0.5423259500000001 0.8119066453125001 0.5492484171875 0.8188291140624999
1 0.49683544375000005 0.9464003171875 0.5037579109375 0.9493670890624999 0.5116693031249999 0.9493670890624999 0.525514240625 0.94343354375 0.53441455625 0.9325553796875001 0.5304588609375 0.920688290625 0.5195806968750001 0.9137658234374999 0.49584651874999996 0.9137658234374999 0.485957278125 0.921677215625 0.4849683546875 0.9266218359374999 0.4948575953125 0.9345332281250001 0.49683544375000005 0.9464003171875
1 0.4424446203125 0.95727848125 0.460245253125 0.9651898734375 0.480023734375 0.963212025 0.48991297500000003 0.95727848125 0.49683544375000005 0.9483781640625001 0.49683544375000005 0.9384889234375 0.492879746875 0.9325553796875001 0.480023734375 0.9236550640625 0.4523338609375 0.921677215625 0.4424446203125 0.9256329109375001 0.43651107656250004 0.9335443031249999 0.43552215156249996 0.9483781640625001 0.4375 0.9523338609374999 0.4424446203125 0.95727848125
1 0.500909809375 1 0.5067246828124999 0.99584651875 0.50870253125 0.9918908234374999 0.50870253125 0.9879351265625 0.4978243671875 0.979034809375 0.480023734375 0.979034809375 0.474090190625 0.9810126578125 0.47013449375 0.9849683546874999 0.46914557031250004 0.9938686703125 0.474090190625 0.998813290625 0.47765031718750006 1 0.500909809375 1
2 0.6026503171875001 0.85245253125 0.61253955625 0.85245253125 0.6214398734375 0.8455300640625 0.623417721875 0.8415743671874999 0.623417721875 0.8316851265625 0.616495253125 0.8247626578125 0.61253955625 0.822784809375 0.6026503171875001 0.822784809375 0.5947389234375 0.82674050625 0.59375 0.833662975 0.6016613921875 0.8415743671874999 0.6026503171875001 0.85245253125
2 0.5808939875 0.8682753171875 0.5927610765625 0.8643196203124999 0.59968354375 0.8573971515625001 0.6016613921875 0.85344145625 0.6016613921875 0.8415743671874999 0.5967167718749999 0.8346518984375001 0.5927610765625 0.8346518984375001 0.5897943031249999 0.8415743671874999 0.5808939875 0.8504746828125 0.5729825953125001 0.8544303796875001 0.56111550625 0.8544303796875001 0.5601265828125 0.8573971515625001 0.5690268984375 0.86629746875 0.5808939875 0.8682753171875
2 0.551226265625 0.85245253125 0.557159809375 0.8544303796875001 0.5729825953125001 0.8544303796875001 0.5808939875 0.8504746828125 0.5897943031249999 0.8415743671874999 0.59375 0.8316851265625 0.5917721515625 0.829707278125 0.5917721515625 0.823773734375 0.58682753125 0.8188291140624999 0.5808939875 0.8188291140624999 0.57496044375 0.822784809375 0.5591376578125 0.822784809375 0.557159809375 0.8208069625000001 0.551226265625 0.8208069625000001 0.5472705703125 0.816851265625 0.541337025 0.82674050625 0.5403481015625 0.83959651875 0.5423259500000001 0.843552215625 0.551226265625 0.85245253125
2 0.525514240625 0.89200949375 0.5472705703125 0.89200949375 0.5591376578125 0.8860759500000001 0.5660601265625 0.875197784375 0.5660601265625 0.86530854375 0.564082278125 0.8613528484374999 0.557159809375 0.8544303796875001 0.5492484171875 0.8504746828125 0.531447784375 0.8504746828125 0.525514240625 0.85245253125 0.5185917718749999 0.8573971515625001 0.5136471515625 0.86629746875 0.5126582281250001 0.87915348125 0.5195806968750001 0.888053796875 0.525514240625 0.89200949375