0 0.6396103890625 0.40198863593749995 0.6436688312500001 0.393871753125 0.6436688312500001 0.3776379875 0.6416396109375 0.37155032499999996 0.6284496749999999 0.3583603890625 0.6142451296875 0.35227272656249997 0.6020698046875 0.35430194843749996 0.5939529218749999 0.3583603890625 0.5868506499999999 0.36546266250000004 0.5827922078125 0.37357954531250004 0.5827922078125 0.393871753125 0.5848214281249999 0.39793019531249996 0.6000405843750001 0.41314935 0.6051136359375 0.41416396093749996 0.6203327921875 0.415178571875 0.6304788968749999 0.41112012968749995 0.6396103890625 0.40198863593749995
0 0.15665584375 0.42836850625 0.16274350625 0.41416396093749996 0.16274350625 0.39995941562500004 0.15665584375 0.3857548703125 0.14346590937499998 0.3766233765625 0.1272321421875 0.3766233765625 0.1170860390625 0.38271103906250004 0.1120129875 0.38778409062499997 0.103896103125 0.406047078125 0.103896103125 0.42025162343750005 0.10998376562500001 0.43445616875 0.1262175328125 0.44460227343750003 0.13129058437500002 0.44561688281249995 0.14346590937499998 0.44155844218749996 0.15665584375 0.42836850625
0 0.25202922031249997 0.34517045468749996 0.25202922031249997 0.3289366890625 0.2428977265625 0.31777597343749997 0.2388392859375 0.315746753125 0.22260551875 0.315746753125 0.21144480468750002 0.324878246875 0.2073863640625 0.33096590937500003 0.2053571421875 0.3411120125 0.2073863640625 0.343141234375 0.2073863640625 0.3512581171875 0.2165178578125 0.36241883124999996 0.2195616890625 0.3634334421875 0.22869318125000002 0.36444805156250004 0.2388392859375 0.3603896109375 0.25202922031249997 0.34517045468749996
0 0.22767857187499999 0.31270292187500004 0.22260551875 0.30560065000000003 0.218547078125 0.30357142812500004 0.2084009734375 0.30357142812500004 0.2023133109375 0.30560065000000003 0.19521103906249998 0.31270292187500004 0.19318181875 0.32081980468750004 0.200284090625 0.3238636359375 0.2053571421875 0.3289366890625 0.2084009734375 0.32995129843750004 0.218547078125 0.31777597343749997 0.22767857187499999 0.31270292187500004
0 0.302759740625 0.3167613640625 0.302759740625 0.31067370156249996 0.29565746718749997 0.30154220781249996 0.29159902656250003 0.2995129875 0.28145292187500004 0.297483765625 0.275365259375 0.2995129875 0.26420454531250004 0.30864448125 0.26521915625000003 0.3116883109375 0.275365259375 0.3076298703125 0.28956980468750004 0.30965909062499997 0.29667207812499996 0.3147321421875 0.30073051875 0.32284902656250003 0.302759740625 0.32284902656250003 0.30478896093749996 0.31879058437499996 0.302759740625 0.3167613640625
1 0.28754058437499996 0.35227272656249997 0.29667207812499996 0.343141234375 0.30073051875 0.33502434999999997 0.302759740625 0.324878246875 0.29870129843750004 0.3167613640625 0.29159902656250003 0.30965909062499997 0.27333603906250004 0.3076298703125 0.26521915625000003 0.3116883109375 0.2581168828125 0.31879058437499996 0.2540584421875 0.32690746718749997 0.2540584421875 0.3411120125 0.25608766250000004 0.34517045468749996 0.26521915625000003 0.35430194843749996 0.27029220781249996 0.3553165578125 0.27333603906250004 0.35633116875000004 0.275365259375 0.35430194843749996 0.28754058437499996 0.35227272656249997
1 0.35146103906250004 0.3167613640625 0.34232954531250004 0.30357142812500004 0.338271103125 0.30154220781249996 0.3200081171875 0.30154220781249996 0.3108766234375 0.30864448125 0.30478896093749996 0.3167613640625 0.302759740625 0.32690746718749997 0.30478896093749996 0.3329951296875 0.311891234375 0.3421266234375 0.31696428593750003 0.34517045468749996 0.33421266250000004 0.346185065625 0.34943181874999996 0.3329951296875 0.35146103906250004 0.3167613640625
1 0.203327921875 0.35734577968750003 0.2073863640625 0.349228896875 0.2053571421875 0.33096590937500003 0.2023133109375 0.3258928578125 0.19622565 0.32183441562500004 0.182021103125 0.32183441562500004 0.17796266249999998 0.3238636359375 0.1708603890625 0.3289366890625 0.1647727265625 0.33908279218750004 0.16274350625 0.349228896875 0.1647727265625 0.3512581171875 0.1647727265625 0.35734577968750003 0.171875 0.36647727343750003 0.1789772734375 0.369521103125 0.18405032500000001 0.37053571406249997 0.194196428125 0.36647727343750003 0.203327921875 0.35734577968750003
1 0.0978084421875 0.44257305156250004 0.103896103125 0.42633928593750003 0.103896103125 0.40807629843750004 0.1018668828125 0.40198863593749995 0.0866477265625 0.38879870156249996 0.074472403125 0.38879870156249996 0.0643262984375 0.3948863640625 0.0551948046875 0.40807629843750004 0.053165584375 0.42025162343750005 0.051136364062499995 0.42228084375 0.0551948046875 0.44257305156250004 0.0643262984375 0.45170454531250004 0.071428571875 0.45474837656249995 0.080560065625 0.4557629875 0.0866477265625 0.453733765625 0.0978084421875 0.44257305156250004
1 0.5442370125 0.349228896875 0.546266234375 0.343141234375 0.546266234375 0.33502434999999997 0.5422077921875 0.324878246875 0.53510551875 0.31777597343749997 0.5249594156249999 0.31371753281250003 0.5127840906250001 0.31371753281250003 0.5046672078125 0.31777597343749997 0.497564934375 0.324878246875 0.49350649375 0.3329951296875 0.49350649375 0.343141234375 0.497564934375 0.3512581171875 0.51176948125 0.3634334421875 0.5249594156249999 0.36444805156250004 0.537134740625 0.3583603890625 0.5442370125 0.349228896875
1 0.7288961031250001 0.43039772656249997 0.7329545453125 0.42025162343750005 0.7329545453125 0.40401785781250005 0.7288961031250001 0.393871753125 0.7177353890625 0.38271103906250004 0.7075892859375 0.37865259687499997 0.6954139609375 0.37865259687499997 0.6852678578125 0.38271103906250004 0.6781655843750001 0.3898133109375 0.6741071421875 0.39793019531249996 0.6720779218749999 0.41010551875 0.6781655843750001 0.42633928593750003 0.69135551875 0.43952922031249997 0.702516234375 0.44257305156250004 0.7055600656250001 0.4435876625 0.7177353890625 0.43952922031249997 0.7288961031250001 0.43039772656249997
1 0 0.686891234375 0.003449675 0.6870941562499999 0.01866883125 0.6739042203125 0.0227272734375 0.6637581171875 0.0227272734375 0.6231737015625 0.0206980515625 0.62114448125 0.01866883125 0.6089691562499999 0.00649350625 0.5866477265625 0 0.581153221875 0 0.686891234375