0 0.7351866890625 1 0.749391234375 0.9918831171875 0.7686688312500001 0.9746347406250001 0.7696834421875 0.9675324671875 0.765625 0.9634740265625 0.7554788968749999 0.9634740265625 0.7412743500000001 0.9573863640625 0.7301136359375 0.9441964281249999 0.7280844156249999 0.934050325 0.7189529218749999 0.9330357140625001 0.69663149375 0.9452110390625 0.6793831171875 0.9624594156249999 0.6732954546875 0.97260551875 0.6732954546875 0.9888392859374999 0.6753246749999999 0.9928977265625001 0.683718271875 1 0.7290990265625 1 0.7351866890625 1
0 0.609375 1 0.6205357140625 0.99086850625 0.6245941562499999 0.98478084375 0.6245941562499999 0.97869318125 0.6266233765625 0.9766639609375 0.625608765625 0.9715909093749999 0.6154626624999999 0.9594155843750001 0.609375 0.9573863640625 0.5850243500000001 0.9573863640625 0.5829951296875 0.9594155843750001 0.5769074671875 0.9594155843750001 0.5687905843750001 0.9634740265625 0.5576298703125 0.9746347406250001 0.5556006499999999 0.97869318125 0.5556006499999999 0.99086850625 0.5647321421875 1 0.609375 1
0 0.5048701296875 0.9563717531249999 0.5119724031249999 0.9655032468750001 0.5200892859375 0.9695616890625001 0.5282061687499999 0.9695616890625001 0.5302353890625 0.9715909093749999 0.5484983765625 0.9695616890625001 0.5637175328125 0.9584009734375 0.5698051953125 0.9441964281249999 0.5687905843750001 0.9411525968750001 0.5677759734375 0.9381087656249999 0.5545860390625 0.9269480515625 0.5302353890625 0.92491883125 0.5180600656250001 0.9289772734374999 0.5068993500000001 0.9401379875 0.5048701296875 0.9441964281249999 0.5048701296875 0.9563717531249999
0 0.45211038906249995 0.85288149375 0.45616883125 0.8609983765625 0.4713879875 0.8721590906250001 0.47747565 0.8741883109374999 0.49776785781250005 0.8741883109374999 0.505884740625 0.8701298703125 0.5170454546875 0.85896915625 0.5231331171875 0.8447646109375 0.52211850625 0.8396915578125 0.5119724031249999 0.8234577921874999 0.49168019531249996 0.8153409093749999 0.47950487031250005 0.8153409093749999 0.46327110312500003 0.8214285718750001 0.45819805156250004 0.8265016234375 0.45211038906249995 0.8366477265625001 0.45211038906249995 0.85288149375
0 0.45008116875 0.8934659093749999 0.46124188281249995 0.9025974031249999 0.46732954531250004 0.9046266234375 0.48965097343749997 0.9046266234375 0.493709415625 0.9025974031249999 0.5048701296875 0.8894074671875 0.50385551875 0.8741883109374999 0.5018262984375 0.8721590906250001 0.49776785781250005 0.8741883109374999 0.475446428125 0.8741883109374999 0.46327110312500003 0.86810065 0.45718344218749996 0.8620129875 0.44805194843749996 0.87114448125 0.44602272656249997 0.8833198046874999 0.45008116875 0.8934659093749999
0 0.466314934375 0.69663149375 0.45718344218749996 0.6915584421875 0.44906655781250004 0.6915584421875 0.440949675 0.6875 0.4348620125 0.6875 0.42370129843750004 0.69663149375 0.41964285781250005 0.7067775968750001 0.41964285781250005 0.7250405843750001 0.42370129843750004 0.7351866890625 0.4348620125 0.7463474031249999 0.4470373375 0.7524350656250001 0.46327110312500003 0.7544642859375 0.465300325 0.7524350656250001 0.47341720781249996 0.7524350656250001 0.48356331093750005 0.7483766234375 0.49472402656250003 0.7351866890625 0.49573863593749995 0.7260551953125 0.47747565 0.7138798703125 0.46834415625 0.7027191562499999 0.466314934375 0.69663149375
0 0.3790584421875 0.7412743500000001 0.39021915625000003 0.7524350656250001 0.39833603906250004 0.75649350625 0.41456980468750004 0.75649350625 0.42065746718749997 0.7544642859375 0.42978896093749996 0.7473620125 0.42877435 0.740259740625 0.41964285781250005 0.7270698046875 0.41964285781250005 0.7088068187500001 0.41051136406250005 0.7017045453125 0.39833603906250004 0.7017045453125 0.388189934375 0.7057629875 0.37702922031249997 0.7189529218749999 0.37702922031249997 0.7372159093749999 0.3790584421875 0.7412743500000001
0 0.35064934999999997 0.6276379875 0.361810065625 0.63676948125 0.36789772656249997 0.6387987015625 0.38413149375 0.6387987015625 0.39935065000000003 0.625608765625 0.403409090625 0.6154626624999999 0.40239448125 0.6043019484375 0.39935065000000003 0.5951704546875 0.388189934375 0.5860389609375 0.38007305156250004 0.58198051875 0.36383928593750003 0.58198051875 0.35978084374999997 0.584009740625 0.34659090937500003 0.5992288968749999 0.34659090937500003 0.6195211031250001 0.35064934999999997 0.6276379875
0 0.3739853890625 0.391233765625 0.364853896875 0.40239448125 0.36079545468749996 0.412540584375 0.36079545468749996 0.4348620125 0.364853896875 0.43892045468749996 0.3668831171875 0.44500811718750005 0.38007305156250004 0.45616883125 0.3922483765625 0.46022727343750003 0.40442370156249996 0.46022727343750003 0.418628246875 0.45413961093750005 0.43181818125 0.440949675 0.43790584375 0.42877435 0.436891234375 0.41152597343749997 0.43181818125 0.400365259375 0.418628246875 0.38717532499999996 0.40848214218749995 0.3831168828125 0.388189934375 0.3831168828125 0.3739853890625 0.391233765625
0 0.3486201296875 0.231939934375 0.3445616890625 0.24005681874999998 0.3445616890625 0.2522321421875 0.3486201296875 0.262378246875 0.3577516234375 0.271509740625 0.36383928593750003 0.27556818125000004 0.37804383124999996 0.27759740312500003 0.39630681874999996 0.26948051875 0.40746753281250003 0.25831980468750004 0.41152597343749997 0.2481737015625 0.41051136406250005 0.234983765625 0.40543831093750005 0.2258522734375 0.39630681874999996 0.2167207796875 0.39021915625000003 0.2146915578125 0.3739853890625 0.2146915578125 0.35978084374999997 0.2207792203125 0.3486201296875 0.231939934375
1 0.41659902656250003 0.5251623375000001 0.403409090625 0.5383522734375 0.39732142812500004 0.556615259375 0.39732142812500004 0.5708198046875 0.40543831093750005 0.5890827921875 0.41659902656250003 0.60024350625 0.430803571875 0.6063311687499999 0.453125 0.6063311687499999 0.4713879875 0.5961850656250001 0.48051948125 0.5850243500000001 0.48051948125 0.5809659093749999 0.48660714218749995 0.5687905843750001 0.48559253281250003 0.5515422078125 0.478490259375 0.5383522734375 0.465300325 0.5251623375000001 0.45109577968750003 0.5190746749999999 0.436891234375 0.5170454546875 0.41659902656250003 0.5251623375000001
1 0.42573051875 0.6195211031250001 0.41964285781250005 0.6276379875 0.415584415625 0.6377840906250001 0.415584415625 0.6580762984375 0.421672078125 0.6722808437500001 0.4348620125 0.6854707796875 0.44297889687499997 0.6895292203125 0.46124188281249995 0.6915584421875 0.46225649375 0.6661931812499999 0.46428571406249997 0.66010551875 0.472402596875 0.643871753125 0.490665584375 0.6276379875 0.48965097343749997 0.6225649343749999 0.481534090625 0.6124188312500001 0.47341720781249996 0.6083603890625 0.45109577968750003 0.6063311687499999 0.4348620125 0.6124188312500001 0.42573051875 0.6195211031250001
1 0.5363230515625 0.6306818187500001 0.5282061687499999 0.6266233765625 0.5180600656250001 0.6266233765625 0.5160308437500001 0.6245941562499999 0.49776785781250005 0.6266233765625 0.487621753125 0.6306818187500001 0.472402596875 0.643871753125 0.46225649375 0.6661931812499999 0.46225649375 0.6885146109375 0.47037337656249995 0.7047483765625 0.48559253281250003 0.7199675328125 0.50385551875 0.7260551953125 0.5302353890625 0.7240259734375 0.5424107140625 0.7179383109375 0.5576298703125 0.7027191562499999 0.565746753125 0.67836850625 0.5647321421875 0.6672077921875 0.5596590906250001 0.6519886359375 0.5484983765625 0.6387987015625 0.5363230515625 0.6306818187500001
1 0.7067775968750001 0.7504058437500001 0.7088068187500001 0.7524350656250001 0.7270698046875 0.7504058437500001 0.7453327921875 0.7443181812499999 0.7514204546875 0.740259740625 0.7554788968749999 0.740259740625 0.77475649375 0.7230113640625 0.7808441562499999 0.71489448125 0.7869318187500001 0.6986607140625 0.790990259375 0.6946022734375 0.7950487015625 0.6824269484375 0.7940340906250001 0.6469155843750001 0.790990259375 0.6337256499999999 0.7828733765625 0.6195211031250001 0.7717126624999999 0.6083603890625 0.7575081171875 0.60024350625 0.7453327921875 0.5982142859375 0.7433035718750001 0.5961850656250001 0.7351866890625 0.5961850656250001 0.7331574671875 0.5941558437500001 0.7088068187500001 0.5941558437500001 0.7067775968750001 0.5961850656250001 0.6946022734375 0.5982142859375 0.6702516234375 0.6124188312500001 0.6590909093749999 0.6235795453125 0.6428571421875 0.6519886359375 0.6428571421875 0.6580762984375 0.6408279218749999 0.66010551875 0.6408279218749999 0.69663149375 0.6448863640625 0.7088068187500001 0.6550324671875 0.7250405843750001 0.6702516234375 0.740259740625 0.6925730515625 0.7504058437500001 0.7067775968750001 0.7504058437500001
1 0.7321428578125 0.9482548703125 0.7412743500000001 0.9573863640625 0.7575081171875 0.9634740265625 0.7717126624999999 0.9634740265625 0.7737418828125 0.9614448046874999 0.781858765625 0.9614448046874999 0.7879464281249999 0.9573863640625 0.7970779218749999 0.94622565 0.7960633109375 0.8579545453125 0.7899756499999999 0.8579545453125 0.7615665578125 0.8741883109374999 0.7443181812499999 0.8914366890625001 0.7362012984375 0.9036120125 0.7280844156249999 0.9239042203125001 0.7280844156249999 0.9381087656249999 0.7321428578125 0.9482548703125
1 0.5140016234375 0.93100649375 0.5332792203125 0.9239042203125001 0.5322646109375 0.9168019484375 0.5261769484375 0.9086850656250001 0.5160308437500001 0.9046266234375 0.49168019531249996 0.9046266234375 0.48559253281250003 0.90665584375 0.47646103906250004 0.9157873375 0.47443181875 0.9198457796874999 0.47443181875 0.9320211031250001 0.48356331093750005 0.94318181875 0.5018262984375 0.94926948125 0.5140016234375 0.93100649375
1 0.5200892859375 0.9837662343750001 0.5363230515625 0.9837662343750001 0.5464691562499999 0.9797077921874999 0.5556006499999999 0.9705762984374999 0.5545860390625 0.9655032468750001 0.5484983765625 0.9695616890625001 0.5302353890625 0.9715909093749999 0.5282061687499999 0.9695616890625001 0.5160308437500001 0.9675324671875 0.50385551875 0.9553571421875 0.5008116890625 0.9604301953125001 0.5028409093749999 0.97260551875 0.5099431812499999 0.9797077921874999 0.5200892859375 0.9837662343750001
1 0.30194805156250004 0.465300325 0.313108765625 0.478490259375 0.31716720781249996 0.48051948125 0.331371753125 0.48051948125 0.33745941562500004 0.47646103906250004 0.34659090937500003 0.465300325 0.34557629843750004 0.44805194843749996 0.340503246875 0.43892045468749996 0.33543019531249996 0.43587662343750005 0.32934253281250003 0.433847403125 0.3151379875 0.433847403125 0.307021103125 0.439935065625 0.30194805156250004 0.4470373375 0.29991883124999996 0.453125 0.30194805156250004 0.465300325
1 0.41152597343749997 0.06148538906249999 0.42065746718749997 0.0706168828125 0.430803571875 0.074675325 0.45515422031249997 0.072646103125 0.46732954531250004 0.0665584421875 0.472402596875 0.06148538906249999 0.4713879875 0.0564123375 0.45616883125 0.04728084375 0.45008116875 0.037134740625 0.44906655781250004 0.023944804687499998 0.43283279218750004 0.023944804687499998 0.42065746718749997 0.030032467187500002 0.409496753125 0.043222403124999996 0.409496753125 0.0574269484375 0.41152597343749997 0.06148538906249999
1 0.42370129843750004 0 0.42370129843750004 0.00872565 0.42573051875 0.012784090625 0.436891234375 0.021915584374999998 0.44906655781250004 0.021915584374999998 0.46327110312500003 0.007711039062499999 0.48640422031249997 0 0.42370129843750004 0
2 0.34253246718749997 0.33745941562500004 0.34253246718749997 0.3577516234375 0.35369318125000004 0.37297077968750003 0.36789772656249997 0.3790584421875 0.38413149375 0.3790584421875 0.3922483765625 0.375 0.40543831093750005 0.361810065625 0.409496753125 0.349634740625 0.40848214218749995 0.340503246875 0.40543831093750005 0.3273133109375 0.39427759687499997 0.31615259687499997 0.38616071406249997 0.31209415625000003 0.36789772656249997 0.31209415625000003 0.35369318125000004 0.32021103906250004 0.3445616890625 0.331371753125 0.34253246718749997 0.33745941562500004
2 0.36992694843749996 0.27759740312500003 0.3577516234375 0.27353896093749996 0.34354707812499996 0.2796266234375 0.33441558437499996 0.29078733749999996 0.3323863640625 0.296875 0.3323863640625 0.313108765625 0.34354707812499996 0.32629870156249996 0.34760551875 0.32629870156249996 0.35369318125000004 0.32021103906250004 0.36789772656249997 0.31209415625000003 0.38616071406249997 0.31209415625000003 0.388189934375 0.3141233765625 0.3932629875 0.30905032499999996 0.39529220781249996 0.30296266250000004 0.39427759687499997 0.2978896109375 0.3932629875 0.29078733749999996 0.38616071406249997 0.2796266234375 0.38210227343750003 0.27759740312500003 0.36992694843749996 0.27759740312500003
2 0.35572240312500003 0.1761363640625 0.35064934999999997 0.18120941562499998 0.3445616890625 0.193384740625 0.34659090937500003 0.2116477265625 0.3486201296875 0.21570616875 0.3577516234375 0.2228084421875 0.361810065625 0.21875 0.37195616875000004 0.2146915578125 0.39427759687499997 0.2146915578125 0.39935065000000003 0.20961850625 0.39833603906250004 0.206574675 0.38616071406249997 0.202516234375 0.375 0.19135551875 0.3709415578125 0.1832386359375 0.36992694843749996 0.17207792187499998 0.36383928593750003 0.17207792187499998 0.35572240312500003 0.1761363640625
2 0.41659902656250003 0.14366883125000002 0.41456980468750004 0.1416396109375 0.39833603906250004 0.14366883125000002 0.38616071406249997 0.14975649375 0.37702922031249997 0.1588879875 0.3709415578125 0.1710633109375 0.3709415578125 0.1832386359375 0.375 0.19135551875 0.38616071406249997 0.202516234375 0.39427759687499997 0.206574675 0.412540584375 0.206574675 0.430803571875 0.19845779218749998 0.43587662343750005 0.193384740625 0.44196428593750003 0.1832386359375 0.44196428593750003 0.1771509734375 0.44399350625 0.175121753125 0.44297889687499997 0.16193181875 0.43283279218750004 0.14975649375 0.42268668906249995 0.14366883125000002 0.41659902656250003 0.14366883125000002
2 0.430803571875 0.078733765625 0.424715909375 0.08076298750000001 0.409496753125 0.0919237015625 0.403409090625 0.1020698046875 0.40137987031250005 0.1142451296875 0.40746753281250003 0.12844967499999999 0.412540584375 0.1335227265625 0.42674512968749995 0.1396103890625 0.4470373375 0.1396103890625 0.46327110312500003 0.1335227265625 0.47443181875 0.1223620125 0.478490259375 0.1142451296875 0.47747565 0.0990259734375 0.47443181875 0.0919237015625 0.45718344218749996 0.078733765625 0.44500811718750005 0.078733765625 0.44297889687499997 0.07670454531250001 0.430803571875 0.078733765625
2 0.3831168828125 0.08989448125 0.3831168828125 0.0959821421875 0.38108766250000004 0.0980113640625 0.3831168828125 0.100040584375 0.3831168828125 0.1081574671875 0.3922483765625 0.1172889609375 0.40239448125 0.11931818125 0.40137987031250005 0.1101866890625 0.40543831093750005 0.0980113640625 0.41456980468750004 0.08685065 0.42065746718749997 0.084821428125 0.424715909375 0.08076298750000001 0.42877435 0.08076298750000001 0.43181818125 0.07771915625 0.430803571875 0.074675325 0.42065746718749997 0.0706168828125 0.40848214218749995 0.0706168828125 0.39427759687499997 0.07670454531250001 0.3831168828125 0.08989448125
2 0.48640422031249997 0 0.46327110312500003 0.007711039062499999 0.45008116875 0.022930195312500002 0.45008116875 0.037134740625 0.46327110312500003 0.05235389687500001 0.4713879875 0.0564123375 0.47747565 0.0584415578125 0.499797078125 0.0584415578125 0.5180600656250001 0.05235389687500001 0.53125 0.0391639609375 0.5332792203125 0.0330762984375 0.5322646109375 0.021915584374999998 0.53125 0.016842532812499998 0.52211850625 0.007711039062499999 0.5079139609375 0.0016233765625 0.49168019531249996 0 0.48640422031249997 0
2 0.31818181874999996 0.52211850625 0.3273133109375 0.5332792203125 0.33543019531249996 0.5373376624999999 0.35166396093749996 0.5373376624999999 0.364853896875 0.5261769484375 0.36891233749999996 0.5160308437500001 0.36789772656249997 0.5048701296875 0.36282467500000004 0.493709415625 0.35369318125000004 0.48660714218749995 0.33543019531249996 0.484577921875 0.3273133109375 0.48863636406250005 0.31818181874999996 0.5018262984375 0.31818181874999996 0.5099431812499999 0.31615259687499997 0.5119724031249999 0.31818181874999996 0.52211850625
2 0.31818181874999996 0.5870535718750001 0.32528409062499997 0.5982142859375 0.33543019531249996 0.6043019484375 0.34354707812499996 0.6043019484375 0.3486201296875 0.5951704546875 0.36282467500000004 0.5829951296875 0.36383928593750003 0.5779220781250001 0.36282467500000004 0.5708198046875 0.35572240312500003 0.5616883109375 0.349634740625 0.5576298703125 0.33745941562500004 0.5556006499999999 0.3273133109375 0.5596590906250001 0.322240259375 0.5647321421875 0.31818181874999996 0.5728490265625 0.31818181874999996 0.5870535718750001
2 0.358766234375 0.7027191562499999 0.36992694843749996 0.7138798703125 0.37804383124999996 0.7159090906250001 0.38108766250000004 0.7108360390625 0.388189934375 0.7057629875 0.39630681874999996 0.7017045453125 0.406452921875 0.7017045453125 0.409496753125 0.6986607140625 0.40848214218749995 0.6854707796875 0.40543831093750005 0.67836850625 0.3922483765625 0.6672077921875 0.3760146109375 0.6651785718750001 0.36586850625 0.6692370125 0.358766234375 0.6763392859375 0.35470779218750004 0.6905438312500001 0.358766234375 0.7027191562499999
2 0.32934253281250003 0.48863636406250005 0.33441558437499996 0.48356331093750005 0.33340097343749997 0.48254870156249996 0.3151379875 0.48051948125 0.30397727343750003 0.48965097343749997 0.30194805156250004 0.493709415625 0.30194805156250004 0.5099431812499999 0.31107954531250004 0.5211038968749999 0.3151379875 0.5231331171875 0.31818181874999996 0.52211850625 0.31818181874999996 0.5018262984375 0.32426948125 0.49168019531249996 0.32934253281250003 0.48863636406250005