2 0.3616087875 0.4943369421875 0.3679609046875 0.49531947499999995 0.37984762031249997 0.49458501093749996 0.390236415625 0.4899583734375 0.39434688281249997 0.485408371875 0.3980160828125 0.4770728109375 0.39779373125 0.47076759062500007 0.396331009375 0.463582975 0.396331009375 0.45763059375 0.3825619953125 0.44802629375 0.3794550203125 0.4466322625 0.3644359625 0.44569002187500006 0.35764053281249997 0.44870202187499997 0.3506960890625 0.4556464671875 0.34871196250000003 0.461598846875 0.3506960890625 0.463582975 0.3477198984375 0.466559165625 0.346727834375 0.479455990625 0.35764053281249997 0.492352815625 0.3616087875 0.4943369421875
1 0.3649628140625 0.29243801875000003 0.3768675765625 0.29243801875000003 0.378851703125 0.2904538921875 0.38083582968749996 0.29243801875000003 0.39472471875 0.29243801875000003 0.403653290625 0.2815253203125 0.4056374171875 0.2656523046875 0.403653290625 0.263668178125 0.403653290625 0.257715796875 0.397700909375 0.24779516250000003 0.390756465625 0.24283484375 0.3828199578125 0.23886659062499999 0.3768675765625 0.2408507171875 0.3748834484375 0.23886659062499999 0.36893106875 0.23886659062499999 0.3609945609375 0.24283484375 0.351073925 0.25473960625 0.3500818625 0.2735888125 0.3560342421875 0.283509446875 0.3649628140625 0.29243801875000003
1 0.3475990296875 0.68967921875 0.3544687765625 0.694839590625 0.36501468593749997 0.6948987890625 0.3720377140625 0.694960103125 0.37549927968749996 0.693402953125 0.38229925625 0.689516421875 0.3887455375 0.6830482734375 0.390729665625 0.6651911296875 0.3887455375 0.6592387484375 0.3798169671875 0.6463419234375001 0.3718907484375 0.6445442265625 0.35621781406249997 0.6462971921875 0.34784005625000003 0.650689696875 0.3420006203125 0.6598895625 0.33957142500000004 0.6707499046875001 0.3403529453125 0.6773927484375 0.3428245109375 0.684713890625 0.3475990296875 0.68967921875
1 0.392533628125 0.699570303125 0.395143525 0.7029830109375 0.3980010109375 0.7067477390625 0.402775671875 0.7098467203125 0.40945923593750005 0.7102331140625 0.41538089375 0.7104641671875 0.4198635828125 0.7103649578125 0.42896907031250003 0.7050389921875 0.4353432609375 0.6958142781250001 0.43777910625 0.6916370484375001 0.43877293906250003 0.6849909046875 0.43726277812500003 0.6744015328125 0.4315748390625 0.666650315625 0.42274131718749997 0.659451990625 0.4204135328125 0.6588622171875 0.4192352578125 0.6585577484375 0.412961146875 0.6583867437500001 0.41031992031250003 0.6579968703125 0.40353261875 0.66051264375 0.4010968046875 0.6610507359375 0.400556428125 0.6615047078125 0.3985723015625 0.6615047078125 0.3896957234375 0.6712861125 0.3886516671875 0.6773777234375 0.38765960312500003 0.688290421875 0.3875975359375 0.69184678125 0.392533628125 0.699570303125
2 0.41889010156250006 0.49406324375 0.4275708046875 0.49350852031250003 0.4325134453125 0.4911183453125 0.444804371875 0.480710525 0.44739439843750006 0.4722691390625 0.44739439843750006 0.46234850468750005 0.44144201718750004 0.44845961562500003 0.43057968906250005 0.441908915625 0.4211370171875 0.4408510375 0.4097450703125 0.44482141249999996 0.4021673109375 0.451986428125 0.396167234375 0.45989025625 0.395882975 0.4734840453125 0.40389961718749995 0.48585552656250003 0.4096918546875 0.49132198281250006 0.41889010156250006 0.49406324375
2 0.45301536093749994 0.49506027656249996 0.45691778281250006 0.49676649375000004 0.46268368593750003 0.5005680046875 0.4740744875 0.501217965625 0.4803286203125 0.5002366484375 0.492213334375 0.4916464125 0.494445271875 0.48791129375000003 0.49560825937499997 0.48386966875 0.4963663609375 0.48159577656249997 0.49594370000000004 0.47051690625000003 0.49560825937499997 0.467996653125 0.49446779999999996 0.463901909375 0.484226190625 0.4536865484375 0.4805594828125 0.45181382187499997 0.4668384171875 0.4511315734375 0.4609757359375 0.45329344374999997 0.45691778281250006 0.45509982656250003 0.4499733375 0.46204427187499997 0.449875371875 0.4657341265625 0.44837880312499995 0.47034308906250005 0.448303984375 0.4710842421875 0.4479892109375 0.47196490625000004 0.446997146875 0.4789093515625 0.446005084375 0.481885540625 0.44773160624999997 0.48718441874999996 0.45301536093749994 0.49506027656249996
1 0.45706996718750004 0.2627224125 0.4571320765625 0.2547227140625 0.4560653453125 0.2481065015625 0.453338221875 0.24323246250000002 0.45049930156249995 0.238913265625 0.4477804609375 0.235200671875 0.44407511250000004 0.23260915468749999 0.43926887499999995 0.23090580156249998 0.4337235328125 0.2292878515625 0.4269246171875 0.22919934375 0.42079855468750005 0.2307029109375 0.41503479375 0.2337773296875 0.41180199687499996 0.23654430624999997 0.4085034671875 0.24091215625 0.40500152656250005 0.2468306703125 0.40371275625 0.25244484843750004 0.40367549062499997 0.2579405015625 0.40381264687499996 0.26280522500000003 0.40820482187499996 0.2760159109375 0.411344975 0.27874044531250003 0.4167288296875 0.283414184375 0.4245722203125 0.28590529062500003 0.42847114218750004 0.2870838171875 0.43386845625000003 0.286795009375 0.4379847625 0.286402684375 0.442921428125 0.2838536078125 0.44726598749999996 0.2809903625 0.451573278125 0.2755128234375 0.4549002765625 0.270547171875 0.45706996718750004 0.2627224125
3 0.3875 0.865625 0.13125 0.0859375
3 0.3921875 0.6734375 0.1296875 0.0859375
3 0.4015625 0.471875 0.15 0.0921875
3 0.4078125 0.26875 0.128125 0.09375
3 0.4375 0.0625 0.09375 0.075