2 0.6625 0.95 0.0515625 0.05625
1 0.6328125 0.93125 0.040625 0.046875
2 0.6609375 0.990625 0.0515625 0.0171875
1 0.709375 0.5609375 0.0609375 0.0578125
1 0.6203125 0.653125 0.0375 0.0375
1 0.74375 0.3625 0.075 0.071875
1 0.6765625 0.23125 0.053125 0.0671875
1 0.5921875 0.8390625 0.025 0.0328125
1 0.559375 0.6828125 0.0203125 0.021875
1 0.55625 0.5703125 0.01875 0.01875
3 0.5890625 0.946875 0.06875 0.0578125
3 0.58125 0.775 0.05625 0.0515625
3 0.5234375 0.5015625 0.0421875 0.025
3 0.5296875 0.484375 0.0484375 0.0296875