1 0.7188504828125 0.3303858515625 0.724879421875 0.3303858515625 0.7339228296875 0.319332796875 0.7299035375 0.3072749203125 0.722869775 0.302250803125 0.7148311890625 0.302250803125 0.710811896875 0.306270096875 0.717845659375 0.32134244375 0.7158360125 0.3273713828125 0.7188504828125 0.3303858515625
1 0.724879421875 0.302250803125 0.7299035375 0.299236334375 0.7319131828125001 0.2952170421875 0.7319131828125001 0.2851688109375 0.7288987140625001 0.282154340625 0.72588424375 0.2932073953125 0.7168408359375 0.2982315109375 0.7158360125 0.299236334375 0.7188504828125 0.302250803125 0.724879421875 0.302250803125
1 0.7268890671875 0.4308681671875 0.7359324765624999 0.4198151125 0.7359324765624999 0.41177652656249997 0.7288987140625001 0.40273311874999995 0.720860128125 0.40072347343750003 0.7148311890625 0.40273311874999995 0.7088022515625 0.40876205781249997 0.707797428125 0.4198151125 0.720860128125 0.4308681671875 0.7268890671875 0.4308681671875
1 0.6997588421875001 0.6428858515625 0.7017684890625 0.6549437296875 0.7047829578125 0.655948553125 0.7098070734374999 0.648914790625 0.707797428125 0.6368569125 0.7047829578125 0.63384244375 0.690715434375 0.63384244375 0.690715434375 0.6378617359375001 0.6947347265625 0.6378617359375001 0.6997588421875001 0.6428858515625
1 0.6887057875 0.6639871375 0.6947347265625 0.6639871375 0.7017684890625 0.658963021875 0.7017684890625 0.6469051453125 0.6947347265625 0.6378617359375001 0.6846864953125 0.6378617359375001 0.676647909375 0.6479099671874999 0.6776527328124999 0.652934084375 0.6877009640625 0.66097266875 0.6887057875 0.6639871375
2 0.5319533765625 0.9493569125000001 0.5440112546875 0.9493569125000001 0.555064309375 0.9403135046875001 0.555064309375 0.9302652734375 0.5500401921875 0.9252411578125 0.5440112546875 0.9232315109375 0.527934084375 0.9252411578125 0.5219051453125 0.9312700968750001 0.520900321875 0.9423231515625 0.5259244375 0.9473472671875 0.5319533765625 0.9493569125000001
2 0.6203778140625 0.8649517687499999 0.627411575 0.85791800625 0.627411575 0.849879421875 0.6183681671875 0.8428456593749999 0.61032958125 0.8428456593749999 0.6012861734375 0.847869775 0.5982717046875 0.8549035375 0.5992765265625 0.859927653125 0.60430064375 0.8649517687499999 0.6203778140625 0.8649517687499999
2 0.6706189703125001 0.686093246875 0.67865755625 0.6840836015625 0.6897106109375 0.6710209 0.6897106109375 0.6649919609375 0.68569131875 0.6569533765625 0.680667203125 0.65393890625 0.666599678125 0.65393890625 0.65856109375 0.6619774921875 0.6575562703125 0.6750401921875 0.659565915625 0.6790594859375 0.6706189703125001 0.686093246875
2 0.690715434375 0.6961414796875001 0.6997588421875001 0.6870980703125 0.6997588421875001 0.6770498390624999 0.690715434375 0.6700160765625001 0.67865755625 0.6840836015625 0.6746382640624999 0.686093246875 0.6756430875 0.6911173640625 0.680667203125 0.6961414796875001 0.690715434375 0.6961414796875001
2 0.6545418 0.5494372984375 0.65856109375 0.5514469453124999 0.6726286171875 0.5514469453124999 0.676647909375 0.5494372984375 0.683681671875 0.5424035375 0.6877009640625 0.5343649515625 0.6877009640625 0.5223070734374999 0.68569131875 0.51828778125 0.6726286171875 0.5072347265625 0.6605707390625 0.5072347265625 0.6525321546875 0.51125401875 0.64449356875 0.5213022515625 0.6434887453125 0.5323553046875 0.6454983921874999 0.53838424375 0.6545418 0.5494372984375
2 0.6947347265625 0.336414790625 0.7088022515625 0.336414790625 0.7158360125 0.3293810296875 0.717845659375 0.32134244375 0.7158360125 0.3153135046875 0.7067926046874999 0.30426045 0.69875401875 0.302250803125 0.6967443734375001 0.30426045 0.690715434375 0.30426045 0.683681671875 0.309284565625 0.6826768484375 0.31430868125 0.681672025 0.32134244375 0.68569131875 0.3293810296875 0.6947347265625 0.336414790625
2 0.7017684890625 0.2911977484375 0.7067926046874999 0.296221865625 0.7188504828125 0.2982315109375 0.72588424375 0.2932073953125 0.727893890625 0.2811495171875 0.720860128125 0.272106109375 0.7168408359375 0.2700964625 0.7067926046874999 0.2700964625 0.700763665625 0.2761254015625 0.6997588421875001 0.2831591640625 0.7017684890625 0.2851688109375 0.7017684890625 0.2911977484375
2 0.656551446875 0.764469453125 0.666599678125 0.764469453125 0.6756430875 0.7554260453125 0.673633440625 0.747387459375 0.666599678125 0.7403536984375 0.65856109375 0.7403536984375 0.6505225078125 0.7483922828125 0.649517684375 0.757435690625 0.6525321546875 0.7624598078125 0.656551446875 0.764469453125
2 0.6756430875 0.747387459375 0.676647909375 0.754421221875 0.681672025 0.74939710625 0.681672025 0.739348875 0.67865755625 0.7363344046875 0.666599678125 0.734324759375 0.6605707390625 0.7383440515624999 0.6605707390625 0.7403536984375 0.6706189703125001 0.74236334375 0.6756430875 0.747387459375