1 0.8919141921874999 0.4564768984375 0.8898514843750001 0.4626650171875 0.8836633656249999 0.4688531359375 0.8795379531249999 0.4771039609375 0.877475246875 0.49360561093750005 0.875412540625 0.49566831718750004 0.877475246875 0.49773102343750003 0.8795379531249999 0.5162953796875 0.8877887781249999 0.5307343234374999 0.8970709578125 0.5400165015625 0.9156353140625001 0.5462046203125 0.9176980203125 0.5441419140625 0.9280115515625 0.5441419140625 0.9414191421875 0.5348597359375 0.9537953796875 0.5162953796875 0.9558580859375001 0.5039191421875 0.9579207921874999 0.5018564359375 0.9579207921874999 0.48329207968750004 0.9496699671875 0.4626650171875 0.9445132015625 0.4554455453125 0.9362623765625001 0.449257425 0.9228547859375 0.444100659375 0.9135726078124999 0.44306930624999996 0.9073844890625 0.44513201249999995 0.8919141921874999 0.4564768984375
1 0.848597359375 0.6049917484375 0.8444719468749999 0.613242575 0.8424092406250001 0.62768151875 0.8444719468749999 0.6297442249999999 0.8444719468749999 0.63593234375 0.85994224375 0.649339934375 0.8785066 0.6452145218750001 0.885726071875 0.63799505 0.8919141921874999 0.6256188125000001 0.8919141921874999 0.6091171609375 0.8877887781249999 0.6008663359375 0.877475246875 0.5926155109375 0.8661303625000001 0.5915841578125 0.8578795375 0.5957095703124999 0.848597359375 0.6049917484375
1 0.6423267328125 0.68543729375 0.6423267328125 0.69368811875 0.6495462046875 0.705033003125 0.6536716171875 0.707095709375 0.6681105609375 0.707095709375 0.6815181515625001 0.695750825 0.6835808578125 0.6916254125 0.6835808578125 0.68131188125 0.6742986796875 0.669966996875 0.6712046203125 0.66893564375 0.6577970296875 0.667904290625 0.6464521453125001 0.67718646875 0.6423267328125 0.68543729375
1 0.6969884484375 0.663778878125 0.6877062703125 0.67306105625 0.6835808578125 0.6833745875 0.6856435640625 0.68543729375 0.6877062703125 0.69781353125 0.6990511546875 0.705033003125 0.7134900984375 0.702970296875 0.7227722765625 0.695750825 0.7248349828125 0.6916254125 0.7248349828125 0.67306105625 0.7176155109375 0.663778878125 0.7124587453125 0.662747525 0.7052392734375 0.661716171875 0.7031765671875 0.663778878125 0.6969884484375 0.663778878125
1 0.768151815625 0.6833745875 0.7753712875 0.692656765625 0.7918729375 0.692656765625 0.79599835 0.690594059375 0.8032178218749999 0.6833745875 0.807343234375 0.6751237625 0.807343234375 0.6648102312499999 0.8052805281250001 0.66068481875 0.794966996875 0.65243399375 0.78155940625 0.651402640625 0.768151815625 0.6668729375 0.768151815625 0.6833745875
0 0.792904290625 0.6153052812500001 0.788778878125 0.62355610625 0.788778878125 0.6421204625 0.794966996875 0.65243399375 0.8021864687500001 0.657590759375 0.820750825 0.657590759375 0.836221121875 0.6441831687499999 0.838283828125 0.6400577562499999 0.840346534375 0.62355610625 0.838283828125 0.6214934000000001 0.838283828125 0.6153052812500001 0.83106435625 0.6060231015624999 0.8259075906250001 0.6029290421875 0.8104372937500001 0.6018976890625 0.8063118812500001 0.6039603953125 0.792904290625 0.6153052812500001
0 0.7268976890625 0.67306105625 0.7268976890625 0.68543729375 0.7361798687500001 0.696782178125 0.7464934000000001 0.6988448843749999 0.74855610625 0.696782178125 0.7547442249999999 0.696782178125 0.766089109375 0.6875 0.768151815625 0.67099835 0.764026403125 0.662747525 0.755775578125 0.65655940625 0.7423679875 0.6555280531250001 0.738242575 0.657590759375 0.7268976890625 0.67306105625
0 0.755775578125 0.69781353125 0.7588696374999999 0.702970296875 0.771245875 0.707095709375 0.77743399375 0.705033003125 0.786716171875 0.695750825 0.7836221125 0.692656765625 0.7753712875 0.692656765625 0.768151815625 0.68543729375 0.7671204625 0.684405940625 0.755775578125 0.695750825 0.755775578125 0.69781353125
1 0.475247525 0.67718646875 0.47731023125 0.679249175 0.47731023125 0.68543729375 0.490717821875 0.696782178125 0.505156765625 0.696782178125 0.509282178125 0.6947194718749999 0.5206270625 0.68131188125 0.5206270625 0.6751237625 0.51650165 0.6648102312499999 0.50618811875 0.65655940625 0.49278052812500006 0.6555280531250001 0.47731023125 0.66893564375 0.475247525 0.67718646875
0 0.3948019796875 0.6297442249999999 0.3906765671875 0.63799505 0.3906765671875 0.6503712875 0.3948019796875 0.6586221125 0.39995874531250003 0.663778878125 0.41439768906249996 0.669966996875 0.422648515625 0.669966996875 0.430899340625 0.6658415843750001 0.44018151874999994 0.65243399375 0.44018151874999994 0.63799505 0.43399340000000003 0.62768151875 0.425742575 0.6214934000000001 0.4102722765625 0.620462046875 0.40408415781249996 0.622524753125 0.3948019796875 0.6297442249999999
1 0.3205445546875 0.61943069375 0.3205445546875 0.6297442249999999 0.3246699671875 0.6400577562499999 0.3339521453125 0.649339934375 0.33807755781250004 0.651402640625 0.3566419140625 0.651402640625 0.3679867984375 0.6421204625 0.3700495046875 0.63799505 0.3700495046875 0.61943069375 0.3566419140625 0.6039603953125 0.3452970296875 0.6008663359375 0.3318894390625 0.6039603953125 0.3246699671875 0.6111798687500001 0.3205445546875 0.61943069375
1 1 0.5247937296875 0.9971122109375001 0.5224834984375 0.9857673265625 0.5214521453125001 0.9775165015624999 0.5255775578125 0.9702970296875 0.5348597359375 0.9682343234375 0.5472359734375 0.9661716171875 0.5492986796875 0.9661716171875 0.5719884484375 0.9775165015624999 0.5853960390624999 0.9816419140624999 0.5874587453125 0.9919554453125 0.5874587453125 1 0.58343646875 1 0.5247937296875
1 1 0.5246051390625001 0.9950495046875 0.5224834984375 0.9857673265625 0.5214521453125001 0.9723597359375 0.5307343234374999 0.9661716171875 0.5472359734375 0.9661716171875 0.5719884484375 0.9775165015624999 0.5853960390624999 0.9816419140624999 0.5874587453125 0.9919554453125 0.5874587453125 0.9960808578125 0.5833333328125 1 0.5833333328125 1 0.5246051390625001