2 0.4174035375 0.9839228296875 0.42745176875 0.9939710609375 0.43950964687500005 0.9959807078124999 0.44151929218749997 0.9979903531250001 0.46161575624999995 0.9979903531250001 0.4636254015625 0.9959807078124999 0.4756832796875 0.9939710609375 0.4957797421875 0.9819131828125001 0.5028135046875 0.9708601281250001 0.5028135046875 0.950763665625 0.4927652734375 0.9346864953124999 0.4756832796875 0.923633440625 0.4575964625 0.9196141484375 0.4555868171875 0.9176045015625001 0.4375 0.9176045015625001 0.41338424375000005 0.9256430874999999 0.398311896875 0.9407154343749999 0.3942926046875 0.9487540187500001 0.395297428125 0.9598070734374999 0.398311896875 0.9688504828125 0.405345659375 0.977893890625 0.4174035375 0.9839228296875
2 0.43227492031250003 1 0.4304662375 0.99698553125 0.4194131828125 0.9859324765625 0.40132636718750003 0.97588424375 0.3892684890625 0.9718649515625 0.3772106109375 0.9718649515625 0.3752009640625 0.9698553046875 0.351085209375 0.9718649515625 0.3350080390625 0.977893890625 0.3219453375 0.9909565921875 0.322767465625 1 0.43227492031250003 1
2 0.49377009687499995 0.93569131875 0.503818328125 0.9397106109375001 0.5219051453125 0.9397106109375001 0.537982315625 0.9336816718750001 0.5570739546875 0.916599678125 0.56310289375 0.9045418 0.56310289375 0.89449356875 0.5570739546875 0.8824356906249999 0.5570739546875 0.8784163984375001 0.5420016078125001 0.8653536984375 0.537982315625 0.8633440515625 0.49778938906250003 0.8613344046875 0.4957797421875 0.8633440515625 0.483721865625 0.8653536984375 0.466639871875 0.8804260453125 0.462620578125 0.8884646296875 0.4636254015625 0.9095659156250001 0.466639871875 0.916599678125 0.47166398750000005 0.92162379375 0.4877411578125 0.9296623796875 0.49377009687499995 0.93569131875
2 0.592242765625 0.8733922828124999 0.5862138265625 0.8693729906250001 0.555064309375 0.8723874593750001 0.555064309375 0.8784163984375001 0.561093246875 0.8884646296875 0.56310289375 0.9005225078124999 0.5570739546875 0.916599678125 0.5470257234375 0.926647909375 0.548030546875 0.9296623796875 0.5520498390624999 0.9316720249999999 0.568127009375 0.9316720249999999 0.5801848875 0.9276527328125 0.595257234375 0.916599678125 0.6012861734375 0.9065514468750001 0.6032958203125001 0.8924839234374999 0.5992765265625 0.8824356906249999 0.592242765625 0.8733922828124999
2 0.60028135 0.8070739546875 0.6083199359375 0.8090836015624999 0.622387459375 0.8030546624999999 0.6354501609375001 0.7899919609375 0.6354501609375001 0.78597266875 0.639469453125 0.7799437296875 0.639469453125 0.7618569125 0.6354501609375001 0.753818328125 0.6284163984375 0.746784565625 0.622387459375 0.7427652734375 0.6183681671875 0.7427652734375 0.6133440515624999 0.753818328125 0.60430064375 0.7648713828125 0.592242765625 0.7729099671874999 0.578175240625 0.7769292609375 0.573151125 0.7819533765625 0.5741559484375001 0.7829582 0.57717041875 0.7920016078125001 0.5801848875 0.7950160765625001 0.5882234734375 0.7970257234375 0.60028135 0.8070739546875
2 0.6153536984375 0.71161575625 0.619372990625 0.7236736328125 0.6203778140625 0.73874598125 0.6284163984375 0.736736334375 0.6384646296875001 0.7307073953125001 0.65152733125 0.7136254015625 0.653536978125 0.7075964625 0.653536978125 0.6935289390625 0.65152733125 0.6875 0.6404742765625 0.672427653125 0.6284163984375 0.6663987140625001 0.614348875 0.6643890671875 0.612339228125 0.6663987140625001 0.60028135 0.668408359375 0.592242765625 0.672427653125 0.585209003125 0.6794614140624999 0.582194534375 0.6864951765625 0.5862138265625 0.69051446875 0.59023311875 0.69051446875 0.60430064375 0.6985530546875001 0.6153536984375 0.71161575625
2 0.5249196140625 1 0.5249196140625 0.99698553125 0.513866559375 0.9819131828125001 0.49979903593749997 0.97588424375 0.49377009687499995 0.9839228296875 0.48171221875 0.9919614140625 0.4636254015625 0.9979903531250001 0.43549035312499995 0.9979903531250001 0.43549035312499995 1 0.5249196140625 1
2 0.68569131875 0.56893086875 0.676647909375 0.56189710625 0.666599678125 0.5719453375 0.6545418 0.5779742765625 0.6384646296875001 0.5759646296875001 0.6334405140625 0.5829983921874999 0.6344453375 0.5900321546875 0.6374598078125 0.6030948546875 0.64449356875 0.6121382640624999 0.656551446875 0.618167203125 0.666599678125 0.618167203125 0.676647909375 0.614147909375 0.68569131875 0.6051045015625001 0.6917202578125 0.5950562703125 0.6917202578125 0.5809887453125 0.68569131875 0.56893086875
2 0.7017684890625 0.6171623796875 0.7098070734374999 0.6051045015625001 0.707797428125 0.587017684375 0.6927250796875 0.573954984375 0.6897106109375 0.5749598078125 0.6897106109375 0.5809887453125 0.6917202578125 0.5829983921874999 0.6897106109375 0.5990755625 0.6776527328124999 0.6131430875 0.67865755625 0.614147909375 0.6947347265625 0.6221864953125 0.7017684890625 0.6171623796875
2 0.6796623796875 0.5186897109374999 0.673633440625 0.522709003125 0.6746382640624999 0.5257234734375 0.67865755625 0.5337620578125 0.6846864953125 0.5337620578125 0.6927250796875 0.529742765625 0.7017684890625 0.5166800640625 0.7017684890625 0.502612540625 0.6997588421875001 0.49658360156250003 0.6887057875 0.485530546875 0.683681671875 0.4865353703125 0.68569131875 0.4905546625 0.68569131875 0.5046221859375 0.6796623796875 0.5186897109374999
2 0.6505225078125 0.5116559484375001 0.666599678125 0.5176848875 0.6726286171875 0.5237138265625 0.6776527328124999 0.52471865 0.67865755625 0.5337620578125 0.6846864953125 0.5337620578125 0.6927250796875 0.529742765625 0.6997588421875001 0.52069935625 0.7017684890625 0.51467041875 0.7017684890625 0.502612540625 0.697749196875 0.4945739546875 0.690715434375 0.48754019218750005 0.6846864953125 0.485530546875 0.6726286171875 0.47347266875000005 0.6645900328125001 0.46945337656249997 0.6605707390625 0.46945337656249997 0.6525321546875 0.475482315625 0.636454984375 0.4774919609375 0.6334405140625 0.48050643125 0.629421221875 0.488545015625 0.6304260453125 0.50763665625 0.6344453375 0.5136655953125 0.6505225078125 0.5116559484375001
1 0.6796623796875 0.5367765265625 0.6756430875 0.5267282953125 0.666599678125 0.5176848875 0.65856109375 0.5136655953125 0.6424839234374999 0.5116559484375001 0.636454984375 0.5136655953125 0.6233922828125 0.52471865 0.6153536984375 0.5407958203125001 0.6163585203124999 0.549839228125 0.619372990625 0.5588826359375 0.6304260453125 0.5719453375 0.636454984375 0.5759646296875001 0.6545418 0.5779742765625 0.666599678125 0.5719453375 0.6756430875 0.5629019296875 0.6796623796875 0.5508440515624999 0.6796623796875 0.5367765265625
1 0.4987942125 0.4945739546875 0.49979903593749997 0.5096463015625 0.5028135046875 0.52069935625 0.506832796875 0.52471865 0.50884244375 0.5307475890625 0.5198954984374999 0.54180064375 0.5299437296875 0.54782958125 0.5500401921875 0.551848875 0.5520498390624999 0.549839228125 0.568127009375 0.54782958125 0.5892282953125 0.5307475890625 0.595257234375 0.52069935625 0.59726688125 0.502612540625 0.5992765265625 0.50060289375 0.59726688125 0.49859324687499995 0.59726688125 0.488545015625 0.5932475890625 0.47648713750000005 0.5801848875 0.461414790625 0.5620980703125 0.451366559375 0.55606913125 0.451366559375 0.5540594859375 0.4493569125 0.53597266875 0.4493569125 0.51587620625 0.461414790625 0.506832796875 0.47246784531249997 0.5048231515625 0.4825160765625 0.4987942125 0.4945739546875
1 0.422427653125 0.2594453375 0.4234324765625 0.27652733125 0.42443729843750005 0.28356109375 0.4284565921875 0.2875803859375 0.4304662375 0.293609325 0.44754823125 0.308681671875 0.4636254015625 0.3147106109375 0.483721865625 0.3147106109375 0.50180868125 0.306672025 0.5148713828125 0.2956189703125 0.5229099671874999 0.281551446875 0.5269292609375 0.26949356875 0.5269292609375 0.2594453375 0.5249196140625 0.257435690625 0.5229099671874999 0.24537781406249998 0.5168810296874999 0.23532958124999998 0.50180868125 0.22226688125 0.49778938906250003 0.22226688125 0.49176045 0.21824758906250002 0.4756832796875 0.21824758906250002 0.47367363281249997 0.21623794218749998 0.47166398750000005 0.21824758906250002 0.459606109375 0.21824758906250002 0.4435289390625 0.2262861734375 0.4284565921875 0.2433681671875 0.422427653125 0.2594453375
1 0.578175240625 0.387057878125 0.5912379421875 0.369975884375 0.5932475890625 0.3639469453125 0.5932475890625 0.3418408359375 0.585209003125 0.325763665625 0.57013665625 0.3127009640625 0.5520498390624999 0.306672025 0.548030546875 0.308681671875 0.537982315625 0.308681671875 0.5219051453125 0.3167202578125 0.50884244375 0.3317926046875 0.5048231515625 0.3418408359375 0.505827975 0.3609324765625 0.510852090625 0.3739951765625 0.5168810296874999 0.3820337625 0.5259244375 0.3890675234375 0.537982315625 0.3950964625 0.5620980703125 0.3950964625 0.578175240625 0.387057878125
1 0.40333601249999995 0.1278135046875 0.40735530468750003 0.1237942125 0.4174035375 0.1197749203125 0.4264469453125 0.1107315109375 0.43247588437499995 0.0986736328125 0.43448553125 0.0825964625 0.4284565921875 0.0705385859375 0.42142282968749994 0.0635048234375 0.41338424375000005 0.05948553125 0.40132636718750003 0.0554662375 0.371181671875 0.057475884374999994 0.3490755625 0.0695337625 0.3380225078125 0.0805868171875 0.334003215625 0.0906350484375 0.3350080390625 0.1077170421875 0.3420418 0.12077974218750001 0.3490755625 0.1278135046875 0.361133440625 0.13384244375 0.391278134375 0.131832796875 0.40333601249999995 0.1278135046875
1 0.49176045 0.21824758906250002 0.5078376203125 0.2262861734375 0.5229099671874999 0.2433681671875 0.5249196140625 0.2554260453125 0.5269292609375 0.257435690625 0.5269292609375 0.26949356875 0.5249196140625 0.271503215625 0.5259244375 0.2805466234375 0.533963021875 0.2805466234375 0.5420016078125001 0.27652733125 0.5570739546875 0.2634646296875 0.5570739546875 0.2594453375 0.561093246875 0.2554260453125 0.561093246875 0.24939710625 0.56310289375 0.247387459375 0.561093246875 0.2333199359375 0.555064309375 0.22126205781250002 0.5399919609375 0.20819935625000002 0.5219051453125 0.20217041875000002 0.513866559375 0.20217041875000002 0.49176045 0.210209003125 0.486736334375 0.21523311875 0.4877411578125 0.21824758906250002 0.49176045 0.21824758906250002
1 0.5892282953125 0.24537781406249998 0.5892282953125 0.2333199359375 0.58319935625 0.21925241093749998 0.5641077171875 0.2061897109375 0.5460209 0.2041800640625 0.540996784375 0.207194534375 0.5420016078125001 0.210209003125 0.5530546625 0.217242765625 0.561093246875 0.2333199359375 0.56310289375 0.247387459375 0.5570739546875 0.2634646296875 0.5661173640625 0.264469453125 0.568127009375 0.2664791 0.578175240625 0.264469453125 0.585209003125 0.2554260453125 0.5892282953125 0.24537781406249998
1 0.5862138265625 0.7749196140625 0.5982717046875 0.768890675 0.6153536984375 0.7497990359375 0.619372990625 0.7377411578124999 0.619372990625 0.7216639875 0.6113344046875 0.7055868171874999 0.5982717046875 0.6945337625 0.582194534375 0.6885048234375 0.560088425 0.69051446875 0.5460209 0.6985530546875001 0.5349678453125 0.709606109375 0.5269292609375 0.7256832796875 0.527934084375 0.746784565625 0.530948553125 0.753818328125 0.548030546875 0.770900321875 0.55606913125 0.7749196140625 0.5620980703125 0.7749196140625 0.5641077171875 0.7769292609375 0.5862138265625 0.7749196140625
1 0.59023311875 0.20819935625000002 0.5992765265625 0.1991559484375 0.6012861734375 0.183078778125 0.59726688125 0.1750401921875 0.5882234734375 0.16800643125 0.5741559484375001 0.1619774921875 0.5641077171875 0.1619774921875 0.5540594859375 0.165996784375 0.5450160765625001 0.173030546875 0.540996784375 0.18106913125 0.5420016078125001 0.1961414796875 0.5460209 0.2041800640625 0.55606913125 0.2041800640625 0.558078778125 0.2061897109375 0.5641077171875 0.2061897109375 0.5741559484375001 0.21221865 0.582194534375 0.21221865 0.59023311875 0.20819935625000002
1 0.602290996875 0.2061897109375 0.5942524109375 0.2061897109375 0.582194534375 0.21221865 0.5791800640625 0.21523311875 0.5801848875 0.21623794218749998 0.58319935625 0.21925241093749998 0.59023311875 0.2363344046875 0.5942524109375 0.2383440515625 0.6063102890625001 0.2383440515625 0.6183681671875 0.2463826359375 0.6233922828125 0.2433681671875 0.6254019296875 0.22930064374999998 0.619372990625 0.217242765625 0.61032958125 0.210209003125 0.602290996875 0.2061897109375
1 0.6163585203124999 0.2865755625 0.6032958203125001 0.293609325 0.60430064375 0.298633440625 0.6163585203124999 0.3046623796875 0.6284163984375 0.3046623796875 0.636454984375 0.3006430875 0.6434887453125 0.293609325 0.6475080390625 0.2775321546875 0.6434887453125 0.2674839234375 0.632435690625 0.25643086875 0.6284163984375 0.254421221875 0.6254019296875 0.2554260453125 0.6254019296875 0.2735128625 0.6163585203124999 0.2865755625
0 0.60430064375 0.32073955 0.5982717046875 0.322749196875 0.5892282953125 0.3317926046875 0.595257234375 0.349879421875 0.59023311875 0.375 0.602290996875 0.3830385859375 0.6183681671875 0.38504823125 0.6284163984375 0.3810289390625 0.6374598078125 0.3739951765625 0.6434887453125 0.359927653125 0.6434887453125 0.345860128125 0.639469453125 0.335811896875 0.6284163984375 0.3247588421875 0.6203778140625 0.32073955 0.60430064375 0.32073955
0 0.619372990625 0.4503617359375 0.619372990625 0.43830385781250003 0.6133440515624999 0.4222266875 0.5982717046875 0.407154340625 0.5862138265625 0.4011254015625 0.5761655953125 0.4011254015625 0.5721463015625 0.39911575625 0.5540594859375 0.40514469531249997 0.5389871375 0.42021704218749995 0.5349678453125 0.4302652734375 0.53597266875 0.4493569125 0.558078778125 0.4493569125 0.5741559484375001 0.4573954984375 0.5912379421875 0.47246784531249997 0.5962620578125 0.48151125468749995 0.60430064375 0.4774919609375 0.6133440515624999 0.468448553125 0.619372990625 0.4503617359375
0 0.6213826359375 0.6292202578125 0.627411575 0.619172025 0.629421221875 0.597065915625 0.6213826359375 0.5789791 0.6083199359375 0.5659163984375 0.5942524109375 0.559887459375 0.578175240625 0.559887459375 0.5620980703125 0.5659163984375 0.5470257234375 0.5809887453125 0.5389871375 0.6030948546875 0.5399919609375 0.614147909375 0.54300643125 0.62319131875 0.551045015625 0.635249196875 0.560088425 0.6422829578125 0.5741559484375001 0.648311896875 0.592242765625 0.648311896875 0.6083199359375 0.6422829578125 0.6213826359375 0.6292202578125
1 0.6947347265625 0.6221864953125 0.6866961421875 0.618167203125 0.6746382640624999 0.61615755625 0.666599678125 0.6201768484375 0.6555466234375 0.631229903125 0.65152733125 0.6392684890625 0.6525321546875 0.6543408359375 0.6575562703125 0.66338424375 0.6645900328125001 0.668408359375 0.668609325 0.67041800625 0.6826768484375 0.67041800625 0.690715434375 0.6663987140625001 0.7017684890625 0.6533360125 0.703778134375 0.6473070734374999 0.7017684890625 0.631229903125 0.6947347265625 0.6221864953125
0 0.6203778140625 0.42323151093750006 0.61736334375 0.42624598125 0.619372990625 0.4503617359375 0.61736334375 0.45237138281249994 0.6163585203124999 0.465434084375 0.6344453375 0.4774919609375 0.6505225078125 0.475482315625 0.6605707390625 0.46945337656249997 0.67162379375 0.45237138281249994 0.6696141484375 0.4362942125 0.6655948546875 0.4282556265625 0.65856109375 0.421221865625 0.64449356875 0.4151929265625 0.632435690625 0.4151929265625 0.6203778140625 0.42323151093750006
0 0.683681671875 0.43830385781250003 0.683681671875 0.4282556265625 0.6796623796875 0.4182073953125 0.668609325 0.407154340625 0.65856109375 0.40313504843750003 0.6485128625 0.40514469531249997 0.6424839234374999 0.407154340625 0.6354501609375001 0.414188103125 0.636454984375 0.4151929265625 0.64449356875 0.4151929265625 0.65856109375 0.421221865625 0.6676045015625001 0.43227492031250003 0.6696141484375 0.43830385781250003 0.6696141484375 0.4543810296875 0.6706189703125001 0.45538585156250005 0.6776527328124999 0.4503617359375 0.683681671875 0.43830385781250003
0 0.6203778140625 0.38504823125 0.614348875 0.38504823125 0.614348875 0.3930868171875 0.6183681671875 0.39911575625 0.636454984375 0.407154340625 0.6525321546875 0.40514469531249997 0.659565915625 0.400120578125 0.6676045015625001 0.3860530546875 0.6676045015625001 0.37198553125 0.656551446875 0.3569131828125 0.64449356875 0.3549035375 0.6434887453125 0.3619372984375 0.6374598078125 0.3739951765625 0.6203778140625 0.38504823125
0 0.6615755625 0.325763665625 0.6525321546875 0.31069131875 0.6404742765625 0.3046623796875 0.626406753125 0.3046623796875 0.622387459375 0.306672025 0.6113344046875 0.3177250796875 0.612339228125 0.318729903125 0.6284163984375 0.3247588421875 0.639469453125 0.335811896875 0.6434887453125 0.3438504828125 0.6434887453125 0.349879421875 0.646503215625 0.352893890625 0.6525321546875 0.352893890625 0.6575562703125 0.347869775 0.6615755625 0.3398311890625 0.6615755625 0.325763665625
0 0.592242765625 0.3267684890625 0.6012861734375 0.315715434375 0.6032958203125001 0.2956189703125 0.5992765265625 0.2855707390625 0.5882234734375 0.2725080390625 0.5761655953125 0.2664791 0.5620980703125 0.2664791 0.558078778125 0.264469453125 0.530948553125 0.2855707390625 0.5269292609375 0.2976286171875 0.527934084375 0.3046623796875 0.5299437296875 0.308681671875 0.5420016078125001 0.308681671875 0.5440112546875 0.306672025 0.5620980703125 0.308681671875 0.5741559484375001 0.3147106109375 0.5862138265625 0.3267684890625 0.592242765625 0.3267684890625
0 0.6254019296875 0.2634646296875 0.6254019296875 0.2554260453125 0.614348875 0.24236334375 0.6063102890625001 0.2383440515625 0.592242765625 0.2363344046875 0.5892282953125 0.239348875 0.5892282953125 0.247387459375 0.5791800640625 0.2634646296875 0.5801848875 0.2684887453125 0.5882234734375 0.2725080390625 0.59726688125 0.281551446875 0.602290996875 0.2905948546875 0.6083199359375 0.2905948546875 0.6213826359375 0.281551446875 0.6254019296875 0.2755225078125 0.627411575 0.2654742765625 0.6254019296875 0.2634646296875
0 0.609324759375 0.8482717046875001 0.6113344046875 0.8362138265624999 0.6133440515624999 0.8342041796874999 0.609324759375 0.8161173640625 0.5942524109375 0.801045015625 0.5862138265625 0.7970257234375 0.5761655953125 0.7970257234375 0.575160771875 0.8000401921875 0.5791800640625 0.810088425 0.5791800640625 0.8221463015625 0.573151125 0.8382234734375 0.558078778125 0.8532958203125001 0.5440112546875 0.859324759375 0.540996784375 0.862339228125 0.5420016078125001 0.8633440515625 0.5540594859375 0.8713826359375 0.5761655953125 0.8713826359375 0.592242765625 0.8653536984375 0.602290996875 0.8573151125 0.609324759375 0.8482717046875001
0 0.4807073953125 0.84023311875 0.49979903593749997 0.8573151125 0.5098472671875001 0.8613344046875 0.5399919609375 0.8613344046875 0.560088425 0.8512861734375001 0.5711414796875001 0.84023311875 0.5791800640625 0.8221463015625 0.5791800640625 0.810088425 0.57717041875 0.8080787781250001 0.57717041875 0.8020498390625 0.5711414796875001 0.7920016078125001 0.5540594859375 0.7769292609375 0.533963021875 0.7729099671874999 0.5319533765625 0.770900321875 0.5219051453125 0.770900321875 0.5198954984374999 0.7729099671874999 0.5118569125 0.7729099671874999 0.4957797421875 0.780948553125 0.4807073953125 0.7960209 0.47467845625000005 0.8060691312499999 0.4756832796875 0.8231511250000001 0.476688103125 0.832194534375 0.4807073953125 0.84023311875