2 0.427215190625 0.0860363921875 0.42325949375 0.093947784375 0.42325949375 0.1097705703125 0.427215190625 0.11965980937500001 0.44007120312500003 0.13251582343749999 0.4539161390625 0.1384493671875 0.4796281640625 0.1384493671875 0.491495253125 0.13449367031249998 0.5033623421875 0.1246044296875 0.5122626578125 0.1216376578125 0.51424050625 0.1058148734375 0.5162183546875 0.103837025 0.5152294296875 0.09691455624999999 0.5122626578125 0.0860363921875 0.49742879687499997 0.07120253125 0.4816060125 0.0652689875 0.45984968281249994 0.0652689875 0.44007120312500003 0.07318037968749999 0.427215190625 0.0860363921875
2 0.426226265625 0.0435126578125 0.41040348125000004 0.029667721875000004 0.39458069687499997 0.029667721875000004 0.38469145625 0.0336234171875 0.373813290625 0.042523734375 0.3698575953125 0.048457278124999996 0.3698575953125 0.060324367187500005 0.374802215625 0.0672468359375 0.38469145625 0.07318037968749999 0.4024920890625 0.07318037968749999 0.42325949375 0.062302215625000004 0.427215190625 0.0543908234375 0.426226265625 0.0435126578125
2 0.33920095 0.1483386078125 0.3629351265625 0.15031645625 0.36392405 0.1414161390625 0.3659018984375 0.139438290625 0.36491297500000003 0.13647151875000002 0.361946203125 0.12954905 0.3570015828125 0.1246044296875 0.35304588593749997 0.12262658281250001 0.3372231015625 0.12262658281250001 0.329311709375 0.126582278125 0.3204113921875 0.1354825953125 0.31645569687499997 0.1473496828125 0.31843354375 0.153283228125 0.32337816406250003 0.15822784843749998 0.33920095 0.1483386078125
2 0.36886867031250004 0.16218354375 0.3570015828125 0.1483386078125 0.33920095 0.1483386078125 0.322389240625 0.159216771875 0.31843354375 0.1710838609375 0.3204113921875 0.18295095 0.322389240625 0.1869066453125 0.33128955625 0.1938291140625 0.349090190625 0.1938291140625 0.3570015828125 0.1898734171875 0.3659018984375 0.1809731015625 0.3698575953125 0.1710838609375 0.36886867031250004 0.16218354375
2 0.2976661390625 0.3441455703125 0.289754746875 0.348101265625 0.282832278125 0.3589794296875 0.282832278125 0.374802215625 0.2848101265625 0.3787579109375 0.295688290625 0.387658228125 0.30557753125 0.387658228125 0.3174446203125 0.3817246828125 0.3243670890625 0.3728243671875 0.32337816406250003 0.354034809375 0.3115110765625 0.3441455703125 0.2976661390625 0.3441455703125
2 0.3471123421875 0.6289556968750001 0.3560126578125 0.61807753125 0.355023734375 0.599287975 0.3471123421875 0.589398734375 0.33920095 0.5854430374999999 0.3253560125 0.5854430374999999 0.3214003171875 0.5874208859375 0.3125 0.5982990499999999 0.31052215156249996 0.608188290625 0.31645569687499997 0.6220332281250001 0.32337816406250003 0.6289556968750001 0.3273338609375 0.63093354375 0.3431566453125 0.63093354375 0.3471123421875 0.6289556968750001
1 0.322389240625 0.77432753125 0.3204113921875 0.7802610765625 0.329311709375 0.791139240625 0.3332674046875 0.7931170890625 0.3431566453125 0.7931170890625 0.3461234171875 0.7901503171875001 0.34513449375 0.7891613921875 0.3401898734375 0.7723496828124999 0.3372231015625 0.7693829109375 0.33128955625 0.7674050640625001 0.322389240625 0.77432753125
1 0.2946993671875 0.7308148734375 0.3035996828125 0.73575949375 0.3125 0.7308148734375 0.3115110765625 0.7238924046874999 0.31052215156249996 0.718947784375 0.3075553796875 0.7159810125 0.2976661390625 0.7159810125 0.29272151874999996 0.72290348125 0.2946993671875 0.7248813296875001 0.2946993671875 0.7308148734375
1 0.2996439875 0.7021360765625 0.295688290625 0.69620253125 0.2877768984375 0.69620253125 0.282832278125 0.7011471515625 0.282832278125 0.7051028484375 0.289754746875 0.7140031640625 0.295688290625 0.7140031640625 0.3006329109375 0.7110363921875 0.2996439875 0.7021360765625
1 0.289754746875 0.660601265625 0.283821203125 0.6526898734375 0.2778876578125 0.6526898734375 0.27294303750000004 0.6556566453125 0.2689873421875 0.6635680374999999 0.275909809375 0.67049050625 0.283821203125 0.6724683546875 0.29074367031250004 0.667523734375 0.289754746875 0.660601265625
1 0.2689873421875 0.6240110765625 0.2689873421875 0.63192246875 0.270965190625 0.6358781640625 0.275909809375 0.6388449359374999 0.283821203125 0.6388449359374999 0.2887658234375 0.6339003171875001 0.2877768984375 0.6289556968750001 0.28678797500000003 0.6220332281250001 0.283821203125 0.61906645625 0.27195411406250003 0.61906645625 0.2689873421875 0.6240110765625
1 0.2679984171875 0.6230221515625 0.275909809375 0.61906645625 0.2788765828125 0.6160996828124999 0.2778876578125 0.609177215625 0.27393196249999996 0.60522151875 0.2660205703125 0.60522151875 0.26107595 0.6101661390625 0.26107595 0.6200553796875 0.264042721875 0.6230221515625 0.2679984171875 0.6230221515625
1 0.428863396875 0 0.42227057031250004 0.003955696874999999 0.4153481015625 0.0108781640625 0.4113924046875 0.0247231015625 0.41732595000000006 0.036590190625000005 0.4301819625 0.04549050625 0.44007120312500003 0.04549050625 0.44204904999999994 0.0474683546875 0.45984968281249994 0.04549050625 0.465783228125 0.041534809374999995 0.47567246875 0.0395569625 0.48259493593749997 0.0346123421875 0.4865506328125 0.02670095 0.48556170937500004 0.011867089062499999 0.47567246875 0 0.428863396875 0
1 0.40781706562500003 0 0.40743670937500004 0.0049446203125 0.40941455624999995 0.0089003171875 0.4143591765625 0.011867089062499999 0.420292721875 0.00593354375 0.43067642343749996 0 0.40781706562500003 0