1 0.478175403125 0.6469758062500001 0.46708669374999995 0.6338709671875 0.446925403125 0.6237903218749999 0.4267641125 0.6237903218749999 0.412651209375 0.629838709375 0.3995463703125 0.64092741875 0.39148185468749996 0.6570564515624999 0.39148185468749996 0.6792338703125 0.393497984375 0.6852822578125 0.3975302421875 0.689314515625 0.3975302421875 0.6933467734375001 0.41063508125 0.7064516125 0.4267641125 0.7145161296875 0.44490927343750003 0.7165322578125 0.46305443593750006 0.7104838703125 0.4741431453125 0.7014112906250001 0.48422379062500004 0.689314515625 0.48523185468749996 0.6822580640625 0.48623991875000006 0.6651209671875 0.478175403125 0.6510080640625 0.478175403125 0.6469758062500001
1 0.53818884375 1 0.5457157265625 0.99677419375 0.5568044359375001 0.9877016125000001 0.5638608875 0.9745967734375001 0.562852821875 0.96552419375 0.5537802421875 0.9504032265625 0.5336189515624999 0.9383064515624999 0.5275705640624999 0.9383064515624999 0.5255544359375001 0.936290321875 0.5013608875 0.936290321875 0.48119959687499997 0.9443548390625001 0.4701108875 0.957459678125 0.4660786296875 0.967540321875 0.4701108875 0.9836693546875 0.4832157265625 0.99677419375 0.4907426078125 1 0.53818884375 1
1 0.424747984375 0.891935484375 0.4207157265625 0.891935484375 0.4146673390625 0.8879032265625 0.390473790625 0.8879032265625 0.37938508125000003 0.894959678125 0.375352821875 0.905040321875 0.375352821875 0.9151209671875 0.37938508125000003 0.9211693546875 0.37938508125000003 0.9252016125000001 0.38644153281250004 0.9322580640625 0.40055443593750006 0.9383064515624999 0.4146673390625 0.9383064515624999 0.4267641125 0.93427419375 0.43382056406249997 0.9272177421875 0.4388608875 0.9181451609375 0.43986895156249994 0.9151209671875 0.43583669374999995 0.90302419375 0.424747984375 0.891935484375
1 0.40055443593750006 0.8516129031249999 0.38240927343750003 0.8536290328125 0.3703125 0.8475806453124999 0.362247984375 0.8475806453124999 0.353175403125 0.8586693546875 0.35115927343750003 0.8707661296874999 0.3572076609375 0.8808467734375001 0.3682963703125 0.891935484375 0.37837701562500003 0.8939516125000001 0.390473790625 0.8879032265625 0.40660282187499996 0.8858870968750001 0.41063508125 0.8818548390625001 0.4116431453125 0.8647177421875 0.40962701562500003 0.8586693546875 0.40055443593750006 0.8516129031249999
1 0.39248991875 0.7951612906250001 0.3703125 0.7951612906250001 0.35519153281250004 0.8082661296874999 0.353175403125 0.8122983874999999 0.353175403125 0.8304435484375 0.3572076609375 0.8385080640625 0.3743447578125 0.8516129031249999 0.3803931453125 0.8536290328125 0.396522178125 0.8536290328125 0.40660282187499996 0.8475806453124999 0.4166834671875 0.8375 0.41769153281250004 0.8203629031249999 0.4116431453125 0.8082661296874999 0.39248991875 0.7951612906250001
0 0.350151209375 0.6197580640625 0.34208669375 0.6157258062500001 0.3320060484375 0.6157258062500001 0.321925403125 0.6197580640625 0.31083669375 0.6348790328125 0.31083669375 0.6489919359375 0.3148689515625 0.6570564515624999 0.327973790625 0.6681451609375 0.3461189515625 0.6681451609375 0.3541834671875 0.664112903125 0.362247984375 0.6540322578125 0.3632560484375 0.6389112906250001 0.359223790625 0.6308467734375001 0.350151209375 0.6197580640625
0 0.3098286296875 0.5875 0.29369959687499997 0.5875 0.2866431453125 0.5945564515624999 0.28462701562500003 0.598588709375 0.28462701562500003 0.6127016125 0.2957157265625 0.6258064515624999 0.3098286296875 0.6258064515624999 0.3178931453125 0.62177419375 0.321925403125 0.6157258062500001 0.3229334671875 0.6026209671875 0.3138608875 0.5895161296875 0.3098286296875 0.5875
0 0.3662802421875 0.28911290312500004 0.3541834671875 0.28911290312500004 0.350151209375 0.2911290328125 0.3390625 0.30221774218749997 0.3370463703125 0.3082661296875 0.3370463703125 0.314314515625 0.3410786296875 0.3223790328125 0.35216733906250003 0.329435484375 0.362247984375 0.329435484375 0.3703125 0.3254032265625 0.37837701562500003 0.31532258125 0.37938508125000003 0.30221774218749997 0.3703125 0.2911290328125 0.3662802421875 0.28911290312500004
1 0.321925403125 0.363709678125 0.31083669375 0.3707661296875 0.3068044359375 0.3808467734375 0.3068044359375 0.3868951609375 0.3088205640625 0.3929435484375 0.31587701562500003 0.4 0.3259576609375 0.4020161296875 0.3320060484375 0.4 0.3410786296875 0.3929435484375 0.344102821875 0.38387096718749997 0.3430947578125 0.3747983875 0.3320060484375 0.363709678125 0.321925403125 0.363709678125
1 0.38644153281250004 0.23064516093749998 0.3763608875 0.23064516093749998 0.3662802421875 0.23467741874999998 0.36123991875 0.2397177421875 0.3572076609375 0.24778225781250002 0.3572076609375 0.2558467734375 0.359223790625 0.2618951609375 0.3682963703125 0.2689516125 0.384425403125 0.2689516125 0.3975302421875 0.2598790328125 0.40055443593750006 0.25080645156250003 0.3995463703125 0.2417338703125 0.3945060484375 0.23467741874999998 0.38644153281250004 0.23064516093749998
1 0.3078125 0.5491935484375 0.29369959687499997 0.5491935484375 0.2826108875 0.5622983875 0.28462701562500003 0.5764112906250001 0.2916834671875 0.5854838703125 0.3037802421875 0.5854838703125 0.3057963703125 0.5875 0.3118447578125 0.5854838703125 0.31990927343750003 0.5754032265625 0.32091733906250003 0.5622983875 0.3118447578125 0.551209678125 0.3078125 0.5491935484375
1 0.3078125 0.5129032265625 0.2957157265625 0.5129032265625 0.2866431453125 0.519959678125 0.28462701562500003 0.5239919359375 0.28462701562500003 0.5381048390625 0.2916834671875 0.54717741875 0.2957157265625 0.5491935484375 0.3057963703125 0.5491935484375 0.3138608875 0.5451612906250001 0.3178931453125 0.539112903125 0.318901209375 0.5260080640625 0.3118447578125 0.5149193546874999 0.3078125 0.5129032265625
1 0.31083669375 0.6348790328125 0.312852821875 0.6308467734375001 0.3057963703125 0.6258064515624999 0.29773185468749996 0.6258064515624999 0.287651209375 0.6318548390625 0.28462701562500003 0.6368951609375 0.28462701562500003 0.65302419375 0.2866431453125 0.6570564515624999 0.29773185468749996 0.6661290328125 0.3098286296875 0.6661290328125 0.31587701562500003 0.6620967734375001 0.31688508125000003 0.65907258125 0.31083669375 0.6489919359375 0.31083669375 0.6348790328125
1 0.350151209375 0.676209678125 0.344102821875 0.6741935484375 0.3259576609375 0.676209678125 0.31688508125000003 0.6852822578125 0.312852821875 0.6973790328125 0.31688508125000003 0.7135080640625 0.3259576609375 0.7225806453125 0.33603830625 0.726612903125 0.34813508125000003 0.726612903125 0.35619959687499997 0.7225806453125 0.365272178125 0.7114919359375 0.3662802421875 0.7064516125 0.36728830625 0.6993951609375 0.359223790625 0.6832661296875 0.350151209375 0.676209678125
1 0.2745463703125 0.6348790328125 0.2745463703125 0.6469758062500001 0.2836189515625 0.658064515625 0.2866431453125 0.6570564515624999 0.28462701562500003 0.6389112906250001 0.29369959687499997 0.62782258125 0.29369959687499997 0.6258064515624999 0.2836189515625 0.6258064515624999 0.2745463703125 0.6348790328125