2 0.503125 0.1484375 0.04375 0.040625
1 0.4875 0.5140625 0.04375 0.046875
2 0.478125 0.7140625 0.05 0.0484375
2 0.525 0.7 0.0421875 0.05
1 0.496875 0.325 0.0421875 0.0484375
1 0.4703125 0.9046875 0.0484375 0.0546875
1 0.5203125 0.915625 0.04375 0.0546875
1 0.540625 0.3125 0.040625 0.05
2 0.5453274765625 0.723642171875 0.546325878125 0.7266373796875001 0.5503194890625001 0.7286341859375 0.548322684375 0.7326277953125 0.553314696875 0.7396166140625 0.55730830625 0.74161341875 0.5613019171875 0.7396166140625 0.5672923328125 0.747603834375 0.5772763578125 0.747603834375 0.585263578125 0.7436102234375 0.5942492015624999 0.7326277953125 0.59624600625 0.7266373796875001 0.59624600625 0.71265974375 0.592252396875 0.7046725234375 0.5792731625 0.6936900953125 0.5712859421875 0.6936900953125 0.5692891375 0.691693290625 0.5652955265624999 0.6956869015625 0.5632987218750001 0.6936900953125 0.55730830625 0.6936900953125 0.548322684375 0.70267571875 0.5443290734375 0.7106629390625 0.5453274765625 0.723642171875
2 0.546875 0.1390625 0.0375 0.0515625
2 0.5772763578125 0.17052715624999998 0.5792731625 0.17052715624999998 0.58126996875 0.166533546875 0.5822683703125 0.171525559375 0.585263578125 0.1745207671875 0.597244409375 0.1745207671875 0.603234825 0.17052715624999998 0.612220446875 0.159544728125 0.614217253125 0.1535543125 0.614217253125 0.1395766765625 0.6102236421875 0.13158945625000001 0.5992412140625001 0.122603834375 0.5872603828125 0.122603834375 0.58126996875 0.1305910546875 0.5772763578125 0.1285942484375 0.570287540625 0.137579871875 0.570287540625 0.1435702875 0.568290734375 0.1455670921875 0.5692891375 0.1625399359375 0.570287540625 0.16553514375 0.5772763578125 0.17052715624999998
1 0.534375 0.5078125 0.040625 0.046875
3 0.5328125 0.1484375 0.1109375 0.0859375
3 0.5265625 0.321875 0.1140625 0.0734375
3 0.5234375 0.5109375 0.1171875 0.0671875
3 0.50625 0.70625 0.1265625 0.08125
3 0.503125 0.9078125 0.1265625 0.0890625