0 0.46964285781250004 0.60634920625 0.44384920625 0.596428571875 0.4259920640625 0.596428571875 0.4140873015625 0.6023809531250001 0.41011904687499995 0.6023809531250001 0.39325396874999996 0.61924603125 0.3873015875 0.635119046875 0.3873015875 0.652976190625 0.3952380953125 0.6728174609375001 0.41011904687499995 0.6876984125 0.42400793593749997 0.69365079375 0.4458333328125 0.6956349203125 0.4636904765625 0.6896825390625 0.48055555625 0.6748015875 0.48948412656249995 0.65595238125 0.49047619062500003 0.635119046875 0.478571428125 0.6152777781250001 0.46964285781250004 0.60634920625
0 0.437896825 0.5349206343749999 0.42003968281250004 0.525 0.40416666718750005 0.525 0.40218253906249996 0.5269841265624999 0.384325396875 0.53095238125 0.3734126984375 0.5418650796875 0.36547619062500003 0.5577380953125 0.36547619062500003 0.5676587296875 0.3634920640625 0.571626984375 0.36547619062500003 0.5736111109375 0.3674603171875 0.5875 0.3803571421875 0.6043650796875 0.39027777812500003 0.6083333328125 0.40218253906249996 0.6083333328125 0.40615079375 0.6043650796875 0.422023809375 0.596428571875 0.4418650796875 0.5944444437499999 0.453769840625 0.58055555625 0.4547619046875 0.5577380953125 0.45079365156250006 0.5498015875 0.437896825 0.5349206343749999
0 0.440873015625 0.4248015875 0.43194444374999996 0.4178571421875 0.422023809375 0.415873015625 0.40416666718750005 0.4079365078125 0.38630952343749997 0.4138888890625 0.371428571875 0.42876984062499995 0.36547619062500003 0.44662698437500004 0.3674603171875 0.46646825468750003 0.375396825 0.4803571421875 0.3882936515625 0.49126984062499995 0.4001984125 0.49325396875000005 0.40218253906249996 0.4952380953125 0.42003968281250004 0.49325396875000005 0.437896825 0.48333333281249996 0.446825396875 0.472420634375 0.4498015875 0.46150793593749995 0.45079365156250006 0.4426587296875 0.446825396875 0.4327380953125 0.440873015625 0.4248015875
0 0.4636904765625 0.334523809375 0.4498015875 0.328571428125 0.433928571875 0.328571428125 0.41805555625 0.334523809375 0.4051587296875 0.3454365078125 0.397222221875 0.359325396875 0.397222221875 0.365277778125 0.3952380953125 0.3672619046875 0.3952380953125 0.385119046875 0.4011904765625 0.3990079359375 0.41210317500000004 0.409920634375 0.433928571875 0.4178571421875 0.4517857140625 0.415873015625 0.471626984375 0.40595238125 0.48650793593749997 0.387103175 0.4875 0.3821428578125 0.4884920640625 0.365277778125 0.478571428125 0.3454365078125 0.4636904765625 0.334523809375
0 0.437896825 0.2988095234375 0.42003968281250004 0.290873015625 0.41210317500000004 0.290873015625 0.41011904687499995 0.29285714218750003 0.40218253906249996 0.29285714218750003 0.39027777812500003 0.2988095234375 0.3793650796875 0.309722221875 0.375396825 0.31765872968750003 0.375396825 0.3355158734375 0.3793650796875 0.3454365078125 0.3882936515625 0.35436507968750003 0.3982142859375 0.35634920625 0.403174603125 0.34742063437500004 0.41805555625 0.334523809375 0.43194444374999996 0.328571428125 0.4458333328125 0.328571428125 0.4498015875 0.3265873015625 0.45079365156250006 0.32162698437500004 0.446825396875 0.309722221875 0.437896825 0.2988095234375
0 0.397222221875 0.3613095234375 0.39027777812500003 0.35634920625 0.3763888890625 0.35634920625 0.3625 0.3623015875 0.3515873015625 0.3791666671875 0.3515873015625 0.387103175 0.34960317500000004 0.3890873015625 0.35357142812500003 0.40694444374999994 0.3664682546875 0.4198412703125 0.3763888890625 0.421825396875 0.384325396875 0.4138888890625 0.3982142859375 0.4079365078125 0.40218253906249996 0.40396825468750003 0.3952380953125 0.387103175 0.3952380953125 0.3632936515625 0.397222221875 0.3613095234375
0 0.3982142859375 0.4952380953125 0.384325396875 0.4892857140625 0.36944444375 0.472420634375 0.3644841265625 0.45555555625000005 0.3545634921875 0.4575396828125 0.3416666671875 0.4744047625 0.3396825390625 0.4803571421875 0.3396825390625 0.4982142859375 0.3416666671875 0.5041666671875 0.3545634921875 0.5190476187499999 0.3625 0.5230158734375 0.372420634375 0.5230158734375 0.3744047625 0.525 0.3763888890625 0.5230158734375 0.38630952343749997 0.5230158734375 0.40615079375 0.5130952375 0.4140873015625 0.503174603125 0.41507936562500003 0.4982142859375 0.41011904687499995 0.4952380953125 0.3982142859375 0.4952380953125
0 0.3744047625 0.5289682546875001 0.3545634921875 0.5369047625000001 0.34365079375 0.5478174609375001 0.3376984125 0.565674603125 0.3396825390625 0.5795634921875 0.3456349203125 0.5914682546875001 0.35654761874999996 0.6023809531250001 0.3664682546875 0.60634920625 0.3793650796875 0.6053571421874999 0.371428571875 0.5954365078125 0.36547619062500003 0.5815476187499999 0.36547619062500003 0.5577380953125 0.371428571875 0.54384920625 0.3803571421875 0.5349206343749999 0.38134920625 0.5319444437499999 0.378373015625 0.5289682546875001 0.3744047625 0.5289682546875001
0 0.3009920640625 0.4892857140625 0.29305555625 0.49325396875000005 0.28611111093749997 0.5021825390625 0.284126984375 0.5200396828125 0.28611111093749997 0.5259920640625 0.29305555625 0.5329365078125 0.3009920640625 0.5369047625000001 0.314880953125 0.5349206343749999 0.3198412703125 0.5319444437499999 0.32083333281250004 0.5289682546875001 0.321825396875 0.49424603125 0.312896825 0.4892857140625 0.3009920640625 0.4892857140625
0 0.2990079359375 0.5865079359375 0.28115079375 0.5865079359375 0.2702380953125 0.5954365078125 0.26825396874999996 0.6073412703125001 0.2702380953125 0.609325396875 0.2702380953125 0.6152777781250001 0.2791666671875 0.6242063484375 0.29503968281250004 0.628174603125 0.3049603171875 0.6242063484375 0.3109126984375 0.616269840625 0.3119047625 0.5994047625000001 0.30297619062500003 0.5884920640625 0.2990079359375 0.5865079359375
0 0.309920634375 0.6668650796875 0.30694444375 0.6619047625000001 0.2990079359375 0.6579365078125 0.2890873015625 0.65595238125 0.2831349203125 0.6579365078125 0.2742063484375 0.6648809531250001 0.272222221875 0.66884920625 0.272222221875 0.6827380953125 0.2742063484375 0.6867063484375 0.28710317500000004 0.697619046875 0.297023809375 0.699603175 0.30297619062500003 0.697619046875 0.3138888890625 0.6886904765625 0.314880953125 0.6857142859375001 0.315873015625 0.6728174609375001 0.3138888890625 0.66884920625 0.309920634375 0.6668650796875
1 0.3386904765625 0.9575396828124999 0.333730159375 0.9625 0.33174603125 0.96845238125 0.333730159375 0.9744047625000001 0.340674603125 0.98134920625 0.34861111093749997 0.9853174609375 0.35654761874999996 0.9853174609375 0.3585317453125 0.9793650796875 0.359523809375 0.9704365078125001 0.3545634921875 0.9575396828124999 0.3386904765625 0.9575396828124999
2 0.38065476249999997 1 0.3823412703125 0.99325396875 0.3823412703125 0.9873015875 0.378373015625 0.9873015875 0.36051587343749997 0.975396825 0.35753968281250004 0.978373015625 0.35753968281250004 0.984325396875 0.3664682546875 0.9952380953125 0.377579365625 1 0.38065476249999997 1
2 0.36845238125 0.947619046875 0.35753968281250004 0.9545634921874999 0.359523809375 0.9724206343749999 0.3625 0.9773809531250001 0.3803571421875 0.9833333328125 0.38134920625 0.9803571421875 0.3734126984375 0.9545634921874999 0.36845238125 0.947619046875
2 0.389325396875 1 0.384325396875 0.9892857140625001 0.38134920625 0.9922619046875001 0.38134920625 0.9982142859375 0.3828102453125 1 0.389325396875 1
2 0.36547619062500003 0.9248015875 0.359523809375 0.9109126984374999 0.35654761874999996 0.9099206343749999 0.34960317500000004 0.91884920625 0.34960317500000004 0.928769840625 0.35357142812500003 0.934722221875 0.35357142812500003 0.9386904765624999 0.36051587343749997 0.9456349203125001 0.36845238125 0.947619046875 0.36944444375 0.940674603125 0.36547619062500003 0.93075396875 0.36547619062500003 0.9248015875
2 0.3515873015625 0.8732142859375 0.3386904765625 0.8642857140625001 0.33174603125 0.8732142859375 0.33174603125 0.885119046875 0.3357142859375 0.89305555625 0.340674603125 0.9 0.34861111093749997 0.9039682546875 0.35357142812500003 0.902976190625 0.3545634921875 0.8960317453125001 0.35555555625 0.887103175 0.35357142812500003 0.885119046875 0.3515873015625 0.8732142859375
2 0.347619046875 0.8474206343749999 0.3456349203125 0.8454365078125001 0.3456349203125 0.8394841265625 0.3426587296875 0.8365079359375001 0.3376984125 0.84345238125 0.3357142859375 0.853373015625 0.3396825390625 0.8632936515624999 0.3456349203125 0.871230159375 0.3505952375 0.872222221875 0.3515873015625 0.8672619046875001 0.347619046875 0.8553571421875 0.347619046875 0.8474206343749999
2 0.32281746093749997 0.8206349203125001 0.3168650796875 0.8206349203125001 0.314880953125 0.81865079375 0.312896825 0.8206349203125001 0.30694444375 0.8206349203125001 0.2960317453125 0.8335317453125001 0.29801587343749997 0.8454365078125001 0.3049603171875 0.8543650796875 0.3109126984375 0.85634920625 0.314880953125 0.8603174609375 0.33075396874999996 0.8603174609375 0.3357142859375 0.8553571421875 0.3386904765625 0.8424603171875 0.3396825390625 0.8355158734374999 0.3327380953125 0.8265873015625 0.32281746093749997 0.8206349203125001
2 0.32281746093749997 0.8603174609375 0.32083333281250004 0.8623015875 0.30694444375 0.8543650796875 0.30297619062500003 0.8543650796875 0.3 0.8573412703125 0.3 0.8632936515624999 0.29801587343749997 0.8652777781250001 0.3 0.8672619046875001 0.3 0.8732142859375 0.3109126984375 0.884126984375 0.3168650796875 0.8861111109375001 0.33075396874999996 0.8861111109375001 0.33174603125 0.8732142859375 0.3367063484375 0.8642857140625001 0.3376984125 0.8632936515624999 0.334722221875 0.8603174609375 0.32281746093749997 0.8603174609375
2 0.35357142812500003 0.912896825 0.35357142812500003 0.908928571875 0.34861111093749997 0.9039682546875 0.3386904765625 0.9039682546875 0.33174603125 0.912896825 0.333730159375 0.9228174609375 0.3446428578125 0.9357142859375 0.3505952375 0.9396825390625001 0.3545634921875 0.9396825390625001 0.34960317500000004 0.9267857140625001 0.34960317500000004 0.91884920625 0.35357142812500003 0.912896825
2 0.33075396874999996 0.8940476187499999 0.321825396875 0.9009920640625 0.321825396875 0.912896825 0.3267857140625 0.9238095234375001 0.33075396874999996 0.9257936515624999 0.333730159375 0.9248015875 0.333730159375 0.908928571875 0.340674603125 0.9039682546875 0.3416666671875 0.9009920640625 0.334722221875 0.8940476187499999 0.33075396874999996 0.8940476187499999
2 0.309920634375 0.9009920640625 0.309920634375 0.9109126984374999 0.3119047625 0.9148809531250001 0.3248015875 0.9257936515624999 0.3257936515625 0.9208333328125 0.32380952343749997 0.91884920625 0.3198412703125 0.9009920640625 0.32876984062500003 0.8960317453125001 0.32876984062500003 0.8940476187499999 0.3168650796875 0.8940476187499999 0.309920634375 0.9009920640625