1 0 0.6512511437499999 0.0033747031249999997 0.6598001421874999 0.013302103125 0.6691244328125 0.017029729687500002 0.6709680921875 0.0192286859375 0.67191156875 0.0207924078125 0.6717793578125 0.030475135937499998 0.676138125 0.031998946875 0.676573834375 0.0376713703125 0.6761814625 0.042014409375 0.6770458546875 0.045816240625 0.674237021875 0.0522986453125 0.6718173640625 0.055943335937500005 0.6698829640625 0.059942740625000004 0.66775594375 0.06657969999999999 0.66292169375 0.0706918546875 0.6584902984375 0.0755375046875 0.6469886859375 0.0759745640625 0.6401236953125 0.0747457328125 0.6323022421875 0.0690842375 0.6239183140625 0.0633606671875 0.6175651265625001 0.0528015796875 0.6142878203125 0.044740696875 0.6124597734375 0.0351368046875 0.61221400625 0.021514504687499998 0.616530121875 0.0144911609375 0.6209260453125001 0.010354025 0.627380828125 0.0036831812499999996 0.6360520125 0.001039359375 0.6430131343750001 0 0.6472818859375 0 0.6512511437499999
1 0.5551015140625 0.6015375093750001 0.5512085250000001 0.600407490625 0.54675939375 0.599401621875 0.5428942734375 0.5988150765625 0.538571825 0.597212528125 0.533470271875 0.597546971875 0.5297913765625 0.5976711234375001 0.5277315 0.5993154765625001 0.5254524609375 0.5992344000000001 0.5226122109375 0.5994915671875 0.5195794031250001 0.6003834218749999 0.5170292609375 0.6014450296875 0.510815425 0.6046463281250001 0.5076876046875001 0.6067328078124999 0.5068317328124999 0.6112222328125 0.5049496703125 0.6161945375 0.5019691015625 0.62322449375 0.5020527125 0.627046540625 0.5042266890625 0.6276650125 0.5038887843750001 0.638395178125 0.510626665625 0.6479874421875 0.5139903109375 0.65244278125 0.51797393125 0.65451064375 0.523263925 0.658362375 0.5282506687499999 0.6595715156249999 0.5308913328125 0.6591142375000001 0.5393091125 0.659662971875 0.543466015625 0.6584316890624999 0.5482061218750001 0.6582677390625 0.5521611875 0.6531370484375 0.56171384375 0.6422806046875 0.5619034953125001 0.63865703125 0.565112146875 0.6339061453125 0.565918884375 0.6289097734375 0.564916721875 0.6227100375 0.5643083 0.6179610765625 0.5619227484375 0.612826078125 0.5568666906249999 0.60556641875 0.5551015140625 0.6015375093750001
1 0.29733606562500003 0.61057889375 0.2870901640625 0.6064805328125 0.2641454640625 0.6106602578125 0.247573275 0.6244389859374999 0.24205311875 0.641197403125 0.2457077015625 0.660059665625 0.256261753125 0.6686627625 0.2665983609375 0.674103484375 0.2799180328125 0.67307889375 0.2870901640625 0.672054303125 0.29733606562500003 0.66385758125 0.30450819687499997 0.6566854515625 0.3106557375 0.64439036875 0.3086065578125 0.6402920078125 0.3106557375 0.6279969265625 0.3065573765625 0.6198002046875 0.29733606562500003 0.61057889375
1 0.549168040625 0.5591069 0.541236421875 0.5456012921875 0.5342289874999999 0.540641503125 0.5267806015625001 0.5364991609375 0.521685678125 0.5356398359375001 0.5173083359375 0.534730309375 0.510667021875 0.5365779078124999 0.50710569375 0.5371143703125 0.5047253625 0.5395055265625001 0.4996539015625 0.5423791625 0.4911802859375 0.5505553062499999 0.4865429984375 0.5680185390625 0.48831627656250004 0.5776984078125 0.4929803046875 0.589886371875 0.5011932984375 0.595358015625 0.50879554375 0.5976736453125 0.513515690625 0.5998825265625001 0.5235083296874999 0.598583059375 0.535832728125 0.5968459312500001 0.5466236453125 0.5830914078125 0.5512137625 0.571692171875 0.549168040625 0.5591069
1 0.76771094375 0.590074359375 0.7603865 0.596222521875 0.7555248640625 0.6040224000000001 0.7515727546875001 0.6123144453125 0.752158434375 0.618166325 0.7533199515625 0.6249680875 0.7572376078125 0.6327551687499999 0.7655473734375 0.6425965609375 0.7771349765625 0.651220328125 0.7951286390625001 0.65170166875 0.8058273890625 0.647125490625 0.811053228125 0.6440809390625 0.8184081875 0.635886340625 0.8234332234374999 0.6211813453125 0.8220226687500001 0.6126442 0.817447475 0.604773446875 0.8144472203124999 0.5989698031249999 0.8082655890625 0.5941180109374999 0.80372189375 0.5909750265625 0.7974132843749999 0.588154903125 0.786582634375 0.588641165625 0.77656996875 0.588790784375 0.76771094375 0.590074359375
1 0.73975759375 0.5351499375000001 0.7345007390625 0.5422544203124999 0.7303546843750001 0.5486267 0.7285459328125 0.5573436921875 0.730034403125 0.566948396875 0.7335648921875 0.5745157109375 0.7370092921875 0.5793504625 0.7433093703125 0.5835955640625 0.7550921671874999 0.5890708734375 0.7639331968749999 0.590665796875 0.77074331875 0.5886737640625 0.7838322265625 0.5846526734374999 0.7913060484375001 0.5757107453125 0.79564464375 0.568774734375 0.7966027062500001 0.559131153125 0.7948522734375 0.55108619375 0.79145323125 0.5423599453125 0.7858566578125 0.5367356015625 0.7765435375 0.53044663125 0.7666167015625 0.5276122437499999 0.7560493046875 0.5275761421875 0.7482727890625 0.5303355515625 0.74327049375 0.5330579328125 0.73975759375 0.5351499375000001
1 0.5352542546875 0.47730984374999996 0.5286010890624999 0.47691899062500004 0.523772225 0.47831489375 0.518298359375 0.48112980624999996 0.5108885187500001 0.4867827328125 0.503952321875 0.4939740421875 0.5007147890625 0.5044529453125 0.5018026296875 0.5163075359375 0.506334984375 0.5268567140625 0.513050725 0.53314598125 0.521000634375 0.5363652250000001 0.526956809375 0.5368677515625 0.5332354890625 0.538480259375 0.541640753125 0.538197228125 0.5486799578125 0.534972209375 0.5553928078125 0.5302030328125 0.5599877375 0.524036990625 0.56233863125 0.5207137765625001 0.5638510218749999 0.5133790265625 0.5651371765625 0.5067865109375 0.5627612546874999 0.49991000156250004 0.5603352687500001 0.4932529875 0.5568445468750001 0.48899403750000003 0.5509933046875 0.48258828437499995 0.5429423109375 0.47889058437500004 0.5352542546875 0.47730984374999996
3 0.04375 0.615625 0.0875 0.134375
3 0.2671875 0.6046875 0.103125 0.1578125
3 0.5328125 0.5984375 0.1046875 0.15625
3 0.7828125 0.584375 0.1015625 0.159375
3 0.9765625 0.5671875 0.0453125 0.146875