2 0.5419921875 0.5977522875 0.5349198312500001 0.5963124203125 0.5287131296875 0.59609354375 0.5205078125 0.5997054125 0.515625 0.6026351 0.509765625 0.612400725 0.51171875 0.631931975 0.513671875 0.635838225 0.5263671875 0.6465804125 0.5390625 0.64560385 0.5419921875 0.6426741625 0.5439453125 0.6446272875 0.5498046875 0.6426741625 0.556640625 0.635838225 0.560546875 0.628025725 0.560546875 0.612400725 0.5478515625 0.5977522875 0.5419921875 0.5977522875
1 0.9257313500000001 0.5883778109375 0.9198719750000001 0.5864246859375 0.9110829125000001 0.5971668734375 0.9130360375000001 0.6127918734375 0.9169422875000001 0.6166981234375 0.9188954125000001 0.6225574984375 0.9335438500000001 0.6352528109375 0.9560047875000001 0.6342762484375 0.9716297875000001 0.6225574984375 0.9755360375000001 0.6127918734375 0.9735829125000001 0.5991199984375 0.9628407250000001 0.5883778109375 0.9472157250000001 0.5805653109375 0.9296376000000001 0.5805653109375 0.9267079125000001 0.5834949984375 0.9257313500000001 0.5883778109375
1 0.7445035625 0.5919035859374999 0.7386441875 0.5919035859374999 0.7366910625 0.5899504609374999 0.7210660625 0.5919035859374999 0.710323875 0.6006926484374999 0.710323875 0.6143645234374999 0.712277 0.6163176484374999 0.710323875 0.6182707734374999 0.710323875 0.6299895234374999 0.7191129375 0.6387785859374999 0.7288785625 0.6446379609374999 0.74743325 0.6436613984374999 0.759152 0.6338957734374999 0.76305825 0.6260832734374999 0.76305825 0.6202238984374999 0.761105125 0.6182707734374999 0.76305825 0.6124113984374999 0.759152 0.6045988984374999 0.7542691875 0.5977629609374999 0.7445035625 0.5919035859374999
1 0.11830514375000001 0.6267129406249999 0.11677094218749999 0.6400657875 0.11729951718750001 0.643451153125 0.11878449687499999 0.64568368125 0.1217378921875 0.6515909343749999 0.13231583593750001 0.65741998125 0.1459111203125 0.6592780453125 0.1566017703125 0.65688680625 0.16998175937499999 0.6428917546874999 0.17170733437500002 0.627463709375 0.1699377265625 0.619661340625 0.1572424140625 0.610872278125 0.1513830390625 0.608919153125 0.1338049140625 0.610872278125 0.11830514375000001 0.6267129406249999
2 0.7127981578125 0.5533574 0.70994590625 0.563583740625 0.7096287578125 0.566635721875 0.7118532546874999 0.57264923125 0.7154915109375 0.57978950625 0.72367368125 0.5849018265625 0.7330016015624999 0.5856790609375 0.7429425968750001 0.5855026203125 0.7576631328125 0.5816164515625 0.7652579109375 0.57294739375 0.7654801375 0.558595375 0.7508840953125 0.5426152125 0.7372122203125 0.5387089625 0.7352590953125 0.5406620875 0.7235403453125 0.5426152125 0.7127981578125 0.5533574
1 0.16233375156250002 0.5818157953124999 0.1611979359375 0.5799186296875 0.1606173765625 0.5776272171875 0.1535315265625 0.56893171875 0.145901421875 0.5633326546874999 0.126370171875 0.5633326546874999 0.11855767187499999 0.5672389046874999 0.10976860937499999 0.5760279671874999 0.10781548437499999 0.5799342171874999 0.10558391874999999 0.5831641453125 0.10586235937499999 0.5877467171874999 0.10781548437499999 0.5955592171874999 0.1093718109375 0.602101303125 0.11367485937499999 0.6053248421874999 0.12051079687499999 0.6102076546874999 0.1269021953125 0.6136908546875001 0.132229546875 0.6121607796874999 0.142971734375 0.6111842171874999 0.151760796875 0.6082545296874999 0.158596734375 0.6014185921874999 0.158596734375 0.5994654671874999 0.15904361250000001 0.5989335328125 0.159573296875 0.5965357796874999 0.162782740625 0.58985345 0.16244231874999998 0.5863627375 0.16233375156250002 0.5818157953124999
2 0.3223221921875 0.605000059375 0.314012703125 0.6075496171875 0.3037675046875 0.619648496875 0.3014146765625 0.6245139078124999 0.3008686203125 0.6330589765625 0.30356705 0.6421135 0.30894809218749997 0.647815234375 0.31738693906250004 0.651945071875 0.335078334375 0.653210615625 0.3422879859375 0.6495204734375 0.3493410484375 0.6420611171874999 0.3532493859375 0.63084716875 0.3525956296875 0.617695371875 0.3457596921875 0.610859434375 0.3320878171875 0.605000059375 0.3223221921875 0.605000059375
1 0.9533741171875001 0.5742394328125 0.9572312500000001 0.570968575 0.9612893921874999 0.5676843171875 0.9632168421875 0.561314575 0.9655016406250001 0.5546645375 0.9641559984375 0.5511446531249999 0.9611196515625 0.5443259921875 0.9543802765624999 0.5378378781250001 0.949917884375 0.5343648953125 0.9383096328124999 0.5310538359375 0.9318784718750001 0.53078470625 0.9225144515625001 0.53241574375 0.9183920078125001 0.533934790625 0.9144865265625001 0.5363218421875 0.9110149859375 0.53979393125 0.9073264828125 0.5437000296875001 0.9062416234375 0.5493421875 0.9049398015625 0.5538992859375 0.9047228234375 0.5614944859375 0.9066755640625 0.566702628125 0.9090622453125 0.5703917 0.9131847046875 0.5740808015625001 0.92121264375 0.5775529046875 0.9285096218750001 0.5807664421875 0.93162725 0.5829780437500001 0.935966671875 0.5829780437500001 0.939655190625 0.5821099953125 0.942692775 0.5810249796875 0.9459473375 0.5799399484375 0.9530067171875001 0.575194225 0.9533741171875001 0.5742394328125
3 0.14375 0.6046875 0.0890625 0.121875
3 0.3328125 0.5921875 0.09375 0.125
3 0.5328125 0.5890625 0.09375 0.134375
3 0.7484375 0.56875 0.1015625 0.11875
3 0.93125 0.5578125 0.078125 0.1046875