0 0.6741071421875 0.546875 0.6578733765625 0.5651379875 0.6578733765625 0.5691964281249999 0.6710633109375 0.5803571421875 0.6771509734375 0.5823863640625 0.693384740625 0.5823863640625 0.7075892859375 0.5762987015625 0.7228084421875 0.5570211031250001 0.7228084421875 0.5448457796875 0.7248376624999999 0.5428165578125 0.7248376624999999 0.5346996749999999 0.7228084421875 0.5326704546875 0.7248376624999999 0.530641234375 0.71875 0.5204951296875 0.7035308437500001 0.5073051953125 0.693384740625 0.503246753125 0.6781655843750001 0.5042613640625 0.6720779218749999 0.5083198046875 0.6761363640625 0.5204951296875 0.6761363640625 0.5407873375000001 0.6741071421875 0.546875
0 0.5442370125 0.5245535718750001 0.5442370125 0.5387581171875 0.5401785718750001 0.5428165578125 0.5401785718750001 0.546875 0.5300324671875 0.563108765625 0.5229301953125 0.5702110390625 0.5077110390625 0.5752840906250001 0.5077110390625 0.5793425328125 0.5137987015625 0.5874594156249999 0.5249594156249999 0.5965909093749999 0.537134740625 0.5986201296875 0.5391639609375 0.6006493500000001 0.55336850625 0.6006493500000001 0.5655438312500001 0.5965909093749999 0.5807629875 0.5834009734375 0.5868506499999999 0.5732548703125 0.5888798703125 0.5671672078125 0.5888798703125 0.546875 0.5827922078125 0.5326704546875 0.5736607140625 0.5235389609375 0.5584415578125 0.5184659093749999 0.546266234375 0.5204951296875 0.5442370125 0.5245535718750001
0 0.606128246875 0.6209415578125 0.6193181812499999 0.6016639609375 0.6193181812499999 0.5834009734375 0.615259740625 0.5752840906250001 0.6000405843750001 0.5641233765625 0.5959821421875 0.5620941562499999 0.5909090906250001 0.563108765625 0.5827922078125 0.581371753125 0.5696022734375 0.5945616890625 0.5503246749999999 0.6016639609375 0.5543831171875 0.6138392859375 0.5635146109375 0.6229707796875 0.5817775968750001 0.6290584421875 0.5838068187500001 0.6270292203125 0.5939529218749999 0.6270292203125 0.606128246875 0.6209415578125
0 0.35551948125 0.5894886359375 0.36465097343749997 0.6006493500000001 0.38697240312500003 0.6107954546875 0.40117694843749996 0.6107954546875 0.40320616875 0.608766234375 0.40929383125 0.608766234375 0.428571428125 0.5955762984375 0.43668831093750005 0.581371753125 0.43871753281250003 0.5590503250000001 0.43262987031250005 0.5428165578125 0.42349837656249995 0.5316558437500001 0.40320616875 0.521509740625 0.3879870125 0.5204951296875 0.3707386359375 0.5255681812499999 0.362621753125 0.5316558437500001 0.353490259375 0.5428165578125 0.34943181874999996 0.5549918828125 0.34943181874999996 0.5752840906250001 0.35551948125 0.5894886359375
0 0.14346590937499998 0.5519480515625 0.155641234375 0.5580357140625 0.171875 0.5600649343749999 0.1739042203125 0.5580357140625 0.18607954531249998 0.55600649375 0.203327921875 0.5407873375000001 0.21144480468750002 0.5225243500000001 0.2134740265625 0.5002029218749999 0.21144480468750002 0.49817370156249996 0.209415584375 0.48599837656249995 0.19622565 0.46672077968750003 0.1759334421875 0.45454545468749996 0.16071428593749998 0.455560065625 0.1454951296875 0.45860389687499997 0.1262175328125 0.47991071406249997 0.12215909062500001 0.49005681875 0.12215909062500001 0.5184659093749999 0.1323051953125 0.5407873375000001 0.14346590937499998 0.5519480515625
0 0.5493100656250001 0.6493506499999999 0.5553977265625 0.6493506499999999 0.5614853890625 0.6452922078125 0.5706168828125 0.63413149375 0.5726461031250001 0.6280438312500001 0.5635146109375 0.6229707796875 0.5543831171875 0.6138392859375 0.5472808437500001 0.6006493500000001 0.537134740625 0.6006493500000001 0.5249594156249999 0.5965909093749999 0.5219155843750001 0.59760551875 0.5158279218749999 0.6036931812499999 0.51176948125 0.6118100656250001 0.51176948125 0.6300730515625 0.5158279218749999 0.6381899343749999 0.5249594156249999 0.6473214281249999 0.5391639609375 0.6534090906250001 0.5493100656250001 0.6493506499999999
0 0.64975649375 0.5894886359375 0.6426542203125 0.5925324671875 0.6335227265625 0.6016639609375 0.63149350625 0.6077516234375 0.6335227265625 0.6321022734375 0.640625 0.641233765625 0.6467126624999999 0.6432629875 0.6629464281249999 0.6432629875 0.6761363640625 0.63413149375 0.6822240265625 0.6219561687499999 0.6822240265625 0.6057224031249999 0.6670048703125 0.5884740265625 0.64975649375 0.5894886359375
0 0.7674512984375 0.5712256499999999 0.7644074671875 0.5661525968750001 0.7542613640625 0.5702110390625 0.744115259375 0.5702110390625 0.7339691562499999 0.5661525968750001 0.7258522734375 0.5580357140625 0.7207792203125 0.5590503250000001 0.7167207796875 0.5671672078125 0.7106331171875 0.5732548703125 0.7106331171875 0.5834009734375 0.7197646109375 0.5945616890625 0.72788149375 0.5986201296875 0.744115259375 0.5986201296875 0.7522321421875 0.5945616890625 0.7613636359375 0.5854301953125 0.7674512984375 0.5712256499999999
0 0.63149350625 0.6097808437500001 0.624391234375 0.6006493500000001 0.6193181812499999 0.6016639609375 0.61323051875 0.6138392859375 0.606128246875 0.6209415578125 0.5959821421875 0.6270292203125 0.5807629875 0.6300730515625 0.5827922078125 0.6402191562499999 0.58989448125 0.6473214281249999 0.6000405843750001 0.6513798703125 0.6101866890625 0.6513798703125 0.6294642859375 0.6381899343749999 0.6335227265625 0.6300730515625 0.63149350625 0.6097808437500001
0 0.5807629875 0.6321022734375 0.5777191562499999 0.6290584421875 0.5726461031250001 0.6280438312500001 0.5706168828125 0.63413149375 0.5614853890625 0.6452922078125 0.5411931812499999 0.6534090906250001 0.5269886359375 0.6473214281249999 0.5259740265625 0.65239448125 0.5330762984375 0.659496753125 0.5452516234375 0.6655844156249999 0.5553977265625 0.6655844156249999 0.5655438312500001 0.6615259734375 0.578733765625 0.6463068187500001 0.5807629875 0.6321022734375
1 0.36769480468750004 0.668628246875 0.36972402656250003 0.6544237015625 0.3545048703125 0.6371753250000001 0.3463879875 0.6331168828125 0.33116883124999996 0.63413149375 0.32609577968750003 0.6351461031250001 0.31696428593750003 0.6463068187500001 0.314935065625 0.65239448125 0.31696428593750003 0.668628246875 0.31899350625 0.6726866890625 0.3321834421875 0.6838474031249999 0.338271103125 0.6858766234375 0.3545048703125 0.6838474031249999 0.3636363640625 0.6767451296875 0.36769480468750004 0.668628246875
1 0.419439934375 0.6554383109375 0.42755681875 0.659496753125 0.43364448125 0.659496753125 0.43567370156249996 0.6615259734375 0.45393668906249995 0.659496753125 0.46002435 0.6554383109375 0.46915584375 0.6442775968750001 0.47321428593750003 0.6321022734375 0.471185065625 0.6178977265625 0.465097403125 0.6097808437500001 0.45393668906249995 0.6006493500000001 0.443790584375 0.5965909093749999 0.43262987031250005 0.59760551875 0.42146915625 0.6026785718750001 0.41030844218749996 0.6138392859375 0.40625 0.6260146109375 0.40827922031249997 0.6402191562499999 0.4123376625 0.6483360390625 0.419439934375 0.6554383109375
1 0.44277597343749997 0.5407873375000001 0.452922078125 0.5590503250000001 0.468141234375 0.572240259375 0.4782873375 0.5762987015625 0.496550325 0.5783279218749999 0.49857954531250004 0.5762987015625 0.518871753125 0.572240259375 0.5249594156249999 0.5681818187500001 0.5340909093749999 0.5570211031250001 0.5442370125 0.5367288968749999 0.5442370125 0.5144074671875 0.5381493500000001 0.5002029218749999 0.5229301953125 0.484983765625 0.5046672078125 0.47686688281249995 0.49857954531250004 0.47686688281249995 0.496550325 0.4748376625 0.48741883125 0.47585227343750003 0.47017045468749996 0.480925325 0.45089285781250005 0.49817370156249996 0.44277597343749997 0.5144074671875 0.44277597343749997 0.5407873375000001
1 0.6274350656250001 0.48396915625 0.6142451296875 0.4870129875 0.5949675328125 0.5042613640625 0.5868506499999999 0.5204951296875 0.5868506499999999 0.5407873375000001 0.5909090906250001 0.5529626624999999 0.6020698046875 0.5661525968750001 0.6162743500000001 0.57426948125 0.6264204546875 0.57426948125 0.6304788968749999 0.5762987015625 0.6325081171875 0.57426948125 0.6426542203125 0.57426948125 0.6548295453125 0.5681818187500001 0.6639610390625 0.5590503250000001 0.6741071421875 0.5448457796875 0.6761363640625 0.5387581171875 0.6761363640625 0.5225243500000001 0.6700487015625 0.5062905843750001 0.6588879875 0.49512987031250005 0.6507711031250001 0.48904220781249996 0.6467126624999999 0.48904220781249996 0.640625 0.484983765625 0.6345373375000001 0.484983765625 0.6325081171875 0.48295454531250004 0.6274350656250001 0.48396915625
1 0.6517857140625 0.46570616875 0.6649756499999999 0.47686688281249995 0.6832386359375 0.484983765625 0.7055600656250001 0.484983765625 0.7197646109375 0.47889610312500003 0.7370129875 0.46367694843749996 0.7451298703125 0.44541396093749996 0.7471590906250001 0.41497565 0.7370129875 0.38859577968750003 0.7329545453125 0.3825081171875 0.7217938312500001 0.3733766234375 0.7035308437500001 0.365259740625 0.6761363640625 0.36627434999999997 0.6609172078125 0.37134740312500003 0.6416396109375 0.390625 0.6335227265625 0.41700487031250005 0.6355519484375 0.437297078125 0.6456980515625 0.45758928593750003 0.6517857140625 0.46570616875
1 0.7299107140625 0.5336850656250001 0.7420860390625 0.5397727265625 0.762378246875 0.5397727265625 0.7725243500000001 0.5357142859375 0.7836850656250001 0.5245535718750001 0.7857142859375 0.5164366890625 0.7918019484375 0.5062905843750001 0.7918019484375 0.48396915625 0.7836850656250001 0.46773538906249995 0.7725243500000001 0.456574675 0.7542613640625 0.452516234375 0.7522321421875 0.4504870125 0.7491883109375 0.45150162343750005 0.744115259375 0.452516234375 0.7370129875 0.46367694843749996 0.7167207796875 0.481939934375 0.7146915578125 0.48599837656249995 0.7146915578125 0.512378246875 0.7299107140625 0.5336850656250001
1 0.8709415578125 0.390625 0.8800730515625 0.40178571406249997 0.8922483765625 0.409902596875 0.9105113640625 0.41193181875 0.9247159093749999 0.40584415625 0.9358766234375 0.38859577968750003 0.93790584375 0.3825081171875 0.93790584375 0.35815746718749997 0.9358766234375 0.356128246875 0.9358766234375 0.3480113640625 0.9277597406250001 0.33177759687499997 0.9105113640625 0.31452922031249997 0.8983360390625 0.3125 0.89630681875 0.31047077968750003 0.887175325 0.3114853890625 0.8760146109375 0.3165584421875 0.8668831171875 0.325689934375 0.8607954546875 0.33583603906250004 0.862824675 0.3723620125 0.8709415578125 0.390625
1 0.7836850656250001 0.5448457796875 0.7857142859375 0.5265827921875 0.7816558437500001 0.5265827921875 0.7644074671875 0.5397727265625 0.7420860390625 0.5397727265625 0.7258522734375 0.5316558437500001 0.7248376624999999 0.5570211031250001 0.7319399343749999 0.5641233765625 0.744115259375 0.5702110390625 0.7522321421875 0.5702110390625 0.7542613640625 0.5681818187500001 0.7664366890625 0.5661525968750001 0.7755681812499999 0.5590503250000001 0.7836850656250001 0.5448457796875
1 0.7775974031249999 0.563108765625 0.7816558437500001 0.5712256499999999 0.7907873375000001 0.5803571421875 0.7948457796875 0.5823863640625 0.8049918828125 0.5823863640625 0.8110795453125 0.5803571421875 0.8222402593749999 0.5691964281249999 0.8262987015625001 0.5610795453125 0.8283279218749999 0.5448457796875 0.8222402593749999 0.530641234375 0.8171672078125001 0.5255681812499999 0.809050325 0.521509740625 0.7938311687499999 0.5225243500000001 0.7857142859375 0.5265827921875 0.7857142859375 0.5387581171875 0.7836850656250001 0.5407873375000001 0.7836850656250001 0.546875 0.7775974031249999 0.5549918828125 0.7775974031249999 0.563108765625
1 0.6994724031249999 0.6290584421875 0.7116477265625 0.6290584421875 0.7197646109375 0.625 0.7288961031250001 0.61586850625 0.7329545453125 0.6077516234375 0.7329545453125 0.599634740625 0.7217938312500001 0.5965909093749999 0.7106331171875 0.5854301953125 0.7106331171875 0.581371753125 0.7075892859375 0.5783279218749999 0.702516234375 0.5793425328125 0.69135551875 0.5823863640625 0.684253246875 0.5894886359375 0.6822240265625 0.5935470781250001 0.6822240265625 0.6118100656250001 0.684253246875 0.6178977265625 0.69135551875 0.625 0.6994724031249999 0.6290584421875
0 0.26116071406249997 0.6026785718750001 0.27739448125 0.5945616890625 0.28855519531249996 0.581371753125 0.2946428578125 0.5671672078125 0.2926136359375 0.546875 0.29058441562500004 0.5407873375000001 0.28652597343749997 0.5367288968749999 0.28652597343749997 0.5326704546875 0.27333603906250004 0.51948051875 0.25913149375 0.5113636359375 0.237824675 0.512378246875 0.2266639609375 0.5174512984375 0.21144480468750002 0.5326704546875 0.2073863640625 0.5428165578125 0.2073863640625 0.5651379875 0.2205762984375 0.590503246875 0.236810065625 0.6006493500000001 0.26116071406249997 0.6026785718750001
0 0.15158279218749998 0.5945616890625 0.1678165578125 0.590503246875 0.185064934375 0.5712256499999999 0.18709415625 0.5590503250000001 0.1759334421875 0.5580357140625 0.1739042203125 0.5600649343749999 0.161728896875 0.5600649343749999 0.1454951296875 0.5539772734375 0.1302759734375 0.5387581171875 0.12215909062500001 0.5204951296875 0.1201298703125 0.5204951296875 0.1120129875 0.5326704546875 0.1120129875 0.5549918828125 0.11810065 0.5732548703125 0.1262175328125 0.5834009734375 0.1353490265625 0.590503246875 0.149553571875 0.5925324671875 0.15158279218749998 0.5945616890625
0 0.8049918828125 0.5823863640625 0.7948457796875 0.5823863640625 0.7846996749999999 0.57426948125 0.7816558437500001 0.5752840906250001 0.7796266234375 0.5894886359375 0.7867288968749999 0.5945616890625 0.8009334421875 0.5945616890625 0.8141233765625 0.5834009734375 0.8131087656249999 0.5783279218749999 0.8049918828125 0.5823863640625
1 0.7816558437500001 0.5732548703125 0.7775974031249999 0.563108765625 0.771509740625 0.563108765625 0.7674512984375 0.5671672078125 0.7613636359375 0.5854301953125 0.7522321421875 0.5945616890625 0.7400568187500001 0.5986201296875 0.7400568187500001 0.6026785718750001 0.74614448125 0.6067370125 0.7603490265625 0.6067370125 0.7684659093749999 0.6026785718750001 0.7755681812499999 0.5955762984375 0.7796266234375 0.5894886359375 0.7816558437500001 0.5732548703125
2 0.043019481250000005 0.5022321421875 0.047077921875 0.5144074671875 0.0643262984375 0.5357142859375 0.0765016234375 0.5418019484375 0.09070616875000001 0.5418019484375 0.10491071406250001 0.5357142859375 0.116071428125 0.5245535718750001 0.1201298703125 0.5164366890625 0.12215909062500001 0.47382305156250004 0.116071428125 0.45961850625 0.106939934375 0.44845779218750004 0.09070616875000001 0.440340909375 0.07548701249999999 0.44135551875 0.0633116890625 0.44744318125 0.0551948046875 0.46367694843749996 0.0450487015625 0.47585227343750003 0.0450487015625 0.481939934375 0.043019481250000005 0.48396915625 0.043019481250000005 0.5022321421875
2 0.0765016234375 0.5823863640625 0.09070616875000001 0.5844155843750001 0.1008522734375 0.5803571421875 0.10998376562500001 0.5732548703125 0.1140422078125 0.5671672078125 0.1140422078125 0.5590503250000001 0.1120129875 0.5570211031250001 0.1120129875 0.5448457796875 0.10896915625 0.5357142859375 0.10288149375 0.5357142859375 0.09070616875000001 0.5418019484375 0.0765016234375 0.5418019484375 0.0643262984375 0.5357142859375 0.056209415625 0.5275974031249999 0.053165584375 0.5286120125 0.051136364062499995 0.5346996749999999 0.051136364062499995 0.5489042203125 0.0551948046875 0.5610795453125 0.06635551875 0.5762987015625 0.0765016234375 0.5823863640625
2 0 0.47274875781250003 0.0115665578125 0.48295454531250004 0.031858765625 0.48295454531250004 0.0480925328125 0.47280844218749996 0.059253246875 0.455560065625 0.0633116890625 0.443384740625 0.0633116890625 0.43526785781250005 0.065340909375 0.43323863593749995 0.0633116890625 0.4088879875 0.0612824671875 0.406858765625 0.0612824671875 0.40077110312500003 0.0551948046875 0.390625 0.0420048703125 0.377435065625 0.0338879875 0.3733766234375 0.0227272734375 0.374391234375 0.0135957796875 0.377435065625 0.0044642859375000005 0.38453733749999996 0 0.39346590937500003 0 0.47274875781250003
2 0 0.3916038 0.0024350656250000003 0.38859577968750003 0.0105519484375 0.36830357187499996 0.0105519484375 0.35815746718749997 0.01258116875 0.356128246875 0.01258116875 0.33989448125 0.0105519484375 0.337865259375 0.008522726562500001 0.31960227343750003 0 0.310076871875 0 0.3916038
2 0.18100649375 0.6036931812499999 0.19216720781250002 0.6148538968749999 0.2043425328125 0.6209415578125 0.22260551875 0.6209415578125 0.237824675 0.6097808437500001 0.239853896875 0.6016639609375 0.224634740625 0.5945616890625 0.2134740265625 0.581371753125 0.2073863640625 0.5671672078125 0.2073863640625 0.5529626624999999 0.2053571421875 0.5509334421875 0.2073863640625 0.5387581171875 0.2053571421875 0.5387581171875 0.1891233765625 0.5570211031250001 0.18709415625 0.5671672078125 0.18303571406250002 0.5752840906250001 0.1769480515625 0.581371753125 0.17491883125000002 0.5894886359375 0.18100649375 0.6036931812499999
2 0.27130681874999996 0.6331168828125 0.27739448125 0.6331168828125 0.27942370156249996 0.6351461031250001 0.2976866890625 0.6331168828125 0.31290584374999997 0.6219561687499999 0.31899350625 0.6097808437500001 0.32102272656249997 0.5955762984375 0.314935065625 0.5773133109375 0.30783279218750004 0.5681818187500001 0.2976866890625 0.5620941562499999 0.2946428578125 0.563108765625 0.29058441562500004 0.5793425328125 0.275365259375 0.5965909093749999 0.26116071406249997 0.6026785718750001 0.2479707796875 0.6036931812499999 0.2479707796875 0.6097808437500001 0.2540584421875 0.6199269484375 0.27130681874999996 0.6331168828125
2 0.40320616875 0.6737012984375 0.41741071406249997 0.6676136359375 0.422483765625 0.6625405843750001 0.422483765625 0.6564529218749999 0.4123376625 0.6483360390625 0.40625 0.6361607140625 0.40827922031249997 0.6199269484375 0.40320616875 0.6148538968749999 0.396103896875 0.61586850625 0.38291396093749996 0.6189123375000001 0.37378246718749997 0.6260146109375 0.36769480468750004 0.6381899343749999 0.36769480468750004 0.6483360390625 0.371753246875 0.6584821421875 0.380884740625 0.6676136359375 0.393060065625 0.6737012984375 0.40320616875 0.6737012984375
2 0.5026379875 0.6635551953125 0.51176948125 0.6483360390625 0.51176948125 0.63413149375 0.509740259375 0.6300730515625 0.49857954531250004 0.6189123375000001 0.4904626625 0.6148538968749999 0.47321428593750003 0.61586850625 0.471185065625 0.6178977265625 0.47321428593750003 0.6321022734375 0.46915584375 0.6442775968750001 0.459009740625 0.6564529218749999 0.459009740625 0.6605113640625 0.46408279218750004 0.6655844156249999 0.47625811718750005 0.6696428578125 0.48843344218749996 0.6696428578125 0.5026379875 0.6635551953125
2 0.484375 0.6716720781250001 0.47625811718750005 0.6716720781250001 0.46408279218750004 0.6676136359375 0.45799512968749995 0.659496753125 0.452922078125 0.6605113640625 0.452922078125 0.6665990265625 0.45698051875 0.6747159093749999 0.47017045468749996 0.6838474031249999 0.48640422031249997 0.6838474031249999 0.4904626625 0.6818181812499999 0.5036525968750001 0.6665990265625 0.5036525968750001 0.6645698046875 0.500608765625 0.6635551953125 0.496550325 0.6676136359375 0.484375 0.6716720781250001
2 0.3636363640625 0.6767451296875 0.380884740625 0.6919642859375 0.39914772656249997 0.6899350656250001 0.40625 0.6848620125 0.4123376625 0.6747159093749999 0.41132305156250004 0.6716720781250001 0.393060065625 0.6737012984375 0.38291396093749996 0.6696428578125 0.3727678578125 0.659496753125 0.36972402656250003 0.6605113640625 0.36972402656250003 0.6645698046875 0.3636363640625 0.6767451296875