0 0.0673828125 0.66796875 0.0576171875 0.662109375 0.0419921875 0.662109375 0.0380859375 0.6640625 0.02734375 0.6767578125 0.02734375 0.6845703125 0.025390625 0.6865234375 0.02734375 0.7080078125 0.03125 0.7158203125 0.03125 0.7216796875 0.0390625 0.7353515625 0.0556640625 0.75390625 0.0625 0.7548828125 0.06640625 0.7509765625 0.06640625 0.7412109375 0.072265625 0.7275390625 0.0849609375 0.716796875 0.0947265625 0.71484375 0.095703125 0.7060546875 0.083984375 0.6845703125 0.0673828125 0.66796875
0 0.0517578125 0.548828125 0.0400390625 0.548828125 0.03125 0.5576171875 0.02734375 0.5654296875 0.02734375 0.5771484375 0.025390625 0.5791015625 0.02734375 0.5810546875 0.02734375 0.5908203125 0.03125 0.6005859375 0.0400390625 0.611328125 0.0458984375 0.615234375 0.0517578125 0.615234375 0.0537109375 0.6171875 0.05859375 0.6162109375 0.0703125 0.6064453125 0.072265625 0.6005859375 0.072265625 0.5771484375 0.0703125 0.5751953125 0.0703125 0.5693359375 0.06640625 0.5615234375 0.0556640625 0.55078125 0.0517578125 0.548828125
0 0.064453125 0.5068359375 0.060546875 0.5146484375 0.060546875 0.5224609375 0.05859375 0.5244140625 0.060546875 0.5419921875 0.0712890625 0.556640625 0.0849609375 0.5625 0.087890625 0.5615234375 0.0908203125 0.560546875 0.1015625 0.5478515625 0.103515625 0.5244140625 0.099609375 0.5126953125 0.0888671875 0.501953125 0.0849609375 0.5 0.0732421875 0.5 0.064453125 0.5068359375
0 0.1650390625 0.453125 0.154296875 0.4677734375 0.15234375 0.4736328125 0.15234375 0.4931640625 0.15625 0.5009765625 0.1669921875 0.51171875 0.1806640625 0.517578125 0.185546875 0.5166015625 0.201171875 0.5068359375 0.208984375 0.4873046875 0.208984375 0.4755859375 0.203125 0.4599609375 0.1982421875 0.455078125 0.1884765625 0.44921875 0.1728515625 0.44921875 0.1650390625 0.453125
0 0.1337890625 0.447265625 0.125 0.4580078125 0.123046875 0.4638671875 0.123046875 0.4853515625 0.125 0.4892578125 0.1376953125 0.5 0.15234375 0.4990234375 0.154296875 0.4970703125 0.15234375 0.4931640625 0.15234375 0.4716796875 0.158203125 0.4599609375 0.1640625 0.4541015625 0.1552734375 0.4453125 0.1435546875 0.443359375 0.1337890625 0.447265625
0 0.3232421875 0.421875 0.3134765625 0.41796875 0.2958984375 0.41796875 0.2861328125 0.421875 0.275390625 0.4326171875 0.26953125 0.4443359375 0.267578125 0.4599609375 0.26953125 0.4619140625 0.26953125 0.4697265625 0.2734375 0.4794921875 0.2861328125 0.490234375 0.294921875 0.4912109375 0.306640625 0.4736328125 0.3173828125 0.46484375 0.3232421875 0.462890625 0.328125 0.4541015625 0.328125 0.4462890625 0.33203125 0.4384765625 0.33203125 0.4326171875 0.3232421875 0.421875
0 0.2802734375 0.37890625 0.26953125 0.3896484375 0.265625 0.3974609375 0.265625 0.4130859375 0.267578125 0.4189453125 0.2744140625 0.427734375 0.28125 0.4267578125 0.2939453125 0.41796875 0.3115234375 0.41796875 0.318359375 0.4091796875 0.318359375 0.3974609375 0.314453125 0.3876953125 0.3017578125 0.376953125 0.2841796875 0.376953125 0.2802734375 0.37890625
0 0.3896484375 0.3515625 0.380859375 0.3623046875 0.37890625 0.3681640625 0.37890625 0.3837890625 0.3916015625 0.3984375 0.4013671875 0.40234375 0.412109375 0.4013671875 0.4208984375 0.3984375 0.4296875 0.3876953125 0.43359375 0.3798828125 0.43359375 0.3642578125 0.431640625 0.3603515625 0.4169921875 0.34765625 0.3974609375 0.34765625 0.3896484375 0.3515625
0 0.5751953125 0.361328125 0.5712890625 0.365234375 0.5654296875 0.3671875 0.5546875 0.3798828125 0.55078125 0.3916015625 0.55078125 0.4033203125 0.556640625 0.4169921875 0.5693359375 0.4296875 0.5810546875 0.435546875 0.59765625 0.4345703125 0.6083984375 0.4296875 0.62109375 0.4169921875 0.625 0.4072265625 0.625 0.3876953125 0.6171875 0.3740234375 0.6064453125 0.365234375 0.5966796875 0.361328125 0.5751953125 0.361328125
0 0.7509765625 0.345703125 0.7412109375 0.349609375 0.732421875 0.3583984375 0.728515625 0.3642578125 0.7265625 0.3779296875 0.734375 0.3955078125 0.7451171875 0.40625 0.7548828125 0.41015625 0.767578125 0.4091796875 0.7763671875 0.404296875 0.78515625 0.3955078125 0.787109375 0.3896484375 0.787109375 0.3740234375 0.78125 0.3603515625 0.7705078125 0.349609375 0.7626953125 0.345703125 0.7509765625 0.345703125
1 0.4443359375 0.396484375 0.4267578125 0.404296875 0.416015625 0.4150390625 0.41015625 0.4287109375 0.41015625 0.4501953125 0.419921875 0.4677734375 0.4306640625 0.4765625 0.4345703125 0.4765625 0.4462890625 0.482421875 0.462890625 0.4814453125 0.4755859375 0.474609375 0.48828125 0.4619140625 0.494140625 0.4482421875 0.49609375 0.4345703125 0.48828125 0.4150390625 0.4755859375 0.40234375 0.4580078125 0.396484375 0.4443359375 0.396484375
1 0.3603515625 0.4140625 0.3466796875 0.419921875 0.333984375 0.4326171875 0.330078125 0.4404296875 0.328125 0.4580078125 0.3525390625 0.458984375 0.3583984375 0.4609375 0.3740234375 0.46875 0.3896484375 0.486328125 0.39453125 0.4853515625 0.404296875 0.4775390625 0.408203125 0.4697265625 0.41015625 0.4482421875 0.404296875 0.4326171875 0.3974609375 0.423828125 0.3896484375 0.41796875 0.3798828125 0.4140625 0.3603515625 0.4140625
1 0.38671875 0.4833984375 0.3740234375 0.46875 0.3525390625 0.458984375 0.3310546875 0.458984375 0.3154296875 0.466796875 0.30078125 0.4814453125 0.294921875 0.4990234375 0.296875 0.5244140625 0.302734375 0.5361328125 0.3173828125 0.55078125 0.3408203125 0.55859375 0.3515625 0.5576171875 0.3662109375 0.552734375 0.37890625 0.5419921875 0.38671875 0.5302734375 0.390625 0.5224609375 0.390625 0.5126953125 0.392578125 0.5107421875 0.390625 0.4931640625 0.38671875 0.4833984375
1 0.421875 0.7197265625 0.421875 0.6962890625 0.419921875 0.6943359375 0.41796875 0.6826171875 0.404296875 0.6591796875 0.3935546875 0.6484375 0.3662109375 0.6328125 0.3603515625 0.6328125 0.3583984375 0.630859375 0.3232421875 0.630859375 0.3115234375 0.634765625 0.2958984375 0.64453125 0.28125 0.6591796875 0.271484375 0.6806640625 0.271484375 0.6943359375 0.26953125 0.6962890625 0.271484375 0.7138671875 0.27734375 0.7314453125 0.28125 0.7373046875 0.28125 0.7412109375 0.2978515625 0.759765625 0.3056640625 0.765625 0.3212890625 0.771484375 0.3251953125 0.775390625 0.3369140625 0.779296875 0.37109375 0.7783203125 0.3837890625 0.775390625 0.3974609375 0.767578125 0.408203125 0.7568359375 0.416015625 0.7431640625 0.41796875 0.7314453125 0.419921875 0.7294921875 0.419921875 0.7216796875 0.421875 0.7197265625
1 0.072265625 0.7275390625 0.06640625 0.7431640625 0.06640625 0.7568359375 0.068359375 0.7587890625 0.068359375 0.7666015625 0.072265625 0.7724609375 0.0830078125 0.78125 0.16796875 0.7802734375 0.16796875 0.7744140625 0.15234375 0.7470703125 0.1357421875 0.73046875 0.1240234375 0.72265625 0.1044921875 0.71484375 0.0908203125 0.71484375 0.0810546875 0.71875 0.072265625 0.7275390625
1 0.0859375 0.4794921875 0.080078125 0.4970703125 0.09765625 0.5087890625 0.1044921875 0.52734375 0.111328125 0.5263671875 0.119140625 0.5205078125 0.123046875 0.5107421875 0.123046875 0.4873046875 0.12109375 0.4814453125 0.1123046875 0.47265625 0.1083984375 0.470703125 0.0966796875 0.470703125 0.0859375 0.4794921875
1 0.05078125 0.5048828125 0.046875 0.5146484375 0.046875 0.5302734375 0.05078125 0.5400390625 0.0595703125 0.548828125 0.064453125 0.5478515625 0.060546875 0.5419921875 0.05859375 0.5244140625 0.060546875 0.5224609375 0.0625 0.5107421875 0.07421875 0.4990234375 0.0693359375 0.49609375 0.0576171875 0.498046875 0.05078125 0.5048828125
1 0.5458984375 0.3046875 0.533203125 0.3154296875 0.53125 0.3193359375 0.53125 0.3330078125 0.53515625 0.3388671875 0.5458984375 0.34765625 0.5625 0.3466796875 0.5712890625 0.341796875 0.57421875 0.3369140625 0.576171875 0.3310546875 0.576171875 0.3173828125 0.5703125 0.3095703125 0.5634765625 0.3046875 0.5576171875 0.302734375 0.5458984375 0.3046875
1 0.9345703125 0.41015625 0.92578125 0.4189453125 0.921875 0.4287109375 0.923828125 0.4521484375 0.9296875 0.4638671875 0.9345703125 0.46875 0.939453125 0.4677734375 0.9482421875 0.453125 0.9580078125 0.447265625 0.970703125 0.4462890625 0.970703125 0.4306640625 0.96484375 0.4189453125 0.9521484375 0.408203125 0.9384765625 0.408203125 0.9345703125 0.41015625
1 1 0.4248046875 0.9951171875 0.421875 0.9853515625 0.421875 0.9814453125 0.423828125 0.97265625 0.4345703125 0.97265625 0.4462890625 0.986328125 0.4599609375 0.994140625 0.4833984375 0.9970703125 0.486328125 1 0.4853515625 1 0.4248046875
2 0.6494140625 0.34375 0.634765625 0.3544921875 0.62890625 0.3681640625 0.62890625 0.3837890625 0.6328125 0.3916015625 0.6455078125 0.404296875 0.6572265625 0.408203125 0.666015625 0.4072265625 0.6787109375 0.404296875 0.689453125 0.3935546875 0.693359375 0.3857421875 0.693359375 0.3681640625 0.685546875 0.3544921875 0.6748046875 0.345703125 0.6689453125 0.34375 0.6494140625 0.34375
2 0.7080078125 0.333984375 0.6923828125 0.333984375 0.6796875 0.3447265625 0.6796875 0.3486328125 0.685546875 0.3544921875 0.693359375 0.3681640625 0.693359375 0.3857421875 0.69140625 0.3876953125 0.6962890625 0.392578125 0.7021484375 0.39453125 0.70703125 0.3935546875 0.7138671875 0.392578125 0.724609375 0.3857421875 0.7265625 0.3818359375 0.7265625 0.3701171875 0.73046875 0.3583984375 0.724609375 0.3447265625 0.7138671875 0.3359375 0.7080078125 0.333984375
2 0.8076171875 0.345703125 0.7900390625 0.34765625 0.7861328125 0.349609375 0.779296875 0.3583984375 0.783203125 0.3623046875 0.787109375 0.3720703125 0.787109375 0.3935546875 0.7919921875 0.3984375 0.794921875 0.3974609375 0.798828125 0.3857421875 0.8095703125 0.375 0.8173828125 0.37109375 0.828125 0.3701171875 0.828125 0.3642578125 0.82421875 0.3564453125 0.8193359375 0.3515625 0.8076171875 0.345703125
2 0.8291015625 0.37109375 0.8173828125 0.37109375 0.8095703125 0.375 0.798828125 0.3857421875 0.794921875 0.3935546875 0.794921875 0.4111328125 0.802734375 0.4287109375 0.8076171875 0.43359375 0.8173828125 0.439453125 0.8232421875 0.439453125 0.8251953125 0.44140625 0.837890625 0.4404296875 0.849609375 0.4306640625 0.85546875 0.4208984375 0.85546875 0.4150390625 0.857421875 0.4130859375 0.85546875 0.3974609375 0.849609375 0.3857421875 0.8408203125 0.376953125 0.8291015625 0.37109375
2 0.8955078125 0.40234375 0.8837890625 0.400390625 0.8701171875 0.40625 0.865234375 0.4111328125 0.859375 0.4248046875 0.859375 0.4443359375 0.865234375 0.4599609375 0.8759765625 0.470703125 0.8837890625 0.474609375 0.8984375 0.4736328125 0.9052734375 0.470703125 0.91796875 0.4541015625 0.91796875 0.4423828125 0.919921875 0.4404296875 0.91796875 0.4287109375 0.916015625 0.4228515625 0.9052734375 0.408203125 0.8955078125 0.40234375
2 0.8896484375 0.3828125 0.880859375 0.3916015625 0.87890625 0.4013671875 0.8876953125 0.400390625 0.8994140625 0.404296875 0.91015625 0.4130859375 0.912109375 0.4189453125 0.916015625 0.4228515625 0.916015625 0.4267578125 0.9189453125 0.4296875 0.921875 0.4287109375 0.92578125 0.4189453125 0.92578125 0.4072265625 0.919921875 0.3935546875 0.9072265625 0.3828125 0.9013671875 0.3828125 0.8994140625 0.380859375 0.8974609375 0.3828125 0.8896484375 0.3828125
2 0.943359375 0.4599609375 0.939453125 0.4677734375 0.9375 0.4736328125 0.9375 0.4951171875 0.943359375 0.5126953125 0.9560546875 0.525390625 0.9619140625 0.52734375 0.97265625 0.5263671875 0.9775390625 0.525390625 0.986328125 0.5166015625 0.9921875 0.5029296875 0.994140625 0.4833984375 0.986328125 0.4599609375 0.9716796875 0.447265625 0.9580078125 0.447265625 0.943359375 0.4599609375
2 0.4912109375 0.3203125 0.48046875 0.3291015625 0.4765625 0.3369140625 0.4765625 0.3525390625 0.4873046875 0.365234375 0.4970703125 0.369140625 0.5078125 0.3681640625 0.5185546875 0.36328125 0.525390625 0.3544921875 0.52734375 0.3369140625 0.5234375 0.3291015625 0.5107421875 0.3203125 0.5029296875 0.3203125 0.5009765625 0.318359375 0.4912109375 0.3203125
2 0.4287109375 0.3203125 0.41796875 0.3271484375 0.412109375 0.3369140625 0.412109375 0.3447265625 0.4208984375 0.349609375 0.4326171875 0.36328125 0.4375 0.3642578125 0.4443359375 0.36328125 0.453125 0.3564453125 0.45703125 0.3505859375 0.458984375 0.3388671875 0.455078125 0.3291015625 0.4501953125 0.32421875 0.4423828125 0.3203125 0.4287109375 0.3203125
2 0.306640625 0.3701171875 0.3046875 0.3779296875 0.3095703125 0.380859375 0.314453125 0.3876953125 0.318359375 0.3955078125 0.318359375 0.4052734375 0.3212890625 0.408203125 0.333984375 0.4072265625 0.3408203125 0.404296875 0.3515625 0.3916015625 0.353515625 0.3759765625 0.349609375 0.3662109375 0.3427734375 0.359375 0.3291015625 0.35546875 0.3173828125 0.359375 0.306640625 0.3701171875
2 0.5107421875 0.3203125 0.5205078125 0.326171875 0.5234375 0.3310546875 0.5283203125 0.3359375 0.529296875 0.3349609375 0.53125 0.3173828125 0.5224609375 0.306640625 0.5185546875 0.3046875 0.5029296875 0.3046875 0.4921875 0.3134765625 0.490234375 0.3173828125 0.4912109375 0.3203125 0.5107421875 0.3203125
0 0.013671875 0.6865234375 0.015625 0.6845703125 0.015625 0.6630859375 0.005859375 0.6396484375 0.0009765625 0.634765625 0 0.6748046875 0.0029296875 0.67578125 0.0126953125 0.6875 0.013671875 0.6865234375
0 0.0009765625 0.591796875 0 0.6298828125 0.001953125 0.6298828125 0.005859375 0.6201171875 0.005859375 0.6044921875 0.0009765625 0.591796875
1 0.0009765625 0.671875 0 0.6865234375 0.005859375 0.6943359375 0.0146484375 0.703125 0.015625 0.7021484375 0.013671875 0.6884765625 0.0009765625 0.671875