1 0.51875 0.4984375 0.04375 0.0453125
1 0.4890625 0.0765625 0.040625 0.0453125
2 0.5265625 0.2921875 0.0453125 0.053125
2 0.4796875 0.303125 0.040625 0.0484375
2 0.5015625 0.8640625 0.0375 0.0515625
2 0.45625 0.8703125 0.04375 0.0546875
1 0.5359375 0.0984375 0.0515625 0.0578125
2 0.5078125 0.68125 0.04375 0.0453125
1 0.4703125 0.4953125 0.0390625 0.0453125
2 0.447745528125 0.0654983765625 0.4446717578125 0.06242460625 0.43442585625 0.06242460625 0.42622913437500004 0.0665229671875 0.419057003125 0.0736950984375 0.4149586421875 0.0818918203125 0.4149586421875 0.10033444218750001 0.42110618437499997 0.11058034375 0.4282783140625 0.11570329531250001 0.44262257656250004 0.11570329531250001 0.445696346875 0.11262952500000001 0.4467209375 0.1075065734375 0.4569668390625 0.10545739375 0.460040609375 0.0982852625 0.460040609375 0.0880393609375 0.462089790625 0.0859901796875 0.4610652 0.07676886875 0.4569668390625 0.07062132812500001 0.452868478125 0.06857214687499999 0.44877011875 0.07062132812500001 0.447745528125 0.0654983765625
1 0.4609375 0.684375 0.04375 0.0453125
1 0.3958247953125 0.4993852453125 0.39992315624999997 0.509631146875 0.411193646875 0.518852459375 0.427587090625 0.518852459375 0.4296362703125 0.51270491875 0.4316854515625 0.5147540984375001 0.43783299218750005 0.5147540984375001 0.4450051234375 0.5075819671875 0.4439805328125 0.48401639375 0.43578381093749996 0.47581967187499996 0.4316854515625 0.47786885312500005 0.4296362703125 0.46967213125 0.413242828125 0.46967213125 0.4091444671875 0.47172131093749997 0.39992315624999997 0.48094262343749994 0.3958247953125 0.48913934374999996 0.3958247953125 0.4993852453125
3 0.471875 0.8671875 0.115625 0.0875
3 0.4765625 0.6875 0.1234375 0.075
3 0.484375 0.4953125 0.1234375 0.0609375
3 0.4921875 0.2953125 0.1171875 0.0765625
3 0.503125 0.09375 0.1375 0.090625