2 0.6031754031250001 0.46350806406249995 0.6031754031250001 0.4695564515625 0.6072076609375 0.47358870937499997 0.6051915328125 0.47762096718749997 0.6051915328125 0.4917338703125 0.6082157265625 0.49677419375 0.6182963703125 0.50282258125 0.6384576609375 0.5008064515624999 0.64248991875 0.49879032187499994 0.6535786296875 0.485685484375 0.6525705640624999 0.4725806453125 0.6495463703125 0.4695564515625 0.6515625 0.46754032187499994 0.6495463703125 0.46149193593750004 0.64248991875 0.454435484375 0.6344254031250001 0.4504032265625 0.6182963703125 0.4504032265625 0.6031754031250001 0.46350806406249995
1 0.5901094609374999 0.08206110625 0.6011981703125 0.0911336875 0.617327203125 0.0891175578125 0.6213594609374999 0.0850853 0.6274078484375 0.0830691703125 0.6405126875 0.067948203125 0.639504621875 0.04476271875 0.6274078484375 0.028633687499999998 0.617327203125 0.024601429687500002 0.6032143 0.026617557812499998 0.592125590625 0.037706267187499996 0.5840610734375 0.053835299999999996 0.5840610734375 0.0719804609375 0.5870852671875 0.0750046546875 0.592125590625 0.07601271875 0.5901094609374999 0.08206110625
2 0.5507560484375 0.4816532265625 0.5507560484375 0.4917338703125 0.5618447578125 0.5068548390625 0.5739415328125 0.5129032265625 0.584022178125 0.5129032265625 0.597127015625 0.5058467734375001 0.5991431453125 0.4977822578125 0.6051915328125 0.48971774218749997 0.6041834671874999 0.4786290328125 0.5991431453125 0.47560483906249995 0.6011592734375 0.47157258124999996 0.594102821875 0.4604838703125 0.5759576609375 0.4564516125 0.5739415328125 0.45846774218749997 0.5678931453125 0.45846774218749997 0.5547883062500001 0.4695564515625 0.5507560484375 0.4816532265625
1 0.6164151609374999 0.2397480484375 0.6083506453124999 0.24378030625 0.60129419375 0.24882062968750002 0.59524580625 0.25890127343749997 0.59524580625 0.2649496609375 0.5932296781249999 0.266965790625 0.59524580625 0.283094821875 0.6043183875 0.2941835328125 0.618431290625 0.2941835328125 0.62044741875 0.292167403125 0.6224635484375 0.2941835328125 0.634560321875 0.2941835328125 0.643632903125 0.2851109515625 0.649681290625 0.27503030625 0.6486732265625 0.25587708125 0.63859258125 0.24378030625 0.6305280640625 0.2397480484375 0.6244796781249999 0.2397480484375 0.6224635484375 0.241764178125 0.6164151609374999 0.2397480484375
2 0.531602821875 0.448387096875 0.51748991875 0.4504032265625 0.506401209375 0.45947580625000006 0.5023689515624999 0.46754032187499994 0.5023689515624999 0.4816532265625 0.5043850812499999 0.4836693546875 0.5043850812499999 0.4877016125 0.5195060484375 0.5008064515624999 0.5255544359375001 0.5008064515624999 0.5275705640624999 0.50282258125 0.5336189515624999 0.5008064515624999 0.537651209375 0.49677419375 0.543699596875 0.49677419375 0.5507560484375 0.48971774218749997 0.5507560484375 0.47762096718749997 0.552772178125 0.47560483906249995 0.5517641125 0.4665322578125 0.5507560484375 0.46149193593750004 0.5416834671874999 0.4524193546875 0.5356350812499999 0.4524193546875 0.531602821875 0.448387096875
1 0.6546643109375 0.9056360890624999 0.66776915 0.8905151203124999 0.6667610859375 0.8693457656250001 0.6637368921875 0.8622893140624999 0.6486159234375 0.8491844765625001 0.6324868921875 0.847168346875 0.6244223765625 0.8512006046874999 0.6153497953125 0.86430544375 0.613333665625 0.8703538312499999 0.6153497953125 0.8884989921875001 0.6304707625 0.9056360890624999 0.6425675375 0.909668346875 0.650632053125 0.9076522171875 0.6546643109375 0.9056360890624999
2 0.6369988484375 0.71675155 0.639014978125 0.7147354203125 0.64103110625 0.71675155 0.6511117515625 0.71675155 0.6601843328125 0.70767896875 0.6642165906249999 0.6996144531249999 0.6632085265625001 0.6865096140625 0.658168203125 0.677437034375 0.6450633640625 0.6663483234375 0.626918203125 0.6663483234375 0.6138133640625 0.677437034375 0.60978110625 0.6915499374999999 0.6117972359375 0.693566065625 0.6138133640625 0.705662840625 0.6249020734374999 0.71675155 0.6369988484375 0.71675155
1 0.584022178125 0.8616935484375 0.568901209375 0.8747983874999999 0.5668850812499999 0.8969758062500001 0.5729334671874999 0.90302419375 0.5709173390625 0.905040321875 0.5729334671874999 0.90907258125 0.584022178125 0.9201612906250001 0.5961189515624999 0.9221774187499999 0.5981350812499999 0.9201612906250001 0.606199596875 0.9201612906250001 0.6132560484375 0.9151209671875 0.6132560484375 0.90302419375 0.61123991875 0.9010080640625 0.615272178125 0.8969758062500001 0.6142641125 0.8899193546875 0.6132560484375 0.8747983874999999 0.61123991875 0.86875 0.606199596875 0.863709678125 0.600151209375 0.8616935484375 0.584022178125 0.8616935484375
1 0.5702625875 0.8862914406250001 0.569254521875 0.8752027312499999 0.5662303296875 0.86613015 0.559173878125 0.8590736984375 0.5571577484375 0.8590736984375 0.55514161875 0.8631059562500001 0.5541335546874999 0.858065634375 0.547077103125 0.8530253109375 0.541028715625 0.8530253109375 0.5390125875 0.8550414406250001 0.5349803296875 0.8550414406250001 0.5309480703125 0.8570575687499999 0.52389161875 0.8641140203125 0.5198593609375 0.8721785375 0.5198593609375 0.892339828125 0.52389161875 0.90040434375 0.5329642 0.9094769234375001 0.5369964578124999 0.911493053125 0.5430448453125 0.911493053125 0.5450609734375 0.9135091828125 0.553125490625 0.911493053125 0.5571577484375 0.905444665625 0.5632061359375 0.905444665625 0.5682464578124999 0.8983882140624999 0.5682464578124999 0.8883075687499999 0.5702625875 0.8862914406250001
1 0.577973790625 0.704435484375 0.5961189515624999 0.704435484375 0.600151209375 0.7024193546874999 0.6072076609375 0.695362903125 0.606199596875 0.6822580640625 0.6051915328125 0.6651209671875 0.600151209375 0.6560483875 0.5739415328125 0.6560483875 0.5678931453125 0.658064515625 0.56083669375 0.6691532265625 0.56083669375 0.6872983875 0.5668850812499999 0.6973790328125 0.5739415328125 0.7024193546874999 0.5759576609375 0.7004032265625 0.577973790625 0.704435484375
2 0.5447076609375 0.292137096875 0.5557963703125 0.301209678125 0.5598286296875 0.2991935484375 0.5638608875 0.301209678125 0.5820060484375 0.2991935484375 0.5910786296875 0.2881048390625 0.5900705640624999 0.260887096875 0.5890625 0.25786290312500004 0.5759576609375 0.24677419375 0.5618447578125 0.24677419375 0.5578125 0.25080645156250003 0.5537802421875 0.25080645156250003 0.546723790625 0.25786290312500004 0.5406754031250001 0.27197580625 0.5406754031250001 0.28205645156250003 0.5447076609375 0.292137096875
1 0.5820060484375 0.0552419359375 0.5809979843749999 0.042137096875 0.5739415328125 0.0350806453125 0.565877015625 0.031048387500000003 0.5557963703125 0.031048387500000003 0.5517641125 0.0350806453125 0.5457157265625 0.0370967734375 0.5386592734375 0.044153226562499995 0.534627015625 0.052217742187500006 0.534627015625 0.07439516093750001 0.5366431453125 0.07641129062499999 0.5386592734375 0.08447580625 0.5477318546875 0.0935483875 0.5517641125 0.0935483875 0.5537802421875 0.095564515625 0.565877015625 0.095564515625 0.5739415328125 0.0895161296875 0.5759576609375 0.0895161296875 0.5809979843749999 0.082459678125 0.5809979843749999 0.07641129062499999 0.5789818546875 0.0723790328125 0.5809979843749999 0.070362903125 0.5809979843749999 0.0602822578125 0.5830141125 0.0582661296875 0.5820060484375 0.0552419359375
3 0.6015625 0.878125 0.115625 0.0828125
3 0.6015625 0.6859375 0.1265625 0.084375
3 0.5953125 0.475 0.1265625 0.084375
3 0.5921875 0.2703125 0.13125 0.09375
3 0.5828125 0.065625 0.15 0.1046875