1 0.5172896234375 0.35620915000000003 0.5397569437499999 0.3684640515625 0.56630923125 0.3684640515625 0.5724366828125 0.364379084375 0.57652165 0.364379084375 0.5938827609375 0.351102940625 0.6000102125 0.34293300625 0.6061376640625 0.3286356203125 0.6061376640625 0.297998365625 0.6020526953124999 0.29391339843750003 0.6000102125 0.2857434640625 0.5908190359375001 0.27450980468749997 0.5826491015624999 0.268382353125 0.5601817812500001 0.258169934375 0.5397569437499999 0.258169934375 0.5213745921874999 0.26633986875 0.5040134796875 0.2857434640625 0.4968647875 0.3071895421875 0.4958435453125 0.3265931375 0.5040134796875 0.34089052343750004 0.5172896234375 0.35620915000000003
1 0.5091196890624999 0.247957515625 0.5275020421875001 0.258169934375 0.5622242640625 0.258169934375 0.578564134375 0.25 0.5918402781250001 0.23672385624999998 0.6000102125 0.2142565359375 0.6000102125 0.19995915 0.5938827609375 0.18566176406249998 0.5826491015624999 0.1723856203125 0.5581392968750001 0.16013071875 0.5275020421875001 0.16013071875 0.5111621734375 0.168300653125 0.4958435453125 0.18361928125 0.49073733593749996 0.1989379078125 0.4897160953125 0.2162990203125 0.4978860296875 0.234681371875 0.5091196890624999 0.247957515625
1 0.6337111921874999 0.1662581703125 0.6459660953124999 0.1723856203125 0.6623059640625 0.1744281046875 0.668433415625 0.1723856203125 0.681709559375 0.1611519609375 0.6837520421875001 0.15706699375 0.6837520421875001 0.1407271234375 0.679667075 0.1325571890625 0.6704758984375 0.12336601250000001 0.658220996875 0.1172385625 0.63983864375 0.1172385625 0.631668709375 0.1213235296875 0.6224775328125001 0.1325571890625 0.6214562906250001 0.1376633984375 0.6204350484375001 0.148897059375 0.624520015625 0.15706699375 0.6337111921874999 0.1662581703125
1 0.658220996875 0.09681372499999999 0.6806883171875 0.09681372499999999 0.68987949375 0.08353758125 0.68987949375 0.07741013125 0.6857945265625001 0.0692401953125 0.6704758984375 0.058006535937500006 0.658220996875 0.05596405156249999 0.6520935453125001 0.058006535937500006 0.64290236875 0.0631127453125 0.63983864375 0.0702614375 0.6388174015625 0.07741013125 0.64290236875 0.085580065625 0.658220996875 0.09681372499999999
1 0.68681576875 0.1294934640625 0.701113153125 0.12745097968750002 0.7082618468749999 0.12030228750000001 0.7082618468749999 0.1060049015625 0.6990706703125 0.09477124218750001 0.6909007359375 0.09068627500000001 0.68681576875 0.09068627500000001 0.6806883171875 0.09681372499999999 0.66639093125 0.098856209375 0.6643484484375 0.1008986921875 0.66332720625 0.1080473859375 0.66945465625 0.1182598046875 0.68681576875 0.1294934640625
1 0.7051981203125 0.15808823593750002 0.7154105390625001 0.15808823593750002 0.71949550625 0.1560457515625 0.7266442 0.14685457500000001 0.724601715625 0.13459967343749998 0.711325571875 0.12336601250000001 0.68681576875 0.1315359484375 0.6857945265625001 0.1427696078125 0.6970281859375 0.15400326875 0.7051981203125 0.15808823593750002
1 0.5908190359375001 0.729983659375 0.6030739374999999 0.7361111109375 0.6194138078125 0.7361111109375 0.629626225 0.73202614375 0.64290236875 0.720792484375 0.6490298203125 0.7044526140625 0.6490298203125 0.6962826796875 0.6449448531249999 0.6860702609375 0.6337111921874999 0.6748366015625 0.6214562906250001 0.670751634375 0.6071589046875 0.670751634375 0.5877553109375 0.68198529375 0.581627859375 0.6942401953124999 0.5806066171875 0.7013888890625 0.5795853765625 0.7126225484375001 0.5857128265625 0.7248774515624999 0.5908190359375001 0.729983659375
1 0.5969464875 0.8218954249999999 0.605116421875 0.8259803921875 0.6153288406249999 0.8259803921875 0.629626225 0.8198529406249999 0.63677491875 0.8127042484375 0.6388174015625 0.8065767968750001 0.6388174015625 0.7922794125 0.6275837421875 0.7810457515625 0.6214562906250001 0.77900326875 0.611243871875 0.77900326875 0.5969464875 0.78513071875 0.5887765515625001 0.7953431375 0.5877553109375 0.8106617640625 0.5897977937500001 0.81474673125 0.5969464875 0.8218954249999999
1 0.63983864375 0.793300653125 0.6500510625 0.7912581703125 0.6561785125 0.7830882359375 0.661284721875 0.780024509375 0.661284721875 0.7738970593750001 0.66332720625 0.771854575 0.661284721875 0.76164215625 0.6541360296875001 0.7544934640625 0.6459660953124999 0.750408496875 0.637796159375 0.750408496875 0.6234987750000001 0.7565359484374999 0.618392565625 0.76164215625 0.6153288406249999 0.76879085 0.6153288406249999 0.77900326875 0.6275837421875 0.7810457515625 0.63983864375 0.793300653125
1 0.668433415625 0.6401143796875 0.6766033499999999 0.644199346875 0.6909007359375 0.644199346875 0.694985703125 0.6421568625 0.7021343953125 0.637050653125 0.7103043296875 0.62275326875 0.7062193625 0.604370915625 0.6909007359375 0.5931372546875 0.6786458328125 0.5931372546875 0.66332720625 0.604370915625 0.6602634796875 0.6115196078125 0.6592422390625 0.6268382359375 0.661284721875 0.6309232031249999 0.668433415625 0.6401143796875
1 0.7072406046874999 0.47263071874999996 0.7235804734375 0.47263071874999996 0.7368566171875 0.459354575 0.7368566171875 0.44097222187499996 0.734814134375 0.43484477187500004 0.7256229578125 0.42565359531249997 0.7051981203125 0.42565359531249997 0.701113153125 0.427696078125 0.6939644609375 0.43484477187500004 0.6909007359375 0.44403594843749994 0.68987949375 0.451184640625 0.6939644609375 0.46139705937500003 0.7072406046874999 0.47263071874999996
1 0.6888582515625 0.23161764687500003 0.7031556375 0.23161764687500003 0.711325571875 0.23570261406249998 0.7174530234375001 0.241830065625 0.7235804734375 0.241830065625 0.7307291671875 0.23059640468749998 0.7266442 0.2142565359375 0.71949550625 0.20710784375000002 0.7072406046874999 0.20098039218750002 0.69294321875 0.2030228765625 0.6827308000000001 0.215277778125 0.681709559375 0.23059640468749998 0.6847732843750001 0.23366013125 0.6888582515625 0.23161764687500003
1 0.531587009375 0.9015522875 0.5428206703125 0.9107434640625 0.544863153125 0.9148284312499999 0.5458843953125 0.9301470593750001 0.5560968140625 0.9260620921875 0.5673304734375 0.9127859484374999 0.56324550625 0.8984885625000001 0.5540543296875 0.89133986875 0.5377144609375 0.8892973859375 0.5193321078124999 0.8954248359375001 0.518310865625 0.8964460781250001 0.5213745921874999 0.8995098046875001 0.531587009375 0.9015522875
2 0.5029922390625 0.9424019609375 0.5275020421875001 0.9424019609375 0.53362949375 0.9403594765625 0.544863153125 0.9291258171875001 0.544863153125 0.9148284312499999 0.5428206703125 0.9107434640625 0.5356719765625 0.903594771875 0.5275020421875001 0.8995098046875001 0.5172896234375 0.8995098046875001 0.515247140625 0.8974673203125001 0.51320465625 0.8995098046875001 0.5029922390625 0.8995098046875001 0.49482230468750005 0.903594771875 0.4876736109375 0.9107434640625 0.4846098859375 0.919934640625 0.485631128125 0.9291258171875001 0.49482230468750005 0.93831699375 0.5029922390625 0.9424019609375
2 0.5479268796875 0.9505718953125 0.5612030234375001 0.9393382359375 0.5591605390625001 0.9270833328125001 0.5540543296875 0.9260620921875 0.5479268796875 0.9281045750000001 0.53362949375 0.93831699375 0.5326082515625 0.949550653125 0.5356719765625 0.9526143796875 0.5479268796875 0.9505718953125
2 0.5540543296875 0.89133986875 0.565287990625 0.9025735296875 0.568351715625 0.9158496734374999 0.578564134375 0.91176470625 0.5877553109375 0.9005310453125001 0.5877553109375 0.890318628125 0.5826491015624999 0.8831699343749999 0.5744791671875 0.8790849671875 0.5622242640625 0.877042484375 0.5601817812500001 0.8790849671875 0.5520118468749999 0.8790849671875 0.541799428125 0.8872549015625 0.541799428125 0.8892973859375 0.5479268796875 0.89133986875 0.5540543296875 0.89133986875
2 0.6541360296875001 0.7544934640625 0.661284721875 0.76164215625 0.66332720625 0.7677696078125 0.661284721875 0.7738970593750001 0.6623059640625 0.7810457515625 0.668433415625 0.77900326875 0.6776245921874999 0.7698120921875 0.6776245921874999 0.753472221875 0.6704758984375 0.7463235296875 0.66639093125 0.7442810453125001 0.6541360296875001 0.7442810453125001 0.6459660953124999 0.7483660125 0.6449448531249999 0.7493872546875 0.648008578125 0.7524509796875 0.6541360296875001 0.7544934640625
2 0.69294321875 0.57883986875 0.701113153125 0.57883986875 0.7092830875 0.5747549015625 0.7184742640625 0.565563725 0.72255923125 0.557393790625 0.72255923125 0.5430964046875 0.7184742640625 0.5349264703125 0.7051981203125 0.52573529375 0.69294321875 0.52573529375 0.6847732843750001 0.5298202609375 0.6755821078124999 0.5390114374999999 0.674560865625 0.544117646875 0.6735396234375 0.5614787578125 0.6847732843750001 0.5747549015625 0.69294321875 0.57883986875
2 0.6909007359375 0.5931372546875 0.6990706703125 0.597222221875 0.7051981203125 0.6033496734375 0.711325571875 0.6033496734375 0.7205167484375 0.594158496875 0.724601715625 0.583946078125 0.72255923125 0.5716911765625 0.7174530234375001 0.5665849671875 0.7092830875 0.5747549015625 0.701113153125 0.57883986875 0.6806883171875 0.5747549015625 0.6786458328125 0.57883986875 0.6776245921874999 0.5880310453125001 0.6806883171875 0.5931372546875 0.6909007359375 0.5931372546875
2 0.7051981203125 0.52573529375 0.7174530234375001 0.533905228125 0.721537990625 0.533905228125 0.73277165 0.52267156875 0.734814134375 0.5083741828125 0.73277165 0.50224673125 0.721537990625 0.4889705875 0.7051981203125 0.4869281046875 0.6970281859375 0.491013071875 0.6888582515625 0.501225490625 0.687837009375 0.520629084375 0.69294321875 0.52573529375 0.7051981203125 0.52573529375
2 0.69294321875 0.3419117640625 0.701113153125 0.34599673124999997 0.7154105390625001 0.34599673124999997 0.71949550625 0.3439542484375 0.7307291671875 0.3306781046875 0.7307291671875 0.3122957515625 0.7286866828125 0.3061683 0.7154105390625001 0.294934640625 0.6970281859375 0.29289215625 0.681709559375 0.3041258171875 0.6806883171875 0.30923202656250004 0.679667075 0.32455065312500003 0.681709559375 0.3306781046875 0.69294321875 0.3419117640625
2 0.71949550625 0.2969771234375 0.7286866828125 0.3061683 0.7317504078125 0.321486928125 0.740941584375 0.3143382359375 0.74298406875 0.31025326875000003 0.74298406875 0.2959558828125 0.7317504078125 0.2826797390625 0.7235804734375 0.27859477187500004 0.7154105390625001 0.27859477187500004 0.7031556375 0.28676470625 0.7031556375 0.29289215625 0.7092830875 0.29289215625 0.71949550625 0.2969771234375
2 0.7266442 0.265318628125 0.729707925 0.26633986875 0.734814134375 0.26327614375 0.7388991015624999 0.2571486921875 0.7388991015624999 0.2510212421875 0.740941584375 0.2489787578125 0.7388991015624999 0.246936275 0.7388991015624999 0.2408088234375 0.7317504078125 0.23161764687500003 0.729707925 0.23161764687500003 0.7286866828125 0.23672385624999998 0.7235804734375 0.241830065625 0.72255923125 0.2489787578125 0.7266442 0.2571486921875 0.7266442 0.265318628125
1 0.57652165 0.877042484375 0.5928615203125001 0.877042484375 0.6010314546875 0.872957515625 0.6122651140625 0.859681371875 0.6122651140625 0.8494689546874999 0.61022263125 0.8453839875 0.6010314546875 0.8361928109375001 0.594904003125 0.8361928109375001 0.5928615203125001 0.8341503265625001 0.578564134375 0.8361928109375001 0.5703942 0.840277778125 0.5622242640625 0.8504901953124999 0.5612030234375001 0.863766340625 0.56324550625 0.8678513078125001 0.57652165 0.877042484375
0 0.46827001562500004 0.98120915 0.4703125 0.983251634375 0.49277982031249995 0.98120915 0.501970996875 0.9740604578125 0.5060559640625 0.9658905234375 0.5060559640625 0.9577205875000001 0.4968647875 0.9485294124999999 0.47643995156249996 0.9403594765625 0.4560151140625 0.9424019609375 0.44682393749999993 0.949550653125 0.44580269531249994 0.9526143796875 0.44478145468749997 0.96793300625 0.4560151140625 0.9791666671874999 0.46827001562500004 0.98120915
0 0.4846098859375 0.9893790843750001 0.50707720625 0.9893790843750001 0.51320465625 0.9873366015625 0.5203533499999999 0.9801879078125 0.5223958328125 0.9720179734375 0.5172896234375 0.96486928125 0.50707720625 0.96486928125 0.4968647875 0.98120915 0.47848243437500004 0.983251634375 0.47746119218749994 0.9842728765625001 0.48052491875000003 0.9873366015625 0.4846098859375 0.9893790843750001
0 0.49482230468750005 0.9464869281249999 0.5060559640625 0.9577205875000001 0.5060559640625 0.9618055562500001 0.5091196890624999 0.96486928125 0.523417075 0.9628267968750001 0.5326082515625 0.9536356203125 0.531587009375 0.9403594765625 0.5111621734375 0.9444444437499999 0.5091196890624999 0.9424019609375 0.5009497546875 0.9424019609375 0.488694853125 0.9321895421875 0.4846098859375 0.9321895421875 0.48052491875000003 0.936274509375 0.47950367656250004 0.9393382359375 0.4825674015625 0.9424019609375 0.49482230468750005 0.9464869281249999
0 0.6623059640625 0.729983659375 0.6725183828125 0.7258986921874999 0.6837520421875001 0.7146650328125 0.6857945265625001 0.6983251640625 0.6837520421875001 0.6942401953124999 0.674560865625 0.6850490203125 0.668433415625 0.6830065359375 0.6561785125 0.6830065359375 0.648008578125 0.687091503125 0.6469873359375 0.6962826796875 0.6490298203125 0.6983251640625 0.6490298203125 0.7044526140625 0.6439236109375 0.7197712421875 0.64290236875 0.7228349671875 0.6520935453125001 0.729983659375 0.6623059640625 0.729983659375
0 0.7051981203125 0.42565359531249997 0.71949550625 0.42565359531249997 0.73277165 0.414419934375 0.7368566171875 0.404207515625 0.734814134375 0.3919526140625 0.7286866828125 0.38174019531250003 0.71949550625 0.374591503125 0.7031556375 0.374591503125 0.68987949375 0.3858251640625 0.6888582515625 0.3888888890625 0.687837009375 0.408292484375 0.701113153125 0.4236111109375 0.7051981203125 0.42565359531249997
0 0.711325571875 0.3684640515625 0.7174530234375001 0.3705065359375 0.7337928921875 0.3684640515625 0.74298406875 0.3572303921875 0.740941584375 0.3388480390625 0.7337928921875 0.3296568625 0.7154105390625001 0.34599673124999997 0.6970281859375 0.34599673124999997 0.6960069437499999 0.351102940625 0.698049428125 0.3572303921875 0.711325571875 0.3684640515625
0 0.6970281859375 0.2826797390625 0.7092830875 0.2826797390625 0.7205167484375 0.2755310453125 0.7266442 0.2591911765625 0.72255923125 0.246936275 0.711325571875 0.23570261406249998 0.7031556375 0.23161764687500003 0.6888582515625 0.23161764687500003 0.6776245921874999 0.2408088234375 0.674560865625 0.2459150328125 0.6735396234375 0.26327614375 0.6827308000000001 0.2765522875 0.6970281859375 0.2826797390625
0 0.7072406046874999 0.20098039218750002 0.7276654406249999 0.215277778125 0.7307291671875 0.2142565359375 0.73277165 0.21017156875 0.73277165 0.19995915 0.7307291671875 0.1958741828125 0.7154105390625001 0.1825980390625 0.7051981203125 0.18055555625 0.6990706703125 0.1825980390625 0.6888582515625 0.194852940625 0.6888582515625 0.20506535937499998 0.6990706703125 0.20098039218750002 0.7072406046874999 0.20098039218750002
0 0.48358864375 0.122344771875 0.498907271875 0.13970588281250002 0.5213745921874999 0.1478758171875 0.5397569437499999 0.1478758171875 0.5581392968750001 0.13970588281250002 0.5622242640625 0.13970588281250002 0.5775428921875 0.1243872546875 0.581627859375 0.1141748359375 0.581627859375 0.095792484375 0.5673304734375 0.075367646875 0.5560968140625 0.0682189546875 0.5377144609375 0.062091503125 0.5172896234375 0.062091503125 0.4968647875 0.0702614375 0.48358864375 0.08353758125 0.48052491875000003 0.09272875781249999 0.47950367656250004 0.1080473859375 0.481546159375 0.11008986875 0.48358864375 0.122344771875
0 0.6153288406249999 0.840277778125 0.6275837421875 0.840277778125 0.6357536765625 0.8361928109375001 0.64290236875 0.8290441171875 0.6469873359375 0.816789215625 0.6449448531249999 0.8106617640625 0.63983864375 0.8055555562500001 0.634732434375 0.81474673125 0.6255412578125 0.8218954249999999 0.6153288406249999 0.8259803921875 0.6030739374999999 0.8259803921875 0.6020526953124999 0.8290441171875 0.6071589046875 0.8361928109375001 0.6153288406249999 0.840277778125