2 0.515625 0.8625 0.046875 0.0515625
2 0.525 0.6921875 0.046875 0.0484375
2 0.53125 0.496875 0.0453125 0.0484375
2 0.540625 0.29375 0.0515625 0.0515625
2 0.5015625 0.075 0.05 0.0625
1 0.55 0.090625 0.05 0.059375
1 0.4828125 0.4828125 0.0453125 0.0484375
1 0.478125 0.675 0.046875 0.05
1 0.4703125 0.8765625 0.046875 0.0515625
2 0.4168729375 0.834158415625 0.405528053125 0.8455033000000001 0.40140264062500003 0.853754125 0.40140264062500003 0.86200495 0.39933993437500004 0.8640676562499999 0.40140264062500003 0.8661303625000001 0.40140264062500003 0.8743811875 0.403465346875 0.8785066 0.41481023125 0.8877887781249999 0.43131188125 0.8877887781249999 0.4333745875 0.8836633656249999 0.4375 0.8836633656249999 0.44265676562499995 0.8785066 0.448844884375 0.8640676562499999 0.44781353125 0.856848184375 0.446782178125 0.8496287125 0.43956270625 0.838283828125 0.4375 0.840346534375 0.43131188125 0.834158415625 0.4168729375 0.834158415625
1 0.41893564375 0.51856435625 0.4333745875 0.524752475 0.4416254125 0.524752475 0.44471947187499994 0.5216584156249999 0.445750825 0.51443894375 0.45193894375 0.51650165 0.459158415625 0.509282178125 0.461221121875 0.505156765625 0.46018976875 0.49381188125 0.45606435625 0.47731023125 0.445750825 0.47731023125 0.44368811875 0.47318481874999996 0.42718646875 0.47318481874999996 0.413778878125 0.48246699687500005 0.40965346562500005 0.49278052812500006 0.40965346562500005 0.503094059375 0.41893564375 0.51856435625
3 0.490625 0.865625 0.121875 0.078125
3 0.4953125 0.6828125 0.13125 0.078125
3 0.5 0.4953125 0.128125 0.0875
3 0.5125 0.2875 0.128125 0.1015625
3 0.5203125 0.08125 0.134375 0.1015625