1 0.064167159375 0.5741020875 0.07748683125 0.5894709390624999 0.0938802734375 0.5976676609375 0.11129830624999999 0.5966430703125 0.1287163390625 0.5915201203125 0.13998683125 0.580249628125 0.1420360109375 0.5679545453125 0.148183553125 0.5618070046875 0.146134371875 0.5597578249999999 0.148183553125 0.5474627421875 0.14510978125000001 0.5423397921875 0.13998683125 0.54336438125 0.13793765156249999 0.5331184796875 0.126667159375 0.52389716875 0.1082245359375 0.52389716875 0.10617535625 0.5259463484375 0.0897819125 0.52389716875 0.083634371875 0.5259463484375 0.071339290625 0.5341430703125 0.064167159375 0.54336438125 0.0600687984375 0.5556594640625 0.06314256875 0.5607824140625 0.06826552031250001 0.5618070046875 0.06826552031250001 0.5638561859375 0.062117978124999994 0.5679545453125 0.064167159375 0.5741020875
2 0.432991803125 0.51426741875 0.4381147546875 0.5070952875 0.4381147546875 0.47635758125 0.4360655734375 0.4743084015625 0.4381147546875 0.46611167968749995 0.42684426249999996 0.45484118906250004 0.4084016390625 0.44869364687499996 0.3961065578125 0.450742828125 0.3879098359375 0.45484118906250004 0.3817622953125 0.4589395484375 0.37663934375 0.46611167968749995 0.37663934375 0.47021004062499994 0.3807377046875 0.472259221875 0.3756147546875 0.4732838109375 0.370491803125 0.47840676249999997 0.370491803125 0.4968493859375 0.3745901640625 0.50504610625 0.383811475 0.51426741875 0.40225409843750004 0.51426741875 0.404303278125 0.5163165984375 0.4237704921875 0.5152920078125 0.432991803125 0.51426741875
2 0.4381147546875 0.560373975 0.4360655734375 0.5562756140625 0.4381147546875 0.539882171875 0.43196721250000003 0.5296362703125 0.42274590156249997 0.520414959375 0.38586065625 0.520414959375 0.3817622953125 0.5224641390625 0.370491803125 0.5357838109374999 0.3684426234375 0.5419313531250001 0.3684426234375 0.5624231562500001 0.3745901640625 0.5726690578125 0.389959015625 0.5859887296874999 0.3981557375 0.5859887296874999 0.40020491874999997 0.588037909375 0.4073770484375 0.5870133203125001 0.418647540625 0.5839395484375001 0.4360655734375 0.568570696875 0.4360655734375 0.5624231562500001 0.4381147546875 0.560373975
1 0.6819672125 0.511193646875 0.690163934375 0.50504610625 0.696311475 0.49480020468749997 0.696311475 0.4886526640625 0.69836065625 0.48660348437499995 0.69836065625 0.47840676249999997 0.6922131140625 0.4640625 0.682991803125 0.45484118906250004 0.67479508125 0.450742828125 0.6522540984375 0.450742828125 0.6379098359375 0.4589395484375 0.6327868859375 0.4640625 0.6327868859375 0.4681608609375 0.628688525 0.472259221875 0.62663934375 0.47840676249999997 0.62663934375 0.49070184375 0.6307377046875 0.5009477453125 0.6379098359375 0.5081198765625 0.65020491875 0.5122182375000001 0.6604508203125 0.5122182375000001 0.6625 0.5101690578125 0.6665983609375 0.5122182375000001 0.6819672125 0.511193646875
1 0.6932377046875 0.5777920078125 0.702459015625 0.568570696875 0.7086065578125 0.5542264343750001 0.7065573765625001 0.5501280734375 0.7086065578125 0.5460297125 0.7065573765625001 0.539882171875 0.702459015625 0.5316854515625 0.691188525 0.520414959375 0.682991803125 0.5163165984375 0.6768442625 0.51426741875 0.6645491796874999 0.518365778125 0.6584016390625 0.5163165984375 0.65020491875 0.520414959375 0.6409836062500001 0.5296362703125 0.6368852453125 0.5378329921875 0.6368852453125 0.5583247953125 0.647131146875 0.5747182375000001 0.6563524593750001 0.58189036875 0.6625 0.5798411890625 0.6665983609375 0.5839395484375001 0.6819672125 0.582914959375 0.6932377046875 0.5777920078125
2 0.7034836062500001 0.44869364687499996 0.71270491875 0.4394723359375 0.7106557375 0.43537397499999997 0.7157786890625 0.43230020468749997 0.7188524593750001 0.4271772546875 0.7188524593750001 0.4107838109375 0.7147540984375 0.400537909375 0.7014344265625 0.3872182375 0.6952868859375 0.3851690578125 0.6727459015624999 0.3851690578125 0.6604508203125 0.3913165984375 0.649180328125 0.40463627031250005 0.6450819671875 0.414882171875 0.6450819671875 0.429226434375 0.649180328125 0.4312756140625 0.6512295078125 0.441521515625 0.6584016390625 0.44869364687499996 0.6625 0.450742828125 0.6665983609375 0.44869364687499996 0.670696721875 0.45484118906250004 0.6860655734375001 0.455865778125 0.7034836062500001 0.44869364687499996
2 0.13278688593750002 0.5173411890625 0.1379098359375 0.5101690578125 0.1440573765625 0.5101690578125 0.1512295078125 0.5029969265625 0.15532786875 0.49480020468749997 0.15532786875 0.4743084015625 0.14918032812499998 0.4640625 0.139959015625 0.45484118906250004 0.13586065625 0.45484118906250004 0.1317622953125 0.44869364687499996 0.12151639375 0.4445952875 0.098975409375 0.4466444671875 0.0887295078125 0.450742828125 0.08053278750000001 0.45689036875 0.0754098359375 0.46201332031250003 0.07336065625 0.47021004062499994 0.0692622953125 0.4743084015625 0.0692622953125 0.49070184375 0.0754098359375 0.50504610625 0.08258196718750001 0.5101690578125 0.084631146875 0.51426741875 0.09282786875 0.518365778125 0.13278688593750002 0.5173411890625
3 0.1015625 0.515625 0.13125 0.1953125
3 0.403125 0.5171875 0.1015625 0.178125
3 0.6703125 0.5125 0.0921875 0.16875
3 0.89375 0.509375 0.0984375 0.1484375