1 0.4921875 0.85 0.04375 0.05
1 0.5375 0.8484375 0.0375 0.0484375
1 0.478125 0.4828125 0.04375 0.046875
2 0.5234375 0.4875 0.0421875 0.046875
2 0.4703125 0.284375 0.05 0.0484375
2 0.515625 0.2984375 0.0421875 0.05
2 0.4875 0.6703125 0.0421875 0.0484375
2 0.534375 0.671875 0.0421875 0.05
1 0.4625 0.096875 0.0484375 0.0546875
1 0.5109375 0.0984375 0.04375 0.0546875
1 0.55656645625 0.6758306968750001 0.5634889234375 0.6847310125 0.5674446203125 0.6847310125 0.5704113921875 0.687697784375 0.5714003171875001 0.69066455625 0.5872231015625 0.69066455625 0.598101265625 0.681764240625 0.6020569625000001 0.671875 0.6020569625000001 0.6639636078125 0.5961234171875 0.6501186703124999 0.5892009500000001 0.6451740499999999 0.585245253125 0.643196203125 0.56942246875 0.643196203125 0.5664556968750001 0.646162975 0.5654667718749999 0.6511075953125001 0.5595332281250001 0.6511075953125001 0.55557753125 0.655063290625 0.5545886078125 0.66594145625 0.55656645625 0.6679193031249999 0.55656645625 0.6758306968750001
3 0.5296875 0.8453125 0.1140625 0.0890625
3 0.525 0.6671875 0.1171875 0.065625
3 0.515625 0.4859375 0.1203125 0.065625
3 0.5015625 0.2984375 0.1203125 0.0859375
3 0.4921875 0.096875 0.125 0.090625