1 0.479702571875 0.05948553125 0.4847266875 0.0584807078125 0.48271704218749995 0.0464228296875 0.469654340625 0.035369775 0.449557878125 0.031350482812500004 0.44754823125 0.033360128125 0.4314710609375 0.035369775 0.4284565921875 0.038384243750000005 0.4294614140625 0.0393890671875 0.4636254015625 0.051446945312500006 0.479702571875 0.05948553125
1 0.4877411578125 0.013263665625 0.48573151093750006 0.01125401875 0.46764469531249997 0.01125401875 0.46161575624999995 0.013263665625 0.452572346875 0.020297428125 0.45056270156249995 0.0243167203125 0.4515675234375 0.031350482812500004 0.469654340625 0.035369775 0.48171221875 0.04541800625 0.489750803125 0.04541800625 0.5028135046875 0.0363745984375 0.5048231515625 0.0243167203125 0.5028135046875 0.020297428125 0.49377009687499995 0.013263665625 0.4877411578125 0.013263665625
1 0.391716603125 0 0.388263665625 0.0042202578125 0.38625401875 0.00823955 0.3872588421875 0.01125401875 0.3942926046875 0.016278134375 0.3963022515625 0.0243167203125 0.40132636718750003 0.029340835937499997 0.405345659375 0.031350482812500004 0.4194131828125 0.031350482812500004 0.43348070781250003 0.025321543749999998 0.44252411562500005 0.01828778125 0.4465434078125 0.0122588421875 0.4465434078125 0.0022106109375 0.44393086875 0 0.391716603125 0
1 0.4877411578125 0.0494372984375 0.4847266875 0.05245176875 0.48573151093750006 0.0614951765625 0.49778938906250003 0.06551446875 0.523914790625 0.07958199375 0.5299437296875 0.07958199375 0.5349678453125 0.0705385859375 0.5349678453125 0.064509646875 0.527934084375 0.0534565921875 0.5219051453125 0.0494372984375 0.51587620625 0.0494372984375 0.5078376203125 0.04541800625 0.4877411578125 0.0494372984375
2 0.3963022515625 0.026326367187499998 0.3963022515625 0.020297428125 0.391278134375 0.013263665625 0.381229903125 0.0072347265625 0.3752009640625 0.0072347265625 0.37319131875 0.0052250796875 0.3530948546875 0.0052250796875 0.351085209375 0.0072347265625 0.337017684375 0.0092443734375 0.3329983921875 0.01125401875 0.3329983921875 0.013263665625 0.3350080390625 0.0152733125 0.3430466234375 0.0152733125 0.361133440625 0.0213022515625 0.371181671875 0.0213022515625 0.3892684890625 0.0273311890625 0.3963022515625 0.026326367187499998
2 0.3501576796875 0 0.3500803859375 0.0002009640625 0.351085209375 0.0052250796875 0.385249196875 0.0072347265625 0.3924839234375 0 0.3501576796875 0
2 0.3040594859375 0 0.2958199359375 0.00823955 0.296824759375 0.0092443734375 0.3028536984375 0.0092443734375 0.30486334375 0.01125401875 0.3249598078125 0.01125401875 0.326969453125 0.013263665625 0.3450562703125 0.0072347265625 0.3506832796875 0 0.3040594859375 0
2 0.2096597 0 0.2104099671875 0.01125401875 0.21442926093749998 0.0092443734375 0.24658360156249998 0.0092443734375 0.2586414796875 0.0032154343750000003 0.262928725 0 0.2096597 0
0 0.48573151093750006 0.702572346875 0.462620578125 0.7256832796875 0.4606109328125 0.73171221875 0.46161575624999995 0.7447749203125 0.466639871875 0.755827975 0.46864951718750003 0.7678858515625 0.47467845625000005 0.777934084375 0.489750803125 0.790996784375 0.49377009687499995 0.790996784375 0.505827975 0.7970257234375 0.533963021875 0.7970257234375 0.5520498390624999 0.7889871375 0.56310289375 0.7799437296875 0.565112540625 0.773914790625 0.5711414796875001 0.7678858515625 0.575160771875 0.755827975 0.575160771875 0.7377411578124999 0.573151125 0.7357315109375 0.573151125 0.7276929265625001 0.5671221859375 0.7156350484375 0.55606913125 0.702572346875 0.5420016078125001 0.6945337625 0.5299437296875 0.69051446875 0.5098472671875001 0.69051446875 0.49778938906250003 0.6945337625 0.48573151093750006 0.702572346875
0 0.3430466234375 0.427250803125 0.344051446875 0.4423231515625 0.3490755625 0.4473472671875 0.3551045015625 0.4473472671875 0.3601286171875 0.456390675 0.3621382640625 0.488545015625 0.364147909375 0.4905546625 0.364147909375 0.50060289375 0.3671623796875 0.5096463015625 0.3752009640625 0.5096463015625 0.381229903125 0.505627009375 0.3973070734375 0.5036173640625 0.3993167203125 0.5016077171875 0.4194131828125 0.5016077171875 0.4284565921875 0.49658360156250003 0.42443729843750005 0.47246784531249997 0.4163987140625 0.456390675 0.40132636718750003 0.43729903593749997 0.3892684890625 0.42926045 0.35912379375 0.41921221875 0.3450562703125 0.41921221875 0.3420418 0.4222266875 0.3430466234375 0.427250803125
0 0.498861503125 0.45310894843750005 0.51091938125 0.46114753437499995 0.5169483203125 0.46114753437499995 0.5269965515624999 0.4651668265625 0.543073721875 0.4631571796875 0.5611605390625 0.4551185953125 0.57221359375 0.44406554062500003 0.5802521781250001 0.43200766249999994 0.582261825 0.4259787234375 0.582261825 0.4018629671875 0.5742232390625001 0.3837761515625 0.5681943 0.375737565625 0.5571412453125 0.3666941578125 0.541064075 0.36066521875 0.5209676125 0.36066521875 0.498861503125 0.37071345 0.4878084484375 0.3837761515625 0.481779509375 0.397843675 0.4827843328125 0.4289931921875 0.4878084484375 0.44205589375 0.498861503125 0.45310894843750005
0 0.462620578125 0.48506557499999997 0.4586012859375 0.4931041609375 0.4606109328125 0.5152102703125 0.45458199375 0.5272681484375 0.4555868171875 0.538321203125 0.46463022499999995 0.55339355 0.4776929265625 0.5664562515625 0.4877411578125 0.5724851890625 0.49979903593749997 0.5744948359375 0.50180868125 0.5765044828125 0.5219051453125 0.5765044828125 0.523914790625 0.5744948359375 0.5299437296875 0.5744948359375 0.5500401921875 0.5644466046875001 0.56310289375 0.5493742578125 0.5711414796875001 0.5292777937500001 0.5711414796875001 0.5031523921875001 0.561093246875 0.4830559296875 0.5440112546875 0.46798358125000006 0.5319533765625 0.46195464375000006 0.523914790625 0.46195464375000006 0.5219051453125 0.459944996875 0.50180868125 0.459944996875 0.49979903593749997 0.46195464375000006 0.49377009687499995 0.46195464375000006 0.4756832796875 0.472002875 0.462620578125 0.48506557499999997
0 0.5269292609375 0.6533360125 0.5399919609375 0.6643890671875 0.5440112546875 0.6643890671875 0.55606913125 0.67041800625 0.5741559484375001 0.67041800625 0.5942524109375 0.662379421875 0.6073151125 0.6493167203125 0.6153536984375 0.6292202578125 0.6133440515624999 0.6071141484375 0.605305465625 0.591036978125 0.5942524109375 0.5799839234374999 0.5801848875 0.5719453375 0.5661173640625 0.5719453375 0.560088425 0.5799839234374999 0.5420016078125001 0.594051446875 0.5219051453125 0.6020900328125001 0.51587620625 0.6020900328125001 0.510852090625 0.611133440625 0.5118569125 0.6221864953125 0.5148713828125 0.63323955 0.5269292609375 0.6533360125
0 0.5711414796875001 0.53476688125 0.573151125 0.5367765265625 0.5711414796875001 0.542805465625 0.5711414796875001 0.556872990625 0.5671221859375 0.564911575 0.5671221859375 0.5709405140625 0.582194534375 0.5719453375 0.60028135 0.584003215625 0.612339228125 0.5799839234374999 0.6254019296875 0.566921221875 0.63143086875 0.55486334375 0.63143086875 0.532757234375 0.6254019296875 0.5166800640625 0.61032958125 0.5016077171875 0.5942524109375 0.49557877812499995 0.5761655953125 0.49557877812499995 0.57013665625 0.497588425 0.561093246875 0.5046221859375 0.5620980703125 0.50763665625 0.5691318328125 0.5186897109374999 0.5711414796875001 0.53476688125