2 0.5668650796875 0.125396825 0.5748015875 0.125396825 0.5837301593750001 0.11845238124999999 0.5857142859375 0.1125 0.5787698406249999 0.1015873015625 0.5648809531250001 0.097619046875 0.5519841265625 0.10456349218750001 0.55 0.10853174531250001 0.5509920640625 0.11349206406250001 0.55694444375 0.121428571875 0.5668650796875 0.125396825
2 0.6323412703125 0.18293650781249998 0.6234126984375 0.189880953125 0.6244047625 0.1988095234375 0.634325396875 0.20674603125000002 0.6422619046875 0.20674603125000002 0.6492063484374999 0.20178571406249998 0.6511904765625001 0.1918650796875 0.6422619046875 0.18293650781249998 0.6323412703125 0.18293650781249998
2 0.6759920640625 0.3873015875 0.683928571875 0.3952380953125 0.69384920625 0.397222221875 0.7017857140625 0.39325396874999996 0.70674603125 0.384325396875 0.7047619046875 0.3823412703125 0.7047619046875 0.3744047625 0.69384920625 0.36547619062500003 0.6859126984375 0.36547619062500003 0.68194444375 0.3674603171875 0.675 0.3763888890625 0.6759920640625 0.3873015875
2 0.7007936515625001 0.5113095234375 0.6918650796875 0.4984126984375 0.6878968249999999 0.496428571875 0.6740079359375 0.496428571875 0.6611111109375 0.5073412703125 0.6591269843750001 0.5132936515625001 0.660119046875 0.5261904765625001 0.6611111109375 0.5291666671875 0.672023809375 0.5380952375 0.677976190625 0.5380952375 0.6799603171874999 0.540079365625 0.6878968249999999 0.5380952375 0.6918650796875 0.5361111109375 0.7007936515625001 0.5251984125 0.7007936515625001 0.5113095234375
2 0.690873015625 0.7136904765625001 0.6888888890625 0.7196428578125 0.6898809531250001 0.7265873015625 0.690873015625 0.7295634921875 0.6978174609375001 0.734523809375 0.7136904765625001 0.734523809375 0.722619046875 0.7236111109375 0.722619046875 0.7117063484374999 0.715674603125 0.7047619046875 0.7136904765625001 0.70674603125 0.709722221875 0.702777778125 0.7037698406249999 0.702777778125 0.690873015625 0.7136904765625001
2 0.7196428578125 0.7682539687500001 0.727579365625 0.7642857140625 0.7325396828125 0.7573412703125 0.73055555625 0.7454365078125 0.7236111109375 0.740476190625 0.7176587296875 0.740476190625 0.709722221875 0.74444444375 0.7047619046875 0.753373015625 0.7057539687500001 0.7623015875 0.7136904765625001 0.7682539687500001 0.7196428578125 0.7682539687500001
2 0.7166666671875 0.3704365078125 0.7146825390625 0.36051587343749997 0.7077380953125 0.35357142812500003 0.6978174609375001 0.35357142812500003 0.690873015625 0.36051587343749997 0.6918650796875 0.36547619062500003 0.6978174609375001 0.3674603171875 0.7057539687500001 0.377380953125 0.7117063484374999 0.377380953125 0.7166666671875 0.3704365078125
2 0.683928571875 0.309920634375 0.6878968249999999 0.3079365078125 0.6928571421874999 0.2990079359375 0.696825396875 0.297023809375 0.6878968249999999 0.28611111093749997 0.677976190625 0.284126984375 0.6740079359375 0.28611111093749997 0.66904761875 0.29305555625 0.6700396828125 0.3019841265625 0.6759920640625 0.3079365078125 0.683928571875 0.309920634375
2 0.6958333328124999 0.3138888890625 0.7007936515625001 0.308928571875 0.7007936515625001 0.3009920640625 0.6958333328124999 0.2960317453125 0.6928571421874999 0.2990079359375 0.6928571421874999 0.30297619062500003 0.6859126984375 0.309920634375 0.6799603171874999 0.309920634375 0.6799603171874999 0.3119047625 0.6878968249999999 0.315873015625 0.6958333328124999 0.3138888890625
1 0.71865079375 0.3922619046875 0.715674603125 0.3873015875 0.7057539687500001 0.38531746093749997 0.702777778125 0.3922619046875 0.6918650796875 0.397222221875 0.6918650796875 0.3992063484375 0.69384920625 0.40714285781250004 0.7077380953125 0.4130952375 0.7166666671875 0.40615079375 0.71865079375 0.3922619046875
1 0.724603175 0.40218253906249996 0.7196428578125 0.39325396874999996 0.71865079375 0.40218253906249996 0.7166666671875 0.40615079375 0.7087301593750001 0.41210317500000004 0.709722221875 0.4130952375 0.7117063484374999 0.41507936562500003 0.7176587296875 0.41507936562500003 0.722619046875 0.41011904687499995 0.724603175 0.40218253906249996
1 0.7216269843750001 0.5857142859375 0.7146825390625 0.5926587296875 0.715674603125 0.6075396828125 0.7216269843750001 0.6134920640625 0.73154761875 0.6134920640625 0.7384920640625 0.6085317453125 0.740476190625 0.5966269843750001 0.7335317453125 0.5857142859375 0.7216269843750001 0.5857142859375
1 0.7355158734375 0.7126984125 0.73154761875 0.7107142859375 0.722619046875 0.7117063484374999 0.722619046875 0.7216269843750001 0.7166666671875 0.73154761875 0.7176587296875 0.7365079359375 0.7295634921875 0.7365079359375 0.7365079359375 0.7295634921875 0.7384920640625 0.7176587296875 0.7355158734375 0.7126984125
1 0.7384920640625 0.747420634375 0.7365079359375 0.7414682546875 0.73154761875 0.7365079359375 0.7255952375 0.7365079359375 0.7216269843750001 0.7384920640625 0.7216269843750001 0.740476190625 0.728571428125 0.74345238125 0.7325396828125 0.7494047625 0.7335317453125 0.75634920625 0.7384920640625 0.747420634375