2 0.496875 0.859375 0.04375 0.05
2 0.453125 0.8546875 0.0453125 0.0515625
2 0.44375 0.6828125 0.046875 0.05
2 0.4359375 0.49375 0.0453125 0.046875
2 0.425 0.284375 0.05 0.05625
1 0.475 0.2984375 0.046875 0.053125
1 0.500050403125 0.29657258125 0.5040826609375 0.29858870937500004 0.506206996875 0.3026195765625 0.5082698359375 0.3036344 0.512139196875 0.3051489515625 0.5151713703125 0.3056451609375 0.5272681453125 0.3056451609375 0.531300403125 0.30362903281250003 0.540372984375 0.29657258125 0.5464213703125 0.28447580625 0.5464213703125 0.270362903125 0.5444052421875 0.2683467734375 0.5444052421875 0.264314515625 0.531300403125 0.251209678125 0.5272681453125 0.251209678125 0.5240878062500001 0.2499766046875 0.5202749953125 0.250268571875 0.5171875 0.251209678125 0.5131552421875 0.251209678125 0.5094549234375 0.2525742078125 0.5071068546874999 0.2552419359375 0.500050403125 0.2622983875 0.500050403125 0.2663306453125 0.49702620937499997 0.2713709671875 0.4960181453125 0.27237903281250003 0.4960181453125 0.2885080640625 0.500050403125 0.29657258125
1 0.48125 0.4859375 0.05 0.05
1 0.4875 0.6671875 0.05 0.0453125
1 0.4171875 0.090625 0.05 0.059375
3 0.48125 0.8484375 0.1125 0.0875
3 0.478125 0.6796875 0.125 0.075
3 0.4640625 0.4890625 0.125 0.06875
3 0.4578125 0.284375 0.1359375 0.084375
3 0.4453125 0.090625 0.1328125 0.08125