1 0.4739415328125 0.3520161296875 0.46789314531250004 0.35 0.4537802421875 0.35 0.44974798437499997 0.35403225781250003 0.443699596875 0.35403225781250003 0.434627015625 0.3631048390625 0.4305947578125 0.3711693546875 0.4285786296875 0.38528225781250003 0.4326108875 0.39737903281250003 0.44168346718749996 0.4064516125 0.44974798437499997 0.4084677421875 0.4517641125 0.4125 0.47192540312500003 0.4125 0.4759576609375 0.4104838703125 0.47998991875 0.404435484375 0.48402217812500004 0.404435484375 0.4870463703125 0.40141129062500003 0.48805443593750003 0.3943548390625 0.4890625 0.3691532265625 0.4850302421875 0.36108870937500004 0.4739415328125 0.3520161296875
1 0.5424899187500001 0.3600806453125 0.5303931453125 0.35403225781250003 0.5263608875 0.35403225781250003 0.5243447578125 0.3560483875 0.5223286296875 0.35403225781250003 0.512247984375 0.35403225781250003 0.5041834671875 0.358064515625 0.4951108875 0.3691532265625 0.4910786296875 0.3792338703125 0.4910786296875 0.3913306453125 0.4951108875 0.40141129062500003 0.5011592734375 0.4054435484375 0.5041834671875 0.4125 0.5162802421875 0.4185483875 0.5203125 0.41653225781250003 0.5324092734375 0.41653225781250003 0.534425403125 0.4145161296875 0.5384576609375 0.4145161296875 0.5414818546875 0.41149193593750005 0.5414818546875 0.40745967812500006 0.54853830625 0.404435484375 0.5545866937499999 0.3963709671875 0.5555947578125 0.3792338703125 0.5515625 0.3711693546875 0.5424899187500001 0.3600806453125
2 0.57874186875 0.9090341796875 0.582774128125 0.9029857921875 0.5696692890625 0.8878648234375 0.55354025625 0.8798003078125 0.5495079984375 0.8818164375 0.5374112234374999 0.8818164375 0.520274128125 0.8949212765624999 0.5142257406249999 0.9070180499999999 0.51624186875 0.9170986953125 0.5142257406249999 0.9191148234375 0.5142257406249999 0.9392761140625 0.5182579984375 0.9513728890625 0.533378965625 0.96649385625 0.5414434828125 0.9705261140625 0.551524128125 0.9705261140625 0.5555563859375 0.9685099859375 0.561604771875 0.9705261140625 0.5696692890625 0.96649385625 0.5767257406249999 0.9594374046875 0.5857983203125 0.9443164375 0.5868063859375 0.9170986953125 0.5817660625000001 0.9100422437500001 0.57874186875 0.9090341796875
2 0.5072076609375 0.9215725812500001 0.503175403125 0.9155241937499999 0.48402217812500004 0.904435484375 0.4699092734375 0.904435484375 0.4578125 0.9104838703125001 0.4447076609375 0.9256048390625 0.4426915328125 0.9377016125000001 0.4386592734375 0.94375 0.4386592734375 0.9618951609374999 0.44067540312500003 0.963911290625 0.44067540312500003 0.969959678125 0.45075604843750006 0.9860887093749999 0.46789314531250004 0.99717741875 0.48402217812500004 0.99717741875 0.49208669374999997 0.9931451609374999 0.5051915328125001 0.980040321875 0.5082157265625 0.9729838703125001 0.509223790625 0.9377016125000001 0.5051915328125001 0.9316532265624999 0.5072076609375 0.9215725812500001
2 0.48200604843750006 0.608064515625 0.4638608875 0.6060483875 0.4578125 0.608064515625 0.4557963703125 0.6120967734375 0.44974798437499997 0.6120967734375 0.4386592734375 0.623185484375 0.434627015625 0.63125 0.4326108875 0.6473790328125 0.4386592734375 0.6614919359375 0.4477318546875 0.6725806453125001 0.4578125 0.676612903125 0.4699092734375 0.6786290328125 0.48805443593750003 0.6725806453125001 0.497127015625 0.6614919359375 0.4951108875 0.6554435484375001 0.49813508124999994 0.6524193546875 0.49914314531250004 0.6252016125 0.48603830625000005 0.6100806453125001 0.48200604843750006 0.608064515625
1 0.546522178125 0.5879032265624999 0.534425403125 0.585887096875 0.5324092734375 0.5879032265624999 0.5223286296875 0.5879032265624999 0.5142641125 0.591935484375 0.5051915328125001 0.6010080640625 0.5011592734375 0.60907258125 0.503175403125 0.639314515625 0.5102318546875 0.648387096875 0.5162802421875 0.6524193546875 0.5263608875 0.654435484375 0.5303931453125 0.6584677421875 0.534425403125 0.6584677421875 0.546522178125 0.6524193546875 0.5586189515625 0.6504032265624999 0.5686995968749999 0.6342741937499999 0.5697076609375 0.6151209671875 0.5616431453125 0.6010080640625 0.546522178125 0.5879032265624999
3 0.48125 0.0265625 0.1421875 0.0515625
3 0.478125 0.178125 0.1359375 0.10625
3 0.48125 0.3796875 0.16875 0.0984375
3 0.496875 0.63125 0.1734375 0.1046875
3 0.5 0.9296875 0.1828125 0.1390625