1 0.4640625 0.48125 0.0453125 0.04375
1 0.0546875 0.509375 0.0453125 0.0390625
1 0.65625 0.490625 0.046875 0.04375
1 0.6625 0.5359375 0.046875 0.0421875
2 0.2671875 0.471875 0.053125 0.0453125
2 0.2796875 0.51875 0.0484375 0.0390625
2 0.834375 0.496875 0.0515625 0.0359375
2 0.840625 0.5421875 0.0546875 0.04375
2 0.8579545453125 0.5765016234375 0.8579545453125 0.5704139609375 0.85288149375 0.5653409093749999 0.8244724031249999 0.5653409093749999 0.8234577921874999 0.56635551875 0.8173701296875 0.5724431812499999 0.8173701296875 0.5744724031249999 0.81939935 0.5765016234375 0.8153409093749999 0.5785308437500001 0.8153409093749999 0.5947646109375 0.8214285718750001 0.6008522734375 0.82244318125 0.6038961031250001 0.8244724031249999 0.6038961031250001 0.82853084375 0.6079545453125 0.8325892859374999 0.6079545453125 0.83461850625 0.609983765625 0.8508522734374999 0.609983765625 0.85288149375 0.6079545453125 0.85896915625 0.6059253250000001 0.8640422078125001 0.6008522734375 0.8640422078125001 0.5988230515625 0.8660714281249999 0.5967938312500001 0.8660714281249999 0.5927353890625 0.86810065 0.5907061687499999 0.86810065 0.5866477265625 0.8660714281249999 0.58461850625 0.8660714281249999 0.5805600656250001 0.8609983765625 0.5795454546875 0.8579545453125 0.5765016234375
2 0.25020292187500004 0.540990259375 0.24614448125 0.5470779218749999 0.2420860390625 0.5450487015625 0.234983765625 0.5521509734375 0.2370129875 0.5562094156249999 0.230925325 0.5602678578125 0.230925325 0.5765016234375 0.2329545453125 0.5805600656250001 0.24005681874999998 0.5876623375000001 0.2481737015625 0.5917207796875 0.25629058437499996 0.5917207796875 0.26034902656250003 0.59375 0.262378246875 0.5917207796875 0.2664366890625 0.5917207796875 0.27455357187499996 0.5876623375000001 0.28165584374999997 0.5805600656250001 0.28571428593750003 0.5724431812499999 0.28571428593750003 0.5622970781250001 0.283685065625 0.5602678578125 0.283685065625 0.5521509734375 0.27455357187499996 0.54301948125 0.2664366890625 0.5389610390625 0.253246753125 0.5399756499999999 0.25020292187500004 0.540990259375
1 0.0765625 0.4625 0.0578125 0.0515625
1 0.64238505625 0.5733531000000001 0.639341225 0.57639693125 0.6373120046875 0.5824845937500001 0.639341225 0.5926306984374999 0.641370446875 0.5966891390625 0.6545603812499999 0.6078498531250001 0.66064804375 0.609879075 0.6748525890625 0.6078498531250001 0.6809402515625 0.6037914125 0.688042525 0.59465991875 0.688042525 0.578426153125 0.6819548625 0.5743677109374999 0.6839840828125 0.57030926875 0.676881809375 0.563206996875 0.6687649265625 0.563206996875 0.66064804375 0.5591485546875 0.6555749921875 0.560163165625 0.64847271875 0.563206996875 0.6454288874999999 0.5682800484375 0.647458109375 0.572338490625 0.64238505625 0.5733531000000001
3 0.840625 0.528125 0.0859375 0.1234375
3 0.6578125 0.5203125 0.090625 0.128125
3 0.46875 0.5140625 0.0703125 0.1328125
3 0.2703125 0.50625 0.0953125 0.1296875
3 0.0703125 0.5015625 0.1 0.1296875