1 0.465625 0.546875 0.04375 0.0453125
1 0.496875 0.9734375 0.040625 0.0453125
1 0.515625 0.5453125 0.04375 0.046875
2 0.4578125 0.75625 0.0453125 0.0546875
2 0.50625 0.74375 0.040625 0.0484375
2 0.4828125 0.1765625 0.0375 0.053125
2 0.5296875 0.16875 0.04375 0.05625
2 0.526162790625 0.7572674421875 0.527200996875 0.7707641203125 0.528239203125 0.7738787375 0.5344684390625 0.7780315609375 0.5323920265625001 0.7821843859375 0.53965946875 0.7894518265625 0.5438122921875 0.787375415625 0.547965115625 0.7936046515624999 0.5645764125 0.7936046515624999 0.5687292359375 0.7915282390625 0.575996678125 0.784260796875 0.5801495015625 0.7759551499999999 0.5801495015625 0.7676495015625 0.5822259140625 0.763496678125 0.5801495015625 0.761420265625 0.5801495015625 0.7572674421875 0.575996678125 0.74896179375 0.5687292359375 0.7416943515625001 0.5604235875 0.737541528125 0.550041528125 0.737541528125 0.547965115625 0.739617940625 0.53965946875 0.739617940625 0.5303156140625 0.74896179375 0.526162790625 0.7572674421875
1 0.4484375 0.9515625 0.053125 0.059375
1 0.5335163671875 0.9788868109375001 0.537669190625 0.9768103984375 0.538707396875 0.982001428125 0.541822015625 0.9851160468750001 0.5480512515625 0.9871924578125 0.5584333109374999 0.9851160468750001 0.5625861343749999 0.983039634375 0.5740064 0.96954295625 0.5760828124999999 0.9633137203125001 0.5740064 0.9487788374999999 0.5698535765625 0.9425496015625001 0.560509721875 0.935282159375 0.5438984265625 0.935282159375 0.539745603125 0.9415113953124999 0.5355927796875 0.9394349828124999 0.5283253375 0.946702425 0.5283253375 0.9550080734374999 0.5241725140625 0.9633137203125001 0.52521071875 0.9685047515624999 0.5283253375 0.9757721921875 0.5335163671875 0.9788868109375001
1 0.5832641203125 0.19559800624999998 0.58741694375 0.1935215953125 0.598837209375 0.1779485046875 0.598837209375 0.159260796875 0.5926079734374999 0.1488787375 0.58534053125 0.1436877078125 0.5687292359375 0.1436877078125 0.5645764125 0.1540697671875 0.5604235875 0.15199335625 0.5552325578125 0.1551079734375 0.5531561468749999 0.1696428578125 0.551079734375 0.17171926875000001 0.552117940625 0.1810631234375 0.5562707640625 0.1893687703125 0.5604235875 0.1914451828125 0.5645764125 0.1893687703125 0.5687292359375 0.19559800624999998 0.5832641203125 0.19559800624999998
2 0.5905315609375 0.5496262453125 0.584302325 0.5350913625 0.572882059375 0.5278239203124999 0.5583471765625 0.5278239203124999 0.5562707640625 0.5361295687500001 0.5552325578125 0.5309385375 0.550041528125 0.5299003328125 0.540697675 0.5392441859375 0.5417358796875 0.5651993359375 0.547965115625 0.5735049828125 0.552117940625 0.5714285718750001 0.5583471765625 0.5776578078125 0.577034884375 0.5755813953125 0.5863787375 0.5662375421875 0.5905315609375 0.55585548125 0.5905315609375 0.5496262453125
3 0.515625 0.1625 0.1140625 0.0828125
3 0.5078125 0.35625 0.125 0.0671875
3 0.503125 0.5453125 0.134375 0.0609375
3 0.4875 0.75625 0.121875 0.0796875
3 0.4828125 0.9546875 0.1390625 0.090625