1 0.4599609375 0.412109375 0.4365234375 0.4140625 0.4169921875 0.423828125 0.40234375 0.4423828125 0.3984375 0.4501953125 0.3984375 0.4736328125 0.40234375 0.4794921875 0.40234375 0.4853515625 0.40625 0.4931640625 0.4208984375 0.5078125 0.4267578125 0.509765625 0.4306640625 0.513671875 0.4365234375 0.513671875 0.4384765625 0.515625 0.466796875 0.5146484375 0.4775390625 0.51171875 0.4833984375 0.5078125 0.49609375 0.4931640625 0.50390625 0.4716796875 0.501953125 0.4482421875 0.494140625 0.4326171875 0.4775390625 0.41796875 0.4599609375 0.412109375
1 0.1484375 0.4951171875 0.1337890625 0.48046875 0.1162109375 0.478515625 0.1083984375 0.482421875 0.099609375 0.4912109375 0.095703125 0.4990234375 0.09375 0.5048828125 0.09375 0.5302734375 0.099609375 0.5419921875 0.1083984375 0.55078125 0.1201171875 0.556640625 0.126953125 0.5556640625 0.1396484375 0.552734375 0.1484375 0.5439453125 0.15234375 0.5341796875 0.154296875 0.5146484375 0.15234375 0.5126953125 0.15234375 0.5048828125 0.1484375 0.4990234375 0.1484375 0.4951171875
1 0 0.6005859375 0.01171875 0.6005859375 0.0146484375 0.599609375 0.01953125 0.5927734375 0.01953125 0.5673828125 0.017578125 0.5654296875 0.017578125 0.5595703125 0.009765625 0.5478515625 0.0009765625 0.544921875 0 0.6005859375
0 0.0966796875 0.470703125 0.083984375 0.4853515625 0.08203125 0.4912109375 0.08203125 0.5126953125 0.087890625 0.5263671875 0.0927734375 0.53125 0.09375 0.5302734375 0.09375 0.5068359375 0.099609375 0.4912109375 0.1083984375 0.482421875 0.123046875 0.4775390625 0.123046875 0.4755859375 0.1142578125 0.46875 0.1005859375 0.46875 0.0966796875 0.470703125
0 0.15234375 0.3876953125 0.15234375 0.4013671875 0.1611328125 0.412109375 0.1650390625 0.4140625 0.171875 0.4130859375 0.181640625 0.4072265625 0.185546875 0.3994140625 0.1875 0.3857421875 0.1787109375 0.373046875 0.1689453125 0.37109375 0.1630859375 0.373046875 0.154296875 0.3818359375 0.15234375 0.3876953125
0 0.193359375 0.3623046875 0.1953125 0.3642578125 0.1953125 0.3701171875 0.2021484375 0.376953125 0.2060546875 0.37890625 0.212890625 0.3779296875 0.21484375 0.3759765625 0.208984375 0.3662109375 0.208984375 0.3525390625 0.212890625 0.3466796875 0.212890625 0.3427734375 0.2060546875 0.341796875 0.197265625 0.3505859375 0.193359375 0.3623046875
0 0.255859375 0.3330078125 0.251953125 0.3408203125 0.251953125 0.3525390625 0.25390625 0.3564453125 0.2626953125 0.36328125 0.27734375 0.3623046875 0.283203125 0.3583984375 0.2890625 0.3466796875 0.2890625 0.3369140625 0.2841796875 0.328125 0.2763671875 0.32421875 0.2685546875 0.32421875 0.2626953125 0.326171875 0.255859375 0.3330078125
1 0.2294921875 0.337890625 0.2236328125 0.337890625 0.2138671875 0.34375 0.208984375 0.3525390625 0.208984375 0.3681640625 0.2158203125 0.376953125 0.2197265625 0.37890625 0.228515625 0.3779296875 0.2353515625 0.376953125 0.240234375 0.3720703125 0.24609375 0.3603515625 0.24609375 0.3564453125 0.244140625 0.3544921875 0.244140625 0.3486328125 0.2392578125 0.341796875 0.2294921875 0.337890625
1 0.13671875 0.3935546875 0.140625 0.4013671875 0.1435546875 0.404296875 0.15234375 0.4033203125 0.15234375 0.3876953125 0.154296875 0.3818359375 0.162109375 0.3740234375 0.1591796875 0.369140625 0.1533203125 0.3671875 0.140625 0.3759765625 0.13671875 0.3857421875 0.13671875 0.3935546875
1 0.083984375 0.4423828125 0.0927734375 0.451171875 0.099609375 0.4501953125 0.109375 0.4423828125 0.11328125 0.4248046875 0.1064453125 0.412109375 0.0947265625 0.41015625 0.087890625 0.4150390625 0.083984375 0.4228515625 0.08203125 0.4365234375 0.083984375 0.4423828125
1 0.21875 0.3408203125 0.2216796875 0.337890625 0.2255859375 0.337890625 0.232421875 0.3291015625 0.2216796875 0.328125 0.2177734375 0.330078125 0.2109375 0.3369140625 0.2109375 0.3408203125 0.21875 0.3408203125
1 0.380859375 0.3232421875 0.3828125 0.3271484375 0.3896484375 0.333984375 0.3974609375 0.337890625 0.404296875 0.3369140625 0.4169921875 0.33203125 0.42578125 0.3154296875 0.421875 0.3017578125 0.4130859375 0.294921875 0.3974609375 0.294921875 0.3896484375 0.298828125 0.380859375 0.3115234375 0.380859375 0.3232421875
1 0.5166015625 0.326171875 0.5009765625 0.328125 0.48828125 0.3408203125 0.482421875 0.3544921875 0.482421875 0.3681640625 0.486328125 0.3759765625 0.5048828125 0.392578125 0.5146484375 0.392578125 0.5166015625 0.39453125 0.5234375 0.3935546875 0.5361328125 0.388671875 0.548828125 0.3759765625 0.552734375 0.3662109375 0.552734375 0.3544921875 0.548828125 0.3427734375 0.5361328125 0.330078125 0.5185546875 0.32421875 0.5166015625 0.326171875
1 0.556640625 0.2919921875 0.5595703125 0.29296875 0.568359375 0.3037109375 0.5703125 0.3095703125 0.568359375 0.3232421875 0.5859375 0.3232421875 0.595703125 0.3154296875 0.599609375 0.3076171875 0.599609375 0.2958984375 0.595703125 0.2880859375 0.5849609375 0.279296875 0.5673828125 0.279296875 0.556640625 0.2880859375 0.556640625 0.2919921875
1 0.7451171875 0.341796875 0.7294921875 0.349609375 0.72265625 0.3583984375 0.720703125 0.3701171875 0.71875 0.3720703125 0.720703125 0.3876953125 0.724609375 0.3955078125 0.7373046875 0.41015625 0.7451171875 0.4140625 0.763671875 0.4130859375 0.7763671875 0.408203125 0.78125 0.4033203125 0.7890625 0.3857421875 0.787109375 0.3681640625 0.779296875 0.3544921875 0.7724609375 0.34765625 0.7587890625 0.341796875 0.7451171875 0.341796875
0 0.517578125 0.3076171875 0.517578125 0.3173828125 0.5224609375 0.32421875 0.5361328125 0.330078125 0.5419921875 0.3359375 0.5458984375 0.337890625 0.552734375 0.3369140625 0.56640625 0.3251953125 0.5703125 0.3115234375 0.5615234375 0.294921875 0.5517578125 0.2890625 0.5400390625 0.287109375 0.5302734375 0.291015625 0.521484375 0.2998046875 0.517578125 0.3076171875
2 0.1767578125 0.373046875 0.18359375 0.3779296875 0.1884765625 0.38671875 0.19140625 0.3857421875 0.1953125 0.3779296875 0.1953125 0.3681640625 0.19140625 0.3583984375 0.1845703125 0.35546875 0.1728515625 0.357421875 0.1640625 0.3701171875 0.1669921875 0.373046875 0.1767578125 0.373046875
2 0.1923828125 0.359375 0.1953125 0.3583984375 0.197265625 0.3505859375 0.20703125 0.3408203125 0.2041015625 0.337890625 0.1943359375 0.337890625 0.1865234375 0.341796875 0.181640625 0.3505859375 0.1826171875 0.35546875 0.1923828125 0.359375
2 0.2373046875 0.341796875 0.244140625 0.3486328125 0.24609375 0.3603515625 0.248046875 0.3603515625 0.251953125 0.3564453125 0.251953125 0.3408203125 0.255859375 0.3330078125 0.2490234375 0.326171875 0.2333984375 0.328125 0.2265625 0.3369140625 0.2294921875 0.33984375 0.2373046875 0.341796875
2 0.2890625 0.3369140625 0.2890625 0.3447265625 0.294921875 0.3447265625 0.302734375 0.3330078125 0.30078125 0.3193359375 0.2939453125 0.3125 0.2880859375 0.310546875 0.2783203125 0.3125 0.26953125 0.3232421875 0.2841796875 0.328125 0.2890625 0.3369140625
2 0.3349609375 0.310546875 0.326171875 0.3232421875 0.326171875 0.3369140625 0.328125 0.3408203125 0.3388671875 0.349609375 0.349609375 0.3486328125 0.3583984375 0.345703125 0.365234375 0.3388671875 0.369140625 0.3291015625 0.369140625 0.3232421875 0.365234375 0.3134765625 0.3564453125 0.306640625 0.3427734375 0.306640625 0.3349609375 0.310546875
2 0.470703125 0.3251953125 0.466796875 0.3330078125 0.466796875 0.3505859375 0.470703125 0.3583984375 0.4775390625 0.365234375 0.482421875 0.3662109375 0.482421875 0.3525390625 0.490234375 0.3369140625 0.5068359375 0.326171875 0.521484375 0.3232421875 0.5126953125 0.314453125 0.5029296875 0.310546875 0.4853515625 0.3125 0.470703125 0.3251953125
2 0.7509765625 0.3046875 0.740234375 0.3173828125 0.740234375 0.3330078125 0.744140625 0.3408203125 0.7607421875 0.341796875 0.7763671875 0.3515625 0.779296875 0.3505859375 0.78515625 0.3447265625 0.7890625 0.3369140625 0.7890625 0.3251953125 0.783203125 0.3134765625 0.7724609375 0.3046875 0.7666015625 0.302734375 0.7548828125 0.302734375 0.7509765625 0.3046875