0 0.5245607031249999 0.9309105437499999 0.5305511187499999 0.9329073484375 0.5315495203125 0.941892971875 0.54053514375 0.946884984375 0.5605031953124999 0.9428913734375 0.5694888171875 0.929912140625 0.5674920125 0.9199281156250001 0.5644968046875001 0.9169329078124999 0.55051916875 0.9109424921875 0.5305511187499999 0.9129392968750001 0.5275559109375 0.9159345046875 0.5285543125000001 0.9169329078124999 0.5325479234375 0.9189297125 0.5385383390625 0.9169329078124999 0.539536740625 0.9199281156250001 0.5305511187499999 0.9229233234375 0.5245607031249999 0.9209265171875 0.5225638984375001 0.924920128125 0.5215654953125 0.9339057515625001 0.5235623 0.9339057515625001 0.5245607031249999 0.9309105437499999
0 0.5005990421875001 0.97484025625 0.5225638984375001 0.97484025625 0.5285543125000001 0.97284345 0.5375399359374999 0.963857828125 0.5375399359374999 0.9578674125 0.539536740625 0.9558706062500001 0.539536740625 0.951876996875 0.534544728125 0.946884984375 0.5225638984375001 0.9408945687499999 0.4986022359375 0.9428913734375 0.4886182109375 0.9508785937500001 0.48761980781250003 0.963857828125 0.48961661406249996 0.9678514375 0.5005990421875001 0.97484025625
1 0.561501596875 0.9538738015625 0.563498403125 0.9438897765625001 0.5605031953124999 0.9408945687499999 0.5545127796875 0.9448881796874999 0.54053514375 0.946884984375 0.5385383390625 0.9548722046875 0.5385383390625 0.9628594250000001 0.5485223640625 0.9628594250000001 0.561501596875 0.9538738015625
2 0.5924520765625 0.9229233234375 0.6004392968750001 0.9189297125 0.6094249203125 0.907947284375 0.607428115625 0.8979632593750001 0.5964456874999999 0.8909744406250001 0.578474440625 0.8929712453124999 0.5694888171875 0.8999600640625 0.568490415625 0.902955271875 0.5674920125 0.9139377 0.578474440625 0.9229233234375 0.5924520765625 0.9229233234375
1 0.6303913734375 0.88698083125 0.63837859375 0.8829872203125 0.6453674125 0.8740015968750001 0.64337060625 0.8620207671875001 0.6403754 0.8590255593749999 0.634384984375 0.8590255593749999 0.6323881796874999 0.8570287546875001 0.6204073484375 0.8570287546875001 0.6084265171875 0.8670127796875 0.607428115625 0.8779952078125 0.6144169328125 0.88698083125 0.6303913734375 0.88698083125
0 0.634384984375 0.8590255593749999 0.6463658140625 0.8590255593749999 0.6523562296875001 0.8570287546875001 0.6633386578125 0.8460463265625 0.6633386578125 0.8360623 0.656349840625 0.8270766765625 0.644369009375 0.825079871875 0.6303913734375 0.8310702875 0.6253993609374999 0.8360623 0.6244009578124999 0.8410543125000001 0.6253993609374999 0.8500399359375 0.6303913734375 0.8570287546875001 0.634384984375 0.8590255593749999
1 0.6703274765625 0.8170926515625 0.676317890625 0.8190894562500001 0.6863019171875 0.8170926515625 0.6972843453124999 0.8041134187500001 0.695287540625 0.7921325875 0.6882987218750001 0.787140575 0.678314696875 0.787140575 0.6703274765625 0.7911341859375 0.6643370609375 0.79912140625 0.6633386578125 0.808107028125 0.6653354625000001 0.8121006390625001 0.6703274765625 0.8170926515625
0 0.7142571890625 0.7112619812500001 0.720247603125 0.7132587859374999 0.7302316296875 0.7112619812500001 0.739217253125 0.7022763578125 0.7412140578125 0.6962859421875 0.739217253125 0.6863019171875 0.732228434375 0.6793130984375 0.720247603125 0.6793130984375 0.71625399375 0.6813099046875 0.7082667734375 0.6912939296875 0.7072683703125 0.7022763578125 0.709265175 0.70626996875 0.7142571890625 0.7112619812500001
1 0.732228434375 0.6413738015625 0.73821885 0.64337060625 0.75019968125 0.639376996875 0.7571884984375 0.6303913734375 0.7571884984375 0.6144169328125 0.7462060703125 0.605431309375 0.73821885 0.605431309375 0.7302316296875 0.6094249203125 0.7252396171875 0.6144169328125 0.7242412140625001 0.6194089453125 0.7232428109375 0.6303913734375 0.7252396171875 0.634384984375 0.732228434375 0.6413738015625
0 0.766174121875 0.541533546875 0.77016773125 0.539536740625 0.7791533546875 0.5285543125000001 0.7791533546875 0.5165734828125 0.7721645374999999 0.507587859375 0.7681709265625 0.5055910546875 0.7581869015625 0.5055910546875 0.754193290625 0.507587859375 0.7462060703125 0.517571884375 0.7452076671875 0.5285543125000001 0.7561900953125 0.541533546875 0.766174121875 0.541533546875
0 0.759185303125 0.424720446875 0.7581869015625 0.4277156546875 0.7571884984375 0.44269169374999995 0.766174121875 0.451677315625 0.7781549515624999 0.45367412187499995 0.787140575 0.44668530312500004 0.787140575 0.426717253125 0.7801517578125 0.41972843437499996 0.7721645374999999 0.41773162968750005 0.766174121875 0.41972843437499996 0.759185303125 0.424720446875
1 0.6164137375000001 0.6134185296875 0.6303913734375 0.6214057515625 0.644369009375 0.6214057515625 0.6463658140625 0.6194089453125 0.6583466453125 0.617412140625 0.6693290734375 0.6084265171875 0.67731629375 0.5924520765625 0.67731629375 0.57448083125 0.6693290734375 0.5585063890625 0.6603434499999999 0.5515175718750001 0.644369009375 0.54552715625 0.6303913734375 0.5475239609375 0.6144169328125 0.5575079875 0.605431309375 0.5704872203125 0.6044329078125 0.5774760390625 0.6034345046875 0.5924520765625 0.607428115625 0.6044329078125 0.6164137375000001 0.6134185296875
1 0.47863418593749996 0.7032747609375 0.49660543125 0.7132587859374999 0.502595846875 0.7132587859374999 0.5045926515625 0.715255590625 0.5205670921875 0.715255590625 0.5385383390625 0.709265175 0.5575079875 0.6922923328125 0.5654952078125 0.676317890625 0.5674920125 0.656349840625 0.5654952078125 0.6543530343749999 0.5654952078125 0.6463658140625 0.55051916875 0.6253993609374999 0.5365415328124999 0.617412140625 0.50658945625 0.6154153359375 0.5045926515625 0.617412140625 0.4926118203125 0.6194089453125 0.48462459999999996 0.6234025562500001 0.473642171875 0.634384984375 0.46265974375 0.6533546328125001 0.4616613421875 0.678314696875 0.4656549515625 0.6882987218750001 0.47863418593749996 0.7032747609375
0 0.5545127796875 0.47763578281249996 0.5664936109375 0.4836261984375 0.5864616609375 0.485623003125 0.6044329078125 0.4796325875 0.6234025562500001 0.46265974375 0.629392971875 0.4506789140625 0.629392971875 0.424720446875 0.6253993609374999 0.414736421875 0.6064297125 0.39376996875 0.5824680515625 0.385782746875 0.57448083125 0.385782746875 0.5545127796875 0.39376996875 0.539536740625 0.41074281093750004 0.534544728125 0.429712459375 0.5335463265625 0.4446884984375 0.539536740625 0.46265974375 0.5545127796875 0.47763578281249996
0 0.561501596875 0.3688099046875 0.5654952078125 0.376797125 0.5764776359375 0.385782746875 0.5864616609375 0.385782746875 0.612420128125 0.3957667734375 0.6144169328125 0.39376996875 0.6204073484375 0.39376996875 0.62839456875 0.38977635781250003 0.6413738015625 0.376797125 0.6473642171875 0.36481629375 0.6473642171875 0.3408546328125 0.64337060625 0.3348642171875 0.64337060625 0.33087060625000003 0.634384984375 0.3178913734375 0.6164137375000001 0.30591054375 0.5944488812500001 0.3039137375 0.57448083125 0.3119009578125 0.5654952078125 0.32088658125 0.5585063890625 0.3358626203125 0.5575079875 0.35483226874999996 0.5595047921875 0.35682907343750003 0.561501596875 0.3688099046875
1 0.561501596875 0.3688099046875 0.5764776359375 0.385782746875 0.5864616609375 0.385782746875 0.6084265171875 0.39376996875 0.6204073484375 0.39376996875 0.6353833859375 0.3847843453125 0.6473642171875 0.36481629375 0.6473642171875 0.3408546328125 0.64337060625 0.33087060625000003 0.634384984375 0.3178913734375 0.6164137375000001 0.30591054375 0.5964456874999999 0.3039137375 0.578474440625 0.309904153125 0.5654952078125 0.32088658125 0.5585063890625 0.3358626203125 0.5575079875 0.35483226874999996 0.5595047921875 0.35682907343750003 0.561501596875 0.3688099046875
1 0.634384984375 0.27196485625 0.6483626203124999 0.277955271875 0.6643370609375 0.277955271875 0.6743210859375 0.2739616609375 0.683306709375 0.2649760390625 0.68730031875 0.2569888171875 0.68730031875 0.239017571875 0.683306709375 0.23103035156249999 0.6703274765625 0.21605431249999998 0.66234025625 0.212060703125 0.644369009375 0.2100638984375 0.6303913734375 0.21605431249999998 0.6214057515625 0.2250399359375 0.61841054375 0.23402555937499997 0.617412140625 0.2470047921875 0.6214057515625 0.2589856234375 0.634384984375 0.27196485625
2 0.6683306703125 0.080271565625 0.6863019171875 0.0822683703125 0.693290734375 0.0772763578125 0.695287540625 0.073282746875 0.695287540625 0.06329872187499999 0.678314696875 0.0503194890625 0.6683306703125 0.048322684375 0.66234025625 0.0503194890625 0.6553514375 0.0553115015625 0.6543530343749999 0.058306709375 0.6533546328125001 0.06329872187499999 0.6573482421875 0.07128594218749999 0.6683306703125 0.080271565625
2 0.6523562296875001 0.1261980828125 0.6583466453125 0.12819488750000002 0.676317890625 0.12819488750000002 0.6853035140625 0.1212060703125 0.68730031875 0.117212459375 0.68730031875 0.10123801875 0.676317890625 0.090255590625 0.666333865625 0.084265175 0.650359425 0.084265175 0.6373801921875 0.0932507984375 0.6363817890625 0.09824281093750001 0.6353833859375 0.1052316296875 0.6413738015625 0.117212459375 0.6523562296875001 0.1261980828125
2 0.6803115015625 0.136182109375 0.6962859421875 0.136182109375 0.705271565625 0.129193290625 0.7072683703125 0.117212459375 0.698282746875 0.1042332265625 0.6882987218750001 0.102236421875 0.68730031875 0.117212459375 0.6853035140625 0.1212060703125 0.6803115015625 0.1261980828125 0.67232428125 0.12819488750000002 0.671325878125 0.1311900953125 0.6743210859375 0.13418530312500002 0.6803115015625 0.136182109375
2 0.722244409375 0.3178913734375 0.732228434375 0.3198881796875 0.73821885 0.3178913734375 0.7492012781249999 0.3089057515625 0.7511980828125 0.292931309375 0.7492012781249999 0.2869408953125 0.7402156546875001 0.2759584671875 0.7342252390625 0.27196485625 0.7242412140625001 0.2699680515625 0.722244409375 0.27196485625 0.71625399375 0.27196485625 0.70626996875 0.28394568750000004 0.705271565625 0.29892172499999997 0.709265175 0.3069089453125 0.722244409375 0.3178913734375
1 0.7362220453125 0.34185303437500003 0.7521964859375 0.34185303437500003 0.761182109375 0.3328674125 0.7631789140625 0.326876996875 0.761182109375 0.3089057515625 0.7521964859375 0.3019169328125 0.7492012781249999 0.304912140625 0.7492012781249999 0.3089057515625 0.744209265625 0.3138977640625 0.7362220453125 0.3178913734375 0.722244409375 0.3178913734375 0.72124600625 0.326876996875 0.732228434375 0.3398562296875 0.7362220453125 0.34185303437500003
1 0.7122603828125 0.40375399375 0.7302316296875 0.40375399375 0.7412140578125 0.3947683703125 0.7452076671875 0.3847843453125 0.7452076671875 0.370806709375 0.7412140578125 0.3628194890625 0.7302316296875 0.3518370609375 0.7122603828125 0.34984025625 0.7042731625 0.353833865625 0.6972843453124999 0.360822684375 0.6942891375 0.3678115015625 0.693290734375 0.3847843453125 0.7082667734375 0.40175718906249996 0.7122603828125 0.40375399375
2 0.7452076671875 0.3728035140625 0.7452076671875 0.3847843453125 0.7432108625 0.3887779546875 0.7462060703125 0.3917731625 0.7581869015625 0.3917731625 0.7621805109374999 0.38977635781250003 0.7691693296875 0.3787939296875 0.7691693296875 0.3668130984375 0.76517571875 0.35682907343750003 0.7521964859375 0.34784345 0.744209265625 0.34784345 0.7362220453125 0.353833865625 0.7352236421875 0.35682907343750003 0.7412140578125 0.3628194890625 0.7452076671875 0.3728035140625
2 0.7581869015625 0.343849840625 0.766174121875 0.3398562296875 0.7731629390625 0.33087060625000003 0.771166134375 0.314896165625 0.76018370625 0.3039137375 0.7571884984375 0.304912140625 0.7571884984375 0.3069089453125 0.7631789140625 0.3188897765625 0.7631789140625 0.3248801921875 0.761182109375 0.33087060625000003 0.754193290625 0.3398562296875 0.7531948875000001 0.3408546328125 0.7561900953125 0.343849840625 0.7581869015625 0.343849840625
2 0.7521964859375 0.41573482500000003 0.764177315625 0.41573482500000003 0.7681709265625 0.41373801875 0.7771565500000001 0.4007587859375 0.7771565500000001 0.39277156562500004 0.77016773125 0.3817891375 0.766174121875 0.3817891375 0.7631789140625 0.3887779546875 0.7581869015625 0.3917731625 0.744209265625 0.3917731625 0.7402156546875001 0.3957667734375 0.739217253125 0.4007587859375 0.7432108625 0.40874600625 0.7521964859375 0.41573482500000003
2 0.7691693296875 0.31289936093750004 0.7731629390625 0.3248801921875 0.7761581468750001 0.32587859375 0.7831469656250001 0.3188897765625 0.7831469656250001 0.3069089453125 0.781150159375 0.3029153359375 0.77016773125 0.2939297125 0.76018370625 0.2939297125 0.7561900953125 0.2979233234375 0.75519169375 0.3029153359375 0.76018370625 0.3039137375 0.7691693296875 0.31289936093750004
2 0.7831469656250001 0.37480031875 0.7831469656250001 0.3847843453125 0.786142171875 0.385782746875 0.787140575 0.36481629375 0.7781549515624999 0.3558306703125 0.766174121875 0.3558306703125 0.766174121875 0.35782747656249997 0.7791533546875 0.3668130984375 0.7831469656250001 0.37480031875
1 0.7831469656250001 0.382787540625 0.7831469656250001 0.37480031875 0.781150159375 0.3688099046875 0.7741613421875 0.3618210859375 0.7681709265625 0.35982428125 0.7691693296875 0.380790734375 0.7781549515624999 0.3917731625 0.7831469656250001 0.382787540625
0 0.76018370625 0.343849840625 0.759185303125 0.3508386578125 0.7621805109374999 0.353833865625 0.766174121875 0.3558306703125 0.7761581468750001 0.3558306703125 0.7821485625 0.35982428125 0.787140575 0.358825878125 0.787140575 0.336861021875 0.7821485625 0.33186900937499997 0.7721645374999999 0.33186900937499997 0.766174121875 0.3398562296875 0.76018370625 0.343849840625
0 0.787140575 0.3288738015625 0.786142171875 0.30591054375 0.7831469656250001 0.3089057515625 0.7851437703124999 0.314896165625 0.781150159375 0.3228833859375 0.7741613421875 0.32787540000000004 0.7741613421875 0.33186900937499997 0.7841453671874999 0.33186900937499997 0.787140575 0.3288738015625
0 0.77016773125 0.2939297125 0.7821485625 0.2979233234375 0.787140575 0.2909345046875 0.7851437703124999 0.2789536734375 0.7741613421875 0.2699680515625 0.7621805109374999 0.2699680515625 0.7561900953125 0.277955271875 0.75519169375 0.2869408953125 0.76018370625 0.2939297125 0.77016773125 0.2939297125
1 0.76018370625 0.2679712453125 0.7681709265625 0.26597444062500003 0.77515974375 0.2589856234375 0.7771565500000001 0.2470047921875 0.7681709265625 0.23801916875 0.764177315625 0.23602236406250002 0.754193290625 0.23602236406250002 0.7482028749999999 0.2420127796875 0.7472044734375001 0.2549920125 0.7521964859375 0.26198083125 0.76018370625 0.2679712453125
1 0.7741613421875 0.27196485625 0.781150159375 0.270966453125 0.7851437703124999 0.2649760390625 0.7851437703124999 0.2589856234375 0.7831469656250001 0.2529952078125 0.7781549515624999 0.2480031953125 0.77515974375 0.2589856234375 0.764177315625 0.2679712453125 0.764177315625 0.2699680515625 0.7721645374999999 0.2699680515625 0.7741613421875 0.27196485625
1 0.764177315625 0.23602236406250002 0.7741613421875 0.2420127796875 0.7791533546875 0.2350239609375 0.7791533546875 0.229033546875 0.77515974375 0.2210463265625 0.766174121875 0.2140575078125 0.754193290625 0.21605431249999998 0.7482028749999999 0.2240415328125 0.7492012781249999 0.23302715625 0.7521964859375 0.23602236406250002 0.764177315625 0.23602236406250002
1 0.7621805109374999 0.2140575078125 0.7741613421875 0.21805111875 0.7771565500000001 0.2150559109375 0.7771565500000001 0.20507188437499999 0.7681709265625 0.1960862625 0.76018370625 0.2020766765625 0.75019968125 0.2020766765625 0.7492012781249999 0.21106229999999998 0.7521964859375 0.21605431249999998 0.7621805109374999 0.2140575078125
2 0.76018370625 0.2020766765625 0.76517571875 0.1970846640625 0.7671725234375 0.1910942484375 0.7631789140625 0.1811102234375 0.7521964859375 0.17412140625 0.7492012781249999 0.18710063906250002 0.742212459375 0.1920926515625 0.7412140578125 0.195087859375 0.7482028749999999 0.2020766765625 0.76018370625 0.2020766765625
1 0.7302316296875 0.1920926515625 0.742212459375 0.1920926515625 0.7511980828125 0.185103834375 0.7511980828125 0.1751198078125 0.744209265625 0.1641373796875 0.7362220453125 0.162140575 0.7352236421875 0.1751198078125 0.728234825 0.1821086265625 0.722244409375 0.18410543125 0.72124600625 0.185103834375 0.7262380187499999 0.190095846875 0.7302316296875 0.1920926515625
1 0.7362220453125 0.162140575 0.7402156546875001 0.162140575 0.744209265625 0.1661341859375 0.7482028749999999 0.1661341859375 0.7511980828125 0.163138978125 0.7531948875000001 0.1571485625 0.7511980828125 0.151158146875 0.744209265625 0.1421725234375 0.7362220453125 0.1381789140625 0.728234825 0.1381789140625 0.720247603125 0.1421725234375 0.7192492015624999 0.14516773125 0.73123003125 0.15515175781249999 0.7362220453125 0.162140575
1 0.7142571890625 0.18410543125 0.7242412140625001 0.18410543125 0.7352236421875 0.1751198078125 0.7352236421875 0.161142171875 0.7242412140625001 0.1481629390625 0.720247603125 0.14616613437499998 0.7042731625 0.14616613437499998 0.6972843453124999 0.151158146875 0.6942891375 0.158146965625 0.693290734375 0.163138978125 0.6972843453124999 0.173123003125 0.7142571890625 0.18410543125