1 0.48127561406249997 0.3413934421875 0.4751280734375 0.3393442625 0.4607838109375 0.3393442625 0.45668545156249996 0.3434426234375 0.45053790937500005 0.3434426234375 0.44131659843750004 0.352663934375 0.43721823750000005 0.36086065624999997 0.4351690578125 0.37520491875 0.43926741874999997 0.3875 0.4484887296875 0.39672131093749996 0.45668545156249996 0.3987704921875 0.45873463125 0.40286885312500004 0.479226434375 0.40286885312500004 0.48332479531250006 0.400819671875 0.48742315625000004 0.39467213125 0.491521515625 0.39467213125 0.4945952875 0.3915983609375 0.49561987656250006 0.3844262296875 0.4966444671875 0.358811475 0.49254610625 0.3506147546875 0.48127561406249997 0.3413934421875
1 0.5509477453125 0.3495901640625 0.5386526640625 0.3434426234375 0.534554303125 0.3434426234375 0.5325051234375 0.345491803125 0.5304559421875 0.3434426234375 0.520210040625 0.3434426234375 0.5120133203125 0.34754098437500003 0.5027920078125 0.358811475 0.49869364687499995 0.3690573765625 0.49869364687499995 0.381352459375 0.5027920078125 0.3915983609375 0.5089395484375 0.395696721875 0.5120133203125 0.40286885312500004 0.5243084015624999 0.40901639375 0.5284067625 0.4069672125 0.54070184375 0.4069672125 0.542751025 0.4049180328125 0.5468493859375 0.4049180328125 0.54992315625 0.40184426249999994 0.54992315625 0.3977459015625 0.5570952874999999 0.39467213125 0.563242828125 0.38647540937499997 0.56426741875 0.3690573765625 0.5601690578125 0.36086065624999997 0.5509477453125 0.3495901640625
2 0.587793990625 0.9075429359375 0.5918923515625 0.9013953953125 0.578572678125 0.8860265421875001 0.5621792359375 0.877829821875 0.558080875 0.8798790015625 0.54578579375 0.8798790015625 0.5283677609375 0.8931986734375 0.5222202203124999 0.90549375625 0.5242694 0.9157396578125001 0.5222202203124999 0.9177888375000001 0.5222202203124999 0.9382806406249999 0.5263185796875 0.9505757234375001 0.5416874328125 0.965944575 0.5498841546875 0.9700429359375 0.56013005625 0.9700429359375 0.5642284156249999 0.96799375625 0.5703759578125001 0.9700429359375 0.578572678125 0.965944575 0.5857448093750001 0.95877244375 0.594966121875 0.9434035921874999 0.5959907109375 0.9157396578125001 0.5908677609375 0.9085675265625 0.587793990625 0.9075429359375
2 0.515087090625 0.9202868859375 0.5109887296875 0.9141393437499999 0.491521515625 0.902868853125 0.4771772546875 0.902868853125 0.46488217187499997 0.90901639375 0.4515625 0.9243852453124999 0.4495133203125 0.936680328125 0.44541495937500003 0.94282786875 0.44541495937500003 0.9612704921875 0.4474641390625 0.963319671875 0.4474641390625 0.9694672125 0.457710040625 0.9858606562500001 0.4751280734375 0.997131146875 0.491521515625 0.997131146875 0.49971823750000005 0.9930327875 0.513037909375 0.9797131140625 0.5161116796874999 0.972540984375 0.5171362703125 0.936680328125 0.513037909375 0.9305327875 0.515087090625 0.9202868859375
2 0.4894723359375 0.6016393437499999 0.47102971250000003 0.5995901640625 0.46488217187499997 0.6016393437499999 0.4628329921875 0.6057377046875 0.45668545156249996 0.6057377046875 0.44541495937500003 0.617008196875 0.44131659843750004 0.62520491875 0.43926741874999997 0.6415983609375 0.44541495937500003 0.6559426234375 0.45463627031250003 0.6672131140625 0.46488217187499997 0.671311475 0.4771772546875 0.6733606562500001 0.49561987656250006 0.6672131140625 0.5048411890625 0.6559426234375 0.5027920078125 0.64979508125 0.505865778125 0.6467213109375 0.5068903687499999 0.6190573765625 0.493570696875 0.603688525 0.4894723359375 0.6016393437499999
1 0.5550461062500001 0.581147540625 0.542751025 0.5790983609375 0.54070184375 0.581147540625 0.5304559421875 0.581147540625 0.522259221875 0.5852459015625 0.513037909375 0.5944672125 0.5089395484375 0.602663934375 0.5109887296875 0.6334016390625 0.5181608609375 0.6426229515624999 0.5243084015624999 0.6467213109375 0.534554303125 0.6487704921875 0.5386526640625 0.652868853125 0.542751025 0.652868853125 0.5550461062500001 0.6467213109375 0.5673411890625 0.64467213125 0.577587090625 0.6282786890625001 0.5786116796874999 0.608811475 0.5704149593750001 0.5944672125 0.5550461062500001 0.581147540625
3 0.4875 0.01875 0.1453125 0.0359375
3 0.484375 0.1640625 0.1390625 0.1078125
3 0.4890625 0.36875 0.171875 0.1
3 0.5046875 0.625 0.175 0.10625
3 0.5078125 0.928125 0.1859375 0.1421875