2 0.540625 0.8359375 0.046875 0.053125
2 0.55 0.675 0.0453125 0.0546875
2 0.5578125 0.4890625 0.053125 0.046875
2 0.5671875 0.2875 0.0625 0.0546875
2 0.575 0.1046875 0.053125 0.05625
1 0.496875 0.840625 0.046875 0.0578125
1 0.5046875 0.6625 0.046875 0.053125
1 0.509375 0.478125 0.046875 0.053125
1 0.51875 0.2953125 0.04375 0.053125
2 0.431987028125 0.8335298734375 0.431987028125 0.8492531453125001 0.43788325468749995 0.8590801890625 0.448693003125 0.86595911875 0.45852004687500003 0.86595911875 0.46441627343749997 0.8580974843750001 0.468347090625 0.8580974843750001 0.475226021875 0.8492531453125001 0.4732606125 0.84335691875 0.475226021875 0.8394261000000001 0.47424331718749996 0.8286163515625 0.4732606125 0.8237028296875 0.46441627343749997 0.8187893078125 0.46245086406249997 0.814858490625 0.45852004687500003 0.81289308125 0.44672759375000004 0.814858490625 0.4359178453125 0.8256682390625001 0.431987028125 0.8335298734375
1 0.4880011796875 0.27437106875 0.4830876578125 0.2733883640625 0.482104953125 0.256682390625 0.4703125 0.25471698125 0.46048545625 0.2586477984375 0.45164111562500003 0.26749213906249997 0.44967570781250005 0.2733883640625 0.44967570781250005 0.2871462265625 0.45164111562500003 0.293042453125 0.46441627343749997 0.305817609375 0.48013954375 0.305817609375 0.4830876578125 0.279284590625 0.485053065625 0.279284590625 0.485053065625 0.2989386796875 0.4899665875 0.29992138437500004 0.49389740625 0.297955975 0.49684551875 0.293042453125 0.498810928125 0.2871462265625 0.49782822343750005 0.27830188749999996 0.4958628140625 0.27437106875 0.4899665875 0.27240566093749996 0.4880011796875 0.27437106875
3 0.5171875 0.8390625 0.121875 0.0828125
3 0.51875 0.671875 0.115625 0.0796875
3 0.521875 0.48125 0.125 0.0703125
3 0.5359375 0.2890625 0.121875 0.08125
3 0.5453125 0.0984375 0.1203125 0.0921875