2 0.402597403125 0.32528409062499997 0.39346590937500003 0.31209415625000003 0.38534902656250003 0.30803571406249997 0.37114448125 0.30803571406249997 0.35795454531250004 0.31919642812500004 0.353896103125 0.32934253281250003 0.353896103125 0.33745941562500004 0.35795454531250004 0.34557629843750004 0.36607142812500004 0.35369318125000004 0.38534902656250003 0.35470779218750004 0.40056818125 0.3415178578125 0.402597403125 0.32528409062499997
2 0.5466720781250001 0.30296266250000004 0.5466720781250001 0.29484577968750003 0.5426136359375 0.2887581171875 0.5294237015625 0.28165584374999997 0.5213068187500001 0.283685065625 0.5142045453125 0.2887581171875 0.5121753250000001 0.2928165578125 0.5121753250000001 0.3049918828125 0.5192775968750001 0.3141233765625 0.5223214281249999 0.3151379875 0.5334821421875 0.31615259687499997 0.5415990265625 0.31209415625000003 0.5466720781250001 0.30296266250000004
2 0.18141233750000002 0.331371753125 0.18141233750000002 0.31716720781249996 0.174310065625 0.310064934375 0.162134740625 0.310064934375 0.15807629843749998 0.31209415625000003 0.1489448046875 0.3232548703125 0.1489448046875 0.33745941562500004 0.1570616890625 0.34760551875 0.162134740625 0.3486201296875 0.17228084375 0.3445616890625 0.18141233750000002 0.331371753125
2 0.1448863640625 0.32122565000000003 0.1448863640625 0.307021103125 0.1398133109375 0.30194805156250004 0.12966720781250002 0.30194805156250004 0.12053571406250001 0.31107954531250004 0.11850649375 0.32122565000000003 0.12053571406250001 0.3273133109375 0.12459415625 0.331371753125 0.13372565 0.3323863640625 0.1428571421875 0.32528409062499997 0.1448863640625 0.32122565000000003
2 0.5588474031249999 0.28267045468749996 0.5568181812499999 0.27658279218750004 0.5497159093749999 0.26948051875 0.5375405843750001 0.26948051875 0.5324675328125 0.27252434999999997 0.5304383109375 0.280641234375 0.5395698046875 0.28571428593750003 0.5466720781250001 0.29484577968750003 0.5517451296875 0.29383116875000004 0.5568181812499999 0.2887581171875 0.5588474031249999 0.28267045468749996
2 0.6359577921875 0.3009334421875 0.6339285718750001 0.29078733749999996 0.6247970781250001 0.283685065625 0.612621753125 0.28571428593750003 0.6075487015625 0.2928165578125 0.6075487015625 0.3009334421875 0.612621753125 0.30803571406249997 0.6156655843750001 0.30905032499999996 0.6268262984375 0.310064934375 0.6339285718750001 0.3049918828125 0.6359577921875 0.3009334421875
2 0.6166801953125 0.283685065625 0.621753246875 0.28267045468749996 0.6166801953125 0.27759740312500003 0.6085633109375 0.27759740312500003 0.6014610390625 0.28267045468749996 0.5994318187500001 0.2887581171875 0.60551948125 0.3009334421875 0.6075487015625 0.3009334421875 0.6095779218749999 0.2887581171875 0.6166801953125 0.283685065625
2 0.8591720781250001 0.40442370156249996 0.8551136359375 0.39021915625000003 0.8480113640625 0.3831168828125 0.8378652593749999 0.3831168828125 0.8307629875 0.388189934375 0.8287337656249999 0.3922483765625 0.8287337656249999 0.40442370156249996 0.8327922078125001 0.412540584375 0.8388798703125 0.41659902656250003 0.8500405843750001 0.41761363593749995 0.8571428578125 0.41051136406250005 0.8591720781250001 0.40442370156249996
1 0.5121753250000001 0.2928165578125 0.5243506499999999 0.28267045468749996 0.5243506499999999 0.2786120125 0.5152191562499999 0.26948051875 0.5030438312500001 0.26948051875 0.49797077968750003 0.27252434999999997 0.4939123375 0.2786120125 0.4939123375 0.29078733749999996 0.5010146109375 0.2978896109375 0.5060876624999999 0.29890422031249997 0.50913149375 0.29991883124999996 0.5121753250000001 0.296875 0.5121753250000001 0.2928165578125
1 0.5010146109375 0.26948051875 0.5142045453125 0.26846590937500003 0.5071022734375 0.2633928578125 0.49695616875 0.26542207812499996 0.48985389687499997 0.27252434999999997 0.48985389687499997 0.2786120125 0.49188311718750005 0.280641234375 0.4939123375 0.280641234375 0.49594155781250004 0.27455357187499996 0.5010146109375 0.26948051875
1 0.27678571406249997 0.286728896875 0.27678571406249997 0.28267045468749996 0.27171266250000004 0.27556818125000004 0.26765422031249997 0.27353896093749996 0.255478896875 0.27353896093749996 0.2483766234375 0.280641234375 0.246347403125 0.29078733749999996 0.25446428593750003 0.3009334421875 0.26359577968750003 0.30194805156250004 0.27069805156250004 0.296875 0.27678571406249997 0.286728896875
1 0.174310065625 0.310064934375 0.177353896875 0.3009334421875 0.17329545468750002 0.2928165578125 0.16010551875 0.29180194843749996 0.15604707812500002 0.29383116875000004 0.1509740265625 0.3009334421875 0.1509740265625 0.313108765625 0.15604707812500002 0.3141233765625 0.162134740625 0.310064934375 0.174310065625 0.310064934375
1 0.1489448046875 0.29890422031249997 0.1459009734375 0.2958603890625 0.13372565 0.2958603890625 0.13068181875 0.3009334421875 0.1418425328125 0.30397727343750003 0.14691558437500002 0.313108765625 0.1489448046875 0.313108765625 0.1509740265625 0.30905032499999996 0.1489448046875 0.29890422031249997
1 1 0.45063920468749996 0.9941152593749999 0.45211038906249995 0.9890422078125001 0.45718344218749996 0.9890422078125001 0.465300325 0.9951298703125 0.47341720781249996 1 0.47439123437499997 1 0.45063920468749996