1 0.4381552421875 0.139112903125 0.450252015625 0.145161290625 0.46436491875 0.14717741875 0.46638104843750006 0.1491935484375 0.4865423390625 0.14717741875 0.5046875 0.139112903125 0.5198084671875 0.1260080640625 0.5258568546875 0.11391129062500001 0.5258568546875 0.0917338703125 0.5218245968749999 0.0836693546875 0.5026713703125 0.0665322578125 0.47646169374999997 0.058467742187500005 0.47041330625000005 0.0604838703125 0.45630040312500003 0.0604838703125 0.43412298437499997 0.070564515625 0.4230342734375 0.0836693546875 0.41799395156249997 0.09475806406250001 0.4169858875 0.11391129062500001 0.42505040312500003 0.12802419375000001 0.4381552421875 0.139112903125
1 0.6054939515625 0.1935483875 0.6196068546875 0.19959677343749999 0.6337197578125 0.19959677343749999 0.6417842734375 0.195564515625 0.6488407265625 0.1885080640625 0.652872984375 0.1804435484375 0.652872984375 0.1723790328125 0.6468245968749999 0.1602822578125 0.6377520156250001 0.151209678125 0.6256552421875 0.14717741875 0.6115423390625 0.14717741875 0.6054939515625 0.1491935484375 0.593397178125 0.1633064515625 0.5923891125 0.176411290625 0.5964213703125 0.18447580624999999 0.6054939515625 0.1935483875
1 0.6679939515625 0.2822580640625 0.672026209375 0.28427419375 0.6881552421875 0.28427419375 0.697227821875 0.2772177421875 0.6992439515625 0.261088709375 0.6952116937499999 0.25302419375 0.6881552421875 0.2459677421875 0.6780745968749999 0.24193548437499998 0.665977821875 0.2439516125 0.655897178125 0.25604838750000003 0.6548891125 0.26310483906250004 0.6569052421875 0.26915322656249996 0.6679939515625 0.2822580640625
1 0.6740423390625 0.36895161249999997 0.6821068546875 0.3729838703125 0.6962197578125 0.3709677421875 0.7052923390625 0.36189516093749996 0.7073084671875 0.3457661296875 0.6982358875 0.332661290625 0.6901713703125 0.3286290328125 0.6760584671875 0.3286290328125 0.6669858875 0.335685484375 0.6639616937499999 0.3427419359375 0.6629536296875 0.351814515625 0.6669858875 0.36189516093749996 0.6740423390625 0.36895161249999997
1 0.6800907265625 0.41532258125 0.6861391125 0.41733870937499995 0.6982358875 0.41532258125 0.7093245968749999 0.4022177421875 0.7093245968749999 0.3901209671875 0.7073084671875 0.386088709375 0.6962197578125 0.375 0.6901713703125 0.3729838703125 0.6800907265625 0.375 0.6690020156250001 0.386088709375 0.6679939515625 0.3911290328125 0.6690020156250001 0.4022177421875 0.6730342734375 0.4082661296875 0.6800907265625 0.41532258125
1 0.655897178125 0.5866935484375 0.6639616937499999 0.59072580625 0.67001008125 0.59072580625 0.6800907265625 0.5866935484375 0.68916330625 0.5756048390624999 0.6911794359375001 0.5635080640625 0.68916330625 0.5574596781250001 0.684122984375 0.5504032265625 0.6740423390625 0.5443548390624999 0.6599294359375001 0.5463709671875 0.6478326609375 0.5584677421875 0.6468245968749999 0.5756048390624999 0.6488407265625 0.579637096875 0.655897178125 0.5866935484375
1 0.59541330625 0.75 0.6115423390625 0.75 0.6196068546875 0.7459677421875 0.6306955640624999 0.7348790328125 0.6327116937499999 0.7288306453125 0.6327116937499999 0.71875 0.6286794359375001 0.7086693546875 0.6236391125 0.7036290328125 0.6135584671875 0.6995967734375 0.59541330625 0.701612903125 0.5802923390625 0.7147177421875 0.5792842734375 0.7197580640625 0.578276209375 0.7308467734375 0.5823084671875 0.74092741875 0.59541330625 0.75
0 0.6135584671875 0.6713709671875 0.621622984375 0.6754032265625 0.6337197578125 0.6754032265625 0.6417842734375 0.6713709671875 0.6548891125 0.65625 0.6548891125 0.6401209671875 0.6508568546875 0.6320564515625 0.6417842734375 0.625 0.6357358875 0.6229838703125 0.6256552421875 0.6229838703125 0.6155745968749999 0.6270161296875 0.6065020156250001 0.636088709375 0.603477821875 0.6431451609375001 0.6024697578125 0.6542338703125 0.6065020156250001 0.664314515625 0.6135584671875 0.6713709671875
0 0.684122984375 0.3286290328125 0.6942036296875 0.32459677343750004 0.6992439515625 0.3195564515625 0.70126008125 0.31552419375 0.70126008125 0.29939516093749996 0.6901713703125 0.28629032187500003 0.6861391125 0.28427419375 0.6740423390625 0.28427419375 0.665977821875 0.2883064515625 0.6599294359375001 0.29435483906250004 0.6589213703125 0.3114919359375 0.67001008125 0.32459677343750004 0.684122984375 0.3286290328125
0 0.6155745968749999 0.2540322578125 0.6236391125 0.258064515625 0.6417842734375 0.258064515625 0.6548891125 0.2489919359375 0.6589213703125 0.24092741874999998 0.6609375 0.22883064531250003 0.6569052421875 0.21875 0.6518649187500001 0.2116935484375 0.6397681453125 0.20362903281250003 0.6236391125 0.20161290312500002 0.6175907265625 0.20362903281250003 0.609526209375 0.207661290625 0.6014616937499999 0.2177419359375 0.6004536296875 0.23286290312500002 0.6024697578125 0.238911290625 0.6155745968749999 0.2540322578125
0 0.706300403125 0.2963709671875 0.7113407265625 0.2913306453125 0.7113407265625 0.2772177421875 0.7022681453125 0.2661290328125 0.6992439515625 0.267137096875 0.697227821875 0.2772177421875 0.6901713703125 0.2822580640625 0.68916330625 0.2852822578125 0.7002520156250001 0.298387096875 0.706300403125 0.2963709671875
1 0.530897178125 0.058467742187500005 0.5490423390625 0.0645161296875 0.5732358875 0.0645161296875 0.5863407265625 0.05342741875 0.5883568546875 0.0493951609375 0.5883568546875 0.0332661296875 0.5752520156250001 0.020161290625 0.5631552421875 0.0161290328125 0.540977821875 0.0161290328125 0.5349294359375001 0.018145160937499998 0.5238407265625 0.027217742187499998 0.5208165328125001 0.03427419375 0.5198084671875 0.0413306453125 0.5258568546875 0.05342741875 0.530897178125 0.058467742187500005
1 0.5429939515625 0 0.53291330625 0.008064515625000001 0.5319052421875 0.0151209671875 0.5349294359375001 0.018145160937499998 0.5389616937499999 0.0161290328125 0.5651713703125 0.0161290328125 0.5752520156250001 0.020161290625 0.5853326609375 0.0302419359375 0.590372984375 0.027217742187499998 0.5923891125 0.023185484375000003 0.5923891125 0.013104839062500002 0.590372984375 0.00907258125 0.581300403125 0 0.5429939515625 0