1 0.3084869421875 0.3562591484375 0.3065215328125 0.36412078281250004 0.31045235 0.3680516 0.3065215328125 0.37001700937500004 0.3065215328125 0.37591323593750003 0.3084869421875 0.38180946250000003 0.319296690625 0.3926192109375 0.3251929171875 0.3926192109375 0.32715832499999997 0.39458461875 0.34484700468749996 0.39458461875 0.355656753125 0.3857402796875 0.3576221625 0.38180946250000003 0.3576221625 0.3739478265625 0.35369134375 0.37198241875 0.3576221625 0.3680516 0.3576221625 0.3621553734375 0.3428815953125 0.3454494 0.3399334828125 0.3444666953125 0.3251929171875 0.343483990625 0.31733128125 0.3474148078125 0.3084869421875 0.3562591484375
2 0.511792453125 0.36655856875000004 0.50982704375 0.38621265781249997 0.5157232703125 0.3960397015625 0.5206367921874999 0.3989878140625 0.5343946546875 0.3989878140625 0.538325471875 0.39702240624999996 0.5422562890625 0.40095322343750006 0.548152515625 0.40095322343750006 0.5609276734375 0.38621265781249997 0.5609276734375 0.3704893875 0.5569968546874999 0.3626277515625 0.550117925 0.3557488203125 0.5442216984375 0.3537834125 0.5422562890625 0.3557488203125 0.5393081765625001 0.3528007078125 0.52653301875 0.351818003125 0.5137578609375 0.3626277515625 0.511792453125 0.36655856875000004
1 0.9170552109375001 0.3832266265625 0.9131243937500001 0.38715744375 0.911158984375 0.40288071406250003 0.9200033234375 0.41369046249999997 0.9258995499999999 0.41172505312499996 0.9268822546875001 0.416638575 0.9298303671875001 0.4195866890625 0.947519046875 0.4195866890625 0.9632423171875001 0.41172505312499996 0.974052065625 0.40091530468750003 0.9760174749999999 0.38715744375 0.9720866578124999 0.3773304 0.9563633875 0.365537946875 0.9337611859375 0.3645552421875 0.91902061875 0.3773304 0.9170552109375001 0.3832266265625
2 0.5068789312499999 0.40684945 0.5 0.41962460625000003 0.5 0.42945165156250004 0.5058962265625 0.441244103125 0.5206367921874999 0.4520538515625 0.5304638359375 0.4520538515625 0.5422562890625 0.448123034375 0.5530660375 0.435347878125 0.5530660375 0.42945165156250004 0.555031446875 0.42748624218750003 0.5511006296875001 0.4097975625 0.54029088125 0.4029186328125 0.5363600625 0.404884040625 0.53341195 0.39997051875 0.5226022015625 0.3989878140625 0.514740565625 0.404884040625 0.5068789312499999 0.40684945
1 0.7081733578125 0.3709617640625 0.7081733578125 0.38275421718749997 0.7101387671875 0.38471962656250003 0.7081733578125 0.386685034375 0.7081733578125 0.400442896875 0.71898310625 0.4092872359375 0.7347063781250001 0.41125264531249994 0.7366717859375 0.4092872359375 0.7425680125 0.4092872359375 0.7523950562499999 0.40339100937500005 0.757308578125 0.396512078125 0.761239396875 0.38865044375 0.7592739875000001 0.38275421718749997 0.761239396875 0.3807888078125 0.761239396875 0.37489258125 0.757308578125 0.36703094687500004 0.7455161265625 0.357203903125 0.7268447421875 0.3562211984375 0.7170176984375 0.362117425 0.7081733578125 0.3709617640625
1 0.7185564953125 0.42441576875000003 0.7185564953125 0.4401390390625 0.731331653125 0.4548796046875 0.74902033125 0.4588104234375 0.760812784375 0.4548796046875 0.7716225328124999 0.44603526562500007 0.7696571234375 0.44406985624999995 0.7735879421875 0.44210444843749996 0.77555335 0.43817363125000003 0.77555335 0.42441576875000003 0.770639828125 0.4155714296875 0.7667090109375 0.4155714296875 0.7647436015625 0.41164061093750004 0.7617954890624999 0.4106579078125 0.731331653125 0.40967520312500005 0.7205219046875 0.4204849515625 0.7185564953125 0.42441576875000003
2 0.9215801890625 0.42257272031250004 0.9176493703125 0.42453812968750004 0.90880503125 0.435347878125 0.9068396218749999 0.44714032968749995 0.9107704406250001 0.4510711484375 0.90880503125 0.455001965625 0.9176493703125 0.4638463046875 0.92551100625 0.46581171406250005 0.9294418234374999 0.46974253125 0.9490959125 0.46974253125 0.9608883640625001 0.4638463046875 0.9677672953125 0.4569673734375 0.9716981125 0.44910573906250006 0.9716981125 0.435347878125 0.9618710687500001 0.423555425 0.9314072328125 0.42257272031250004 0.927476415625 0.42453812968750004 0.9215801890625 0.42257272031250004
2 0.5226022015625 0.4520538515625 0.5157232703125 0.45893278281249994 0.5157232703125 0.464829009375 0.511792453125 0.4687598265625 0.50982704375 0.47465605312500003 0.511792453125 0.4766214625 0.511792453125 0.48251768906250003 0.524567609375 0.49725825468749996 0.528498428125 0.49725825468749996 0.5304638359375 0.4992236640625 0.5442216984375 0.4992236640625 0.5520833328125 0.49529284531249995 0.5609276734375 0.484483096875 0.56289308125 0.47072523593750004 0.5589622640624999 0.46679441875 0.5589622640624999 0.46089819218750006 0.550117925 0.4520538515625 0.545204403125 0.4510711484375 0.5363600625 0.45008844375 0.5343946546875 0.4520538515625 0.5226022015625 0.4520538515625
1 0.10888364843750001 0.3528007078125 0.1069182390625 0.36066234218750004 0.11084905625000001 0.37245479531250003 0.12755503125 0.3871953609375 0.1452437109375 0.3891607703125 0.15113993750000002 0.3871953609375 0.16391509375 0.378351021875 0.1678459125 0.3704893875 0.165880503125 0.354766115625 0.1531053453125 0.34002555 0.146226415625 0.33707743749999997 0.125589621875 0.3360947328125 0.11084905625000001 0.34886989062499996 0.10888364843750001 0.3528007078125
2 0.30935534531250003 0.401935928125 0.30935534531250003 0.4078321546875 0.305424528125 0.4097975625 0.30345911875 0.4156937890625 0.30345911875 0.42552083281249997 0.30935534531250003 0.42945165156250004 0.30935534531250003 0.43338246874999997 0.32016509375 0.44222680781249996 0.3260613203125 0.4441922171875 0.34375 0.44222680781249996 0.35259433906250004 0.435347878125 0.35259433906250004 0.431417059375 0.3565251578125 0.42945165156250004 0.35849056562500003 0.423555425 0.3545597484375 0.40586674531250005 0.345715409375 0.3989878140625 0.33687106875 0.398005109375 0.3162342765625 0.39702240624999996 0.312303459375 0.3989878140625 0.30935534531250003 0.401935928125
1 0.704402515625 0.47072523593750004 0.69654088125 0.4766214625 0.6985062890625 0.49037932343749996 0.7093160375 0.50315448125 0.71914308125 0.5070852984374999 0.7348663515625 0.505119890625 0.744693396875 0.4992236640625 0.7515723265625 0.49037932343749996 0.7535377359375001 0.4766214625 0.74960691875 0.47269064531250005 0.747641509375 0.464829009375 0.7427279875 0.4599154875 0.73584905625 0.4569673734375 0.7132468546874999 0.4559846703125 0.704402515625 0.464829009375 0.704402515625 0.47072523593750004
3 0.1375 0.3953125 0.0796875 0.1171875
3 0.33125 0.4046875 0.075 0.1265625
3 0.5375 0.409375 0.0875 0.1328125
3 0.746875 0.415625 0.0859375 0.1265625
3 0.9390625 0.4171875 0.0984375 0.1328125