2 0.48532958125 0.217845659375 0.489348875 0.21382636718749998 0.49537781406250003 0.2118167203125 0.504421221875 0.19875401875 0.504421221875 0.1726286171875 0.49537781406250003 0.1615755625 0.4933681671875 0.1615755625 0.48331993593749994 0.153536978125 0.47930064375 0.1555466234375 0.467242765625 0.1555466234375 0.45418006406250006 0.166599678125 0.448151125 0.17865755625 0.450160771875 0.1826768484375 0.448151125 0.1866961421875 0.4491559484375 0.19573955 0.45217041875 0.2047829578125 0.46523311874999995 0.2158360125 0.46925241093750003 0.217845659375 0.48532958125 0.217845659375
2 0.5113527437500001 0.19493948125 0.5183865062499999 0.2019732421875 0.5264250921875 0.20599253593750003 0.5425022625 0.2039828890625 0.5555649625 0.192929834375 0.557574609375 0.1889105421875 0.557574609375 0.1788623109375 0.5555649625 0.1748430171875 0.55958425625 0.1668044328125 0.55958425625 0.158765846875 0.557574609375 0.1547465546875 0.5465215546875 0.1436935 0.5425022625 0.1436935 0.5404926156250001 0.141683853125 0.5264250921875 0.141683853125 0.5183865062499999 0.145703146875 0.5093430984375 0.1547465546875 0.5093430984375 0.1768526640625 0.5113527437500001 0.1788623109375 0.5093430984375 0.18087195625000002 0.510347921875 0.1919250109375 0.5113527437500001 0.19493948125
1 0.44011254062500005 0.4137861734375 0.44513665625 0.414790996875 0.453175240625 0.424839228125 0.46523311874999995 0.4288585203125 0.46925241093750003 0.426848875 0.47528135000000005 0.4288585203125 0.48532958125 0.424839228125 0.4903536984375 0.4198151125 0.4903536984375 0.4157958203125 0.49839228281250003 0.40976688125000005 0.5004019296875 0.40373794218750003 0.5004019296875 0.38967041875 0.4963826359375 0.3796221859375 0.48331993593749994 0.3665594859375 0.477290996875 0.3645498390625 0.46523311874999995 0.3665594859375 0.46322347343750003 0.3645498390625 0.453175240625 0.36856913125 0.44212218593749997 0.3796221859375 0.43609324687499995 0.3936897109375 0.43709807031250003 0.40273311874999995 0.44011254062500005 0.4137861734375
1 0.51949356875 0.34847266875 0.5174839234374999 0.3524919609375 0.5134646296875001 0.3524919609375 0.5054260453125 0.3565112546875 0.502411575 0.363545015625 0.5034163984375 0.3967041796875 0.507435690625 0.404742765625 0.5174839234374999 0.4107717046875 0.5235128625 0.4107717046875 0.5255225078125 0.41278135000000005 0.53356109375 0.41278135000000005 0.5355707390625 0.4107717046875 0.5395900328125001 0.4107717046875 0.543609325 0.40675241093750003 0.5476286171875 0.40675241093750003 0.556672025 0.39569935625 0.556672025 0.387660771875 0.558681671875 0.385651125 0.558681671875 0.3796221859375 0.56069131875 0.377612540625 0.56069131875 0.373593246875 0.5546623796875 0.3595257234375 0.5476286171875 0.3524919609375 0.543609325 0.3524919609375 0.541599678125 0.3545016078125 0.538585209375 0.3494774921875 0.53356109375 0.346463021875 0.51949356875 0.34847266875
2 0.446485271875 0.66159333125 0.45251421093750005 0.6575740390625 0.456533503125 0.66159333125 0.47662996562500004 0.66159333125 0.48768302031250005 0.6505402765625 0.4896926671875 0.6445113375 0.4896926671875 0.62039558125 0.485673375 0.612356996875 0.47662996562500004 0.6033135890625 0.46859138125 0.5992942953125 0.4605527953125 0.5992942953125 0.45854315 0.6013039421874999 0.44849491874999997 0.5992942953125 0.43442739374999995 0.60733288125 0.42739363125 0.6163762890625 0.42337433906250005 0.6284341671875 0.4243791625 0.6435065140625 0.4253839859375 0.6485306296875 0.436437040625 0.659583684375 0.446485271875 0.66159333125
1 0.49806175625 0.6583289156250001 0.496052109375 0.6643578546875 0.501076225 0.6693819703125 0.513134103125 0.675410909375 0.5272016265625 0.67742055625 0.5352402125 0.6713916171875 0.5372498578125 0.6734012640625 0.5412691515625 0.6713916171875 0.5543318515625 0.6563192703125 0.5583511453125001 0.6442613921875 0.5583511453125001 0.6322035140625 0.5523222062500001 0.618135990625 0.5432787968749999 0.60909258125 0.5392595046875 0.60909258125 0.533230565625 0.60306364375 0.5272016265625 0.60306364375 0.52519198125 0.6010539968749999 0.5111244562499999 0.60306364375 0.503085871875 0.6070829359375 0.4920328171875 0.6201456359375 0.493037640625 0.65732409375 0.49806175625 0.6583289156250001
2 0.5576768484375 0.1897106109375 0.56069131875 0.19875401875 0.5697347265625 0.207797428125 0.57375401875 0.20578778125000002 0.5797829578125 0.21382636718749998 0.5918408359375 0.21382636718749998 0.6038987140625001 0.207797428125 0.6109324765624999 0.20076366562499998 0.6169614140624999 0.1887057875 0.6169614140624999 0.168609325 0.612942121875 0.1605707390625 0.6018890671875 0.149517684375 0.595860128125 0.1475080390625 0.5817926046874999 0.1475080390625 0.5767684890625 0.1505225078125 0.5767684890625 0.1545418 0.57375401875 0.1575562703125 0.5697347265625 0.1555466234375 0.56069131875 0.1645900328125 0.558681671875 0.1726286171875 0.5627009640625 0.176647909375 0.556672025 0.180667203125 0.5576768484375 0.1897106109375
3 0.521875 0.0375 0.1328125 0.0734375
3 0.5140625 0.178125 0.1421875 0.1046875
3 0.5125 0.3890625 0.15625 0.1015625
3 0.5015625 0.6375 0.1671875 0.1109375
3 0.490625 0.928125 0.1921875 0.1421875