1 0.6201588109375 0.6620901640625 0.626306353125 0.643647540625 0.626306353125 0.6313524593750001 0.6181096312500001 0.6129098359375 0.6068391390625 0.6016393437499999 0.590445696875 0.595491803125 0.5801997953125 0.595491803125 0.563806353125 0.6016393437499999 0.5463883203125001 0.617008196875 0.540240778125 0.629303278125 0.5392161890625 0.6467213109375 0.540240778125 0.6600409843749999 0.563806353125 0.677459015625 0.576101434375 0.6815573765625 0.59864241875 0.679508196875 0.6068391390625 0.6754098359375 0.6201588109375 0.6620901640625
1 0.5289702875 0.9356557375 0.549462090625 0.9254098359375 0.5627817625 0.9120901640625 0.568929303125 0.8936475406250001 0.5668801234374999 0.8915983609374999 0.5668801234374999 0.881352459375 0.5535604515625 0.8639344265625001 0.5392161890625 0.8557377046875001 0.533068646875 0.8557377046875001 0.5310194671875 0.8536885249999999 0.506429303125 0.8536885249999999 0.4900358609375 0.8618852453124999 0.47261782812500003 0.881352459375 0.470568646875 0.8875 0.47159323750000004 0.9069672125 0.4746670078125 0.9141393437499999 0.4900358609375 0.927459015625 0.506429303125 0.9356557375 0.5289702875 0.9356557375
1 0.6775358609375 0.70717213125 0.6795850406249999 0.7051229515624999 0.6795850406249999 0.6948770484375 0.6775358609375 0.6907786890625001 0.66626536875 0.679508196875 0.6560194671875 0.6754098359375 0.645773565625 0.6754098359375 0.6355276640625 0.679508196875 0.6222079921875 0.69282786875 0.6201588109375 0.698975409375 0.6211834015625 0.7225409843749999 0.6252817625 0.728688525 0.6416752046875 0.7348360656249999 0.6539702875 0.7348360656249999 0.6642161890625 0.7307377046875 0.6775358609375 0.713319671875 0.6775358609375 0.70717213125
1 0.6877817625 0.608811475 0.681634221875 0.5944672125 0.6765112703125 0.5893442624999999 0.66626536875 0.5852459015625 0.6498719265624999 0.58729508125 0.638601434375 0.59651639375 0.6345030734375 0.6047131140625 0.6324538937499999 0.6108606562500001 0.633478484375 0.6262295078125 0.63757684375 0.6323770484375 0.6498719265624999 0.6405737703125001 0.66626536875 0.6405737703125001 0.672412909375 0.638524590625 0.6836834015625 0.6272540984375 0.6877817625 0.617008196875 0.6877817625 0.608811475
1 0.6508965156250001 0.43053278749999996 0.6508965156250001 0.41618852500000003 0.644748975 0.4038934421875 0.63757684375 0.39672131093749996 0.6211834015625 0.39057377031249996 0.6088883203125001 0.39262295156250004 0.6006915984375001 0.39672131093749996 0.5935194671875 0.4038934421875 0.58942110625 0.4120901640625 0.5873719265624999 0.4182377046875 0.5883965156250001 0.43770491875 0.5945440578125 0.4459016390625 0.6109375 0.4540983609375 0.6252817625 0.45614754062499996 0.6416752046875 0.44795082031250005 0.64679815625 0.4407786890625 0.6508965156250001 0.43053278749999996
1 0.6877817625 0.6641393437499999 0.6765112703125 0.652868853125 0.6703637296875 0.652868853125 0.6683145484375 0.650819671875 0.65192110625 0.6549180328124999 0.638601434375 0.6682377046875 0.639626025 0.677459015625 0.645773565625 0.6754098359375 0.6621670078124999 0.677459015625 0.66626536875 0.679508196875 0.6806096312500001 0.6959016390625 0.6826588109375 0.6959016390625 0.6898309421875 0.686680328125 0.6898309421875 0.6682377046875 0.6877817625 0.6641393437499999
1 0.672412909375 0.5319672125 0.66114241875 0.5452868859375 0.6621670078124999 0.56270491875 0.6642161890625 0.566803278125 0.6765112703125 0.5729508203125 0.6908555328125 0.5729508203125 0.6949538937499999 0.5709016390625 0.7041752046875 0.5596311468749999 0.7041752046875 0.5452868859375 0.702126025 0.5391393437499999 0.6949538937499999 0.5319672125 0.686757171875 0.527868853125 0.672412909375 0.5319672125
1 0.722617828125 0.5452868859375 0.7113473359375 0.5360655734375 0.702126025 0.5391393437499999 0.7041752046875 0.5575819671875 0.70007684375 0.5657786890625001 0.701101434375 0.5709016390625 0.7133965156250001 0.5709016390625 0.7174948765625 0.5688524593750001 0.7246670078124999 0.5596311468749999 0.722617828125 0.5452868859375
1 0.6847079921875 0.36598360625000004 0.693929303125 0.36086065624999997 0.695978484375 0.3567622953125 0.695978484375 0.34651639375 0.693929303125 0.3424180328125 0.686757171875 0.33729508125 0.6785604515625 0.3352459015625 0.667289959375 0.3444672125 0.6683145484375 0.3557377046875 0.672412909375 0.3618852453125 0.6847079921875 0.36598360625000004
1 0.645773565625 0.2594262296875 0.6570440578125 0.25020491875 0.6570440578125 0.242008196875 0.6498719265624999 0.23278688593750002 0.63757684375 0.228688525 0.631429303125 0.23073770468750002 0.626306353125 0.23586065625 0.624257171875 0.239959015625 0.6252817625 0.247131146875 0.631429303125 0.25532786875 0.645773565625 0.2594262296875
0 0.645773565625 0.296311475 0.6560194671875 0.3004098359375 0.6642161890625 0.29836065624999997 0.6713883203125001 0.28913934375 0.6693391390625 0.2788934421875 0.658068646875 0.26967213125 0.645773565625 0.27172131093749996 0.6406506140625 0.2768442625 0.639626025 0.2860655734375 0.6406506140625 0.29118852500000003 0.645773565625 0.296311475
0 0.6908555328125 0.527868853125 0.702126025 0.5145491796874999 0.70007684375 0.4961065578125 0.6908555328125 0.4868852453125 0.6847079921875 0.4868852453125 0.6826588109375 0.484836065625 0.672412909375 0.4868852453125 0.66114241875 0.50020491875 0.6621670078124999 0.5176229515624999 0.674462090625 0.527868853125 0.6908555328125 0.527868853125