2 0.054455445312499996 0.4366749171875 0.048267326562500004 0.4511138609375 0.048267326562500004 0.47792904218750004 0.052392739062500006 0.488242575 0.0616749171875 0.499587459375 0.0781765671875 0.507838284375 0.0905528046875 0.505775578125 0.1018976890625 0.49855610625 0.114273928125 0.47999174843750003 0.116336634375 0.46761551093750003 0.11839934062499999 0.46555280468750004 0.11839934062499999 0.4511138609375 0.11221122187499999 0.4346122109375 0.10086633593750001 0.42326732656250005 0.08952145156249999 0.4181105609375 0.0781765671875 0.4170792078125 0.0637376234375 0.42533003281250004 0.054455445312499996 0.4366749171875
2 0.192656765625 0.6408828390625 0.192656765625 0.6553217828125 0.196782178125 0.6635726078124999 0.20812706250000002 0.6749174921875001 0.21431518125000001 0.6769801984375 0.2246287125 0.6769801984375 0.22875412499999997 0.6749174921875001 0.238036303125 0.6656353140625 0.240099009375 0.6594471953125 0.240099009375 0.6511963703125 0.235973596875 0.6388201312499999 0.22153465312499998 0.62644389375 0.20812706250000002 0.625412540625 0.20400165 0.627475246875 0.192656765625 0.6408828390625
2 0.244224421875 0.6924504953125 0.2493811875 0.6996699671875 0.25969471875 0.7058580859375 0.2741336640625 0.7058580859375 0.2813531359375 0.7007013203125 0.2834158421875 0.6965759078125 0.2813531359375 0.6862623765625 0.2834158421875 0.6841996703125 0.2834158421875 0.6780115515625 0.2741336640625 0.6666666671875 0.2689768984375 0.6635726078124999 0.2576320125 0.6625412546875 0.244224421875 0.6738861390625 0.244224421875 0.6924504953125
2 0.42367986875 0.6615099015625 0.4195544546875 0.6718234328125 0.4216171609375 0.6841996703125 0.42780528125000006 0.6965759078125 0.437087459375 0.7058580859375 0.447400990625 0.7099834984375 0.46390264062500003 0.7079207921874999 0.476278878125 0.7017326734375 0.4793729375 0.6945132015625 0.468028053125 0.6914191421875 0.4546204625 0.6800742578125 0.44636963749999997 0.6635726078124999 0.44636963749999997 0.6491336640625 0.441212871875 0.6481023109375 0.432962046875 0.6522277234375 0.42367986875 0.6615099015625
2 0.441212871875 0.7079207921874999 0.432962046875 0.7017326734375 0.42883663437499997 0.7017326734375 0.425742575 0.7068894390625 0.435024753125 0.7223597359375 0.447400990625 0.7285478546874999 0.46183993437500004 0.7285478546874999 0.47421617187500004 0.7223597359375 0.48143564375 0.7151402640625 0.4793729375 0.7027640265625 0.47421617187500004 0.7017326734375 0.46390264062500003 0.7079207921874999 0.441212871875 0.7079207921874999
2 0.46183993437500004 0.7285478546874999 0.449463696875 0.7285478546874999 0.45255775624999994 0.7378300328125 0.470090759375 0.7471122109375 0.476278878125 0.7471122109375 0.48659240937500003 0.7429867984375 0.4958745875 0.7337046203125 0.49793729375 0.7275165015625 0.48349834999999997 0.7151402640625 0.48246699687500005 0.7141089109375 0.47421617187500004 0.7223597359375 0.46183993437500004 0.7285478546874999
2 0.40305280468750004 0.7295792078125001 0.4102722765625 0.7367986796875 0.4205858078125 0.7409240921875 0.432962046875 0.7388613859375 0.44224422499999994 0.7316419140625 0.44430693125 0.7275165015625 0.43605610625 0.7213283828125 0.432962046875 0.7202970296875 0.4205858078125 0.7285478546874999 0.40305280468750004 0.7295792078125001
2 0.541254125 0.7007013203125 0.53506600625 0.7151402640625 0.529909240625 0.7202970296875 0.523721121875 0.7244224421875 0.51031353125 0.7275165015625 0.517533003125 0.7367986796875 0.523721121875 0.7388613859375 0.5422854781249999 0.7388613859375 0.55569306875 0.7275165015625 0.55981848125 0.7192656765625001 0.55981848125 0.7048267328125 0.5474422437500001 0.6903877890625 0.53919141875 0.6903877890625 0.541254125 0.6924504953125 0.541254125 0.7007013203125
2 0.6320132015625 0.7007013203125 0.6278877890625 0.7068894390625 0.6258250828125 0.7213283828125 0.6278877890625 0.7275165015625 0.6351072609374999 0.7367986796875 0.6433580859375 0.7409240921875 0.6619224421875 0.7409240921875 0.6681105609375 0.7388613859375 0.6753300328125 0.7316419140625 0.6815181515625001 0.7110148515625 0.6773927390625001 0.7007013203125 0.6650165015625 0.6903877890625 0.6495462046875 0.6893564359375 0.6433580859375 0.6914191421875 0.6320132015625 0.7007013203125
2 0.6773927390625001 0.7275165015625 0.6681105609375 0.7388613859375 0.6526402640625 0.7419554453125 0.6526402640625 0.7460808578125 0.6557343234374999 0.7491749171875 0.6639851484375 0.7533003296875 0.6763613859375 0.7533003296875 0.6897689765624999 0.7440181515625001 0.6959570953124999 0.7254537953125 0.6918316828125 0.7172029703125 0.6856435640625 0.7110148515625 0.6825495046875 0.7099834984375 0.6794554453125 0.7130775578125 0.6773927390625001 0.7275165015625
2 0.7114273921875001 0.7450495046875 0.7176155109375 0.7491749171875 0.7320544546875001 0.7491749171875 0.743399340625 0.7419554453125 0.7341171609375 0.7347359734375 0.7124587453125 0.7337046203125 0.7073019796875 0.7326732671875 0.7062706265625 0.7378300328125 0.7114273921875001 0.7450495046875
2 0.813531353125 0.7048267328125 0.811468646875 0.7151402640625 0.815594059375 0.7254537953125 0.820750825 0.7306105609375 0.83106435625 0.7326732671875 0.8413778875 0.7285478546874999 0.848597359375 0.7213283828125 0.852722771875 0.7130775578125 0.848597359375 0.6945132015625 0.840346534375 0.6883250828125 0.8331270625 0.6872937296875 0.8228135312499999 0.6914191421875 0.813531353125 0.7048267328125
0 0.21018976875 0.503712871875 0.196782178125 0.5150577562499999 0.190594059375 0.52330858125 0.186468646875 0.5336221125 0.186468646875 0.55631188125 0.190594059375 0.56868811875 0.20606435625000002 0.586221121875 0.21844059374999997 0.592409240625 0.23700495 0.592409240625 0.25144389375 0.586221121875 0.260726071875 0.57693894375 0.2689768984375 0.56043729375 0.2689768984375 0.53568481875 0.264851484375 0.5253712875 0.2535066 0.511963696875 0.24319306875 0.503712871875 0.238036303125 0.50268151875 0.21844059374999997 0.501650165625 0.21637788750000003 0.503712871875 0.21018976875 0.503712871875
0 0.3349834984375 0.6841996703125 0.3349834984375 0.7007013203125 0.3391089109375 0.7089521453125001 0.34426567656249996 0.7141089109375 0.3587046203125 0.7202970296875 0.3710808578125 0.7182343234374999 0.3803630359375 0.7089521453125001 0.3803630359375 0.7027640265625 0.3741749171875 0.6945132015625 0.3741749171875 0.6883250828125 0.3721122109375 0.6862623765625 0.3741749171875 0.6718234328125 0.3710808578125 0.6687293734375 0.3659240921875 0.6676980203125 0.35457920781249996 0.6666666671875 0.3463283828125 0.6707920796875 0.3349834984375 0.6841996703125
0 0.3741749171875 0.6718234328125 0.3741749171875 0.6924504953125 0.3834570953125 0.7058580859375 0.3896452140625 0.7099834984375 0.3958333328125 0.7099834984375 0.40202145156249997 0.7141089109375 0.4061468640625 0.7141089109375 0.4205858078125 0.7079207921874999 0.42780528125000006 0.7007013203125 0.42780528125000006 0.6945132015625 0.42367986875 0.6903877890625 0.4216171609375 0.6759488453125 0.4195544546875 0.6738861390625 0.4195544546875 0.6697607265625 0.42367986875 0.6635726078124999 0.4216171609375 0.6573844890625 0.41439768906249996 0.6542904296875001 0.4009900984375 0.6532590765624999 0.3855198015625 0.6584158421875 0.3762376234375 0.6676980203125 0.3741749171875 0.6718234328125
0 0.3690181515625 0.7182343234374999 0.3566419140625 0.7182343234374999 0.3556105609375 0.7213283828125 0.3669554453125 0.7306105609375 0.3834570953125 0.7306105609375 0.38758250781250003 0.7285478546874999 0.39273927343750004 0.7213283828125 0.3886138609375 0.7172029703125 0.3844884484375 0.7068894390625 0.3813943890625 0.7058580859375 0.3731435640625 0.7161716171875 0.3690181515625 0.7182343234374999
0 0.44636963749999997 0.6635726078124999 0.45049504999999995 0.6738861390625 0.46183993437500004 0.6872937296875 0.47421617187500004 0.6934818484374999 0.48659240937500003 0.6955445546875 0.488655115625 0.6934818484374999 0.49690594062500004 0.6934818484374999 0.5072194718749999 0.6893564359375 0.51856435625 0.6780115515625 0.5226897687500001 0.6676980203125 0.5226897687500001 0.6470709578125 0.51856435625 0.6388201312499999 0.513407590625 0.633663365625 0.488655115625 0.633663365625 0.46905940625 0.6243811874999999 0.46390264062500003 0.625412540625 0.44843234374999996 0.6429455453124999 0.44636963749999997 0.6635726078124999
0 0.55981848125 0.7192656765625001 0.55156765625 0.7316419140625 0.55156765625 0.7378300328125 0.560849834375 0.7450495046875 0.575288778125 0.7471122109375 0.5814768984375001 0.7450495046875 0.5969471953125 0.7316419140625 0.5990099015625 0.7275165015625 0.5990099015625 0.7151402640625 0.5948844890625 0.7068894390625 0.5866336640625 0.6986386140625 0.564975246875 0.6976072609374999 0.55981848125 0.7007013203125 0.55981848125 0.7192656765625001
0 0.6072607265625 0.7172029703125 0.6031353140625 0.7254537953125 0.6031353140625 0.7398927390625001 0.6124174921875001 0.7512376234375 0.6165429046875001 0.7533003296875 0.6351072609374999 0.7512376234375 0.6443894390625 0.7440181515625001 0.6433580859375 0.7409240921875 0.6299504953125 0.7316419140625 0.6278877890625 0.7275165015625 0.6258250828125 0.7151402640625 0.6278877890625 0.7089521453125001 0.6258250828125 0.7068894390625 0.6206683171875 0.7058580859375 0.6165429046875001 0.7079207921874999 0.6072607265625 0.7172029703125
0 0.7021452140625 0.6965759078125 0.6980198015625 0.7089521453125001 0.6980198015625 0.7172029703125 0.7021452140625 0.7254537953125 0.7134900984375 0.7347359734375 0.7299917484375 0.7347359734375 0.7341171609375 0.7326732671875 0.749587459375 0.7151402640625 0.751650165625 0.7027640265625 0.749587459375 0.6965759078125 0.738242575 0.6831683171875 0.7351485156249999 0.6821369640625 0.7238036296875 0.6811056109375 0.7176155109375 0.6831683171875 0.7021452140625 0.6965759078125
0 0.753712871875 0.6821369640625 0.753712871875 0.7027640265625 0.76299505 0.7141089109375 0.771245875 0.7182343234374999 0.78155940625 0.7182343234374999 0.79393564375 0.7120462046875 0.799092409375 0.7068894390625 0.8052805281250001 0.6945132015625 0.8052805281250001 0.6780115515625 0.8011551156250001 0.6697607265625 0.79599835 0.6646039609375001 0.786716171875 0.6615099015625 0.77743399375 0.6604785484375 0.7671204625 0.6646039609375001 0.753712871875 0.6821369640625
0 0.77330858125 0.7182343234374999 0.768151815625 0.7275165015625 0.757838284375 0.7378300328125 0.7650577562499999 0.7429867984375 0.77743399375 0.7409240921875 0.788778878125 0.7316419140625 0.792904290625 0.7254537953125 0.792904290625 0.7151402640625 0.7898102312499999 0.7141089109375 0.78155940625 0.7182343234374999 0.77330858125 0.7182343234374999
0 0.85169141875 0.49133663437499997 0.838283828125 0.50268151875 0.834158415625 0.51093234375 0.834158415625 0.5171204625 0.836221121875 0.5191831687499999 0.836221121875 0.5501237625 0.834158415625 0.55218646875 0.834158415625 0.5666254125 0.85169141875 0.586221121875 0.8640676562499999 0.588283828125 0.8661303625000001 0.590346534375 0.87644389375 0.590346534375 0.8929455453124999 0.582095709375 0.9084158421874999 0.56456270625 0.9125412546874999 0.54599835 0.9146039609375001 0.54393564375 0.9125412546874999 0.5171204625 0.9063531359375 0.5047442249999999 0.8929455453124999 0.49133663437499997 0.885726071875 0.488242575 0.8661303625000001 0.487211221875 0.8640676562499999 0.489273928125 0.85169141875 0.49133663437499997
0 0.9001650171875 0.5913778875 0.9001650171875 0.5996287125 0.8981023109375 0.60169141875 0.9001650171875 0.62231848125 0.9042904296875 0.63056930625 0.9094471953125 0.635726071875 0.9197607265625001 0.6398514843750001 0.9280115515625 0.6398514843750001 0.9383250828125 0.635726071875 0.9476072609375 0.62644389375 0.9537953796875 0.61200495 0.9537953796875 0.587252475 0.9517326734375 0.58106435625 0.9465759078125 0.5738448843749999 0.9311056109375 0.5666254125 0.9218234328125 0.565594059375 0.9084158421874999 0.5748762375 0.9001650171875 0.5913778875
1 0.739273928125 0.50268151875 0.7310231015624999 0.5253712875 0.7310231015624999 0.54393564375 0.739273928125 0.5666254125 0.75680693125 0.586221121875 0.77330858125 0.592409240625 0.79393564375 0.592409240625 0.8145627062499999 0.582095709375 0.827970296875 0.5666254125 0.836221121875 0.54599835 0.836221121875 0.52330858125 0.834158415625 0.521245875 0.834158415625 0.51299505 0.8300330031250001 0.5088696374999999 0.827970296875 0.5006188125000001 0.8166254125 0.487211221875 0.8083745875 0.4810231015625 0.79599835 0.47689768906249996 0.784653465625 0.47586633593750005 0.77330858125 0.47689768906249996 0.7547442249999999 0.487211221875 0.739273928125 0.50268151875
1 0.6196369640625 0.521245875 0.6113861390625 0.537747525 0.6113861390625 0.56868811875 0.6175742578125 0.58106435625 0.6351072609374999 0.600660065625 0.6454207921874999 0.606848184375 0.6516089109375 0.606848184375 0.6536716171875 0.608910890625 0.6763613859375 0.608910890625 0.6969884484375 0.600660065625 0.7124587453125 0.5851897687500001 0.7227722765625 0.5625 0.7227722765625 0.5398102312499999 0.7124587453125 0.5171204625 0.7011138609375 0.505775578125 0.6949257421875 0.503712871875 0.6908003296875 0.499587459375 0.6773927390625001 0.49649340000000003 0.6557343234374999 0.495462046875 0.6433580859375 0.499587459375 0.6196369640625 0.521245875
1 0.45874587499999997 0.55218646875 0.45049504999999995 0.56868811875 0.45049504999999995 0.5955033000000001 0.45668316875 0.6099422437500001 0.47215346562500005 0.625412540625 0.490717821875 0.633663365625 0.513407590625 0.633663365625 0.5319719468749999 0.625412540625 0.5433168312500001 0.6161303625000001 0.5536303625000001 0.59756600625 0.55569306875 0.5748762375 0.54950495 0.55631188125 0.534034653125 0.5408415843750001 0.51443894375 0.53155940625 0.49278052812500006 0.5305280531250001 0.47421617187500004 0.538778878125 0.45874587499999997 0.55218646875
1 0.28754125468749997 0.57900165 0.2813531359375 0.59344059375 0.2813531359375 0.61200495 0.28960396093749996 0.6285065999999999 0.2988861390625 0.637788778125 0.3174504953125 0.6460396046875 0.3298267328125 0.6460396046875 0.34426567656249996 0.6398514843750001 0.35973597343749997 0.62231848125 0.3617986796875 0.6099422437500001 0.3638613859375 0.6078795375 0.3617986796875 0.5913778875 0.3535478546875 0.57693894375 0.34426567656249996 0.567656765625 0.3308580859375 0.5625 0.3153877890625 0.5614686468750001 0.2988861390625 0.567656765625 0.28754125468749997 0.57900165
1 0.23700495 0.592409240625 0.21328382812500002 0.5913778875 0.21122112187500003 0.60169141875 0.21328382812500002 0.603754125 0.215346534375 0.6161303625000001 0.22669141874999998 0.631600659375 0.23700495 0.637788778125 0.25556930625 0.6398514843750001 0.2658828390625 0.635726071875 0.2772277234375 0.6243811874999999 0.2813531359375 0.6161303625000001 0.2813531359375 0.5955033000000001 0.2710396046875 0.57281353125 0.2658828390625 0.571782178125 0.25144389375 0.586221121875 0.23700495 0.592409240625
1 0.28754125468749997 0.6780115515625 0.28754125468749997 0.6903877890625 0.2916666671875 0.6986386140625 0.3030115515625 0.7099834984375 0.3091996703125 0.7120462046875 0.3215759078125 0.7120462046875 0.33292079218750004 0.7027640265625 0.3349834984375 0.6986386140625 0.33292079218750004 0.6965759078125 0.3349834984375 0.6945132015625 0.3349834984375 0.6759488453125 0.33292079218750004 0.6718234328125 0.3215759078125 0.6625412546875 0.3164191421875 0.6615099015625 0.30507425781249997 0.6604785484375 0.3009488453125 0.6625412546875 0.28754125468749997 0.6780115515625
1 0.2813531359375 0.6924504953125 0.28754125468749997 0.7068894390625 0.2988861390625 0.7161716171875 0.30507425781249997 0.7182343234374999 0.3174504953125 0.7141089109375 0.3174504953125 0.7120462046875 0.3112623765625 0.7120462046875 0.3009488453125 0.7079207921874999 0.2916666671875 0.6986386140625 0.28754125468749997 0.6903877890625 0.28754125468749997 0.6780115515625 0.2854785484375 0.6780115515625 0.2834158421875 0.6821369640625 0.2813531359375 0.6924504953125
1 0.38758250781250003 0.7079207921874999 0.3865511546875 0.7130775578125 0.3937706265625 0.7223597359375 0.40408415781249996 0.7285478546874999 0.4205858078125 0.7285478546874999 0.43193069375000004 0.7213283828125 0.43193069375000004 0.7172029703125 0.425742575 0.7068894390625 0.422648515625 0.7058580859375 0.4061468640625 0.7141089109375 0.38758250781250003 0.7079207921874999
1 0.5072194718749999 0.6893564359375 0.49896864687500003 0.6934818484374999 0.48246699687500005 0.6955445546875 0.4793729375 0.6986386140625 0.48349834999999997 0.7130775578125 0.49278052812500006 0.7223597359375 0.5010313531249999 0.7264851484375 0.517533003125 0.7264851484375 0.523721121875 0.7244224421875 0.53506600625 0.7151402640625 0.541254125 0.7007013203125 0.541254125 0.6924504953125 0.53919141875 0.6862623765625 0.52681518125 0.6718234328125 0.5216584156249999 0.6707920796875 0.51856435625 0.6780115515625 0.5072194718749999 0.6893564359375
1 0.509282178125 0.7450495046875 0.513407590625 0.7471122109375 0.527846534375 0.7491749171875 0.538160065625 0.7450495046875 0.5433168312500001 0.7398927390625001 0.5216584156249999 0.7388613859375 0.508250825 0.7275165015625 0.5010313531249999 0.7264851484375 0.5 0.7337046203125 0.509282178125 0.7450495046875
1 0.751650165625 0.7068894390625 0.745462046875 0.7213283828125 0.7330858078125 0.7337046203125 0.738242575 0.7388613859375 0.74443069375 0.7409240921875 0.7464934000000001 0.7388613859375 0.76093234375 0.7367986796875 0.772277228125 0.7213283828125 0.7691831687499999 0.7161716171875 0.76299505 0.7141089109375 0.755775578125 0.7068894390625 0.751650165625 0.6965759078125 0.749587459375 0.6965759078125 0.749587459375 0.7007013203125 0.751650165625 0.7068894390625
1 0.83518976875 0.7306105609375 0.8197194718749999 0.7316419140625 0.8269389437499999 0.7367986796875 0.837252475 0.7367986796875 0.8424092406250001 0.7337046203125 0.854785478125 0.7151402640625 0.85169141875 0.7141089109375 0.8393151812499999 0.7285478546874999 0.83518976875 0.7306105609375
1 0.8506600656250001 0.6945132015625 0.8506600656250001 0.7027640265625 0.854785478125 0.7130775578125 0.8661303625000001 0.7182343234374999 0.8702557750000001 0.7182343234374999 0.88056930625 0.7120462046875 0.8877887781249999 0.7027640265625 0.8877887781249999 0.6986386140625 0.877475246875 0.6883250828125 0.875412540625 0.6738861390625 0.8661303625000001 0.6728547859375 0.856848184375 0.6821369640625 0.8506600656250001 0.6945132015625
1 0.877475246875 0.6718234328125 0.875412540625 0.6738861390625 0.877475246875 0.6883250828125 0.8888201312499999 0.6976072609374999 0.8991336640625001 0.6976072609374999 0.9032590765625 0.6955445546875 0.9146039609375001 0.6841996703125 0.9166666671874999 0.6780115515625 0.9166666671874999 0.6697607265625 0.9135726078124999 0.6666666671875 0.9053217828125 0.6646039609375001 0.9001650171875 0.6594471953125 0.8960396046874999 0.6470709578125 0.885726071875 0.6511963703125 0.877475246875 0.6656353140625 0.877475246875 0.6718234328125
1 0.8960396046874999 0.6491336640625 0.8981023109375 0.6553217828125 0.9053217828125 0.6646039609375001 0.9197607265625001 0.6687293734375 0.9321369640625001 0.6625412546875 0.9393564359375001 0.6553217828125 0.9455445546875 0.6408828390625 0.9445132015625 0.631600659375 0.9280115515625 0.6398514843750001 0.9197607265625001 0.6398514843750001 0.9094471953125 0.635726071875 0.9042904296875 0.6285065999999999 0.9011963703125 0.627475246875 0.8981023109375 0.63056930625 0.8960396046874999 0.6491336640625
1 0.9455445546875 0.6388201312499999 0.9434818484375 0.6408828390625 0.9434818484375 0.6470709578125 0.9372937296874999 0.6573844890625 0.9259488453125 0.6666666671875 0.9207920796875 0.6676980203125 0.9207920796875 0.6718234328125 0.9238861390625001 0.6749174921875001 0.9280115515625 0.6769801984375 0.9383250828125 0.6769801984375 0.9537953796875 0.6635726078124999 0.9579207921874999 0.6532590765624999 0.9579207921874999 0.6388201312499999 0.9517326734375 0.6285065999999999 0.9465759078125 0.627475246875 0.9434818484375 0.6326320125 0.9455445546875 0.6388201312499999