2 1 0.430395046875 0.99528301875 0.42945165156250004 0.9933176093749999 0.42945165156250004 0.9933176093749999 0.4569673734375 0.9913522015625 0.45893278281249994 0.9893867921874999 0.47072523593750004 0.9815251578125 0.484483096875 0.9716981125 0.4923447328125 0.9716981125 0.49627555 0.9756289312499999 0.5041371859375 0.9844732703125001 0.512981525 0.99233490625 0.5169123421874999 1 0.5169123421874999 1 0.430395046875
2 1 0.323406928125 0.9943003140625001 0.3164406453125 0.9913522015625 0.315457940625 0.9884040875 0.3144752359375 0.9844732703125001 0.3164406453125 0.9736635218749999 0.32725039375 0.9697327046875 0.335112028125 0.9697327046875 0.3410082546875 0.9677672953125 0.34297366406249996 0.9677672953125 0.38031643125 0.9775943390625 0.4039013359375 0.9943003140625001 0.42257272031250004 1 0.4254225625 1 0.323406928125
2 0.9245283015625001 0.40586674531250005 0.918632075 0.4156937890625 0.9147012578125 0.441244103125 0.9166666671874999 0.4432095125 0.918632075 0.46286360000000004 0.9245283015625001 0.4766214625 0.9392688671875 0.491362028125 0.9471305031249999 0.49529284531249995 0.9667845906249999 0.49529284531249995 0.9834905656249999 0.4805522796875 0.987421384375 0.47465605312500003 0.9933176093749999 0.4569673734375 0.9933176093749999 0.43338246874999997 0.9913522015625 0.431417059375 0.9893867921874999 0.41962460625000003 0.9775943390625 0.4039013359375 0.9648191828125 0.3930915875 0.9559748421875 0.390143475 0.94516509375 0.3891607703125 0.937303459375 0.3930915875 0.9245283015625001 0.40586674531250005
2 0.8871855343749999 0.4766214625 0.8793238999999999 0.49037932343749996 0.877358490625 0.5021717765625 0.87539308125 0.5041371859375 0.87539308125 0.51986045625 0.8832547171874999 0.53951454375 0.8940644656250001 0.5503242921875 0.9078223265625001 0.55622051875 0.9176493703125 0.55622051875 0.9314072328125 0.5503242921875 0.940251571875 0.541479953125 0.950078615625 0.517895046875 0.950078615625 0.498240959375 0.9392688671875 0.491362028125 0.9264937109375 0.47858687031249997 0.9166666671874999 0.46286360000000004 0.9078223265625001 0.461880896875 0.9019261000000001 0.4638463046875 0.8871855343749999 0.4766214625
2 0.8675314468750001 0.5434453609375 0.8694968546874999 0.5454107703125 0.8694968546874999 0.5670302671874999 0.8675314468750001 0.5689956765625 0.8675314468750001 0.5768573109374999 0.8744103781250001 0.5857016515625 0.8842374218750001 0.591597878125 0.8979952828125001 0.5935632859375 0.903891509375 0.591597878125 0.918632075 0.5807881296875 0.9245283015625001 0.570961084375 0.92845911875 0.5552378140625 0.90585691875 0.55622051875 0.8960298734375 0.5522897015625 0.88915094375 0.5473761796875001 0.8793238999999999 0.5336183171875 0.877358490625 0.527722090625 0.8734276734374999 0.527722090625 0.8675314468750001 0.5375491359375 0.8675314468750001 0.5434453609375
2 0.7437106921875001 0.57292649375 0.737814465625 0.5906151734375 0.7397798734375 0.59258058125 0.7397798734375 0.604373034375 0.7417452828125 0.6083038515625 0.75255503125 0.6230444187499999 0.762382075 0.6289406453125 0.7800707546875 0.6289406453125 0.7918632078125001 0.6230444187499999 0.80267295625 0.6122346703125 0.8085691828125 0.5965114 0.8066037734375 0.5906151734375 0.7967767296875 0.5788227203125 0.7967767296875 0.5689956765625 0.77908805 0.55327240625 0.7682783015625 0.5522897015625 0.7584512578125 0.55622051875 0.7437106921875001 0.57292649375
2 0.6749213843749999 0.59258058125 0.6670597484375 0.604373034375 0.6670597484375 0.6083038515625 0.6690251578125 0.6102692609375 0.6690251578125 0.618130896875 0.677869496875 0.6328714625 0.6975235843750001 0.64269850625 0.7073506296875001 0.64269850625 0.71914308125 0.6387676890625 0.7319182390625001 0.627957940625 0.7397798734375 0.6122346703125 0.7397798734375 0.5965114 0.7338836484375 0.5827535375 0.7270047171875 0.57587460625 0.7132468546874999 0.577840015625 0.711281446875 0.57587460625 0.701454403125 0.57587460625 0.69654088125 0.57292649375 0.687696540625 0.5719437890625 0.680817609375 0.5788227203125 0.6749213843749999 0.59258058125
0 0.84591195 0.55327240625 0.831171384375 0.5660475625 0.8193789312499999 0.568012971875 0.8174135218749999 0.56997838125 0.7967767296875 0.5689956765625 0.7967767296875 0.5768573109374999 0.8007075468749999 0.584718946875 0.8154481125 0.5994595125 0.8272405656249999 0.6033903296875 0.840998428125 0.601424921875 0.85279088125 0.5955286953125001 0.8636006296875 0.5827535375 0.8694968546874999 0.5650648578124999 0.8694968546874999 0.5493415875000001 0.8616352203125001 0.531652909375 0.85573899375 0.531652909375 0.85573899375 0.5375491359375 0.84591195 0.55327240625
0 0.787932390625 0.47760416718750004 0.7771226421875 0.49037932343749996 0.76926100625 0.5100334125 0.76926100625 0.527722090625 0.7771226421875 0.5493415875000001 0.78596698125 0.5601513359375 0.8056210687500001 0.56997838125 0.8193789312499999 0.56997838125 0.8370676093749999 0.5621167453125 0.8498427671875 0.5473761796875001 0.8577044031250001 0.5296875 0.8577044031250001 0.5041371859375 0.853773584375 0.4923447328125 0.83903301875 0.4756387578125 0.8331367921874999 0.471707940625 0.8164308171875 0.46679441875 0.8095518875 0.46581171406250005 0.8036556609375 0.46777712187500003 0.787932390625 0.47760416718750004
1 0.7073506296875001 0.471707940625 0.687696540625 0.481534984375 0.6749213843749999 0.49627555 0.6670597484375 0.5159296390625 0.6690251578125 0.541479953125 0.6788522015625 0.561134040625 0.6975235843750001 0.5739091984375 0.7152122640624999 0.57587460625 0.7171776734375 0.577840015625 0.73290094375 0.5739091984375 0.744693396875 0.568012971875 0.7594339625 0.55327240625 0.767295596875 0.5375491359375 0.767295596875 0.5119988203125 0.7613993703124999 0.49627555 0.7486242140625 0.481534984375 0.7427279875 0.47760416718750004 0.7220911953125 0.47072523593750004 0.7152122640624999 0.46974253125 0.7132468546874999 0.471707940625 0.7073506296875001 0.471707940625
1 0.4606918234375 0.51986045625 0.45479559687500004 0.527722090625 0.45086477968749994 0.5375491359375 0.45086477968749994 0.561134040625 0.45676100625 0.5748919031249999 0.475432390625 0.591597878125 0.4911556609375 0.5974941031250001 0.504913521875 0.5974941031250001 0.524567609375 0.58963246875 0.5393081765625001 0.5748919031249999 0.5393081765625001 0.570961084375 0.54323899375 0.5670302671874999 0.54323899375 0.561134040625 0.545204403125 0.5591686328125001 0.545204403125 0.5434453609375 0.5373427671875 0.5257566828125 0.5226022015625 0.511016115625 0.5039308171875 0.5041371859375 0.4911556609375 0.50315448125 0.471501571875 0.511016115625 0.4606918234375 0.51986045625
1 0.32900943437499997 0.51986045625 0.3211477984375 0.5375491359375 0.3211477984375 0.55327240625 0.3329402515625 0.57292649375 0.3398191828125 0.579805425 0.3594732703125 0.587667059375 0.37323113281250003 0.587667059375 0.3909198109375 0.579805425 0.401729559375 0.5670302671874999 0.4076257859375 0.551306996875 0.4076257859375 0.5375491359375 0.401729559375 0.5237912734375 0.38698899375 0.5070852984374999 0.3761792453125 0.5021717765625 0.3614386796875 0.5011890718750001 0.34375 0.5070852984374999 0.32900943437499997 0.51986045625
1 0.24449685468750001 0.46286360000000004 0.2386006296875 0.47465605312500003 0.2386006296875 0.5002063671875 0.24449685468750001 0.5139642296875 0.2533411953125 0.524773978125 0.2612028296875 0.5306702046875 0.2729952828125 0.534601021875 0.2926493703125 0.534601021875 0.3083726421875 0.5267393874999999 0.32507861562499996 0.50610259375 0.32900943437499997 0.4943101421875 0.32900943437499997 0.4766214625 0.32311320781249997 0.46089819218750006 0.30444182343750004 0.4441922171875 0.2965801890625 0.44026139999999997 0.2877358484375 0.4392786953125 0.2769261 0.44026139999999997 0.2612028296875 0.4461576265625 0.24449685468750001 0.46286360000000004
1 0.132468553125 0.38621265781249997 0.122641509375 0.4078321546875 0.1206761 0.42552083281249997 0.122641509375 0.42748624218750003 0.122641509375 0.4392786953125 0.1265723265625 0.44517492187499996 0.1265723265625 0.44910573906250006 0.1354166671875 0.4599154875 0.14720911875 0.46777712187500003 0.168828615625 0.46777712187500003 0.182586478125 0.4599154875 0.1933962265625 0.44910573906250006 0.20125786093750003 0.431417059375 0.2032232703125 0.4097975625 0.20125786093750003 0.4078321546875 0.20125786093750003 0.3960397015625 0.1953616359375 0.3842472484375 0.1865172953125 0.375402909375 0.175707546875 0.3704893875 0.1550707546875 0.3695066828125 0.14327830156250002 0.375402909375 0.132468553125 0.38621265781249997
1 0.185534590625 0.47465605312500003 0.1796383640625 0.48644850625 0.1796383640625 0.5100334125 0.185534590625 0.5218258640625 0.192413521875 0.5306702046875 0.2002751578125 0.53656643125 0.21010220156249998 0.5404972484375 0.2238600625 0.5385318390625 0.235652515625 0.5326356125 0.2464622640625 0.51986045625 0.2464622640625 0.5159296390625 0.242531446875 0.5119988203125 0.2386006296875 0.5002063671875 0.2386006296875 0.488413915625 0.2366352203125 0.48644850625 0.2386006296875 0.484483096875 0.2386006296875 0.47269064531250005 0.2405660375 0.4687598265625 0.235652515625 0.461880896875 0.2228773578125 0.4569673734375 0.21403301875 0.4559846703125 0.1983097484375 0.461880896875 0.185534590625 0.47465605312500003
1 0.232704403125 0.5375491359375 0.23073899375 0.5591686328125001 0.232704403125 0.561134040625 0.232704403125 0.5670302671874999 0.2386006296875 0.5768573109374999 0.2513757859375 0.587667059375 0.2572720125 0.58963246875 0.2729952828125 0.58963246875 0.28085691874999996 0.5857016515625 0.2897012578125 0.5768573109374999 0.293632075 0.5650648578124999 0.293632075 0.5572032234375001 0.295597484375 0.5552378140625 0.295597484375 0.5473761796875001 0.2906839625 0.53656643125 0.28085691874999996 0.53656643125 0.278891509375 0.534601021875 0.2651336484375 0.5326356125 0.252358490625 0.5237912734375 0.24744496875 0.52280856875 0.2366352203125 0.531652909375 0.232704403125 0.5375491359375
1 0.5157232703125 0.6200963046875 0.50982704375 0.6318887578125 0.50982704375 0.6456466187500001 0.5137578609375 0.6554736640625001 0.5226022015625 0.664318003125 0.5324292453125 0.6682488203125 0.5520833328125 0.6682488203125 0.55994496875 0.664318003125 0.5668238999999999 0.6574390718750001 0.5727201265625 0.6456466187500001 0.5727201265625 0.6338541671875 0.5668238999999999 0.6220617140625 0.5560141515625 0.611251965625 0.5491352203125001 0.6083038515625 0.5363600625 0.6073211484375001 0.52653301875 0.611251965625 0.5157232703125 0.6200963046875
1 0.6257861640625 0.6515428453125 0.6198899375 0.661369890625 0.6198899375 0.669231525 0.6257861640625 0.6829893874999999 0.634630503125 0.6898683171875 0.6483883640625 0.6918337265625001 0.6503537734375 0.6898683171875 0.65625 0.6898683171875 0.6690251578125 0.67905856875 0.672955975 0.6711969343749999 0.672955975 0.65940448125 0.6650943390624999 0.6456466187500001 0.6533018875 0.6417158015625 0.6424921390625 0.640733096875 0.6365959125 0.64269850625 0.6257861640625 0.6515428453125
1 0.1363993703125 0.53951454375 0.1344339625 0.5454107703125 0.1344339625 0.56309945 0.1363993703125 0.5689956765625 0.14327830156250002 0.577840015625 0.15113993750000002 0.5817708328125 0.162932390625 0.5817708328125 0.16981132031249999 0.5768573109374999 0.1737421390625 0.570961084375 0.1737421390625 0.5591686328125001 0.175707546875 0.5572032234375001 0.175707546875 0.5493415875000001 0.1717767296875 0.53951454375 0.162932390625 0.5326356125 0.1580188671875 0.531652909375 0.149174528125 0.5306702046875 0.14131289375 0.534601021875 0.1363993703125 0.53951454375
1 0.0204402515625 0.4805522796875 0.0224056609375 0.49627555 0.03125 0.5070852984374999 0.04107704375 0.5070852984374999 0.049921384375 0.49627555 0.051886792187499996 0.4766214625 0.0440251578125 0.46286360000000004 0.033215409375 0.461880896875 0.029284590625000002 0.4638463046875 0.0204402515625 0.4805522796875
0 0.0951257859375 0.5296875 0.10102201250000001 0.5434453609375 0.11576257812499999 0.5503242921875 0.12362421406249999 0.548358884375 0.1314858484375 0.5424626578125 0.1363993703125 0.531652909375 0.1344339625 0.508068003125 0.122641509375 0.498240959375 0.10790094374999999 0.49725825468749996 0.0951257859375 0.5119988203125 0.0951257859375 0.5296875
0 0.0636792453125 0.508068003125 0.0636792453125 0.5257566828125 0.0656446546875 0.531652909375 0.07448899375 0.5404972484375 0.086281446875 0.5404972484375 0.0951257859375 0.531652909375 0.0951257859375 0.5021717765625 0.0852987421875 0.4943101421875 0.0784198109375 0.49332743749999997 0.072523584375 0.49529284531249995 0.0636792453125 0.508068003125
0 0.1737421390625 0.570961084375 0.175707546875 0.5827535375 0.1796383640625 0.5906151734375 0.192413521875 0.5994595125 0.20617138437500002 0.5994595125 0.2150157234375 0.59258058125 0.21894654062500002 0.5866843546875 0.21894654062500002 0.5670302671874999 0.21698113281250003 0.561134040625 0.21010220156249998 0.5522897015625 0.2032232703125 0.5493415875000001 0.1904481125 0.548358884375 0.18062106875 0.5522897015625 0.1737421390625 0.570961084375
0 0.2631682390625 0.591597878125 0.26022012656250004 0.594545990625 0.26022012656250004 0.6004422171875 0.2582547171875 0.6024076265625 0.26022012656250004 0.614200078125 0.2661163515625 0.624027121875 0.27496069218749997 0.630906053125 0.28085691874999996 0.6328714625 0.2965801890625 0.630906053125 0.3014937109375 0.62599253125 0.3014937109375 0.6200963046875 0.29756289375 0.6122346703125 0.2995283015625 0.59258058125 0.293632075 0.5807881296875 0.288718553125 0.579805425 0.27496069218749997 0.58963246875 0.2631682390625 0.591597878125
0 0.382075471875 0.594545990625 0.3801100625 0.60633844375 0.37814465468749997 0.6083038515625 0.3801100625 0.6200963046875 0.3860062890625 0.6318887578125 0.4007468546875 0.640733096875 0.40664308125000004 0.640733096875 0.408608490625 0.64269850625 0.41647012656250004 0.64269850625 0.428262578125 0.6387676890625 0.43907232656249995 0.627957940625 0.4430031453125 0.6200963046875 0.4430031453125 0.6024076265625 0.44103773593750006 0.5965114 0.42629717031250003 0.5817708328125 0.41941823906250003 0.5788227203125 0.40467767343750005 0.577840015625 0.38895440312499996 0.5857016515625 0.382075471875 0.594545990625
0 0.4430031453125 0.6161654875 0.4430031453125 0.6220617140625 0.4331761 0.635819575 0.4331761 0.6417158015625 0.43710691874999996 0.6495774375 0.44595125781249995 0.6584217765625 0.461674528125 0.664318003125 0.47739779843749997 0.6603871859375 0.483294025 0.6564563671875 0.488207546875 0.6495774375 0.49017295625 0.637784984375 0.4921383640625 0.635819575 0.4921383640625 0.62599253125 0.49017295625 0.6220617140625 0.47739779843749997 0.60928655625 0.47051886718749997 0.60633844375 0.4557783015625 0.6053557390625001 0.44595125781249995 0.60928655625 0.4430031453125 0.6161654875
0 0.295597484375 0.55327240625 0.293632075 0.5591686328125001 0.293632075 0.5768573109374999 0.3014937109375 0.59258058125 0.312303459375 0.601424921875 0.322130503125 0.6053557390625001 0.3358883640625 0.6053557390625001 0.3516116359375 0.5974941031250001 0.3565251578125 0.5906151734375 0.3565251578125 0.5866843546875 0.345715409375 0.5837362421875001 0.3309748421875 0.570961084375 0.3211477984375 0.55327240625 0.3211477984375 0.5355837265625001 0.3181996859375 0.534601021875 0.3083726421875 0.5385318390625 0.295597484375 0.55327240625
2 0.49017295625 0.65940448125 0.49017295625 0.6731623421874999 0.5009827046875001 0.6859375 0.5088443390624999 0.6898683171875 0.5226022015625 0.6898683171875 0.5353773578125 0.681023978125 0.5393081765625001 0.669231525 0.5304638359375 0.6682488203125 0.5226022015625 0.664318003125 0.5137578609375 0.6554736640625001 0.50982704375 0.6456466187500001 0.5029481125 0.644663915625 0.49410377343749995 0.6515428453125 0.49017295625 0.65940448125
2 0.581564465625 0.6250098265624999 0.5727201265625 0.6318887578125 0.5727201265625 0.6456466187500001 0.5687893078124999 0.6554736640625001 0.564858490625 0.65940448125 0.571737421875 0.6721796390625 0.5874606921875001 0.6800412734375 0.5972877359375001 0.6800412734375 0.6090801890625 0.674145046875 0.617924528125 0.6653007078125001 0.6218553453125 0.6554736640625001 0.6218553453125 0.6436812109375001 0.617924528125 0.635819575 0.611045596875 0.6289406453125 0.59630503125 0.624027121875 0.5894261000000001 0.6230444187499999 0.5874606921875001 0.6250098265624999 0.581564465625 0.6250098265624999
2 0.5972877359375001 0.6800412734375 0.57959905625 0.6780758640625 0.5786163515625 0.681023978125 0.5894261000000001 0.6937991359375 0.5972877359375001 0.697729953125 0.6090801890625 0.697729953125 0.6257861640625 0.6829893874999999 0.6198899375 0.6711969343749999 0.6198899375 0.667266115625 0.6169418234374999 0.6662834125 0.6090801890625 0.674145046875 0.5972877359375001 0.6800412734375
2 0.382075471875 0.6554736640625001 0.3948506296875 0.6662834125 0.4105739 0.6682488203125 0.41647012656250004 0.6662834125 0.42727987343749996 0.6574390718750001 0.4312106921875 0.6495774375 0.4302279875 0.6387676890625 0.41843553437500003 0.64269850625 0.40664308125000004 0.64269850625 0.3948506296875 0.6387676890625 0.38993710625 0.6338541671875 0.38404088125 0.6338541671875 0.37814465468749997 0.6456466187500001 0.382075471875 0.6554736640625001
0 0.35259433906250004 0.62599253125 0.345715409375 0.6328714625 0.3329402515625 0.637784984375 0.341784590625 0.6485947328125 0.3516116359375 0.65252555 0.3594732703125 0.65252555 0.3712657234375 0.6485947328125 0.3801100625 0.6417158015625 0.38404088125 0.6338541671875 0.38404088125 0.627957940625 0.3801100625 0.6220617140625 0.3742138359375 0.604373034375 0.3663522015625 0.5984768078125 0.3565251578125 0.5984768078125 0.35849056562500003 0.6102692609375 0.35259433906250004 0.62599253125
0 0.29756289375 0.6102692609375 0.3014937109375 0.6220617140625 0.312303459375 0.6328714625 0.32409591249999997 0.6348368703125 0.3260613203125 0.6368022796874999 0.32999213906249997 0.6348368703125 0.331957546875 0.6368022796874999 0.3398191828125 0.6368022796874999 0.3545597484375 0.624027121875 0.3565251578125 0.6122346703125 0.35849056562500003 0.6102692609375 0.35849056562500003 0.604373034375 0.355542453125 0.5974941031250001 0.3516116359375 0.5974941031250001 0.3358883640625 0.6053557390625001 0.32016509375 0.6053557390625001 0.305424528125 0.5965114 0.302476415625 0.5955286953125001 0.2995283015625 0.5984768078125 0.29756289375 0.6102692609375
0 0.6306996859375 0.524773978125 0.6071147796874999 0.53656643125 0.598270440625 0.5473761796875001 0.5923742140625 0.5650648578124999 0.5923742140625 0.5768573109374999 0.598270440625 0.594545990625 0.611045596875 0.6073211484375001 0.624803459375 0.6132173734374999 0.6483883640625 0.6132173734374999 0.658215409375 0.60928655625 0.672955975 0.594545990625 0.680817609375 0.5768573109374999 0.680817609375 0.5650648578124999 0.6650943390624999 0.5355837265625001 0.6503537734375 0.524773978125 0.6434748421875 0.5237912734375 0.6385613203125 0.52280856875 0.6365959125 0.524773978125 0.6306996859375 0.524773978125
1 0.1118317609375 0.548358884375 0.105935534375 0.544428065625 0.1020047171875 0.544428065625 0.10102201250000001 0.5473761796875001 0.10298742187500001 0.55327240625 0.1118317609375 0.5621167453125 0.12165880468750001 0.5660475625 0.12755503125 0.5640821546875 0.132468553125 0.5591686328125001 0.1344339625 0.5552378140625 0.1344339625 0.541479953125 0.1314858484375 0.5404972484375 0.12362421406249999 0.548358884375 0.1118317609375 0.548358884375