1 0.515372984375 0.5510080640624999 0.5163810484375 0.5540322578125 0.5173891125 0.561088709375 0.5254536296875 0.5752016125 0.546622984375 0.592338709375 0.5526713703125 0.5943548390625 0.574848790625 0.5943548390625 0.5869455640625 0.5903225812499999 0.600050403125 0.58125 0.6121471781250001 0.5631048390625 0.61416330625 0.5510080640624999 0.6161794359375 0.5489919359375001 0.6161794359375 0.5368951609375 0.61416330625 0.5348790328125 0.6121471781250001 0.5207661296875 0.606098790625 0.5106854843749999 0.59501008125 0.49959677343750003 0.5808971781250001 0.4935483875 0.5728326609375001 0.4935483875 0.5698084671875 0.49657258125 0.5677923390624999 0.5086693546875 0.5597278218749999 0.5247983875 0.5425907265625 0.5399193546875 0.5304939515625 0.5459677421875 0.5183971781250001 0.5479838703125 0.515372984375 0.5510080640624999
1 0.500252015625 0.5459677421875 0.5022681453125 0.5479838703125 0.52041330625 0.5479838703125 0.5425907265625 0.5399193546875 0.5597278218749999 0.5247983875 0.5698084671875 0.5026209671874999 0.571824596875 0.482459678125 0.56376008125 0.4582661296875 0.546622984375 0.439112903125 0.5244455640625 0.4290322578125 0.4962197578125 0.4290322578125 0.48009072656249996 0.4350806453125 0.4609375 0.4522177421875 0.452872984375 0.4663306453125 0.452872984375 0.47237903281250004 0.4508568546875 0.4743951609375 0.45186491875 0.4975806453125 0.4589213703125 0.51875 0.47202620937499995 0.5338709671874999 0.4942036296875 0.5459677421875 0.500252015625 0.5459677421875
1 0.5929939515625 0.28185483906250003 0.5990423390624999 0.279838709375 0.6071068546875 0.2758064515625 0.6161794359375 0.2627016125 0.6181955640625 0.2566532265625 0.6161794359375 0.2385080640625 0.609122984375 0.2274193546875 0.59501008125 0.21935483906250003 0.58896169375 0.21733870937500002 0.5728326609375001 0.21733870937500002 0.5667842734375 0.21935483906250003 0.5587197578125 0.22338709687499997 0.55166330625 0.23044354843749998 0.5476310484375 0.2385080640625 0.5486391125 0.2616935484375 0.55166330625 0.26875 0.5587197578125 0.2758064515625 0.562752015625 0.2758064515625 0.5728326609375001 0.28185483906250003 0.5929939515625 0.28185483906250003
1 0.5849294359375 0.1790322578125 0.5738407265625 0.1901209671875 0.5728326609375001 0.20322580625 0.5738407265625 0.2102822578125 0.5788810484375 0.21733870937500002 0.6050907265625 0.21532258125 0.6071068546875 0.21733870937500002 0.6212197578125 0.21935483906250003 0.628276209375 0.2082661296875 0.628276209375 0.2002016125 0.6222278218749999 0.1881048390625 0.6131552421875 0.18104838750000002 0.603074596875 0.1770161296875 0.5849294359375 0.1790322578125
1 0.443800403125 0.0197580640625 0.4317036296875 0.023790321875 0.41859879062500005 0.0348790328125 0.4165826609375 0.038911290625 0.41759072656249996 0.0520161296875 0.42263104843750005 0.06108870937500001 0.4317036296875 0.0661290328125 0.4619455640625 0.0661290328125 0.4740423390625 0.0600806453125 0.48513104843750005 0.048991935937499995 0.48513104843750005 0.0348790328125 0.48009072656249996 0.02782258125 0.47001008125 0.02177419375 0.46396169374999996 0.0197580640625 0.443800403125 0.0197580640625
1 0.6524697578125 0.2747983875 0.6444052421875 0.28084677343750003 0.64541330625 0.2838709671875 0.6554939515625 0.2959677421875 0.6736391125 0.2979838703125 0.6776713703125 0.2959677421875 0.6847278218749999 0.2868951609375 0.6847278218749999 0.2727822578125 0.6756552421875 0.2616935484375 0.6675907265625 0.257661290625 0.659526209375 0.257661290625 0.656502015625 0.2627016125 0.656502015625 0.26875 0.6524697578125 0.2747983875
1 0.6988407265625 0.41794354843750003 0.696824596875 0.4038306453125 0.687752015625 0.3947580640625 0.6776713703125 0.39072580625 0.6675907265625 0.39072580625 0.65751008125 0.3947580640625 0.6504536296875 0.40181451562500003 0.6444052421875 0.41391129062500004 0.64541330625 0.416935484375 0.65146169375 0.41491935468749996 0.6696068546875 0.41491935468749996 0.6776713703125 0.4189516125 0.68876008125 0.43004032187499996 0.6917842734375 0.43709677343750003 0.696824596875 0.43205645156249994 0.7008568546875 0.419959678125 0.6988407265625 0.41794354843750003
1 0.687752015625 0.376612903125 0.6857358875 0.37862903281250004 0.6796875 0.37862903281250004 0.67061491875 0.3877016125 0.671622984375 0.39072580625 0.6796875 0.39072580625 0.687752015625 0.3947580640625 0.696824596875 0.4038306453125 0.6988407265625 0.41794354843750003 0.70186491875 0.4209677421875 0.7089213703125 0.41592741875000006 0.7109375 0.4118951609375 0.7109375 0.39375 0.699848790625 0.3806451609375 0.687752015625 0.376612903125
1 0.67666330625 0.5368951609375 0.6806955640625 0.5247983875 0.67666330625 0.504637096875 0.6726310484375 0.498588709375 0.659526209375 0.4875 0.65146169375 0.4875 0.6433971781250001 0.49556451562500003 0.631300403125 0.5016129031250001 0.6151713703125 0.5016129031250001 0.60811491875 0.5086693546875 0.609122984375 0.513709678125 0.61416330625 0.5247983875 0.6161794359375 0.5429435484375 0.625252015625 0.5520161296875 0.6413810484375 0.558064515625 0.6554939515625 0.5560483875 0.665574596875 0.55 0.67666330625 0.5368951609375
1 0.6817036296875 0.5903225812499999 0.6897681453125 0.6004032265625 0.6978326609375001 0.6044354843749999 0.7099294359375 0.6044354843749999 0.725050403125 0.5913306453125 0.7270665328125 0.5872983875 0.7270665328125 0.5731854843749999 0.7179939515625 0.5600806453125 0.7099294359375 0.5560483875 0.6978326609375001 0.5560483875 0.687752015625 0.5620967734375 0.6806955640625 0.5711693546875 0.6817036296875 0.5903225812499999
1 0.662550403125 0.7566532265625 0.6585181453125 0.7465725812499999 0.64541330625 0.7334677421875 0.637348790625 0.7294354843749999 0.6171875 0.7294354843749999 0.6050907265625 0.7354838703125 0.5899697578125 0.7506048390625 0.5879536296875 0.754637096875 0.58896169375 0.7758064515624999 0.5919858875 0.7848790328125 0.6010584671875 0.7939516125 0.6131552421875 0.8 0.631300403125 0.8 0.6413810484375 0.7959677421875 0.6544858875 0.7848790328125 0.662550403125 0.7707661296875 0.662550403125 0.7566532265625
0 0.4911794359375 0.6820564515624999 0.497227821875 0.6941532265625 0.506300403125 0.7032258062500001 0.512348790625 0.7072580640624999 0.5163810484375 0.7072580640624999 0.52041330625 0.711290321875 0.52646169375 0.711290321875 0.534526209375 0.7153225812499999 0.5506552421875 0.7153225812499999 0.5728326609375001 0.7072580640624999 0.5788810484375 0.7032258062500001 0.5899697578125 0.6901209671874999 0.5960181453125 0.6760080640624999 0.5960181453125 0.6477822578125 0.5899697578125 0.6336693546875 0.5728326609375001 0.6165322578125 0.5506552421875 0.6084677421875 0.5365423390624999 0.6084677421875 0.512348790625 0.6185483875 0.4911794359375 0.64375 0.4911794359375 0.6538306453125 0.48916330625000004 0.6558467734375 0.4901713703125 0.675 0.4911794359375 0.6820564515624999
0 0.6544858875 0.44213709687499997 0.63936491875 0.4270161296875 0.6151713703125 0.4229838703125 0.59501008125 0.43306451562500003 0.5899697578125 0.4401209671875 0.5839213703125 0.4542338703125 0.5849294359375 0.4713709671875 0.5899697578125 0.48447580625000003 0.5990423390624999 0.4935483875 0.6171875 0.5016129031250001 0.6292842734375 0.5016129031250001 0.6433971781250001 0.49556451562500003 0.6544858875 0.48447580625000003 0.6605342734375 0.470362903125 0.6605342734375 0.45625 0.6544858875 0.44213709687499997
0 0.6363407265625 0.23245967812499999 0.6272681453125 0.22338709687499997 0.6131552421875 0.21733870937500002 0.59501008125 0.21532258125 0.59501008125 0.21935483906250003 0.603074596875 0.22338709687499997 0.61416330625 0.23447580625 0.6181955640625 0.25463709687499997 0.6121471781250001 0.2707661296875 0.6171875 0.27177419375 0.6292842734375 0.2677419359375 0.6363407265625 0.260685484375 0.640372984375 0.25060483906250003 0.640372984375 0.24052419375 0.6363407265625 0.23245967812499999
0 0.39339717812499997 0.2274193546875 0.41759072656249996 0.21733870937500002 0.434727821875 0.2002016125 0.4448084671875 0.18004032187500002 0.4448084671875 0.1618951609375 0.44077620937499995 0.15181451562499998 0.43271169374999996 0.1417338703125 0.421622984375 0.132661290625 0.41759072656249996 0.132661290625 0.40751008125 0.126612903125 0.37928427343750004 0.126612903125 0.34904233906250004 0.13870967812499999 0.3379536296875 0.1477822578125 0.327872984375 0.16592741875 0.327872984375 0.17197580625 0.3258568546875 0.1739919359375 0.32686491875 0.1870967734375 0.32988911249999997 0.2002016125 0.34501008125 0.2213709671875 0.3631552421875 0.2274193546875 0.39339717812499997 0.2274193546875
0 0.6897681453125 0.4854838703125 0.6948084671875 0.49657258125 0.6927923390624999 0.51875 0.6978326609375001 0.52177419375 0.70791330625 0.52177419375 0.7159778218749999 0.5177419359375001 0.725050403125 0.5006048390625 0.725050403125 0.49455645156249994 0.7210181453125 0.48447580625000003 0.70791330625 0.4754032265625 0.6958165328125 0.4754032265625 0.68876008125 0.482459678125 0.6897681453125 0.4854838703125
2 0.65146169375 0.41491935468749996 0.640372984375 0.42399193593750006 0.6413810484375 0.4290322578125 0.656502015625 0.44616935468749996 0.6605342734375 0.4582661296875 0.6615423390624999 0.4713709671875 0.6776713703125 0.4713709671875 0.68876008125 0.4622983875 0.6927923390624999 0.4502016125 0.6927923390624999 0.4401209671875 0.68876008125 0.43004032187499996 0.6776713703125 0.4189516125 0.6696068546875 0.41491935468749996 0.65146169375 0.41491935468749996
2 0.690776209375 0.5207661296875 0.6948084671875 0.5106854843749999 0.6948084671875 0.49657258125 0.6927923390624999 0.49052419374999995 0.6817036296875 0.47741935468749996 0.671622984375 0.4713709671875 0.6615423390624999 0.4713709671875 0.6544858875 0.482459678125 0.6554939515625 0.4875 0.665574596875 0.4915322578125 0.67666330625 0.504637096875 0.6786794359375 0.5167338703125 0.6806955640625 0.51875 0.6806955640625 0.5247983875 0.6786794359375 0.526814515625 0.6817036296875 0.529838709375 0.690776209375 0.5207661296875
2 0.6837197578125 0.4693548390625 0.687752015625 0.47338709687499997 0.699848790625 0.47338709687499997 0.70791330625 0.4693548390625 0.7149697578125 0.4602822578125 0.7169858875 0.4441532265625 0.7129536296875 0.43407258125 0.70791330625 0.4290322578125 0.699848790625 0.4270161296875 0.6927923390624999 0.436088709375 0.690776209375 0.4582661296875 0.68271169375 0.46834677343750003 0.6837197578125 0.4693548390625
2 0.6736391125 0.33427419375 0.6665826609375001 0.34334677343750003 0.6675907265625 0.35241935468749996 0.67061491875 0.3614919359375 0.6796875 0.37056451562500003 0.6857358875 0.3725806453125 0.6917842734375 0.3725806453125 0.7038810484375 0.3665322578125 0.7089213703125 0.35342741875 0.7069052421875 0.34334677343750003 0.6978326609375001 0.33427419375 0.6897681453125 0.3302419359375 0.6796875 0.3302419359375 0.6736391125 0.33427419375
2 0.625252015625 0.2697580640625 0.6131552421875 0.27177419375 0.6131552421875 0.2758064515625 0.625252015625 0.28185483906250003 0.6413810484375 0.28185483906250003 0.6494455640625 0.27782258125000003 0.656502015625 0.26875 0.656502015625 0.2526209671875 0.6544858875 0.24657258125 0.6413810484375 0.2354838703125 0.6383568546875 0.2385080640625 0.640372984375 0.25060483906250003 0.6363407265625 0.260685484375 0.625252015625 0.2697580640625
2 0.6806955640625 0.2627016125 0.68271169375 0.25060483906250003 0.6776713703125 0.2415322578125 0.6675907265625 0.2354838703125 0.6534778218749999 0.2354838703125 0.6484375 0.2385080640625 0.6494455640625 0.2415322578125 0.659526209375 0.25967741875 0.665574596875 0.257661290625 0.6776713703125 0.263709678125 0.6806955640625 0.2627016125
2 0.6988407265625 0.7667338703125 0.702872984375 0.748588709375 0.7008568546875 0.742540321875 0.6917842734375 0.7334677421875 0.6837197578125 0.7294354843749999 0.6696068546875 0.7294354843749999 0.6635584671875 0.7314516125 0.6544858875 0.74052419375 0.6554939515625 0.7415322578125 0.662550403125 0.754637096875 0.662550403125 0.7707661296875 0.6585181453125 0.776814515625 0.659526209375 0.779838709375 0.6635584671875 0.7818548390625 0.6796875 0.7818548390625 0.687752015625 0.7778225812499999 0.6988407265625 0.7667338703125