2 0.5029667718749999 0.401898734375 0.49406645625 0.414754746875 0.49406645625 0.4266218359375 0.5079113921875 0.42859968281249994 0.5009889234375 0.4295886078125 0.49802215156249996 0.4325553796875 0.5 0.440466771875 0.50692246875 0.4454113921875 0.529667721875 0.44442246875 0.5375791140625 0.43651107656250004 0.535601265625 0.43057753125 0.5405458859375 0.4295886078125 0.5435126578125 0.4266218359375 0.5395569625000001 0.40882120312500003 0.5267009500000001 0.39794303750000004 0.5108781640625 0.39794303750000004 0.5029667718749999 0.401898734375
1 0.3585838609375 0.4256329109375 0.36352848125000004 0.42068829062499996 0.36352848125000004 0.40882120312500003 0.35462816406250003 0.395965190625 0.340783228125 0.3900316453125 0.3348496828125 0.3900316453125 0.32496044375 0.3939873421875 0.31803797500000003 0.400909809375 0.314082278125 0.40882120312500003 0.314082278125 0.41871044375000005 0.32199367031250004 0.4246439875 0.3200158234375 0.42859968281249994 0.326938290625 0.43552215156249996 0.33682753125 0.43947784843750004 0.34375 0.43848892343749996 0.3526503171875 0.43552215156249996 0.3556170890625 0.43057753125 0.353639240625 0.4266218359375 0.3566060125 0.42365506406250003 0.3585838609375 0.4256329109375
1 0.325 0.459375 0.04375 0.0421875
1 0.1609375 0.45625 0.05 0.040625
1 0.515625 0.4671875 0.0484375 0.0390625
1 0.5203125 0.5125 0.0484375 0.04375
2 0.71875 0.521875 0.0515625 0.0453125
2 0.7078125 0.475 0.046875 0.0421875
2 0.3390625 0.5046875 0.046875 0.040625
2 0.153125 0.4984375 0.0515625 0.040625
1 0.9078125 0.5296875 0.0546875 0.0515625
2 0.9046875 0.48125 0.05625 0.046875
3 0.1546875 0.4609375 0.075 0.115625
3 0.3296875 0.4671875 0.075 0.1234375
3 0.5171875 0.484375 0.0765625 0.128125
3 0.7125 0.4859375 0.06875 0.115625
3 0.909375 0.496875 0.0890625 0.1171875