1 0.5259477453125 0.6930327875 0.5034067624999999 0.69098360625 0.50135758125 0.6930327875 0.48701332031250005 0.6950819671875 0.47471823750000003 0.7032786890625 0.46754610625000004 0.7125 0.4634477453125 0.7145491796875 0.4593493859375 0.7227459015625 0.4593493859375 0.7309426234374999 0.4573002046875 0.732991803125 0.4593493859375 0.7555327875 0.46959528749999996 0.7719262296875 0.48291495937500006 0.783196721875 0.49930840156249995 0.7893442625 0.5218493859375 0.7893442625 0.5341444671875 0.7852459015625 0.5556608609375 0.76782786875 0.56385758125 0.7514344265624999 0.5628329921875 0.7237704921875 0.557710040625 0.7145491796875 0.550537909375 0.7073770484375 0.5259477453125 0.6930327875
1 0.4726690578125 0.38360655781249997 0.46754610625000004 0.3743852453125 0.45422643437500004 0.3610655734375 0.43783299218750005 0.352868853125 0.42143954843750003 0.35081967187499996 0.41939036874999996 0.352868853125 0.40504610625000004 0.3549180328125 0.3968493859375 0.35901639375 0.3876280734375 0.3682377046875 0.377382171875 0.384631146875 0.377382171875 0.3907786890625 0.3753329921875 0.39282786875000003 0.3753329921875 0.41331967187499996 0.377382171875 0.4194672125 0.3814805328125 0.4235655734375 0.3835297125 0.4297131140625 0.3948002046875 0.44098360625 0.40709528749999996 0.447131146875 0.413242828125 0.44918032812500003 0.43373463125 0.44918032812500003 0.4460297125 0.44508196718750004 0.45422643437500004 0.44098360625 0.46754610625000004 0.4256147546875 0.473693646875 0.40717213125 0.4726690578125 0.38360655781249997
1 0.40113900312500006 0 0.38557889375 0.0137295078125 0.38557889375 0.023975409375 0.39275102500000003 0.0352459015625 0.40504610625000004 0.03729508125 0.40709528749999996 0.0393442625 0.41939036874999996 0.0393442625 0.42143954843750003 0.03729508125 0.43373463125 0.0352459015625 0.4429559421875 0.028073770312500003 0.449103484375 0.01782786875 0.44807889375 0.0086065578125 0.437751025 0 0.40113900312500006 0
1 0.3589395484375 0.0547131140625 0.3589395484375 0.064959015625 0.3609887296875 0.0690573765625 0.3681608609375 0.074180328125 0.3743084015625 0.0680327875 0.39070184375 0.061885245312500003 0.4173411890625 0.06393442656250001 0.42041495937500006 0.058811475 0.41939036874999996 0.047540984375 0.418365778125 0.0444672125 0.411193646875 0.0393442625 0.40504610625000004 0.0393442625 0.3948002046875 0.0352459015625 0.3804559421875 0.0352459015625 0.372259221875 0.0393442625 0.3609887296875 0.0506147546875 0.3589395484375 0.0547131140625
1 0.3825051234375 0.11516393437500001 0.3948002046875 0.11516393437500001 0.42143954843750003 0.1049180328125 0.42861167968749997 0.0915983609375 0.4296362703125 0.0823770484375 0.4265625 0.07520491875 0.4173411890625 0.06598360625000001 0.4091444671875 0.061885245312500003 0.3886526640625 0.061885245312500003 0.3743084015625 0.0680327875 0.36303790937499997 0.079303278125 0.3609887296875 0.095696721875 0.36303790937499997 0.1018442625 0.372259221875 0.11106557343750001 0.3825051234375 0.11516393437500001
1 0.307710040625 0.2165983609375 0.307710040625 0.2309426234375 0.309759221875 0.235040984375 0.32307889375 0.246311475 0.3394723359375 0.246311475 0.3456198765625 0.2442622953125 0.36303790937499997 0.22889344218750002 0.365087090625 0.22274590156250001 0.3640625 0.21147540937499998 0.36303790937499997 0.2084016390625 0.3476690578125 0.19508196718749998 0.341521515625 0.19508196718749998 0.3394723359375 0.1930327875 0.329226434375 0.19508196718749998 0.316931353125 0.2012295078125 0.3118084015625 0.206352459375 0.307710040625 0.2165983609375
1 0.26057889375 0.4194672125 0.26057889375 0.433811475 0.2626280734375 0.4379098359375 0.2759477453125 0.447131146875 0.288242828125 0.44508196718750004 0.2995133203125 0.43176229531250004 0.2984887296875 0.4163934421875 0.288242828125 0.40614754062499997 0.27389856562500003 0.40614754062499997 0.2698002046875 0.408196721875 0.26057889375 0.4194672125
1 0.302587090625 0.37336065625 0.3015625 0.37028688593750003 0.2923411890625 0.3631147546875 0.27389856562500003 0.3631147546875 0.2626280734375 0.37643442656250004 0.2626280734375 0.3907786890625 0.2646772546875 0.3969262296875 0.2698002046875 0.4020491796875 0.2759477453125 0.4040983609375 0.288242828125 0.4040983609375 0.2923411890625 0.4020491796875 0.3036116796875 0.38872950781250004 0.302587090625 0.37336065625
1 0.307710040625 0.308811475 0.309759221875 0.3047131140625 0.30873463125 0.2995901640625 0.3036116796875 0.29446721249999996 0.3015625 0.28422131093749997 0.2964395484375 0.2790983609375 0.2820952875 0.2790983609375 0.2708247953125 0.28831967187499996 0.266726434375 0.2985655734375 0.266726434375 0.3067622953125 0.2759477453125 0.3180327875 0.28004610625000004 0.32008196718750004 0.2923411890625 0.32008196718750004 0.307710040625 0.308811475
0 0.335373975 0.3057377046875 0.34357069687499997 0.30163934375 0.3548411890625 0.28831967187499996 0.3589395484375 0.27807377031249997 0.357914959375 0.266803278125 0.3497182375 0.2565573765625 0.341521515625 0.252459015625 0.32307889375 0.2504098359375 0.314882171875 0.254508196875 0.3056608609375 0.26372950781250004 0.3015625 0.2719262296875 0.3015625 0.290368853125 0.31078381093749996 0.30163934375 0.3189805328125 0.3057377046875 0.335373975 0.3057377046875
0 0.3599641390625 0.6643442625 0.35176741875 0.6540983609375 0.34357069687499997 0.65 0.329226434375 0.65 0.3210297125 0.6540983609375 0.31385758125 0.663319671875 0.31385758125 0.6797131140625 0.3271772546875 0.6950819671875 0.3312756140625 0.697131146875 0.3456198765625 0.697131146875 0.3589395484375 0.68586065625 0.3609887296875 0.6797131140625 0.3599641390625 0.6643442625
0 0.30668545156250004 0.3323770484375 0.3056608609375 0.329303278125 0.29439036875 0.32008196718750004 0.28004610625000004 0.32008196718750004 0.266726434375 0.331352459375 0.2646772546875 0.3375 0.266726434375 0.3518442625 0.2718493859375 0.35901639375 0.28004610625000004 0.3631147546875 0.2923411890625 0.3610655734375 0.3036116796875 0.3518442625 0.307710040625 0.3415983609375 0.30668545156250004 0.3323770484375
1 0.3210297125 0.5844262296875 0.31078381093749996 0.572131146875 0.30668545156250004 0.5700819671875 0.2923411890625 0.5700819671875 0.28619364687500004 0.574180328125 0.28107069687499997 0.581352459375 0.28107069687499997 0.5977459015625 0.29029200781250003 0.6090163937499999 0.302587090625 0.6131147546875 0.30873463125 0.6110655734375 0.3179559421875 0.6038934421875 0.322054303125 0.595696721875 0.3210297125 0.5844262296875