2 0.8390625 0.5359375 0.05 0.0421875
2 0.675 0.5421875 0.0453125 0.0421875
2 0.490625 0.55 0.0453125 0.040625
2 0.2875 0.5609375 0.05 0.04375
1 0.659375 0.496875 0.0421875 0.040625
1 0.484375 0.503125 0.05 0.0421875
1 0.3015625 0.5109375 0.05 0.0421875
1 0.103125 0.56875 0.046875 0.046875
2 0.3018399875 0.48217624218750005 0.3018399875 0.47436374218750005 0.3076993625 0.47045749218750005 0.3076993625 0.46069186718750005 0.3018399875 0.45092624218750005 0.293050925 0.44409030468750005 0.28719155 0.44213717968750005 0.273519675 0.44213717968750005 0.2676603 0.44409030468750005 0.2588712375 0.45092624218750005 0.2530118625 0.46264499218750005 0.2549649875 0.47436374218750005 0.2608243625 0.47826999218750005 0.2588712375 0.48022311718750005 0.265707175 0.48705905468750005 0.27156655 0.48705905468750005 0.2744962375 0.48998874218750005 0.289144675 0.49096530468750005 0.29500405 0.48901217968750005 0.3018399875 0.48217624218750005
1 0.1046875 0.5203125 0.0484375 0.0421875
3 0.840625 0.5078125 0.0875 0.115625
3 0.6640625 0.5171875 0.078125 0.115625
3 0.48125 0.51875 0.0703125 0.13125
3 0.2859375 0.5296875 0.09375 0.1234375
3 0.0984375 0.5375 0.0875 0.1390625