0 0.6195739546875 0.7194533765625 0.6095257234375 0.7053858515625 0.5793810296874999 0.7073954984374999 0.5572749203125 0.7174437296875 0.549236334375 0.72347266875 0.5432073953125001 0.7315112546875 0.5381832796875 0.7345257234375 0.5361736328125 0.7405546625 0.5301446953125 0.7465836015625 0.5301446953125 0.75060289375 0.52411575625 0.762660771875 0.52411575625 0.7907958203125001 0.5261254015625 0.792805465625 0.5261254015625 0.7988344046875 0.5341639875 0.814911575 0.55124598125 0.83199356875 0.559284565625 0.8360128625 0.5633038578125 0.8360128625 0.569332796875 0.8400321546875 0.5773713828125 0.8400321546875 0.5793810296874999 0.8420418 0.6095257234375 0.8420418 0.6115353703124999 0.8400321546875 0.617564309375 0.8400321546875 0.6296221859375 0.834003215625 0.6366559484375001 0.826969453125 0.6507234734375 0.78476688125 0.657757234375 0.7536173640625 0.6587620578125 0.7365353703124999 0.6537379421875 0.7315112546875 0.6195739546875 0.7194533765625
0 0.45223740625 1 0.460811896875 0.9967845656250001 0.46985530468750003 0.9877411578125 0.47286977500000005 0.976688103125 0.467845659375 0.9656350484375 0.460811896875 0.9586012859374999 0.4387057875 0.9505627015625 0.4145900328125 0.952572346875 0.399517684375 0.9656350484375 0.399517684375 0.98171221875 0.403536978125 0.9877411578125 0.4145900328125 0.9967845656250001 0.424236334375 1 0.45223740625 1
1 0.549236334375 0.0381832796875 0.5472266875 0.0361736328125 0.527130225 0.040192926562499995 0.5140675234375001 0.051245981249999996 0.512057878125 0.0633038578125 0.51708199375 0.06430868125 0.5331591640625 0.056270096874999995 0.5673231515625 0.04421221875 0.568327975 0.0432073953125 0.5653135046875 0.040192926562499995 0.549236334375 0.0381832796875
1 0.5351688109375 0.0180868171875 0.529139871875 0.0160771703125 0.5110530546875001 0.0160771703125 0.5090434078125 0.0180868171875 0.50301446875 0.0180868171875 0.4939710609375 0.025120578124999998 0.4919614140625 0.029139871875 0.4939710609375 0.0411977484375 0.5070337625 0.050241157812500006 0.515072346875 0.050241157812500006 0.527130225 0.040192926562499995 0.5452170421875 0.0361736328125 0.546221865625 0.029139871875 0.54421221875 0.025120578124999998 0.5351688109375 0.0180868171875
1 0.5585537859375 0 0.5502411578124999 0.0070337625 0.5502411578124999 0.01708199375 0.55426045 0.023110932812500002 0.5633038578125 0.030144695312499997 0.5773713828125 0.0361736328125 0.59143890625 0.0361736328125 0.5954582 0.0341639875 0.600482315625 0.029139871875 0.6024919609375 0.0211012859375 0.6095257234375 0.0160771703125 0.610530546875 0.013062701562500001 0.6085209 0.0090434078125 0.601121746875 0 0.5585537859375 0
1 0.4889469453125 0.050241157812500006 0.480908359375 0.05426045 0.474879421875 0.05426045 0.46885048281249997 0.058279742187500004 0.4618167203125 0.069332796875 0.4618167203125 0.0753617359375 0.46684083593750003 0.0844051453125 0.47286977500000005 0.0844051453125 0.49899517656250003 0.0703376203125 0.5110530546875001 0.066318328125 0.512057878125 0.0572749203125 0.5090434078125 0.05426045 0.4889469453125 0.050241157812500006
2 0.64569935625 0.012057878125000001 0.6436897109374999 0.010048231250000001 0.623593246875 0.010048231250000001 0.6215836015625 0.012057878125000001 0.6155546625 0.012057878125000001 0.60550643125 0.0180868171875 0.600482315625 0.025120578124999998 0.600482315625 0.031149517187499996 0.6075160765625001 0.032154340625 0.62560289375 0.0261254015625 0.635651125 0.0261254015625 0.6537379421875 0.020096462500000002 0.6617765265625 0.020096462500000002 0.6637861734375 0.0180868171875 0.6637861734375 0.0160771703125 0.65976688125 0.014067523437500002 0.64569935625 0.012057878125000001
2 0.6018890671875 0 0.6024919609375 0.00301446875 0.6115353703124999 0.012057878125000001 0.64569935625 0.010048231250000001 0.6467041796874999 0.0050241156250000005 0.644771828125 0 0.6018890671875 0
2 0.644091640625 0 0.644694534375 0.00301446875 0.6517282953125 0.012057878125000001 0.6698151125 0.0180868171875 0.671824759375 0.0160771703125 0.691921221875 0.0160771703125 0.69393086875 0.014067523437500002 0.6999598078125 0.014067523437500002 0.7009646296875001 0.013062701562500001 0.691921221875 0.004019292187500001 0.686562165625 0 0.644091640625 0
2 0.7274249734375 0 0.7381430875 0.008038585937499999 0.7502009640625 0.014067523437500002 0.7823553046875 0.014067523437500002 0.7863745984375 0.0160771703125 0.787379421875 0.0010048234375 0.7863745984375 0 0.7274249734375 0
0 0.5884244375 0.650120578125 0.5743569125 0.630024115625 0.559284565625 0.6169614140624999 0.5331591640625 0.6069131828125001 0.519091640625 0.6069131828125001 0.51708199375 0.6089228296875 0.50301446875 0.6109324765624999 0.4788987140625 0.627009646875 0.46985530468750003 0.6380627015625 0.46985530468750003 0.64208199375 0.4598070734375 0.66217845625 0.4618167203125 0.6883038578125 0.47186495156249997 0.708400321875 0.48291800625 0.721463021875 0.49899517656250003 0.7315112546875 0.5110530546875001 0.735530546875 0.53717845625 0.735530546875 0.5572749203125 0.7174437296875 0.5773713828125 0.7073954984374999 0.5844051453125 0.698352090625 0.5894292609375 0.671221865625 0.590434084375 0.6601688109375 0.5884244375 0.6581591640625 0.5884244375 0.650120578125
0 0.5090434078125 0.5305466234375 0.49497588437499995 0.5225080390625 0.4648311890625 0.5225080390625 0.4447347265625 0.5325562703125 0.4256430875 0.55365755625 0.42162379375 0.5717443734375001 0.41961414843749995 0.57375401875 0.42162379375 0.5938504828125 0.4256430875 0.599879421875 0.4276527328125 0.609927653125 0.4467443734375 0.6290192921875 0.4648311890625 0.637057878125 0.470860128125 0.63504823125 0.4768890671875 0.627009646875 0.505024115625 0.6089228296875 0.51708199375 0.6069131828125001 0.519091640625 0.6049035375 0.5311495171875 0.6049035375 0.5381832796875 0.597869775 0.539188103125 0.592845659375 0.5401929265625001 0.57375401875 0.5361736328125 0.5616961421875 0.5090434078125 0.5305466234375
0 0.6316318328125 0.426045015625 0.613545015625 0.41800643125 0.5854099671874999 0.415996784375 0.583400321875 0.41800643125 0.5653135046875 0.42202572343750006 0.5612942125 0.426045015625 0.5572749203125 0.426045015625 0.5381832796875 0.44312700937500005 0.5341639875 0.4491559484375 0.5261254015625 0.467242765625 0.52411575625 0.4813102890625 0.522106109375 0.48331993593749994 0.52411575625 0.5094453375 0.5341639875 0.53356109375 0.53717845625 0.5365755625 0.5401929265625001 0.53356109375 0.5401929265625001 0.5255225078125 0.55124598125 0.5124598078125 0.559284565625 0.50643086875 0.5773713828125 0.504421221875 0.5793810296874999 0.50643086875 0.5954582 0.50643086875 0.5974678453125 0.5084405140625 0.6095257234375 0.5084405140625 0.6195739546875 0.5124598078125 0.62560289375 0.5124598078125 0.627612540625 0.514469453125 0.630627009375 0.511454984375 0.630627009375 0.5034163984375 0.63263665625 0.501406753125 0.6366559484375001 0.457194534375 0.63967041875 0.45217041875 0.64971865 0.448151125 0.6507234734375 0.44312700937500005 0.64569935625 0.43609324687499995 0.6316318328125 0.426045015625