0 0.53817246875 0.6443829109375 0.5559731015625 0.6483386078125 0.5579509500000001 0.65031645625 0.573773734375 0.65031645625 0.5915743671875 0.6424050640625001 0.6044303796875 0.6295490499999999 0.6103639234375 0.613726265625 0.6103639234375 0.588014240625 0.58959651875 0.5652689875 0.5816851265625 0.561313290625 0.573773734375 0.5632911390625 0.5579509500000001 0.5731803796875 0.5520174046874999 0.5731803796875 0.55003955625 0.5751582281250001 0.5322389234375 0.5751582281250001 0.52531645625 0.5820806968750001 0.5203718359375 0.594936709375 0.5193829109375 0.6176819625000001 0.52531645625 0.6315268984375 0.53817246875 0.6443829109375
0 0.6172863921875 0.561313290625 0.6311313296875001 0.5672468359375 0.6410205703125 0.5672468359375 0.6568433546875 0.561313290625 0.66772151875 0.548457278125 0.671677215625 0.536590190625 0.671677215625 0.5267009500000001 0.66772151875 0.5148338609375 0.65486550625 0.5 0.6469541140625 0.496044303125 0.6271756328125 0.496044303125 0.6232199359374999 0.49802215156249996 0.6143196203125 0.5049446203125 0.6044303796875 0.516811709375 0.6014636078125 0.5276898734375 0.6004746828124999 0.5405458859375 0.6064082281250001 0.5504351265625 0.6172863921875 0.561313290625
0 0.5292721515625 0.3427610765625 0.53817246875 0.353639240625 0.5441060125 0.353639240625 0.553995253125 0.34572784843750004 0.5698180374999999 0.33979430312500003 0.5846518984375 0.31111550625 0.593552215625 0.302215190625 0.6014636078125 0.3002373421875 0.6083860765625 0.295292721875 0.60344145625 0.288370253125 0.5915743671875 0.282436709375 0.5856408234375 0.282436709375 0.583662975 0.2804588609375 0.5619066453125 0.2804588609375 0.5460838609375 0.288370253125 0.5352056968750001 0.2992484171875 0.5292721515625 0.31111550625 0.5282832281250001 0.31803797500000003 0.5272943031249999 0.326938290625 0.5292721515625 0.3289161390625 0.5292721515625 0.3427610765625
0 0.459375 0 0.45905854375 0.001582278125 0.4580696203125 0.0065268984375 0.46004746875 0.008504746875 0.46004746875 0.014438290624999999 0.46894778437499995 0.023338607812500002 0.4926819625 0.03125 0.514438290625 0.03125 0.5263053796875 0.027294303125000002 0.541139240625 0.014438290624999999 0.5431170890625 0.010482595312499999 0.542500465625 0 0.459375 0
1 0.42642404999999994 0.1113528484375 0.43730221562500005 0.11827531718749999 0.4610363921875 0.126186709375 0.48674841718749995 0.12420886093750001 0.494659809375 0.1202531640625 0.5005933546875 0.1202531640625 0.5045490499999999 0.11629746875 0.5104825953125001 0.11431962031250001 0.521360759375 0.10344145625000001 0.52531645625 0.0955300640625 0.52531645625 0.07772942968749999 0.515427215625 0.05795095 0.5045490499999999 0.0490506328125 0.4748813296875 0.0391613921875 0.47290348125000004 0.041139240625000004 0.45510284843750004 0.0431170890625 0.4313686703125 0.0549841765625 0.42049050625 0.0658623421875 0.41554588593749997 0.07674050624999999 0.4145569625 0.0915743671875 0.41851265781249997 0.1014636078125 0.42642404999999994 0.1113528484375
1 0.5104825953125001 0.5652689875 0.5223496828124999 0.57120253125 0.5361946203125 0.5731803796875 0.53817246875 0.5751582281250001 0.5559731015625 0.5731803796875 0.573773734375 0.5632911390625 0.5886075953125001 0.5445015828125 0.5945411390625 0.528678796875 0.5945411390625 0.5108781640625 0.592563290625 0.5089003171875001 0.592563290625 0.5029667718749999 0.5856408234375 0.49802215156249996 0.573773734375 0.5039556968750001 0.5658623421875 0.5039556968750001 0.548061709375 0.5138449359374999 0.5282832281250001 0.51977848125 0.4926819625 0.535601265625 0.4916930375 0.542523734375 0.49367088593749997 0.5464794296875 0.5104825953125001 0.5652689875
1 0.6855221515625 0.5128560125 0.6855221515625 0.516811709375 0.6894778484375 0.522745253125 0.6914556968750001 0.536590190625 0.6855221515625 0.548457278125 0.6884889234375 0.549446203125 0.6993670890625 0.5405458859375 0.703322784375 0.53263449375 0.7053006328125 0.51878955625 0.703322784375 0.516811709375 0.703322784375 0.5108781640625 0.6924446203125 0.49802215156249996 0.6884889234375 0.496044303125 0.6785996828124999 0.49406645625 0.66871044375 0.49802215156249996 0.66871044375 0.5019778484375 0.6726661390625 0.5019778484375 0.6855221515625 0.5128560125
1 0.6746439875 0.55933544375 0.6875 0.5464794296875 0.6914556968750001 0.536590190625 0.6914556968750001 0.528678796875 0.6855221515625 0.5148338609375 0.670688290625 0.5 0.6607990499999999 0.5 0.657832278125 0.5029667718749999 0.6696993671875 0.51878955625 0.671677215625 0.536590190625 0.6657436703124999 0.5504351265625 0.658821203125 0.55933544375 0.6568433546875 0.55933544375 0.6568433546875 0.5632911390625 0.6667325953125001 0.5632911390625 0.6746439875 0.55933544375
1 0.6785996828124999 0.25870253125 0.68057753125 0.2567246828125 0.6924446203125 0.2606803796875 0.6983781640625 0.268591771875 0.704311709375 0.268591771875 0.7112341765625 0.25969145625 0.7092563296875001 0.24584651875 0.7003560125 0.23496835468750002 0.6746439875 0.23299050625 0.66772151875 0.23595727812499998 0.6627768984375 0.2448575953125 0.661787975 0.255735759375 0.664754746875 0.2606803796875 0.6785996828124999 0.25870253125
1 0.6232199359374999 0.161787975 0.6331091765625 0.16574367031249998 0.650909809375 0.157832278125 0.6667325953125001 0.15585442968750002 0.671677215625 0.150909809375 0.6696993671875 0.135087025 0.65486550625 0.12223101249999999 0.6429984171875 0.11827531718749999 0.635087025 0.11827531718749999 0.6212420890625 0.12420886093750001 0.61530854375 0.1340981015625 0.6143196203125 0.14893196250000001 0.6182753171875001 0.1568433546875 0.6232199359374999 0.161787975
1 0.5816546984375 0 0.580696203125 0.01246044375 0.5876186703124999 0.0193829109375 0.5955300640625001 0.023338607812500002 0.6014636078125 0.02531645625 0.6172863921875 0.02531645625 0.62816455625 0.016416139062499998 0.62816455625 0.0065268984375 0.6206335203125 0 0.5816546984375 0
2 0.62915348125 0.086629746875 0.6370648734375 0.09058544375000001 0.6528876578125 0.09058544375000001 0.6637658234375 0.0816851265625 0.6657436703124999 0.073773734375 0.661787975 0.0658623421875 0.65486550625 0.0589398734375 0.6469541140625 0.0549841765625 0.6331091765625 0.0530063296875 0.6232199359374999 0.056962025000000006 0.619264240625 0.06289557031250001 0.6182753171875001 0.073773734375 0.6202531640625 0.07772942968749999 0.62915348125 0.086629746875
2 0.6667325953125001 0.1301424046875 0.6785996828124999 0.1301424046875 0.6875 0.1232199359375 0.6894778484375 0.119264240625 0.6894778484375 0.113330696875 0.6855221515625 0.105419303125 0.670688290625 0.0945411390625 0.658821203125 0.0945411390625 0.650909809375 0.0984968359375 0.6469541140625 0.10640822812499999 0.645965190625 0.1113528484375 0.6499208859375 0.119264240625 0.6667325953125001 0.1301424046875
2 0.65486550625 0.0589398734375 0.6627768984375 0.066851265625 0.6657436703124999 0.06388449375000001 0.6657436703124999 0.052017404687500005 0.6528876578125 0.041139240625000004 0.635087025 0.0391613921875 0.625197784375 0.047072784374999996 0.625197784375 0.0549841765625 0.639042721875 0.0530063296875 0.65486550625 0.0589398734375
2 0.58959651875 0.66218354375 0.6073971515625 0.6602056968750001 0.619264240625 0.6542721515625 0.6301424046874999 0.6433939875 0.6360759500000001 0.6315268984375 0.6360759500000001 0.6097705703125 0.62816455625 0.5959256328125 0.6133306968750001 0.58504746875 0.609375 0.58504746875 0.6103639234375 0.613726265625 0.60245253125 0.6315268984375 0.5876186703124999 0.6443829109375 0.579707278125 0.6483386078125 0.573773734375 0.6483386078125 0.572784809375 0.6532832281250001 0.5777294296875 0.6582278484375 0.58959651875 0.66218354375
2 0.6370648734375 0.49406645625 0.6528876578125 0.496044303125 0.65486550625 0.49406645625 0.6607990499999999 0.49406645625 0.677610759375 0.4792325953125 0.68156645625 0.4693433546875 0.68156645625 0.457476265625 0.6766218359375 0.45648734218750003 0.6607990499999999 0.464398734375 0.6489319625000001 0.46637658281250005 0.6370648734375 0.4762658234375 0.625197784375 0.4821993671875 0.6242088609375 0.4851661390625 0.62915348125 0.490110759375 0.6370648734375 0.49406645625
1 0.6726661390625 0.15585442968750002 0.6785996828124999 0.15585442968750002 0.69343354375 0.150909809375 0.6894778484375 0.14102057031249998 0.6845332281250001 0.13607595 0.6785996828124999 0.132120253125 0.670688290625 0.132120253125 0.6696993671875 0.144976265625 0.671677215625 0.1469541140625 0.6726661390625 0.15585442968750002