1 0.34644568750000004 0.7040734828125 0.3644169328125 0.7140575078125 0.3704073484375 0.7140575078125 0.3803913734375 0.7180511187499999 0.399361021875 0.7170527156250001 0.41633386562499997 0.7140575078125 0.42831469687499996 0.7080670921875 0.4363019171875 0.7020766765625 0.45327476093749997 0.683107028125 0.45926517499999997 0.66912939375 0.45926517499999997 0.6571485625 0.46126198125 0.6551517578125 0.45926517499999997 0.629193290625 0.4472843453125 0.6052316296875 0.4243210859375 0.584265175 0.400359425 0.57428115 0.3704073484375 0.57428115 0.35842651718749996 0.580271565625 0.35443290781250003 0.580271565625 0.3424520765625 0.5882587859374999 0.3254792328125 0.6092252390625 0.3194888171875 0.6212060703125 0.3194888171875 0.629193290625 0.3174920125 0.6311900953125 0.3194888171875 0.663138978125 0.32947284374999997 0.685103834375 0.333466453125 0.6871006390625001 0.335463259375 0.6930910546875 0.34644568750000004 0.7040734828125
1 0.19768370625 0.701078275 0.19768370625 0.7090654953125 0.20167731562500002 0.7150559109375 0.20167731562500002 0.7210463265625 0.2096645375 0.7370207671875 0.2266373796875 0.755990415625 0.252595846875 0.77196485625 0.2685702875 0.7739616609375 0.27056709218749997 0.7759584671875001 0.2755591046875 0.7749600640625001 0.30051916875 0.7699680515625 0.31050319531250004 0.7639776359375 0.3194888171875 0.7549920125 0.3274760390625 0.7390175718750001 0.3274760390625 0.73302715625 0.33146964843750004 0.7230431312500001 0.33146964843750004 0.695087859375 0.3194888171875 0.6671325875 0.29652555937499997 0.6441693296875 0.2825479234375 0.636182109375 0.27056709218749997 0.6321884984375 0.24860223593750003 0.63019169375 0.24660543124999998 0.6321884984375 0.2346246 0.634185303125 0.230630990625 0.6381789140625 0.220646965625 0.6421725234375 0.2116613421875 0.6511581468750001 0.20167731562500002 0.6671325875 0.1996805109375 0.67911341875 0.19768370625 0.6811102234375 0.19768370625 0.6890974437499999 0.1956869015625 0.6910942484375 0.1956869015625 0.6990814703125 0.19768370625 0.701078275
1 0.10383386562500001 0.7849440890625 0.1058306703125 0.7869408953125 0.1058306703125 0.792931309375 0.108825878125 0.7959265171875 0.22563897812499997 0.794928115625 0.21964856250000003 0.7769568687499999 0.2096645375 0.7649760390625 0.20766773125000001 0.7589856234375 0.1886980828125 0.7420127796875 0.1607428109375 0.7300319484375 0.1387779546875 0.72803514375 0.12280351406250001 0.734025559375 0.113817890625 0.7410143765625 0.10383386562500001 0.7609824281249999 0.10383386562500001 0.7849440890625
1 0.2765575078125 0.4444888171875 0.2645766765625 0.438498403125 0.2505990421875 0.438498403125 0.23662140625 0.4444888171875 0.223642171875 0.4614616609375 0.2216453671875 0.4734424921875 0.21964856250000003 0.47543929687500003 0.2216453671875 0.4774361015625 0.2216453671875 0.487420128125 0.22963258749999998 0.50339456875 0.24061501562499998 0.5123801921875 0.24660543124999998 0.514376996875 0.267571884375 0.51337859375 0.28055111875 0.5063897765625 0.2875399359375 0.497404153125 0.291533546875 0.4854233234375 0.291533546875 0.4674520765625 0.28554313124999997 0.453474440625 0.2765575078125 0.4444888171875
1 0.31037513125 0.37743988906250003 0.316365546875 0.3794366953125 0.321357559375 0.37843829218749997 0.33034318281249997 0.37544308437499996 0.3353351953125 0.370451071875 0.3393288046875 0.3564734359375 0.3333383890625 0.3424958 0.328120690625 0.3390730859375 0.3228759015625 0.338451703125 0.3133703390625 0.338502190625 0.3013895078125 0.34848621562500004 0.299392703125 0.3624638515625 0.3013895078125 0.3684542671875 0.31037513125 0.37743988906250003
1 0.2995207671875 0.3636182109375 0.2995207671875 0.349640575 0.2925319484375 0.34464856250000003 0.28055111875 0.34464856250000003 0.2715654953125 0.3516373796875 0.267571884375 0.35962459999999996 0.267571884375 0.3696086265625 0.2715654953125 0.3755990421875 0.27855431249999996 0.3805910546875 0.291533546875 0.3795926515625 0.301517571875 0.3676118203125 0.2995207671875 0.3636182109375
0 0.274560703125 0.3905750796875 0.26657348281250004 0.394568690625 0.2595846640625 0.4015575078125 0.2535942484375 0.4135383390625 0.2535942484375 0.42751597500000005 0.2605830671875 0.438498403125 0.26657348281250004 0.438498403125 0.2825479234375 0.448482428125 0.2875399359375 0.44748402499999995 0.29652555937499997 0.4444888171875 0.3055111828125 0.43350638906250005 0.3075079875 0.421525559375 0.3095047921875 0.4195287546875 0.3075079875 0.4075479234375 0.2985223640625 0.394568690625 0.29053514375 0.3905750796875 0.274560703125 0.3905750796875
0 0.130790734375 0.5363418531249999 0.12280351406250001 0.5323482421875 0.1068290734375 0.5323482421875 0.098841853125 0.5363418531249999 0.0858626203125 0.553314696875 0.0838658140625 0.5593051124999999 0.0858626203125 0.5832667734375 0.0958466453125 0.6012380187499999 0.1028354625 0.6082268375 0.11082268437500001 0.612220446875 0.13178913750000001 0.6112220453125 0.1397763578125 0.6052316296875 0.14776357812500002 0.59125399375 0.14776357812500002 0.585263578125 0.14976038281249998 0.5832667734375 0.14776357812500002 0.5613019171875 0.1397763578125 0.5453274765625 0.130790734375 0.5363418531249999
0 0.345447284375 0.3416533546875 0.345447284375 0.35363418593749996 0.3524361015625 0.360623003125 0.3654153359375 0.35962459999999996 0.377396165625 0.349640575 0.377396165625 0.333666134375 0.3664137375 0.3246805109375 0.35842651718749996 0.3246805109375 0.3494408953125 0.333666134375 0.345447284375 0.3416533546875
0 0.33146964843750004 0.3356629390625 0.3374600640625 0.3516373796875 0.340455271875 0.3546325875 0.345447284375 0.35363418593749996 0.3474440890625 0.3356629390625 0.357428115625 0.3256789140625 0.3564297125 0.32268370625 0.34444888125 0.32268370625 0.340455271875 0.3246805109375 0.33146964843750004 0.3356629390625
1 0.42731629375 0.32967252343750003 0.4253194890625 0.32767571875 0.4253194890625 0.31170127812500004 0.43230830625000005 0.304712459375 0.43929712500000007 0.301717253125 0.4363019171875 0.2987220453125 0.42631789062500003 0.2987220453125 0.42232428125 0.30071885 0.41533546250000003 0.30970447343749996 0.41533546250000003 0.321685303125 0.41733226874999996 0.3256789140625 0.4243210859375 0.33067092656249997 0.42731629375 0.32967252343750003
1 0.45926517499999997 0.323682109375 0.45926517499999997 0.31170127812500004 0.450279553125 0.3027156546875 0.4402955265625 0.30071885 0.42731629375 0.30970447343749996 0.423322684375 0.3196884984375 0.42731629375 0.32967252343750003 0.43230830625000005 0.3346645375 0.4363019171875 0.3366613421875 0.445287540625 0.3356629390625 0.450279553125 0.3346645375 0.45926517499999997 0.323682109375
1 0.4792332265625 0.33765974375 0.4862220453125 0.3366613421875 0.49321086249999996 0.32967252343750003 0.49321086249999996 0.3077076671875 0.48821885 0.3027156546875 0.4742412140625 0.30071885 0.46825079843750006 0.3027156546875 0.46126198125 0.30970447343749996 0.45926517499999997 0.3136980828125 0.45926517499999997 0.323682109375 0.47024760312499997 0.3366613421875 0.4742412140625 0.338658146875 0.4792332265625 0.33765974375
1 0.33146964843750004 0.33765974375 0.32448083125 0.33266773125000004 0.3125 0.33266773125000004 0.301517571875 0.3416533546875 0.2995207671875 0.3476437703125 0.2995207671875 0.349640575 0.301517571875 0.349640575 0.31449680468749996 0.338658146875 0.3204872203125 0.3366613421875 0.3250547734375 0.33795328593749996 0.33146964843750004 0.33765974375
0 0.49321086249999996 0.30970447343749996 0.49321086249999996 0.32767571875 0.5061900953125 0.338658146875 0.5171725234375 0.33765974375 0.5291533546875 0.32767571875 0.531150159375 0.31569488749999997 0.5221645374999999 0.3027156546875 0.5181709265625 0.30071885 0.504193290625 0.30071885 0.49321086249999996 0.30970447343749996
0 0.5561102234375 0.34065495156250003 0.5660942484375 0.3466453671875 0.5810702875 0.34564696562499997 0.5860623 0.3426517578125 0.5930511187499999 0.333666134375 0.5930511187499999 0.3196884984375 0.582068690625 0.306709265625 0.5780750796875 0.304712459375 0.5640974437499999 0.304712459375 0.5511182109375 0.31569488749999997 0.5511182109375 0.321685303125 0.54912140625 0.323682109375 0.5511182109375 0.333666134375 0.5561102234375 0.34065495156250003
0 0.804712459375 0.34564696562499997 0.80071885 0.35363418593749996 0.80071885 0.3636182109375 0.8067092656250001 0.377595846875 0.8156948875 0.3865814703125 0.821685303125 0.38857827500000003 0.8326677312499999 0.387579871875 0.8356629390625001 0.3865814703125 0.8466453671874999 0.3736022359375 0.8466453671874999 0.3676118203125 0.848642171875 0.365615015625 0.8466453671874999 0.35563099062500003 0.833666134375 0.34065495156250003 0.8236821093750001 0.3366613421875 0.81769169375 0.3366613421875 0.804712459375 0.34564696562499997
0 0.947484025 0.438498403125 0.9574680515624999 0.4424920125 0.9604632593750001 0.44149361093749995 0.9674520765624999 0.438498403125 0.9724440890625001 0.43350638906250005 0.9764377 0.42551916875 0.9764377 0.40954472812500003 0.970447284375 0.39556709218749997 0.9614616609375 0.3865814703125 0.94948083125 0.3845846640625 0.9454872203125 0.3865814703125 0.9365015968750001 0.3975638984375 0.9365015968750001 0.421525559375 0.947484025 0.438498403125
0 1 0.45953746874999996 0.997404153125 0.45646964843750004 0.987420128125 0.45247603906249995 0.9794329078124999 0.45247603906249995 0.9714456874999999 0.45646964843750004 0.9644568687499999 0.46345846718750006 0.958466453125 0.47543929687500003 0.9564696484375 0.49341054375000004 0.958466453125 0.4954073484375 0.958466453125 0.5053913734375 0.9664536734375 0.525359425 0.9754392968750001 0.5323482421875 0.992412140625 0.531349840625 1 0.524845959375 1 0.45953746874999996
0 1 0.5403354625000001 0.9954073484375 0.5403354625000001 0.987420128125 0.5443290734375 0.9744408953124999 0.55730830625 0.9664536734375 0.573282746875 0.9664536734375 0.5792731625 0.970447284375 0.585263578125 0.9724440890625001 0.597244409375 0.9744408953124999 0.5992412140625001 0.9724440890625001 0.641174121875 0.9794329078124999 0.646166134375 0.987420128125 0.646166134375 0.9894169328125001 0.6481629390625 0.9964057515625001 0.6471645374999999 1 0.64633509375 1 0.5403354625000001
1 0.9185303515625 0.685103834375 0.9394968046875001 0.678115015625 0.9604632593750001 0.6591453671874999 0.9684504796875 0.64516773125 0.9724440890625001 0.6331869015625 0.9724440890625001 0.62519968125 0.9744408953124999 0.6232028749999999 0.9744408953124999 0.6012380187499999 0.9724440890625001 0.5992412140625001 0.9684504796875 0.58126996875 0.9644568687499999 0.5772763578125 0.9604632593750001 0.5672923328125 0.9414936109375001 0.5543130984375 0.91553514375 0.5543130984375 0.8995607031249999 0.56230031875 0.8845846640625 0.5772763578125 0.87659744375 0.5932507984375001 0.8746006390625001 0.6052316296875 0.872603834375 0.607228434375 0.872603834375 0.6152156546875001 0.870607028125 0.617212459375 0.870607028125 0.6371805109374999 0.882587859375 0.6711261984375 0.909544728125 0.6861022359375 0.9185303515625 0.685103834375
1 0.77875399375 0.3736022359375 0.790734825 0.36162140625 0.7927316296875 0.34564696562499997 0.7817492015624999 0.328674121875 0.7657747609375 0.32268370625 0.7637779546875 0.3246805109375 0.757787540625 0.3246805109375 0.7488019171875 0.3316693296875 0.74480830625 0.33965655 0.7468051124999999 0.35563099062500003 0.757787540625 0.370607028125 0.7697683703125 0.37460063906249996 0.77875399375 0.3736022359375
2 1 0.4031549515625 0.9934105437499999 0.3965654953125 0.9894169328125001 0.394568690625 0.9794329078124999 0.394568690625 0.9744408953124999 0.3975638984375 0.9744408953124999 0.4075479234375 0.9764377 0.40954472812500003 0.9744408953124999 0.4355031953125 0.9834265171875 0.4464856234375 0.9944089453125 0.44548722031250004 0.997404153125 0.4444888171875 1 0.4411513 1 0.4031549515625