2 0.5164366890625 0.18465909062500002 0.5255681812499999 0.1734983765625 0.5296266234375 0.1633522734375 0.5286120125 0.14407467499999999 0.5255681812499999 0.13291396093750002 0.5144074671875 0.121753246875 0.5022321421875 0.1136363640625 0.488027596875 0.11160714218750001 0.48599837656249995 0.109577921875 0.47585227343750003 0.109577921875 0.47382305156250004 0.11160714218750001 0.45758928593750003 0.1136363640625 0.45353084375 0.1176948046875 0.449472403125 0.1176948046875 0.443384740625 0.121753246875 0.434253246875 0.130884740625 0.42613636406250005 0.14508928593749998 0.42410714218749995 0.1613230515625 0.43019480468750004 0.17755681875 0.449472403125 0.1948051953125 0.46773538906249995 0.2008928578125 0.47179383125 0.1988636359375 0.49005681875 0.1988636359375 0.49208603906250004 0.19683441562499998 0.49817370156249996 0.19683441562499998 0.5022321421875 0.1927759734375 0.5083198046875 0.190746753125 0.5164366890625 0.18465909062500002
2 0.37946428593750003 0.0578327921875 0.38352272656249997 0.065949675 0.39265422031249997 0.0730519484375 0.3987418828125 0.07508116875000001 0.41700487031250005 0.07508116875000001 0.431209415625 0.06899350625 0.44237012968749995 0.0578327921875 0.44439935 0.053774350000000005 0.443384740625 0.0365259734375 0.43932629843750004 0.0304383109375 0.431209415625 0.026379870312499998 0.425121753125 0.024350649999999998 0.406858765625 0.024350649999999998 0.39671266250000004 0.028409090625 0.38352272656249997 0.0395698046875 0.37946428593750003 0.047686689062499996 0.37946428593750003 0.0578327921875
2 0.512378246875 0.7386363640625 0.49817370156249996 0.7447240265625 0.4870129875 0.7579139609375 0.48295454531250004 0.7599431812499999 0.47889610312500003 0.7680600656250001 0.47686688281249995 0.7863230515625 0.480925325 0.7984983765625 0.49817370156249996 0.8157467531249999 0.512378246875 0.8218344156249999 0.5265827921875 0.8238636359375 0.5286120125 0.8218344156249999 0.546875 0.8198051953125001 0.5641233765625 0.8066152593749999 0.572240259375 0.7944399343749999 0.572240259375 0.7883522734375 0.57426948125 0.7863230515625 0.5732548703125 0.7731331171875 0.5681818187500001 0.7579139609375 0.5570211031250001 0.746753246875 0.5387581171875 0.7386363640625 0.512378246875 0.7386363640625
2 0.40482954531250004 0.7528409093749999 0.39975649375 0.7416801953125 0.390625 0.7345779218749999 0.3723620125 0.7325487015625 0.35917207812499996 0.7416801953125 0.3551136359375 0.7518262984375 0.3551136359375 0.7579139609375 0.3642451296875 0.7711038968749999 0.37844967500000004 0.7771915578125 0.38859577968750003 0.7771915578125 0.40178571406249997 0.7680600656250001 0.40584415625 0.7579139609375 0.40482954531250004 0.7528409093749999
2 0.33583603906250004 0.71225649375 0.3429383109375 0.7071834421875 0.34192370156249996 0.7041396109375 0.33380681874999996 0.7041396109375 0.32771915625000003 0.7000811687499999 0.322646103125 0.6950081171875 0.31858766250000004 0.6828327921875 0.31554383124999996 0.6797889609375 0.3125 0.6828327921875 0.31047077968750003 0.686891234375 0.31047077968750003 0.6970373375000001 0.31757305156250004 0.7081980515625 0.325689934375 0.71225649375 0.33583603906250004 0.71225649375
2 0.33989448125 0.7366071421875 0.33380681874999996 0.7366071421875 0.322646103125 0.7457386359375 0.322646103125 0.755884740625 0.32771915625000003 0.7629870125 0.33583603906250004 0.765016234375 0.34395292187500004 0.7589285718750001 0.35206980468750004 0.7589285718750001 0.3551136359375 0.755884740625 0.35409902656250003 0.746753246875 0.3480113640625 0.7406655843750001 0.33989448125 0.7366071421875
2 0.36830357187499996 0.7731331171875 0.36120129843750004 0.7680600656250001 0.356128246875 0.7589285718750001 0.34395292187500004 0.7589285718750001 0.33989448125 0.7609577921875 0.33482142812500004 0.7680600656250001 0.33685065000000003 0.7782061687499999 0.34090909062499997 0.7842938312500001 0.3480113640625 0.7893668828125 0.3601866890625 0.7893668828125 0.3642451296875 0.7873376624999999 0.36931818125000004 0.7802353890625 0.36830357187499996 0.7731331171875
2 0.38758116875000004 0.8776379875 0.38555194843749996 0.8857548703125 0.39265422031249997 0.8948863640625 0.40077110312500003 0.8989448046874999 0.406858765625 0.8989448046874999 0.41801948125 0.8898133109374999 0.41700487031250005 0.8827110390625 0.412946428125 0.8766233765625 0.40482954531250004 0.8725649343749999 0.3946834421875 0.8725649343749999 0.38758116875000004 0.8776379875
2 0.510001159375 1 0.5133928578125 0.9973620125 0.512378246875 0.9922889609375 0.5042613640625 0.9841720781250001 0.48599837656249995 0.9841720781250001 0.47889610312500003 0.9892451296875 0.47889610312500003 0.9973620125 0.4822878015625 1 0.510001159375 1
1 0.3601866890625 0.677759740625 0.3571428578125 0.6706574671875 0.3480113640625 0.6635551953125 0.33380681874999996 0.6615259734375 0.3206168828125 0.6706574671875 0.3165584421875 0.6808035718750001 0.322646103125 0.6950081171875 0.3297483765625 0.7021103890625 0.34192370156249996 0.7061688312500001 0.35206980468750004 0.7021103890625 0.35917207812499996 0.6950081171875 0.36120129843750004 0.6889204546875 0.3601866890625 0.677759740625
1 0.3388798703125 0.6584821421875 0.34090909062499997 0.6544237015625 0.33989448125 0.6452922078125 0.33685065000000003 0.6361607140625 0.33177759687499997 0.6310876624999999 0.30945616875000004 0.6310876624999999 0.302353896875 0.6402191562499999 0.302353896875 0.65239448125 0.30945616875000004 0.6635551953125 0.31757305156250004 0.6676136359375 0.32366071406249997 0.6676136359375 0.32771915625000003 0.6635551953125 0.33177759687499997 0.6635551953125 0.3388798703125 0.6584821421875
1 0.3043831171875 0.29728084374999997 0.30641233749999996 0.31554383124999996 0.31047077968750003 0.32163149375 0.31960227343750003 0.328733765625 0.33583603906250004 0.3307629875 0.3480113640625 0.32467532499999996 0.3571428578125 0.31554383124999996 0.36323051875 0.30336850625 0.36221590937500003 0.28814934999999997 0.35815746718749997 0.2820616890625 0.3459821421875 0.27394480468750004 0.33989448125 0.27394480468750004 0.337865259375 0.27191558437499996 0.32366071406249997 0.27394480468750004 0.31757305156250004 0.278003246875 0.30641233749999996 0.29119318125000004 0.3043831171875 0.29728084374999997
1 0.3865665578125 0.133928571875 0.39265422031249997 0.13189935 0.409902596875 0.118709415625 0.415990259375 0.10653409062500001 0.41497565 0.09334415625 0.39671266250000004 0.08116883124999999 0.37642045468749996 0.08116883124999999 0.37033279218750004 0.0831980515625 0.35308441562500004 0.09841720781249999 0.35105519531249996 0.1105925328125 0.34902597343749997 0.112621753125 0.35105519531249996 0.118709415625 0.3601866890625 0.1298701296875 0.36830357187499996 0.133928571875 0.3865665578125 0.133928571875
1 0.36830357187499996 0.07508116875000001 0.37844967500000004 0.07913961093750001 0.39671266250000004 0.07913961093750001 0.3987418828125 0.08116883124999999 0.40077110312500003 0.07508116875000001 0.3865665578125 0.06899350625 0.37946428593750003 0.0578327921875 0.37946428593750003 0.049715909375 0.38149350625 0.043628246875 0.38555194843749996 0.0395698046875 0.38453733749999996 0.0365259734375 0.374391234375 0.0385551953125 0.36323051875 0.049715909375 0.36120129843750004 0.065949675 0.36830357187499996 0.07508116875000001