2 0.5419921875 0.59765625 0.5380859375 0.6015625 0.5341796875 0.599609375 0.5205078125 0.599609375 0.515625 0.6025390625 0.509765625 0.6123046875 0.51171875 0.6318359375 0.513671875 0.6357421875 0.5263671875 0.646484375 0.5390625 0.6455078125 0.5419921875 0.642578125 0.5439453125 0.64453125 0.5498046875 0.642578125 0.556640625 0.6357421875 0.560546875 0.6279296875 0.560546875 0.6123046875 0.5478515625 0.59765625 0.5419921875 0.59765625
1 0.9185990796875 0.587992821875 0.9127397046875 0.586039696875 0.9039506421875 0.596781884375 0.9059037671875 0.612406884375 0.9098100171875 0.616313134375 0.9117631421875 0.622172509375 0.9264115796875 0.634867821875 0.9488725171875 0.633891259375 0.9644975171875 0.622172509375 0.9684037671875 0.612406884375 0.9664506421875 0.598735009375 0.9557084546875 0.587992821875 0.9400834546875 0.580180321875 0.9225053296875 0.580180321875 0.9195756421875 0.583110009375 0.9185990796875 0.587992821875
1 0.746064390625 0.589974453125 0.740205015625 0.589974453125 0.738251890625 0.588021328125 0.722626890625 0.589974453125 0.711884703125 0.598763515625 0.711884703125 0.612435390625 0.713837828125 0.614388515625 0.711884703125 0.616341640625 0.711884703125 0.628060390625 0.720673765625 0.636849453125 0.730439390625 0.642708828125 0.748994078125 0.641732265625 0.760712828125 0.631966640625 0.764619078125 0.624154140625 0.764619078125 0.618294765625 0.762665953125 0.616341640625 0.764619078125 0.610482265625 0.760712828125 0.602669765625 0.755830015625 0.595833828125 0.746064390625 0.589974453125
1 0.1132910921875 0.6272216640625 0.1093848421875 0.6389404140625 0.1113379671875 0.6467529140625 0.1132910921875 0.6506591640625 0.1279395296875 0.6633544765625 0.1484473421875 0.6623779140625 0.1552832796875 0.6594482265625 0.1679785921875 0.6447997890625 0.1699317171875 0.6291747890625 0.1660254671875 0.6213622890625 0.1533301546875 0.6125732265625 0.1474707796875 0.6106201015625 0.1298926546875 0.6125732265625 0.1132910921875 0.6272216640625
2 0.3146649765625 0.617119846875 0.3146649765625 0.628838596875 0.3166181015625 0.630791721875 0.3146649765625 0.632744846875 0.3146649765625 0.642510471875 0.3234540390625 0.651299534375 0.3312665390625 0.655205784375 0.3439618515625 0.654229221875 0.3527509140625 0.649346409375 0.3634931015625 0.636651096875 0.3634931015625 0.619072971875 0.3527509140625 0.606377659375 0.3390790390625 0.602471409375 0.3371259140625 0.604424534375 0.3254071640625 0.606377659375 0.3146649765625 0.617119846875
1 0.349114953125 0.578945509375 0.349114953125 0.575039259375 0.347161828125 0.571133009375 0.340325890625 0.564297071875 0.332513390625 0.560390821875 0.312982140625 0.560390821875 0.305169640625 0.564297071875 0.296380578125 0.573086134375 0.294427453125 0.576992384375 0.294427453125 0.582851759375 0.292474328125 0.584804884375 0.294427453125 0.592617384375 0.300286828125 0.596523634375 0.300286828125 0.602383009375 0.307122765625 0.607265821875 0.316888390625 0.607265821875 0.318841515625 0.609218946875 0.329583703125 0.608242384375 0.338372765625 0.605312696875 0.345208703125 0.598476759375 0.345208703125 0.596523634375 0.341302453125 0.594570509375 0.346185265625 0.593593946875 0.351068078125 0.586758009375 0.351068078125 0.580898634375 0.349114953125 0.578945509375
2 0.7240304875 0.53969476875 0.7142648625 0.54360101875 0.7054758 0.55434320625 0.707428925 0.55824945625 0.7054758 0.56215570625 0.707428925 0.57973383125 0.7181711125 0.58852289375 0.7445383 0.58754633125 0.7474679875 0.58656976875 0.758210175 0.57387445625 0.758210175 0.56020258125 0.754303925 0.55629633125 0.754303925 0.55239008125 0.7474679875 0.54555414375 0.7337961125 0.53969476875 0.7240304875 0.53969476875
2 0.3215638984375 0.5088250109375 0.3088685859375 0.5234734484375 0.3088685859375 0.5410515734375 0.3137513984375 0.5420281359375 0.3127748359375 0.5449578234375 0.3147279609375 0.5488640734375 0.3274232734375 0.5576531359375 0.3459779609375 0.5566765734375 0.3596498359375 0.5469109484375 0.3576967109375 0.5430046984375 0.3635560859375 0.5390984484375 0.3635560859375 0.5234734484375 0.3528138984375 0.5107781359375 0.3450013984375 0.5068718859375 0.3254701484375 0.5068718859375 0.3215638984375 0.5088250109375
1 0.5498129765625 0.586124325 0.5521996578125 0.5813501921875 0.5532845171874999 0.578529125 0.5545863390625 0.5711509359375 0.553935421875 0.566810828125 0.5521996578125 0.5616027015625 0.549162059375 0.558564621875 0.5413510968749999 0.5527054734375 0.537011675 0.5505354203125 0.5335401484375 0.5481483609375 0.526380090625 0.5481483609375 0.5196539734375001 0.547280334375 0.515531528125 0.5487993828125 0.511626046875 0.551186434375 0.5081545078125 0.5546585234375 0.504466003125 0.558564621875 0.5033811453125 0.5642067796875 0.5020793234375 0.5687638781250001 0.5018623453125 0.576359078125 0.5038150859375 0.5815672203125 0.5062017671875 0.5852562906250001 0.510324225 0.5889453921875 0.518352165625 0.592417496875 0.52564914375 0.595631034375 0.528766771875 0.5978426359375 0.53310619375 0.5978426359375 0.5367947125 0.5969745875 0.539832296875 0.595889571875 0.543086859375 0.594804540625 0.5459074953124999 0.5915494640625 0.5498129765625 0.586124325
3 0.140625 0.609375 0.084375 0.125
3 0.3296875 0.596875 0.0796875 0.1265625
3 0.53125 0.5890625 0.078125 0.1453125
3 0.740625 0.5859375 0.0765625 0.1296875
3 0.9390625 0.5734375 0.0984375 0.1328125