1 0.3411120125 0.134740259375 0.33096590937500003 0.13879870156250002 0.3238636359375 0.1459009734375 0.32183441562500004 0.15807629843749998 0.33096590937500003 0.16720779218749998 0.343141234375 0.1692370125 0.35430194843749996 0.15807629843749998 0.35734577968750003 0.1509740265625 0.3583603890625 0.143871753125 0.3512581171875 0.13676948125 0.3411120125 0.134740259375
1 0.5257711031250001 0.41071428593750003 0.5054788968749999 0.40056818125 0.475040584375 0.39853896093749996 0.450689934375 0.408685065625 0.43344155781250004 0.42593344218749996 0.425324675 0.44216720781249996 0.425324675 0.450284090625 0.42329545468749996 0.45231331093750005 0.42329545468749996 0.47869318125 0.42938311718750005 0.49492694843749996 0.44866071406249997 0.516233765625 0.47301136406250005 0.5284090906250001 0.4973620125 0.5284090906250001 0.5054788968749999 0.5243506499999999 0.5115665578125 0.5243506499999999 0.5278003250000001 0.516233765625 0.54301948125 0.49898538906249995 0.550121753125 0.477678571875 0.5511363640625 0.44622565 0.54301948125 0.42999188281249995 0.5257711031250001 0.41071428593750003
1 0.406047078125 0.447240259375 0.38879870156249996 0.4279626625 0.38372565000000003 0.408685065625 0.375608765625 0.408685065625 0.35734577968750003 0.41883116875 0.346185065625 0.43202110312500003 0.34009740312500003 0.450284090625 0.34009740312500003 0.462459415625 0.34415584374999997 0.47260551875 0.34415584374999997 0.47869318125 0.359375 0.49594155781250004 0.3634334421875 0.49797077968750003 0.37155032499999996 0.49797077968750003 0.38169642812500004 0.487824675 0.41619318125 0.471590909375 0.42025162343750005 0.465503246875 0.421266234375 0.456371753125 0.41619318125 0.45129870156249996 0.406047078125 0.447240259375
1 0.34009740312500003 0.44825487031250005 0.33096590937500003 0.43912337656249995 0.324878246875 0.43912337656249995 0.3167613640625 0.44318181875 0.30357142812500004 0.45840097343749997 0.2995129875 0.47057629843750004 0.30154220781249996 0.49086850625 0.30560065000000003 0.49898538906249995 0.3167613640625 0.5081168828125 0.3329951296875 0.48985389687499997 0.34517045468749996 0.48579545468749996 0.346185065625 0.480722403125 0.34009740312500003 0.46448863593749995 0.34009740312500003 0.44825487031250005
1 0.294439934375 0.44318181875 0.28327922031249997 0.456371753125 0.27922077968750003 0.46651785781250005 0.28125 0.48883928593750003 0.29038149375 0.5 0.294439934375 0.5020292203125 0.30052759687499997 0.5020292203125 0.30357142812500004 0.49898538906249995 0.30154220781249996 0.48275162343750005 0.2995129875 0.480722403125 0.2995129875 0.47057629843750004 0.30357142812500004 0.45840097343749997 0.31067370156249996 0.44926948125 0.3116883109375 0.444196428125 0.306615259375 0.43912337656249995 0.294439934375 0.44318181875
1 0.412134740625 0.5852272734375 0.39590097343749997 0.5852272734375 0.38169642812500004 0.5791396109375 0.36546266250000004 0.5608766234375 0.3512581171875 0.5629058437500001 0.3411120125 0.56899350625 0.33198051875 0.5801542203125 0.3258928578125 0.5963879875 0.3258928578125 0.612621753125 0.334009740625 0.630884740625 0.349228896875 0.6461038968749999 0.3634334421875 0.6521915578125 0.3857548703125 0.6521915578125 0.39995941562500004 0.6461038968749999 0.409090909375 0.6369724031249999 0.418222403125 0.6136363640625 0.4192370125 0.594358765625 0.41619318125 0.58725649375 0.412134740625 0.5852272734375
1 0.30154220781249996 0.5679788968749999 0.297483765625 0.5760957796875 0.29545454531250004 0.5923295453125 0.297483765625 0.594358765625 0.2995129875 0.6065340906250001 0.31270292187500004 0.621753246875 0.31879058437499996 0.6258116890625 0.32995129843750004 0.6268262984375 0.32995129843750004 0.6207386359375 0.3258928578125 0.6146509734375 0.3258928578125 0.5963879875 0.32792207812499996 0.594358765625 0.32792207812499996 0.5882711031250001 0.33705357187499996 0.5730519484375 0.33806818125000004 0.5679788968749999 0.31879058437499996 0.552759740625 0.30154220781249996 0.5679788968749999
1 0.43242694843749996 0.3011363640625 0.418222403125 0.29504870156249996 0.40401785781250005 0.29504870156249996 0.38169642812500004 0.30316558437499996 0.37053571406249997 0.31229707812499996 0.3603896109375 0.33258928593750003 0.3603896109375 0.35491071406249997 0.36241883124999996 0.3609983765625 0.3776379875 0.378246753125 0.38169642812500004 0.38027597343749997 0.38778409062499997 0.38027597343749997 0.39082792187500004 0.37317370156249996 0.41416396093749996 0.3518668828125 0.418222403125 0.3518668828125 0.424310065625 0.3478084421875 0.43242694843749996 0.3478084421875 0.43445616875 0.34577922031249997 0.450689934375 0.34577922031249997 0.45170454531250004 0.32853084374999997 0.44561688281249995 0.31635551875 0.43242694843749996 0.3011363640625
1 0.3603896109375 0.33258928593750003 0.36444805156250004 0.32041396093749996 0.359375 0.31534090937500003 0.349228896875 0.31534090937500003 0.33502434999999997 0.32345779218750004 0.3258928578125 0.33461850625 0.31980519531249996 0.35288149375 0.32183441562500004 0.36302759687499997 0.32792207812499996 0.37520292187500004 0.3329951296875 0.38027597343749997 0.33705357187499996 0.38027597343749997 0.349228896875 0.3701298703125 0.3634334421875 0.36607142812500004 0.36444805156250004 0.36302759687499997 0.3603896109375 0.35491071406249997 0.3603896109375 0.33258928593750003
0 0.418222403125 0.25852272656249997 0.40807629843750004 0.25446428593750003 0.3857548703125 0.25446428593750003 0.375608765625 0.25852272656249997 0.3583603890625 0.2737418828125 0.35227272656249997 0.28997565000000003 0.35430194843749996 0.30418019531249996 0.3583603890625 0.3102678578125 0.3583603890625 0.31432629843750004 0.3634334421875 0.31939934999999997 0.36546266250000004 0.31939934999999997 0.3776379875 0.30519480468750004 0.38372565000000003 0.3011363640625 0.40198863593749995 0.29504870156249996 0.43039772656249997 0.29707792187500004 0.4314123375 0.275771103125 0.42938311718750005 0.2696834421875 0.418222403125 0.25852272656249997
0 0.48823051875 0.3792613640625 0.484172078125 0.37114448125 0.46692370156249996 0.353896103125 0.45271915625 0.3478084421875 0.42633928593750003 0.3478084421875 0.40807629843750004 0.35592532499999996 0.39082792187500004 0.37520292187500004 0.384740259375 0.38940746718749997 0.384740259375 0.41781655781250004 0.3948863640625 0.43607954531250004 0.40198863593749995 0.44318181875 0.41619318125 0.45129870156249996 0.42228084375 0.45129870156249996 0.42938311718750005 0.42999188281249995 0.44054383125 0.41680194843749996 0.456777596875 0.40462662343750005 0.46083603906250004 0.40462662343750005 0.47301136406250005 0.39853896093749996 0.48924512968749995 0.396509740625 0.490259740625 0.38940746718749997 0.48823051875 0.387378246875 0.48823051875 0.3792613640625
0 0.3634334421875 0.36607142812500004 0.36140422031249997 0.36810065000000003 0.3553165578125 0.36810065000000003 0.33502434999999997 0.38027597343749997 0.3258928578125 0.39346590937500003 0.3238636359375 0.405641234375 0.32183441562500004 0.40767045468749996 0.32183441562500004 0.421875 0.32995129843750004 0.438108765625 0.33705357187499996 0.44521103906250004 0.3411120125 0.44521103906250004 0.346185065625 0.43202110312500003 0.35734577968750003 0.41883116875 0.37357954531250004 0.408685065625 0.37966720781249996 0.408685065625 0.38372565000000003 0.40462662343750005 0.384740259375 0.38331980468750004 0.37357954531250004 0.37621753281250003 0.3634334421875 0.36607142812500004
0 0.3076298703125 0.38940746718749997 0.2995129875 0.4036120125 0.297483765625 0.409699675 0.297483765625 0.42390422031249997 0.30154220781249996 0.434050325 0.31067370156249996 0.44318181875 0.3167613640625 0.44318181875 0.32792207812499996 0.43607954531250004 0.32183441562500004 0.421875 0.32183441562500004 0.405641234375 0.3258928578125 0.39346590937500003 0.33096590937500003 0.3863636359375 0.33096590937500003 0.38027597343749997 0.3167613640625 0.38230519531249996 0.3076298703125 0.38940746718749997
0 0.4314123375 0.5010146109375 0.425324675 0.48883928593750003 0.425324675 0.48478084375 0.418222403125 0.47970779218750004 0.40198863593749995 0.47970779218750004 0.38372565000000003 0.487824675 0.36850649375 0.5030438312500001 0.3583603890625 0.52739448125 0.3603896109375 0.5456574671875 0.36850649375 0.5659496749999999 0.3776379875 0.5750811687499999 0.38372565000000003 0.5771103890625 0.38778409062499997 0.5811688312500001 0.39995941562500004 0.5831980515625 0.40198863593749995 0.5852272734375 0.42025162343750005 0.5852272734375 0.44054383125 0.5771103890625 0.4557629875 0.561891234375 0.462865259375 0.5405844156249999 0.46387987031250005 0.52739448125 0.44866071406249997 0.5182629875 0.4314123375 0.5010146109375
0 0.3553165578125 0.4939123375 0.34719967500000004 0.48579545468749996 0.343141234375 0.48579545468749996 0.33096590937500003 0.49188311718750005 0.315746753125 0.5111607140625 0.31371753281250003 0.5355113640625 0.315746753125 0.5415990265625 0.32183441562500004 0.5537743500000001 0.33705357187499996 0.5669642859375 0.343141234375 0.5669642859375 0.36241883124999996 0.5578327921875 0.3583603890625 0.525365259375 0.3674918828125 0.5040584421875 0.36850649375 0.5030438312500001 0.3634334421875 0.49797077968750003 0.3553165578125 0.4939123375
0 0.315746753125 0.5111607140625 0.30255681874999996 0.5 0.2893668828125 0.5111607140625 0.28327922031249997 0.5233360390625 0.2853084421875 0.5476866890625 0.2893668828125 0.5558035718750001 0.30052759687499997 0.5649350656250001 0.30458603906250004 0.5649350656250001 0.31879058437499996 0.552759740625 0.31980519531249996 0.5497159093749999 0.31371753281250003 0.5355113640625 0.315746753125 0.5111607140625
0 0.36140422031249997 0.6521915578125 0.349228896875 0.6461038968749999 0.33806818125000004 0.6369724031249999 0.33096590937500003 0.6278409093749999 0.32081980468750004 0.6298701296875 0.30560065000000003 0.6430600656250001 0.2995129875 0.6592938312500001 0.2995129875 0.6694399343749999 0.30357142812500004 0.681615259375 0.30965909062499997 0.6897321421875 0.324878246875 0.7008928578125 0.33705357187499996 0.7029220781250001 0.33908279218750004 0.7049512984375 0.35328733749999996 0.7029220781250001 0.36140422031249997 0.6988636359375 0.37053571406249997 0.6897321421875 0.37459415625000003 0.681615259375 0.375608765625 0.672483765625 0.3766233765625 0.6572646109375 0.37357954531250004 0.6542207796875 0.36140422031249997 0.6521915578125