0 0.7950819671875 0.417751025 0.7950819671875 0.41160348437499994 0.7868852453125 0.397259221875 0.777663934375 0.388037909375 0.7694672125 0.3839395484375 0.7633196718749999 0.38189036875000004 0.74282786875 0.38189036875000004 0.7366803281250001 0.3839395484375 0.721311475 0.397259221875 0.7131147546875 0.41160348437499994 0.7131147546875 0.4402920078125 0.7172131140625 0.4484887296875 0.734631146875 0.46590676249999996 0.7469262296875 0.472054303125 0.770491803125 0.47102971250000003 0.7817622953125001 0.46590676249999996 0.7950819671875 0.4484887296875 0.797131146875 0.44234118906250003 0.797131146875 0.41980020468749996 0.7950819671875 0.417751025
0 0.23770491875 0.6698002046875 0.2336065578125 0.6759477453125 0.2336065578125 0.6902920078125 0.2315573765625 0.6923411890625 0.2336065578125 0.6943903687499999 0.2336065578125 0.7107838109375 0.23770491875 0.7189805328125 0.2397540984375 0.7312756140625 0.258196721875 0.755865778125 0.28176229531249997 0.7732838109375 0.30020491875 0.777382171875 0.3022540984375 0.779431353125 0.3360655734375 0.7784067625 0.34938524531250004 0.7753329921875001 0.3555327875 0.7691854515625 0.36987704843749997 0.7609887296875 0.383196721875 0.743570696875 0.3893442625 0.7251280734375001 0.3893442625 0.6964395484375 0.3852459015625 0.688242828125 0.3852459015625 0.6820952874999999 0.3790983609375 0.6718493859375 0.3790983609375 0.667751025 0.3729508203125 0.659554303125 0.347336065625 0.6359887296875 0.335040984375 0.6298411890625 0.3227459015625 0.625742828125 0.3145491796875 0.625742828125 0.3125 0.623693646875 0.292008196875 0.623693646875 0.289959015625 0.625742828125 0.283811475 0.625742828125 0.2592213109375 0.638037909375 0.2479508203125 0.6493084015624999 0.2459016390625 0.6554559421875 0.23770491875 0.66570184375 0.23770491875 0.6698002046875
0 0.40061475468749996 0.3286116796875 0.3985655734375 0.3306608609375 0.3924180328125 0.3306608609375 0.3770491796875 0.34398053281249996 0.3729508203125 0.35627561406249997 0.3729508203125 0.366521515625 0.3842213109375 0.3839395484375 0.39651639375 0.390087090625 0.40983606562499997 0.3890625 0.41905737656250003 0.38598872968750003 0.42622950781249996 0.3788165984375 0.4323770484375 0.3644723359375 0.4323770484375 0.3521772546875 0.42622950781249996 0.33988217187499997 0.4211065578125 0.334759221875 0.41290983593749997 0.3306608609375 0.40061475468749996 0.3286116796875
0 0.41290983593749997 0.3306608609375 0.4211065578125 0.334759221875 0.43032786874999995 0.3460297125 0.4323770484375 0.3583247953125 0.4344262296875 0.3583247953125 0.438524590625 0.35627561406249997 0.4426229515625 0.34807889375 0.4426229515625 0.3316854515625 0.43545082031250004 0.320414959375 0.4231557375 0.31426741874999997 0.41290983593749997 0.31426741874999997 0.40266393437500003 0.318365778125 0.3934426234375 0.327587090625 0.3944672125 0.3306608609375 0.41290983593749997 0.3306608609375
0 0.45594262343749997 0.3101690578125 0.4672131140625 0.30709528750000004 0.46516393437500003 0.2968493859375 0.4538934421875 0.28762807343749996 0.4415983609375 0.28762807343749996 0.4334016390625 0.291726434375 0.42622950781249996 0.3009477453125 0.42622950781249996 0.3152920078125 0.4415983609375 0.3265625 0.44467213125000005 0.325537909375 0.44467213125000005 0.3214395484375 0.45594262343749997 0.3101690578125
0 0.5112704921875 0.28148053281249996 0.5030737703125 0.28148053281249996 0.49282786874999995 0.28557889375 0.4856557375 0.2948002046875 0.5030737703125 0.2958247953125 0.515368853125 0.304021515625 0.5184426234374999 0.3029969265625 0.5256147546875 0.29992315625 0.52663934375 0.2948002046875 0.5194672125 0.28557889375 0.5112704921875 0.28148053281249996
0 0.5163934421875 0.31324282812500004 0.5256147546875 0.320414959375 0.534836065625 0.3316854515625 0.5368852453125 0.34807889375 0.547131146875 0.34807889375 0.554303278125 0.3450051234375 0.5614754093750001 0.33783299218749996 0.5655737703125 0.3296362703125 0.5655737703125 0.3152920078125 0.5594262296875 0.30504610625 0.55020491875 0.297873975 0.533811475 0.2958247953125 0.5235655734375 0.29992315625 0.5163934421875 0.30709528750000004 0.5163934421875 0.31324282812500004
0 0.49385245937500005 0.3152920078125 0.5010245906249999 0.3122182375 0.5112704921875 0.31426741874999997 0.5163934421875 0.30709528750000004 0.5092213109375 0.29992315625 0.5051229515625 0.29992315625 0.498975409375 0.2958247953125 0.48872950781249996 0.2958247953125 0.47745901562500004 0.3029969265625 0.47643442656249996 0.3081198765625 0.486680328125 0.3122182375 0.4907786890625 0.3163165984375 0.49385245937500005 0.3152920078125
0 0.3422131140625 0.34398053281249996 0.3422131140625 0.33988217187499997 0.3514344265625 0.3265625 0.3575819671875 0.3224641390625 0.37397540937499996 0.320414959375 0.375 0.31734118906250003 0.361680328125 0.3101690578125 0.3514344265625 0.3101690578125 0.347336065625 0.3122182375 0.3360655734375 0.32348872968750003 0.3360655734375 0.33988217187499997 0.33913934375 0.3450051234375 0.3422131140625 0.34398053281249996
0 0.3217213109375 0.354226434375 0.3268442625 0.35320184375 0.3360655734375 0.341931353125 0.3360655734375 0.32348872968750003 0.3268442625 0.31426741874999997 0.320696721875 0.31426741874999997 0.318647540625 0.3122182375 0.306352459375 0.3163165984375 0.299180328125 0.325537909375 0.29713114687500003 0.341931353125 0.306352459375 0.35320184375 0.3104508203125 0.355251025 0.3217213109375 0.354226434375
0 0.3288934421875 0.3019723359375 0.318647540625 0.3019723359375 0.3145491796875 0.304021515625 0.30737704843749997 0.31324282812500004 0.32479508125 0.31426741874999997 0.335040984375 0.3224641390625 0.33811475468749996 0.3214395484375 0.340163934375 0.31939036875000004 0.340163934375 0.311193646875 0.33709016406250003 0.306070696875 0.3288934421875 0.3019723359375
0 0.340163934375 0.311193646875 0.340163934375 0.31324282812500004 0.34323770468750003 0.3163165984375 0.34426229531249997 0.3152920078125 0.35963114687500003 0.3019723359375 0.3657786890625 0.29992315625 0.366803278125 0.2968493859375 0.35348360625 0.2958247953125 0.34938524531250004 0.297873975 0.340163934375 0.311193646875
1 0.10348360625 0.40238217187499997 0.0922131140625 0.41160348437499994 0.090163934375 0.41980020468749996 0.10348360625 0.422873975 0.10860655781249999 0.43004610625 0.11065573749999999 0.44234118906250003 0.1147540984375 0.44234118906250003 0.1229508203125 0.4320952875 0.1229508203125 0.4136526640625 0.1157786890625 0.404431353125 0.10348360625 0.40238217187499997
1 0.09631147500000001 0.466931353125 0.1065573765625 0.45873463125 0.11065573749999999 0.4464395484375 0.11065573749999999 0.43824282812500004 0.10553278749999999 0.42492315625000004 0.0952868859375 0.42082479531250006 0.08913934375 0.42082479531250006 0.077868853125 0.43004610625 0.07377049218750001 0.43824282812500004 0.07377049218750001 0.45463627031250003 0.0788934421875 0.46385758125 0.0870901640625 0.46795594218750003 0.09631147500000001 0.466931353125
1 0.0625 0.46590676249999996 0.0665983609375 0.46795594218750003 0.07377049218750001 0.466931353125 0.077868853125 0.46488217187499997 0.077868853125 0.4607838109375 0.07377049218750001 0.45463627031250003 0.07377049218750001 0.43619364687499995 0.0799180328125 0.4279969265625 0.07684426250000001 0.42492315625000004 0.0665983609375 0.42492315625000004 0.0573770484375 0.4341444671875 0.055327868749999995 0.4402920078125 0.055327868749999995 0.45463627031250003 0.0625 0.46590676249999996
1 0.15368852500000002 0.40340676249999996 0.16086065624999998 0.40852971250000003 0.1680327875 0.409554303125 0.17520491875 0.40852971250000003 0.1844262296875 0.3993084015625 0.186475409375 0.3931608609375 0.186475409375 0.380865778125 0.1823770484375 0.3726690578125 0.1731557375 0.36754610625 0.1629098359375 0.36959528750000004 0.15163934375000002 0.380865778125 0.15163934375000002 0.3870133203125 0.1495901640625 0.3890625 0.15368852500000002 0.40340676249999996
1 0.2397540984375 0.368570696875 0.241803278125 0.35627561406249997 0.2397540984375 0.35012807343749996 0.2305327875 0.3409067625 0.2202868859375 0.3409067625 0.2069672125 0.3521772546875 0.20491803281249998 0.3644723359375 0.2120901640625 0.3777920078125 0.21618852500000002 0.37984118906250003 0.229508196875 0.3788165984375 0.23258196718750002 0.3777920078125 0.2397540984375 0.368570696875
1 0.27459016406250003 0.327587090625 0.27663934375 0.34398053281249996 0.28586065625 0.3511526640625 0.2950819671875 0.35012807343749996 0.299180328125 0.34807889375 0.29713114687500003 0.3316854515625 0.30532786875 0.31734118906250003 0.2961065578125 0.3122182375 0.283811475 0.3163165984375 0.27459016406250003 0.327587090625
1 0.277663934375 0.40648053281249996 0.289959015625 0.41877561406249997 0.2930327875 0.417751025 0.299180328125 0.40750512343749995 0.299180328125 0.3870133203125 0.2950819671875 0.3788165984375 0.28790983593749997 0.3716444671875 0.277663934375 0.36754610625 0.2674180328125 0.36754610625 0.25512295156250003 0.373693646875 0.243852459375 0.3890625 0.241803278125 0.40340676249999996 0.2674180328125 0.40238217187499997 0.277663934375 0.40648053281249996
1 0.25102459062500004 0.40238217187499997 0.23872950781250002 0.40852971250000003 0.229508196875 0.417751025 0.22336065624999998 0.4320952875 0.22336065624999998 0.45053790937500005 0.22745901562499998 0.4607838109375 0.23872950781250002 0.472054303125 0.2530737703125 0.47820184374999997 0.2643442625 0.4771772546875 0.27151639375 0.4761526640625 0.284836065625 0.466931353125 0.2930327875 0.4484887296875 0.2930327875 0.4279969265625 0.2889344265625 0.417751025 0.277663934375 0.40648053281249996 0.2674180328125 0.40238217187499997 0.25102459062500004 0.40238217187499997
1 0.36782786875 0.541726434375 0.381147540625 0.5284067625 0.3893442625 0.5079149593750001 0.3913934421875 0.493570696875 0.3893442625 0.491521515625 0.38729508125 0.4771772546875 0.381147540625 0.46488217187499997 0.37397540937499996 0.457710040625 0.361680328125 0.4495133203125 0.34938524531250004 0.44541495937500003 0.3288934421875 0.44541495937500003 0.3084016390625 0.4556608609375 0.29713114687500003 0.466931353125 0.2889344265625 0.485373975 0.28688524531250004 0.50176741875 0.2950819671875 0.52635758125 0.3084016390625 0.5396772546874999 0.3227459015625 0.547873975 0.332991803125 0.547873975 0.335040984375 0.54992315625 0.34836065625 0.548898565625 0.3555327875 0.547873975 0.36782786875 0.541726434375
1 0.35348360625 0.3245133203125 0.34426229531249997 0.3357838109375 0.3422131140625 0.341931353125 0.3422131140625 0.354226434375 0.346311475 0.36242315625 0.3575819671875 0.3716444671875 0.368852459375 0.3726690578125 0.375 0.3706198765625 0.3729508203125 0.366521515625 0.375 0.34807889375 0.38729508125 0.33373463124999997 0.38729508125 0.3296362703125 0.37602459062500004 0.320414959375 0.3637295078125 0.320414959375 0.3575819671875 0.3245133203125 0.35348360625 0.3245133203125
1 0.38217213125 0.297873975 0.3657786890625 0.297873975 0.3565573765625 0.30709528750000004 0.3637295078125 0.3122182375 0.36782786875 0.3122182375 0.3862704921875 0.3286116796875 0.3913934421875 0.327587090625 0.395491803125 0.3152920078125 0.3913934421875 0.30504610625 0.3862704921875 0.29992315625 0.38217213125 0.297873975
1 0.45594262343749997 0.3101690578125 0.4426229515625 0.325537909375 0.4426229515625 0.341931353125 0.4467213109375 0.35012807343749996 0.45594262343749997 0.3593493859375 0.46004098437499996 0.361398565625 0.47745901562500004 0.360373975 0.479508196875 0.35627561406249997 0.47540983593749997 0.35012807343749996 0.47336065625 0.33988217187499997 0.479508196875 0.325537909375 0.48872950781249996 0.318365778125 0.48975409843750006 0.3152920078125 0.47848360625 0.3081198765625 0.46209016406250003 0.3081198765625 0.45594262343749997 0.3101690578125
1 0.486680328125 0.318365778125 0.479508196875 0.325537909375 0.47540983593749997 0.33373463124999997 0.47540983593749997 0.35012807343749996 0.484631146875 0.3654969265625 0.4969262296875 0.3716444671875 0.508196721875 0.3726690578125 0.52151639375 0.36959528750000004 0.5307377046874999 0.360373975 0.5368852453125 0.34807889375 0.5368852453125 0.33988217187499997 0.5327868859375 0.3296362703125 0.5235655734375 0.318365778125 0.515368853125 0.31426741874999997 0.4948770484375 0.31426741874999997 0.486680328125 0.318365778125
1 0.6567622953125001 0.3265625 0.6383196718749999 0.3265625 0.6301229515625 0.3306608609375 0.618852459375 0.34398053281249996 0.616803278125 0.35627561406249997 0.6147540984375001 0.3583247953125 0.616803278125 0.3706198765625 0.6209016390625 0.3788165984375 0.6342213109375 0.3921362703125 0.6444672125 0.39623463124999997 0.659836065625 0.395210040625 0.6711065578125 0.390087090625 0.68032786875 0.3788165984375 0.6844262296875 0.368570696875 0.6844262296875 0.35627561406249997 0.6782786890625 0.341931353125 0.667008196875 0.3306608609375 0.6567622953125001 0.3265625
2 1 0.380865778125 0.9948770484375 0.37574282812500004 0.9846311468750001 0.3716444671875 0.97848360625 0.373693646875 0.9692622953125 0.3849641390625 0.9692622953125 0.40545594218750003 0.97336065625 0.41570184374999997 0.9825819671874999 0.42492315625000004 0.9866803281250001 0.4269723359375 0.9959016390625001 0.4259477453125 1 0.42102971250000004 1 0.380865778125