1 0.48125 0.5328125 0.04375 0.0453125
1 0.5296875 0.553125 0.040625 0.0453125
1 0.4921875 0.3546875 0.04375 0.046875
1 0.5390625 0.340625 0.0421875 0.046875
2 0.4734375 0.7453125 0.0453125 0.053125
2 0.5203125 0.734375 0.040625 0.0484375
2 0.4984375 0.1734375 0.0375 0.0515625
2 0.54375 0.1671875 0.04375 0.0546875
2 0.5785604515625 0.15 0.572412909375 0.15 0.567289959375 0.1551229515625 0.567289959375 0.183811475 0.5683145484375001 0.184836065625 0.574462090625 0.19098360625 0.5765112703125 0.19098360625 0.5785604515625 0.18893442656249998 0.58060963125 0.1930327875 0.5970030734375 0.1930327875 0.6031506140625 0.1868852453125 0.6062243859375 0.18586065624999998 0.6062243859375 0.183811475 0.6103227453125 0.17971311406249998 0.6103227453125 0.1756147546875 0.6123719265625 0.1735655734375 0.6123719265625 0.15717213125 0.6103227453125 0.1551229515625 0.608273565625 0.148975409375 0.6031506140625 0.143852459375 0.6011014343750001 0.143852459375 0.5990522546875 0.141803278125 0.59495389375 0.141803278125 0.5929047125 0.1397540984375 0.5888063531250001 0.1397540984375 0.586757171875 0.141803278125 0.5826588109374999 0.141803278125 0.581634221875 0.1469262296875 0.5785604515625 0.15
1 0.5426997953125 0.7637295078124999 0.5488473359375 0.76782786875 0.5467981562500001 0.7719262296875 0.5539702875 0.7790983609375 0.558068646875 0.7770491796875 0.5621670078125 0.783196721875 0.5785604515625 0.783196721875 0.5826588109374999 0.7811475406249999 0.5898309421875 0.773975409375 0.593929303125 0.7657786890625 0.593929303125 0.7575819671875 0.595978484375 0.75348360625 0.593929303125 0.7514344265624999 0.593929303125 0.747336065625 0.5898309421875 0.73913934375 0.5826588109374999 0.7319672125000001 0.574462090625 0.727868853125 0.5642161890625 0.727868853125 0.5621670078125 0.7299180328125 0.5539702875 0.7299180328125 0.544748975 0.73913934375 0.5406506140625 0.747336065625 0.5416752046875 0.7606557375 0.5426997953125 0.7637295078124999
1 0.4640625 0.9390625 0.0515625 0.0578125
2 0.5734375 0.37643442656250004 0.5765112703125 0.379508196875 0.5826588109374999 0.3815573765625 0.5929047125 0.379508196875 0.5970030734375 0.377459015625 0.608273565625 0.36413934375 0.6103227453125 0.357991803125 0.608273565625 0.343647540625 0.6041752046875 0.3375 0.59495389375 0.33032786875000003 0.5785604515625 0.33032786875000003 0.574462090625 0.336475409375 0.5703637296874999 0.3344262296875 0.5631915984375 0.3415983609375 0.5631915984375 0.34979508125000003 0.5590932375000001 0.357991803125 0.560117828125 0.3631147546875 0.5631915984375 0.37028688593750003 0.5683145484375001 0.37336065625 0.572412909375 0.371311475 0.5734375 0.37643442656250004
3 0.5296875 0.1671875 0.1234375 0.0828125
3 0.5265625 0.3484375 0.1328125 0.078125
3 0.509375 0.5421875 0.140625 0.0734375
3 0.5046875 0.7453125 0.134375 0.078125
3 0.4890625 0.95 0.14375 0.1