1 0.453125 0.6201171875 0.453125 0.6142578125 0.44140625 0.5947265625 0.4189453125 0.576171875 0.3994140625 0.568359375 0.3701171875 0.56640625 0.3583984375 0.5703125 0.3408203125 0.580078125 0.330078125 0.5908203125 0.31640625 0.6162109375 0.31640625 0.6435546875 0.318359375 0.6455078125 0.3203125 0.6611328125 0.3369140625 0.6875 0.3603515625 0.703125 0.3720703125 0.705078125 0.3740234375 0.70703125 0.388671875 0.7080078125 0.4013671875 0.70703125 0.4267578125 0.697265625 0.4453125 0.6787109375 0.455078125 0.6591796875 0.455078125 0.6474609375 0.45703125 0.6455078125 0.455078125 0.6220703125 0.453125 0.6201171875
1 0.328125 0.6767578125 0.310546875 0.6494140625 0.2880859375 0.6328125 0.2646484375 0.625 0.2490234375 0.625 0.2470703125 0.626953125 0.2333984375 0.62890625 0.2236328125 0.634765625 0.20703125 0.6533203125 0.20703125 0.6572265625 0.19921875 0.6748046875 0.19921875 0.7001953125 0.20703125 0.7177734375 0.20703125 0.7216796875 0.2109375 0.7255859375 0.212890625 0.7314453125 0.2265625 0.7470703125 0.2353515625 0.75390625 0.2392578125 0.75390625 0.2470703125 0.759765625 0.2509765625 0.759765625 0.2626953125 0.765625 0.291015625 0.7646484375 0.2978515625 0.763671875 0.3154296875 0.75390625 0.32421875 0.7412109375 0.330078125 0.7236328125 0.330078125 0.7158203125 0.33203125 0.7138671875 0.33203125 0.6884765625 0.328125 0.6767578125
1 0.1162109375 0.78125 0.212890625 0.7802734375 0.2060546875 0.771484375 0.1923828125 0.76171875 0.1630859375 0.751953125 0.1416015625 0.751953125 0.1298828125 0.7578125 0.119140625 0.7685546875 0.115234375 0.7763671875 0.1162109375 0.78125
1 0.2646484375 0.4296875 0.2548828125 0.4296875 0.2392578125 0.4375 0.234375 0.4443359375 0.23046875 0.4462890625 0.224609375 0.4580078125 0.224609375 0.4775390625 0.228515625 0.4873046875 0.2392578125 0.5 0.2568359375 0.505859375 0.265625 0.5048828125 0.2802734375 0.498046875 0.2890625 0.4873046875 0.29296875 0.4755859375 0.29296875 0.4580078125 0.28515625 0.4423828125 0.2744140625 0.43359375 0.2705078125 0.43359375 0.2646484375 0.4296875
1 0.30078125 0.3544921875 0.3046875 0.3642578125 0.3095703125 0.369140625 0.3134765625 0.37109375 0.326171875 0.3701171875 0.3330078125 0.3671875 0.337890625 0.3603515625 0.337890625 0.3447265625 0.3291015625 0.333984375 0.3212890625 0.333984375 0.3056640625 0.341796875 0.302734375 0.3447265625 0.30078125 0.3544921875
1 0.26953125 0.3544921875 0.26953125 0.3642578125 0.2734375 0.3701171875 0.2802734375 0.375 0.291015625 0.3740234375 0.30078125 0.3662109375 0.302734375 0.3583984375 0.30078125 0.3564453125 0.30078125 0.3447265625 0.2880859375 0.337890625 0.2783203125 0.341796875 0.2734375 0.3466796875 0.26953125 0.3544921875
1 0.3046875 0.3427734375 0.3173828125 0.333984375 0.33203125 0.3330078125 0.3251953125 0.328125 0.3134765625 0.328125 0.3046875 0.3349609375 0.302734375 0.3388671875 0.302734375 0.3427734375 0.3046875 0.3427734375
1 0.423828125 0.3076171875 0.423828125 0.3134765625 0.421875 0.3154296875 0.423828125 0.3173828125 0.423828125 0.3232421875 0.4306640625 0.330078125 0.439453125 0.3310546875 0.4482421875 0.330078125 0.45703125 0.3193359375 0.45703125 0.3076171875 0.4482421875 0.298828125 0.4423828125 0.298828125 0.4404296875 0.296875 0.4287109375 0.302734375 0.423828125 0.3076171875
1 0.4140625 0.3173828125 0.416015625 0.3212890625 0.4228515625 0.326171875 0.42578125 0.3251953125 0.421875 0.3154296875 0.423828125 0.3134765625 0.423828125 0.3076171875 0.4375 0.2978515625 0.4345703125 0.294921875 0.4228515625 0.294921875 0.4140625 0.3056640625 0.4140625 0.3173828125
1 0.458984375 0.3056640625 0.45703125 0.3095703125 0.45703125 0.3193359375 0.4677734375 0.33203125 0.4765625 0.3330078125 0.4833984375 0.33203125 0.490234375 0.3251953125 0.48828125 0.3193359375 0.490234375 0.3037109375 0.4853515625 0.298828125 0.4716796875 0.296875 0.4658203125 0.298828125 0.458984375 0.3056640625
1 0.7490234375 0.3203125 0.740234375 0.3271484375 0.736328125 0.3349609375 0.73828125 0.3505859375 0.7490234375 0.365234375 0.7607421875 0.369140625 0.76953125 0.3681640625 0.78125 0.3564453125 0.783203125 0.3408203125 0.77734375 0.3291015625 0.7666015625 0.3203125 0.7587890625 0.3203125 0.7568359375 0.318359375 0.7548828125 0.3203125 0.7490234375 0.3203125
1 0.958984375 0.5966796875 0.95703125 0.5986328125 0.95703125 0.6220703125 0.96484375 0.6455078125 0.9775390625 0.654296875 0.9833984375 0.654296875 0.9853515625 0.65625 0.994140625 0.6552734375 1 0.6513671875 0.9990234375 0.546875 0.9912109375 0.546875 0.9833984375 0.55078125 0.97265625 0.5615234375 0.962890625 0.5771484375 0.958984375 0.5888671875 0.958984375 0.5966796875
0 0.9765625 0.4423828125 0.9677734375 0.435546875 0.9521484375 0.435546875 0.943359375 0.4423828125 0.935546875 0.4541015625 0.935546875 0.4599609375 0.93359375 0.4619140625 0.93359375 0.4833984375 0.94140625 0.4990234375 0.94140625 0.5029296875 0.9482421875 0.509765625 0.9521484375 0.51171875 0.96875 0.5107421875 0.9755859375 0.5078125 0.98046875 0.5029296875 0.986328125 0.4912109375 0.986328125 0.4814453125 0.98828125 0.4794921875 0.986328125 0.4599609375 0.982421875 0.4501953125 0.9765625 0.4423828125
0 0.923828125 0.3916015625 0.923828125 0.3994140625 0.921875 0.4013671875 0.923828125 0.4150390625 0.9296875 0.4267578125 0.9345703125 0.431640625 0.9384765625 0.43359375 0.951171875 0.4326171875 0.9560546875 0.431640625 0.962890625 0.4208984375 0.962890625 0.4033203125 0.95703125 0.3896484375 0.9482421875 0.380859375 0.9365234375 0.37890625 0.9326171875 0.380859375 0.923828125 0.3916015625
0 0.794921875 0.3408203125 0.791015625 0.3486328125 0.791015625 0.3583984375 0.794921875 0.3681640625 0.8056640625 0.380859375 0.8115234375 0.3828125 0.822265625 0.3818359375 0.8251953125 0.380859375 0.8359375 0.3681640625 0.8359375 0.3525390625 0.83203125 0.3447265625 0.8232421875 0.3359375 0.8134765625 0.33203125 0.8076171875 0.33203125 0.794921875 0.3408203125
0 0.544921875 0.3173828125 0.546875 0.3291015625 0.5517578125 0.3359375 0.5615234375 0.341796875 0.576171875 0.3408203125 0.5810546875 0.337890625 0.587890625 0.3291015625 0.587890625 0.3154296875 0.5771484375 0.302734375 0.5732421875 0.30078125 0.5595703125 0.30078125 0.546875 0.3115234375 0.544921875 0.3173828125
0 0.4931640625 0.361328125 0.4912109375 0.359375 0.4736328125 0.365234375 0.4609375 0.3779296875 0.458984375 0.3837890625 0.458984375 0.3994140625 0.46484375 0.4130859375 0.4755859375 0.423828125 0.4873046875 0.4296875 0.5 0.4287109375 0.5107421875 0.423828125 0.521484375 0.4130859375 0.525390625 0.4052734375 0.52734375 0.3896484375 0.5234375 0.3779296875 0.5146484375 0.3671875 0.5029296875 0.361328125 0.4931640625 0.361328125
0 0.48828125 0.3193359375 0.4990234375 0.33203125 0.5029296875 0.333984375 0.513671875 0.3330078125 0.525390625 0.3232421875 0.52734375 0.3115234375 0.5185546875 0.298828125 0.5146484375 0.296875 0.5009765625 0.296875 0.490234375 0.3056640625 0.48828125 0.3095703125 0.48828125 0.3193359375
0 0.3525390625 0.35546875 0.3671875 0.3544921875 0.376953125 0.3447265625 0.376953125 0.3291015625 0.3662109375 0.3203125 0.3583984375 0.3203125 0.349609375 0.3291015625 0.345703125 0.3369140625 0.345703125 0.3486328125 0.3525390625 0.35546875
0 0.3408203125 0.349609375 0.34375 0.3486328125 0.345703125 0.3330078125 0.357421875 0.3212890625 0.3564453125 0.318359375 0.3447265625 0.318359375 0.3408203125 0.3203125 0.33203125 0.3310546875 0.337890625 0.3466796875 0.3408203125 0.349609375
2 0.9755859375 0.388671875 0.9658203125 0.388671875 0.9619140625 0.390625 0.958984375 0.3955078125 0.962890625 0.4033203125 0.9609375 0.4306640625 0.9716796875 0.439453125 0.98046875 0.4384765625 0.9833984375 0.4375 0.990234375 0.4287109375 0.990234375 0.4228515625 0.9921875 0.4208984375 0.990234375 0.4052734375 0.986328125 0.3974609375 0.9794921875 0.390625 0.9755859375 0.388671875