2 0.506470959375 1 0.5085227265625 0.9973620125 0.5085227265625 0.9892451296875 0.50649350625 0.9872159093749999 0.5105519484375 0.9831574671875 0.5105519484375 0.9770698046874999 0.5085227265625 0.9709821421875 0.5044642859375 0.9628652593749999 0.493303571875 0.9517045453125 0.48315746718749997 0.9517045453125 0.481128246875 0.949675325 0.475040584375 0.9517045453125 0.46387987031250005 0.9608360390625 0.45880681875 0.9719967531249999 0.45779220781249996 0.9811282468750001 0.459821428125 0.9831574671875 0.45779220781249996 0.9851866890625001 0.45779220781249996 0.99127435 0.4612824671875 1 0.506470959375 1
1 0.515625 0.6310876624999999 0.5217126624999999 0.6331168828125 0.5359172078125 0.6331168828125 0.5399756499999999 0.6290584421875 0.5460633109375 0.6290584421875 0.5551948046875 0.6199269484375 0.559253246875 0.6118100656250001 0.5612824671875 0.59760551875 0.5572240265625 0.5854301953125 0.5480925328125 0.5762987015625 0.5399756499999999 0.57426948125 0.5379464281249999 0.5702110390625 0.5176542203125 0.5702110390625 0.5135957796875 0.572240259375 0.5095373375000001 0.5783279218749999 0.5054788968749999 0.5783279218749999 0.5024350656250001 0.581371753125 0.5014204546875 0.5884740265625 0.5004058437500001 0.6138392859375 0.5044642859375 0.6219561687499999 0.515625 0.6310876624999999
1 0.44663149375 0.6229707796875 0.45880681875 0.6290584421875 0.462865259375 0.6290584421875 0.46489448125 0.6270292203125 0.46692370156249996 0.6290584421875 0.47706980468750004 0.6290584421875 0.48518668906249995 0.625 0.49431818125 0.6138392859375 0.49837662343750005 0.6036931812499999 0.49837662343750005 0.5915178578125 0.49431818125 0.581371753125 0.48823051875 0.5773133109375 0.48518668906249995 0.5702110390625 0.47301136406250005 0.5641233765625 0.468952921875 0.5661525968750001 0.456777596875 0.5661525968750001 0.45474837656249995 0.5681818187500001 0.450689934375 0.5681818187500001 0.44764610312500003 0.5712256499999999 0.44764610312500003 0.5752840906250001 0.44054383125 0.5783279218749999 0.43445616875 0.5864448046875 0.43344155781250004 0.6036931812499999 0.4375 0.6118100656250001 0.44663149375 0.6229707796875
2 0.5643262984375 0.37540584374999997 0.5704139609375 0.377435065625 0.5724431812499999 0.37540584374999997 0.5785308437500001 0.38149350625 0.5927353890625 0.38149350625 0.6089691562499999 0.3733766234375 0.6160714281249999 0.36627434999999997 0.6221590906250001 0.35206980468750004 0.6221590906250001 0.33583603906250004 0.6181006499999999 0.325689934375 0.6069399343749999 0.31452922031249997 0.5907061687499999 0.3084415578125 0.5724431812499999 0.3125 0.5622970781250001 0.32467532499999996 0.5572240265625 0.32771915625000003 0.5541801953125 0.34090909062499997 0.5531655843750001 0.3601866890625 0.5572240265625 0.36830357187499996 0.5643262984375 0.37540584374999997
1 0.49228896093749996 0.3723620125 0.499391234375 0.377435065625 0.5115665578125 0.38352272656249997 0.5237418828125 0.38352272656249997 0.5379464281249999 0.37540584374999997 0.5420048703125 0.37540584374999997 0.5531655843750001 0.36221590937500003 0.5551948046875 0.33380681874999996 0.5511363640625 0.325689934375 0.5470779218749999 0.32366071406249997 0.5470779218749999 0.31960227343750003 0.5399756499999999 0.3125 0.5359172078125 0.3125 0.5338879875 0.31452922031249997 0.5278003250000001 0.30641233749999996 0.515625 0.30641233749999996 0.5135957796875 0.3084415578125 0.5095373375000001 0.3084415578125 0.5014204546875 0.3125 0.49431818125 0.31960227343750003 0.49228896093749996 0.32366071406249997 0.496347403125 0.325689934375 0.49127435 0.328733765625 0.490259740625 0.36627434999999997 0.49228896093749996 0.36830357187499996 0.49228896093749996 0.3723620125
2 0.43648538906249995 0.38555194843749996 0.44460227343750003 0.3896103890625 0.44866071406249997 0.3896103890625 0.450689934375 0.3916396109375 0.46489448125 0.3916396109375 0.46692370156249996 0.3896103890625 0.47098214218749995 0.3896103890625 0.48823051875 0.37033279218750004 0.48823051875 0.36221590937500003 0.48620129843750004 0.3601866890625 0.48620129843750004 0.33989448125 0.484172078125 0.33583603906250004 0.47706980468750004 0.328733765625 0.468952921875 0.328733765625 0.46489448125 0.322646103125 0.46083603906250004 0.3206168828125 0.44663149375 0.322646103125 0.43851461093750005 0.32670454531250004 0.43648538906249995 0.3307629875 0.43242694843749996 0.3307629875 0.42735389687499997 0.33583603906250004 0.42228084375 0.34496753281250003 0.421266234375 0.35815746718749997 0.42735389687499997 0.374391234375 0.43648538906249995 0.38555194843749996
2 0.42228084375 0 0.415178571875 0.007102273437499999 0.406047078125 0.022321428125 0.40503246718749997 0.049715909375 0.41010551875 0.05681818125 0.41314935 0.0578327921875 0.409090909375 0.06392045468749999 0.42228084375 0.07913961093750001 0.43851461093750005 0.08725649375 0.44257305156250004 0.0852272734375 0.45474837656249995 0.0852272734375 0.471996753125 0.07203733749999999 0.478084415625 0.05986201249999999 0.47605519531249996 0.049715909375 0.478084415625 0.047686689062499996 0.478084415625 0.02739448125 0.47402597343749997 0.01521915625 0.45880681875 0 0.42228084375 0
3 0.51875 0.965625 0.1265625 0.0671875
3 0.5015625 0.809375 0.14375 0.1046875
3 0.50625 0.603125 0.15625 0.1046875
3 0.49375 0.3421875 0.178125 0.121875
3 0.4890625 0.0546875 0.1921875 0.109375