2 0.4847160921875 0.6432691125 0.485704903125 0.6368764062500001 0.48496574531250003 0.6249137359375 0.4803095453125 0.6144585593749999 0.47573047031250004 0.610321828125 0.467341646875 0.6066291828125 0.4609961375 0.606852953125 0.4537656140625 0.608325021875 0.44777519843749997 0.608325021875 0.43810952812500004 0.6221820171875 0.4367065890625 0.6253088453125 0.4357583296875 0.640423871875 0.43878957500000004 0.647262721875 0.44577839375000006 0.654251540625 0.45176880781250006 0.6562483453125 0.4537656140625 0.654251540625 0.45676082031250004 0.6572467468750001 0.4697400546875 0.6582451500000001 0.4827192875 0.647262721875 0.4847160921875 0.6432691125
1 0.07242625625 0.6266903828125 0.076419865625 0.6226967734375 0.0784166703125 0.6067223328125 0.0694310484375 0.5957399046875 0.06578970625 0.5947444703125 0.062442229687499996 0.592744696875 0.05944702187499999 0.5897494890625 0.0414757765625 0.5897494890625 0.0255013359375 0.597736709375 0.0145189078125 0.6087191375 0.012522101562499999 0.6226967734375 0.016515712499999998 0.6326807984375 0.032490153125 0.6446616296875 0.0554534125 0.64566003125 0.07042945 0.6326807984375 0.07242625625 0.6266903828125
1 0.2815270796875 0.639893653125 0.2815270796875 0.6279128234375 0.279530275 0.6259160171875 0.2815270796875 0.6239192124999999 0.2815270796875 0.6099415765625 0.27054465156249996 0.6009559531249999 0.2545702109375 0.5989591484375001 0.25257340625 0.6009559531249999 0.24658299062500003 0.6009559531249999 0.236598965625 0.60694636875 0.23160695156250002 0.6139351875 0.2276133421875 0.6219224078125001 0.22961014687499998 0.6279128234375 0.2276133421875 0.629909628125 0.2276133421875 0.63590004375 0.23160695156250002 0.6438872640625 0.24358778281250001 0.6538712890625 0.26255743125 0.6548696921875 0.27254145625000004 0.6488792765625 0.2815270796875 0.639893653125
1 0.6813065625 0.6573683875 0.6864999078125 0.6504547453125 0.686559484375 0.63984145 0.686621190625 0.632773546875 0.6850540890625 0.6292898625000001 0.6811427250000001 0.6224464359375 0.6746332453125 0.6159589624999999 0.6566620000000001 0.6139621578125001 0.6506715843750001 0.6159589624999999 0.6376923515625 0.6249445859375 0.6358831671875 0.63292145 0.637647334375 0.64869453125 0.64206790625 0.6571258234374999 0.65132655625 0.6630025703125 0.66225629375 0.6654472874999999 0.668941584375 0.6646607734375001 0.67630950625 0.662173415625 0.6813065625 0.6573683875
1 0.6912608484375 0.6121466671875 0.6946953625 0.6095200937499999 0.698484146875 0.60664435 0.7016029296874999 0.60183918125 0.7019917921875 0.5951129093749999 0.7022243203125 0.5891534140625 0.702124478125 0.58464208125 0.69676448125 0.5754784125 0.6874808234375 0.5690634921875 0.683276903125 0.56661208125 0.676588290625 0.5656118984375 0.66593125625 0.567131709375 0.6581305093750001 0.5728559921875 0.6508861890625 0.5817459578124999 0.650292646875 0.5840886171874999 0.6499862328125 0.585274421875 0.6498141359375 0.5915886218749999 0.6494217703125 0.594246725 0.6519536203125 0.601077396875 0.65249515 0.603528775 0.652952021875 0.604072603125 0.652952021875 0.606069409375 0.662795928125 0.6150027062500001 0.6689264625 0.616053434375 0.6799088906249999 0.6170518375 0.683487975 0.6171143 0.6912608484375 0.6121466671875
2 0.4844406453125 0.5856217828125 0.48388237656250005 0.5768856125 0.4814769296875 0.5719113874999999 0.4710026046875 0.5595419265625 0.46250728125 0.55693535 0.45252325625 0.55693535 0.4385456203125 0.562925765625 0.4319530625 0.5738575015625 0.430888425 0.5833605093750001 0.43488416875 0.5948252484375 0.44209496875000004 0.602451428125 0.45004929843749997 0.6084898437499999 0.46372995 0.6087759203124999 0.4761804828125 0.600708053125 0.48168186718749995 0.5948788046875 0.4844406453125 0.5856217828125
2 0.4854440484375 0.551278471875 0.48716116718749997 0.5473511140625 0.49098697031249994 0.5415483671875 0.49164108281249996 0.53008478125 0.490653496875 0.5237906859375 0.48200837031250005 0.5118300296875 0.47824938437500003 0.5095838328125 0.47418193437499995 0.5084134140625001 0.4718935125 0.50765046875 0.4607438515625 0.5080758296875 0.45820749375 0.5084134140625001 0.45408658593749995 0.509561159375 0.44380595156249997 0.5198682109375 0.44192125937500004 0.5235583484374999 0.44123465 0.5373670875000001 0.4434103359375 0.5432672296875001 0.44522826093749995 0.5473511140625 0.452217078125 0.55433993125 0.4559305109375 0.5544385234375 0.4605689234375 0.5559446546875 0.46131481250000006 0.5560199515625001 0.46220110312499996 0.5563367359375 0.46918992187499997 0.5573351390625 0.47218512968750004 0.5583335421875 0.477517865625 0.5565959875 0.4854440484375 0.551278471875
3 0.8609375 0.61875 0.090625 0.1265625
3 0.6625 0.6 0.084375 0.1140625
3 0.4625 0.6 0.0875 0.13125
3 0.25 0.5890625 0.09375 0.13125
3 0.05 0.58125 0.0984375 0.11875