2 0.018196203124999998 0.477254746875 0.02017405 0.4950553796875 0.0251186703125 0.5019778484375 0.0290743671875 0.5039556968750001 0.036985759374999996 0.5019778484375 0.041930379687500005 0.497033228125 0.0458860765625 0.4851661390625 0.043908228125 0.47132120312500003 0.0379746828125 0.463409809375 0.0290743671875 0.46242088593749997 0.0251186703125 0.464398734375 0.018196203124999998 0.477254746875
2 0.07950949375000001 0.568235759375 0.0814873421875 0.5741693031249999 0.0903876578125 0.5830696203125 0.096321203125 0.5830696203125 0.1032436703125 0.5741693031249999 0.1032436703125 0.5642800640625001 0.09829905 0.555379746875 0.0913765828125 0.552412975 0.0864319625 0.5534018984375 0.08346519062499999 0.5563686703124999 0.07950949375000001 0.568235759375
2 0.19026898750000001 0.6414161390625 0.199169303125 0.6522943031249999 0.20905854375000002 0.6522943031249999 0.21598101249999999 0.6433939875 0.21598101249999999 0.6354825953125001 0.2120253171875 0.627571203125 0.2080696203125 0.6255933546875 0.19719145625 0.6246044296875 0.19026898750000001 0.633504746875 0.19026898750000001 0.6414161390625
2 0.1685126578125 0.6315268984375 0.177412975 0.6424050640625001 0.18136867031249998 0.6424050640625001 0.187302215625 0.6384493671875 0.19026898750000001 0.633504746875 0.19026898750000001 0.6216376578125 0.18433544375 0.6157041140625 0.1754351265625 0.614715190625 0.1685126578125 0.6216376578125 0.1685126578125 0.6315268984375
2 0.18334651875000002 0.6483386078125 0.187302215625 0.65031645625 0.1942246828125 0.6473496828124999 0.19026898750000001 0.63746044375 0.1892800640625 0.63647151875 0.180379746875 0.6433939875 0.18334651875000002 0.6483386078125
2 0.23773734218749998 0.6572389234375 0.23773734218749998 0.66317246875 0.2416930375 0.6710838609375 0.2505933546875 0.67602848125 0.258504746875 0.6740506328125 0.2634493671875 0.6671281640625 0.26147151874999996 0.6552610765625 0.2535601265625 0.64932753125 0.24663765781250002 0.6483386078125 0.2426819625 0.65031645625 0.23773734218749998 0.6572389234375
2 0.3643196203125 0.704707278125 0.369264240625 0.711629746875 0.3732199359375 0.7136075953125001 0.3831091765625 0.7136075953125001 0.388053796875 0.7106408234375 0.3900316453125 0.7066851265625 0.3900316453125 0.6967958859375 0.3840981015625 0.68888449375 0.3712420890625 0.6878955703125 0.3643196203125 0.6948180374999999 0.3643196203125 0.704707278125
2 0.5957278484375 0.7106408234375 0.5957278484375 0.7225079109375 0.6026503171875001 0.7294303796875 0.610561709375 0.7314082281250001 0.6204509500000001 0.72745253125 0.6253955703125 0.7225079109375 0.6273734171875 0.71459651875 0.6253955703125 0.7126186703124999 0.6253955703125 0.7066851265625 0.619462025 0.7007515828125 0.6066060125 0.6997626578125 0.59968354375 0.704707278125 0.5957278484375 0.7106408234375
2 0.61352848125 0.7323971515625 0.622428796875 0.7432753171875001 0.630340190625 0.7432753171875001 0.63924050625 0.7363528484375 0.6412183546875 0.72844145625 0.63924050625 0.7225079109375 0.6333069625000001 0.718552215625 0.6283623421875 0.717563290625 0.622428796875 0.7254746828124999 0.61352848125 0.7323971515625
1 0.121044303125 0.58405854375 0.121044303125 0.5899920890625 0.11906645625000001 0.5919699359374999 0.121044303125 0.5998813296875001 0.127966771875 0.6087816453125 0.1398338609375 0.6087816453125 0.14477848124999998 0.6018591765625 0.14477848124999998 0.588014240625 0.13785601249999999 0.5791139234375 0.13488924062500002 0.578125 0.1299446203125 0.5771360765625 0.12598892343749998 0.5791139234375 0.121044303125 0.58405854375
1 0.26147151874999996 0.6691060125 0.2634493671875 0.678995253125 0.2683939875 0.6839398734375 0.27432753125 0.685917721875 0.2802610765625 0.6839398734375 0.28520569687499997 0.678995253125 0.28520569687499997 0.6651503171875001 0.27729430312500003 0.6592167718749999 0.27037183593749997 0.6582278484375 0.2664161390625 0.6602056968750001 0.26147151874999996 0.6691060125
1 0.492879746875 0.718552215625 0.492879746875 0.72844145625 0.5037579109375 0.7373417718749999 0.515625 0.7333860765625 0.5185917718749999 0.72844145625 0.5166139234375 0.7165743671875 0.5116693031249999 0.711629746875 0.5067246828124999 0.7106408234375 0.5037579109375 0.7096518984375 0.49980221562500005 0.711629746875 0.492879746875 0.718552215625
1 0.583860759375 0.7363528484375 0.5907832281250001 0.7432753171875001 0.6026503171875001 0.7432753171875001 0.6115506328125 0.7323971515625 0.6026503171875001 0.7294303796875 0.5957278484375 0.7205300640625001 0.5907832281250001 0.7215189875 0.5858386078125 0.7264636078125 0.583860759375 0.7363528484375
1 0.609572784375 0.7323971515625 0.609572784375 0.7363528484375 0.6075949359374999 0.7383306968750001 0.6075949359374999 0.7422863921875 0.610561709375 0.7452531640625 0.61253955625 0.7452531640625 0.6145174046874999 0.7472310125 0.622428796875 0.7472310125 0.623417721875 0.7462420890625 0.623417721875 0.7422863921875 0.622428796875 0.74129746875 0.6204509500000001 0.74129746875 0.6155063296875001 0.7363528484375 0.6155063296875001 0.734375 0.61352848125 0.7323971515625 0.61253955625 0.7314082281250001 0.610561709375 0.7314082281250001 0.609572784375 0.7323971515625