0 0.7015675234375001 0.5092443734375001 0.7156350484375 0.5092443734375001 0.719654340625 0.5072347265625 0.7286977484375 0.494172025 0.7286977484375 0.48412379375 0.72467845625 0.476085209375 0.7156350484375 0.469051446875 0.7015675234375001 0.469051446875 0.69051446875 0.4780948546875 0.6875 0.4871382640625 0.6864951765625 0.4921623796875 0.69051446875 0.5002009640625 0.7015675234375001 0.5092443734375001
0 0.7055868171874999 0.5313504828125 0.719654340625 0.5313504828125 0.7236736328125 0.5293408359375 0.7307073953125001 0.516278134375 0.7307073953125001 0.50823955 0.7256832796875 0.503215434375 0.7156350484375 0.5092443734375001 0.7015675234375001 0.5092443734375001 0.6955385859375001 0.5052250796875 0.6935289390625 0.5072347265625 0.692524115625 0.51828778125 0.6945337625 0.5223070734374999 0.7055868171874999 0.5313504828125
0 0.736736334375 0.49819131875 0.729702571875 0.489147909375 0.7256832796875 0.5012057875 0.73171221875 0.5152733125 0.736736334375 0.510249196875 0.736736334375 0.49819131875
0 0.72467845625 0.550442121875 0.7256832796875 0.5534565921875 0.7307073953125001 0.550442121875 0.7327170421875 0.5464228296875 0.7327170421875 0.540393890625 0.7347266875 0.53838424375 0.7327170421875 0.5363745984375 0.7327170421875 0.530345659375 0.7276929265625001 0.52532154375 0.719654340625 0.5313504828125 0.7055868171874999 0.5313504828125 0.7035771703125 0.5293408359375 0.699557878125 0.533360128125 0.699557878125 0.543408359375 0.7156350484375 0.543408359375 0.72467845625 0.550442121875
0 0.7136254015625 0.57958199375 0.7226688109375 0.57254823125 0.726688103125 0.5665192921875 0.726688103125 0.5544614140624999 0.7176446953125 0.543408359375 0.699557878125 0.543408359375 0.6915192921875 0.5514469453124999 0.69051446875 0.5665192921875 0.699557878125 0.577572346875 0.7136254015625 0.57958199375
0 0.719654340625 0.59967845625 0.726688103125 0.5926446953125 0.7286977484375 0.5825964625 0.7236736328125 0.5735530546875001 0.7136254015625 0.57958199375 0.712620578125 0.5825964625 0.7186495171875 0.5906350484375 0.719654340625 0.59967845625
0 0.6935289390625 0.6157556265624999 0.7055868171874999 0.6157556265624999 0.712620578125 0.6107315109375 0.7186495171875 0.5986736328125 0.7186495171875 0.5906350484375 0.71161575625 0.581591640625 0.7015675234375001 0.577572346875 0.6955385859375001 0.577572346875 0.682475884375 0.58661575625 0.6794614140624999 0.5976688109375 0.6784565921875 0.6006832796875 0.685490353125 0.611736334375 0.6935289390625 0.6157556265624999
0 0.7075964625 0.63384244375 0.716639871875 0.62680868125 0.7186495171875 0.6227893890625 0.7176446953125 0.6077170421875 0.7136254015625 0.6077170421875 0.7035771703125 0.6157556265624999 0.685490353125 0.61374598125 0.68448553125 0.6247990359375 0.6935289390625 0.63384244375 0.7075964625 0.63384244375
0 0.75884244375 0.4539791 0.75884244375 0.44393086875 0.75180868125 0.43488745937499995 0.7457797421875 0.43488745937499995 0.7447749203125 0.4600080390625 0.75180868125 0.46101286249999995 0.75884244375 0.4539791
0 0.75884244375 0.40976688125000005 0.75884244375 0.39971865 0.75180868125 0.3926848875 0.7457797421875 0.3926848875 0.7447749203125 0.417805465625 0.753818328125 0.4188102890625 0.75884244375 0.40976688125000005
0 0.7508038578125 0.516278134375 0.7528135046875 0.5042202578125 0.7477893890625 0.49718649531250003 0.743770096875 0.4951768484375 0.74176045 0.5052250796875 0.7407556265624999 0.520297428125 0.7457797421875 0.5213022515625 0.7508038578125 0.516278134375
2 0.7407556265624999 0.3133038578125 0.7477893890625 0.31430868125 0.7548231515625 0.3072749203125 0.7548231515625 0.2972266875 0.7457797421875 0.2861736328125 0.739750803125 0.2861736328125 0.73874598125 0.3052652734375 0.7407556265624999 0.3072749203125 0.7407556265624999 0.3133038578125
2 0.743770096875 0.2861736328125 0.7508038578125 0.2811495171875 0.7528135046875 0.277130225 0.7528135046875 0.26708199375 0.7457797421875 0.26004823125 0.74176045 0.26004823125 0.73874598125 0.2630627015625 0.7377411578124999 0.27411575625 0.736736334375 0.2831591640625 0.739750803125 0.2861736328125 0.743770096875 0.2861736328125
2 0.73874598125 0.2630627015625 0.7427652734375 0.2590434078125 0.7427652734375 0.24698553125 0.7357315109375 0.23995176875 0.73171221875 0.2419614140625 0.7327170421875 0.255024115625 0.7377411578124999 0.2680868171875 0.73874598125 0.2630627015625
2 0.74176045 0.2560289390625 0.7447749203125 0.2429662375 0.7377411578124999 0.2339228296875 0.733721865625 0.2319131828125 0.73171221875 0.2339228296875 0.7307073953125001 0.2389469453125 0.7407556265624999 0.2510048234375 0.74176045 0.2560289390625
2 0.746784565625 0.230908359375 0.7447749203125 0.2268890671875 0.7357315109375 0.21985530468749998 0.733721865625 0.22990353749999998 0.7327170421875 0.23291800624999998 0.7457797421875 0.2439710609375 0.746784565625 0.230908359375
2 0.7286977484375 0.230908359375 0.73171221875 0.2339228296875 0.7347266875 0.230908359375 0.7347266875 0.220860128125 0.729702571875 0.21382636718749998 0.7276929265625001 0.21382636718749998 0.726688103125 0.220860128125 0.7286977484375 0.222869775 0.7286977484375 0.230908359375
2 0.7276929265625001 0.20578778125000002 0.7307073953125001 0.20277331250000002 0.7307073953125001 0.190715434375 0.7236736328125 0.183681671875 0.7216639875 0.18569131875 0.7226688109375 0.19875401875 0.72467845625 0.2047829578125 0.7276929265625001 0.20578778125000002
1 0.73171221875 0.18569131875 0.736736334375 0.17865755625 0.736736334375 0.1746382640625 0.7256832796875 0.1615755625 0.7186495171875 0.176647909375 0.7256832796875 0.18569131875 0.73171221875 0.18569131875
1 0.72467845625 0.1625803859375 0.7176446953125 0.1575562703125 0.716639871875 0.168609325 0.7216639875 0.17162379375 0.72467845625 0.1625803859375