1 0.3676118203125 0.6345846640625 0.3855830671875 0.6405750796875 0.3975638984375 0.6405750796875 0.41553514375 0.632587859375 0.426517571875 0.62160543125 0.4325079875 0.605630990625 0.4325079875 0.5956469656250001 0.426517571875 0.5796725234375 0.41154153281249994 0.56269968125 0.399560703125 0.556709265625 0.382587859375 0.5557108625 0.3696086265625 0.556709265625 0.3526357828125 0.5796725234375 0.348642171875 0.5916533546875 0.350638978125 0.6136182109375 0.3546325875 0.62160543125 0.3676118203125 0.6345846640625
1 0.1010383390625 0.5457268375 0.11102236406249999 0.5656948875000001 0.12400159687500001 0.578674121875 0.14197284375000002 0.5846645374999999 0.1439696484375 0.58266773125 0.1539536734375 0.58266773125 0.17092651718750002 0.5696884984375 0.1789137375 0.5557108625 0.1789137375 0.549720446875 0.18091054374999999 0.5477236421875 0.18091054374999999 0.5237619812500001 0.1729233234375 0.507787540625 0.1539536734375 0.49081469687499996 0.147963259375 0.48881789062500003 0.1289936109375 0.48981629375 0.1220047921875 0.4928115015625 0.109025559375 0.507787540625 0.1010383390625 0.5237619812500001 0.1010383390625 0.5457268375
1 0.323682109375 0.6904952078125 0.3256789140625 0.6924920125 0.3356629390625 0.6924920125 0.33965655 0.6904952078125 0.350638978125 0.6795127796875 0.3546325875 0.6695287546875 0.3546325875 0.659544728125 0.350638978125 0.6495607031249999 0.33765974375 0.6365814703125 0.3316693296875 0.6345846640625 0.3087060703125 0.6355830671875 0.3027156546875 0.6395766765625 0.29672523906250003 0.6555511187499999 0.29672523906250003 0.6675319484375 0.30071885 0.677515975 0.31769169375 0.6904952078125 0.323682109375 0.6904952078125
1 0.4195287546875 0.7004792328125 0.43350638906250005 0.6944888171875 0.438498403125 0.6894968046875001 0.4424920125 0.6795127796875 0.44049520781249996 0.6635383390625 0.431509584375 0.6525559109375 0.4235223640625 0.6485623 0.41753194843749997 0.6465654953125 0.4025559109375 0.6475638984375001 0.3965654953125 0.6515575078125 0.38857827500000003 0.6635383390625 0.38857827500000003 0.6795127796875 0.3905750796875 0.6855031953124999 0.4015575078125 0.6964856234375 0.41154153281249994 0.7004792328125 0.4195287546875 0.7004792328125
1 0.5932507984375001 0.664536740625 0.607228434375 0.664536740625 0.619209265625 0.6585463265625 0.6261980828125 0.6515575078125 0.6321884984375 0.6355830671875 0.63019169375 0.6236022359375 0.6261980828125 0.615615015625 0.619209265625 0.6086261984375 0.6112220453125 0.6046325875 0.6052316296875 0.6026357828125 0.5862619812500001 0.6036341859375 0.5782747609375 0.6096246 0.570287540625 0.6255990421875001 0.568290734375 0.6395766765625 0.5762779546875 0.6555511187499999 0.5832667734375 0.6605431312500001 0.5932507984375001 0.664536740625
1 0.365615015625 0.7004792328125 0.37659744375000004 0.6894968046875001 0.37659744375000004 0.6835063890625 0.3785942484375 0.681509584375 0.37460063906249996 0.66553514375 0.36162140625 0.6525559109375 0.3526357828125 0.6535543125000001 0.3546325875 0.659544728125 0.3526357828125 0.67551916875 0.350638978125 0.6795127796875 0.3346645375 0.693490415625 0.3346645375 0.6954872203125 0.343650159375 0.7024760390625 0.36162140625 0.7024760390625 0.365615015625 0.7004792328125
1 0.49440894531249996 0.6855031953124999 0.48142971250000005 0.6745207671875 0.46445686875 0.67551916875 0.460463259375 0.677515975 0.45447284374999997 0.6894968046875001 0.45447284374999997 0.703474440625 0.45646964843750004 0.7074680515625 0.4674520765625 0.7164536734375 0.48142971250000005 0.7164536734375 0.487420128125 0.7144568687499999 0.49440894531249996 0.7074680515625 0.49840255625 0.69948083125 0.49440894531249996 0.6855031953124999
1 0.48142971250000005 0.7344249203125 0.4904153359375 0.7234424921875 0.487420128125 0.7144568687499999 0.46944888125000006 0.7164536734375 0.4614616609375 0.7124600640625001 0.45646964843750004 0.7134584671875001 0.45646964843750004 0.7254392968750001 0.45846645312499995 0.7294329078125 0.4674520765625 0.736421725 0.48142971250000005 0.7344249203125
1 0.656150159375 0.697484025 0.661142171875 0.7064696484375 0.6651357828125 0.708466453125 0.6751198078125 0.708466453125 0.67911341875 0.7064696484375 0.68410543125 0.69948083125 0.6861022359375 0.6914936109375 0.6771166140625 0.6805111828125 0.6661341859375 0.681509584375 0.6601437703124999 0.6855031953124999 0.656150159375 0.697484025
1 0.759984025 0.659544728125 0.7689696484375 0.67052715625 0.7769568687499999 0.67052715625 0.7859424921875 0.6635383390625 0.7899361015624999 0.6515575078125 0.7879392968750001 0.6455670921875 0.7829472843749999 0.6405750796875 0.7789536734375 0.638578275 0.77196485625 0.6395766765625 0.7639776359375 0.6455670921875 0.759984025 0.659544728125
0 0.7240415328124999 0.659544728125 0.7200479234375 0.6695287546875 0.722044728125 0.677515975 0.7310303515625 0.6845047921875 0.7410143765625 0.6825079875 0.75 0.671525559375 0.7480031953124999 0.659544728125 0.7430111828125 0.6545527156250001 0.734025559375 0.6535543125000001 0.729033546875 0.6545527156250001 0.7240415328124999 0.659544728125
0 0.49840255625 0.703474440625 0.5113817890625 0.7144568687499999 0.5293530343749999 0.7124600640625001 0.5383386578125 0.703474440625 0.5383386578125 0.697484025 0.5403354625000001 0.6954872203125 0.5383386578125 0.6855031953124999 0.525359425 0.6745207671875 0.50838658125 0.67551916875 0.49840255625 0.6875 0.49840255625 0.703474440625