1 0.28943661718749997 0.44568828125 0.27674130468749997 0.45643046875 0.27674130468749997 0.46033671875 0.27283505468749997 0.46619609375 0.27674130468749997 0.48377421875 0.28357724218749997 0.49061015625 0.30603817968749997 0.49158671875 0.32068661718749997 0.48865703125 0.32556942968749997 0.48377421875 0.32752255468749997 0.47791484375 0.32752255468749997 0.46228984375 0.32361630468749997 0.45838359375 0.32361630468749997 0.45447734375 0.31287411718749997 0.44764140625 0.28943661718749997 0.44568828125
1 0.33203125 0.5048828125 0.3271484375 0.5 0.3212890625 0.501953125 0.3203125 0.4970703125 0.3173828125 0.494140625 0.2998046875 0.494140625 0.28515625 0.5048828125 0.28125 0.5126953125 0.28125 0.5263671875 0.28515625 0.5341796875 0.2939453125 0.54296875 0.3017578125 0.546875 0.318359375 0.5458984375 0.322265625 0.5439453125 0.3232421875 0.5390625 0.3271484375 0.5390625 0.33203125 0.5341796875 0.3359375 0.5244140625 0.333984375 0.5185546875 0.3359375 0.5126953125 0.33203125 0.5048828125
1 0.5263671875 0.4453125 0.5107421875 0.4453125 0.5029296875 0.44921875 0.4921875 0.4619140625 0.4921875 0.4794921875 0.4990234375 0.490234375 0.5029296875 0.490234375 0.5126953125 0.49609375 0.52734375 0.4951171875 0.5390625 0.4873046875 0.5390625 0.4833984375 0.544921875 0.4736328125 0.544921875 0.4677734375 0.537109375 0.4580078125 0.5390625 0.4541015625 0.5341796875 0.44921875 0.5263671875 0.4453125
2 0.9433206390625 0.4505658921875 0.9355081390625 0.4505658921875 0.9335550140625 0.4525190171875 0.9316018890625 0.4505658921875 0.9257425140625 0.4505658921875 0.9159768890625 0.4544721421875 0.9071878265625 0.4632612046875 0.9013284515625 0.4730268296875 0.9052347015625 0.4906049546875 0.9140237640625 0.4974408921875 0.9296487640625 0.4974408921875 0.9316018890625 0.4993940171875 0.9501565765625 0.4984174546875 0.9550393890625 0.4974408921875 0.9638284515625 0.4886518296875 0.9677347015625 0.4808393296875 0.9677347015625 0.4730268296875 0.9638284515625 0.4671674546875 0.9638284515625 0.4632612046875 0.9569925140625 0.4564252671875 0.9433206390625 0.4505658921875
2 0.9287109375 0.50390625 0.9248046875 0.498046875 0.9072265625 0.498046875 0.8935546875 0.505859375 0.88671875 0.5185546875 0.88671875 0.5322265625 0.888671875 0.5361328125 0.8994140625 0.546875 0.9091796875 0.55078125 0.9208984375 0.55078125 0.9228515625 0.548828125 0.9267578125 0.55078125 0.931640625 0.5498046875 0.9365234375 0.546875 0.94921875 0.5322265625 0.94921875 0.5263671875 0.947265625 0.5244140625 0.94921875 0.5205078125 0.94140625 0.5068359375 0.9345703125 0.501953125 0.9287109375 0.50390625
2 0.4931640625 0.494140625 0.4892578125 0.498046875 0.4833984375 0.5 0.4765625 0.5107421875 0.4765625 0.5283203125 0.478515625 0.5341796875 0.4951171875 0.546875 0.509765625 0.5458984375 0.5185546875 0.541015625 0.525390625 0.5322265625 0.52734375 0.5263671875 0.52734375 0.5107421875 0.525390625 0.5068359375 0.5126953125 0.49609375 0.5068359375 0.494140625 0.4931640625 0.494140625
2 0.3161701234375 0.39545744531250004 0.3024982484375 0.39545744531250004 0.2966388734375 0.39741057031250004 0.2858966859375 0.4081527578125 0.2819904359375 0.4179183828125 0.2819904359375 0.4276840078125 0.2858966859375 0.4315902578125 0.2858966859375 0.4374496328125 0.2927326234375 0.4442855703125 0.2966388734375 0.4442855703125 0.2985919984375 0.4481918203125 0.3044513734375 0.4501449453125 0.3132404359375 0.4491683828125 0.3220294984375 0.4462386953125 0.3327716859375 0.4354965078125 0.3308185609375 0.4315902578125 0.3366779359375 0.4257308828125 0.3366779359375 0.4198715078125 0.3327716859375 0.4081527578125 0.3220294984375 0.39741057031250004 0.3161701234375 0.39545744531250004
1 0.1142344484375 0.3969682953125 0.0986094484375 0.3950151703125 0.0966563234375 0.3969682953125 0.0849375734375 0.3989214203125 0.0741953859375 0.4116167328125 0.0741953859375 0.4272417328125 0.0761485109375 0.4311479828125 0.0790781984375 0.4321245453125 0.0868906984375 0.4418901703125 0.0947031984375 0.4457964203125 0.1132578859375 0.4448198578125 0.1142344484375 0.4418901703125 0.1161875734375 0.4438432953125 0.1220469484375 0.4438432953125 0.1288828859375 0.4389604828125 0.1347422609375 0.4272417328125 0.1327891359375 0.4135698578125 0.1240000734375 0.4028276703125 0.1142344484375 0.3969682953125
1 0.083984375 0.4638671875 0.083984375 0.4755859375 0.091796875 0.4892578125 0.1044921875 0.494140625 0.1181640625 0.494140625 0.1220703125 0.490234375 0.1259765625 0.494140625 0.12890625 0.4931640625 0.1357421875 0.490234375 0.14453125 0.4794921875 0.14453125 0.4599609375 0.1357421875 0.451171875 0.1240234375 0.4453125 0.1025390625 0.4453125 0.0947265625 0.44921875 0.083984375 0.4638671875
2 0.1220703125 0.498046875 0.1103515625 0.494140625 0.0986328125 0.494140625 0.0947265625 0.49609375 0.08203125 0.5107421875 0.08203125 0.5244140625 0.0859375 0.5322265625 0.0986328125 0.54296875 0.1044921875 0.544921875 0.1171875 0.5439453125 0.1240234375 0.54296875 0.1279296875 0.537109375 0.1318359375 0.537109375 0.13671875 0.5322265625 0.140625 0.5244140625 0.138671875 0.5068359375 0.1279296875 0.49609375 0.1220703125 0.498046875
1 0.5146484375 0.396484375 0.5107421875 0.396484375 0.5087890625 0.39453125 0.4931640625 0.39453125 0.4853515625 0.3984375 0.478515625 0.4052734375 0.474609375 0.4130859375 0.474609375 0.4267578125 0.478515625 0.4306640625 0.478515625 0.4365234375 0.4833984375 0.44140625 0.4873046875 0.443359375 0.4892578125 0.439453125 0.490234375 0.4443359375 0.4931640625 0.447265625 0.4990234375 0.447265625 0.5009765625 0.44921875 0.501953125 0.4482421875 0.5087890625 0.447265625 0.5166015625 0.443359375 0.5234375 0.4365234375 0.5234375 0.4306640625 0.52734375 0.4267578125 0.52734375 0.4111328125 0.525390625 0.4072265625 0.5146484375 0.396484375
3 0.1109375 0.490625 0.096875 0.121875
3 0.309375 0.490625 0.0875 0.125
3 0.5078125 0.490625 0.0703125 0.125
3 0.715625 0.49375 0.0859375 0.1296875
3 0.928125 0.4921875 0.1046875 0.128125