1 0.55411341875 0.8518370609374999 0.54412939375 0.8518370609374999 0.5301517578125 0.8578274765625 0.5171725234375 0.8708067093749999 0.5131789140625 0.8847843453124999 0.5191693296875 0.9007587859375 0.5241613421875 0.9057507984375001 0.5401357828125 0.9137380187499999 0.5561102234375 0.915734825 0.580071884375 0.907747603125 0.5930511187499999 0.8947683703125 0.5950479234375 0.8907747609375001 0.5940495203125 0.8718051125 0.5910543125000001 0.86481629375 0.5840654953125 0.8578274765625 0.570087859375 0.8518370609374999 0.558107028125 0.8518370609374999 0.5561102234375 0.84984025625 0.55411341875 0.8518370609374999
1 0.443290734375 0.7529952078125 0.43730031875 0.76697284375 0.43730031875 0.7769568687499999 0.4412939296875 0.7829472843749999 0.4412939296875 0.7869408953125 0.4582667734375 0.8019169328125001 0.47024760312499997 0.8039137375 0.472244409375 0.8059105437499999 0.4862220453125 0.8059105437499999 0.4962060703125 0.8019169328125001 0.5071884984375 0.792931309375 0.51517571875 0.7749600640625001 0.514177315625 0.7679712453125 0.511182109375 0.7589856234375 0.4962060703125 0.744009584375 0.4862220453125 0.740015975 0.46226038281250004 0.740015975 0.4522763578125 0.744009584375 0.443290734375 0.7529952078125
1 0.43330670937500004 0.8228833859375 0.4412939296875 0.836861021875 0.448282746875 0.8418530343749999 0.45626996875000003 0.8458466453125 0.47823482500000003 0.8458466453125 0.4862220453125 0.8418530343749999 0.49321086249999996 0.8348642171874999 0.4972044734375 0.826876996875 0.4962060703125 0.8119009578125 0.4902156546875 0.8039137375 0.4862220453125 0.8059105437499999 0.472244409375 0.8059105437499999 0.450279553125 0.7959265171875 0.4422923328125 0.799920128125 0.43730031875 0.8069089453125 0.43330670937500004 0.814896165625 0.43330670937500004 0.8228833859375
1 0.367412140625 0.10203674062500001 0.367412140625 0.11401757187499999 0.3654153359375 0.1160143765625 0.367412140625 0.1220047921875 0.372404153125 0.12699680468750002 0.37839456875 0.12699680468750002 0.3853833859375 0.1220047921875 0.3853833859375 0.10203674062500001 0.39337060625000003 0.09005591093750001 0.3923722046875 0.087060703125 0.37839456875 0.0910543125 0.367412140625 0.10203674062500001
1 0.4143370609375 0.07308306718749999 0.4073482421875 0.060103834375 0.4073482421875 0.0521166140625 0.41034344999999994 0.0451277953125 0.39436900937499997 0.0511182109375 0.38338658125 0.0660942484375 0.38338658125 0.076078275 0.3873801921875 0.082068690625 0.39436900937499997 0.087060703125 0.40834664531250003 0.0790734828125 0.41234025625 0.0790734828125 0.41533546250000003 0.076078275 0.4143370609375 0.07308306718749999
1 0.4073482421875 0.054113418749999996 0.4073482421875 0.060103834375 0.411341853125 0.07008785937499999 0.4203274765625 0.0770766765625 0.4293130984375 0.06409744375000001 0.4402955265625 0.0571086265625 0.4522763578125 0.053115015625 0.47623801875 0.053115015625 0.47823482500000003 0.055111820312500004 0.48123003124999997 0.0521166140625 0.48023162968750005 0.0511182109375 0.4792332265625 0.04412939375 0.47024760312499997 0.0351437703125 0.4582667734375 0.0291533546875 0.4363019171875 0.0291533546875 0.42232428125 0.0351437703125 0.411341853125 0.0461261984375 0.4073482421875 0.054113418749999996
1 0.4143370609375 0.12100638906250001 0.42232428125 0.11701277968749998 0.42831469687499996 0.11701277968749998 0.4313099046875 0.11401757187499999 0.4303115015625 0.10702875468749999 0.42132587812500005 0.09804313125 0.41932907343750003 0.080071884375 0.41034344999999994 0.0790734828125 0.3983626203125 0.0850638984375 0.3873801921875 0.09804313125 0.3853833859375 0.10203674062500001 0.3853833859375 0.1180111828125 0.39037540000000004 0.125 0.4023562296875 0.130990415625 0.4143370609375 0.12100638906250001
1 0.41932907343750003 0.080071884375 0.42132587812500005 0.09804313125 0.43230830625000005 0.109025559375 0.4353035140625 0.10203674062500001 0.4522763578125 0.087060703125 0.45626996875000003 0.087060703125 0.47024760312499997 0.0790734828125 0.50019968125 0.0810702875 0.50019968125 0.07507987187500001 0.4972044734375 0.0680910546875 0.48821885 0.05910543124999999 0.48023162968750005 0.055111820312500004 0.4742412140625 0.053115015625 0.4522763578125 0.053115015625 0.4363019171875 0.05910543124999999 0.4253194890625 0.07008785937499999 0.41932907343750003 0.080071884375
1 0.47024760312499997 0.152955271875 0.45626996875000003 0.1509584671875 0.44428913750000004 0.1429712453125 0.43730031875 0.1339856234375 0.43330670937500004 0.125998403125 0.43330670937500004 0.1200079875 0.4303115015625 0.11701277968749998 0.42232428125 0.11701277968749998 0.40834664531250003 0.125 0.399361021875 0.135982428125 0.3953674125 0.145966453125 0.3973642171875 0.1619408953125 0.401357828125 0.167931309375 0.41633386562499997 0.18091054374999999 0.42232428125 0.18091054374999999 0.4243210859375 0.1829073484375 0.43230830625000005 0.1829073484375 0.4343051125 0.18091054374999999 0.4422923328125 0.18091054374999999 0.4542731625 0.1769169328125 0.47124600625 0.1619408953125 0.47324281093750004 0.157947284375 0.472244409375 0.1549520765625 0.47024760312499997 0.152955271875
1 0.36142172499999997 0.147963259375 0.36142172499999997 0.157947284375 0.3634185296875 0.16393770000000002 0.3744009578125 0.174920128125 0.3863817890625 0.1729233234375 0.38837859375 0.17092651718750002 0.401357828125 0.16992811562500001 0.3953674125 0.1539536734375 0.3953674125 0.145966453125 0.401357828125 0.1339856234375 0.400359425 0.130990415625 0.39436900937499997 0.1289936109375 0.38837859375 0.1230031953125 0.384384984375 0.1230031953125 0.3803913734375 0.12699680468750002 0.3744009578125 0.1289936109375 0.3654153359375 0.1399760390625 0.36142172499999997 0.147963259375
1 0.33945686875000003 0.167931309375 0.33945686875000003 0.179912140625 0.3414536734375 0.1839057515625 0.34444888125 0.1869009578125 0.3564297125 0.1729233234375 0.3654153359375 0.167931309375 0.3644169328125 0.1649361015625 0.3604233234375 0.14896166093750002 0.350439296875 0.152955271875 0.34345047968750003 0.1599440890625 0.33945686875000003 0.167931309375
1 0.32947284374999997 0.2378194890625 0.33146964843750004 0.24380990468750002 0.3384584671875 0.25079872187499996 0.34345047968750003 0.2318290734375 0.3524361015625 0.22284345 0.35842651718749996 0.22084664531249998 0.35842651718749996 0.218849840625 0.34644568750000004 0.20886581406250002 0.3424520765625 0.20886581406250002 0.33146964843750004 0.21984824218750001 0.32947284374999997 0.2378194890625
1 0.33945686875000003 0.35363418593749996 0.33945686875000003 0.37160543125 0.34345047968750003 0.3755990421875 0.34345047968750003 0.3795926515625 0.3524361015625 0.38857827500000003 0.3604233234375 0.392571884375 0.3744009578125 0.392571884375 0.3803913734375 0.3905750796875 0.38837859375 0.3865814703125 0.3973642171875 0.377595846875 0.39636581406250004 0.37659744375000004 0.37539936093750004 0.3636182109375 0.367412140625 0.34564696562499997 0.367412140625 0.3356629390625 0.3694089453125 0.3316693296875 0.3664137375 0.328674121875 0.350439296875 0.3366613421875 0.33945686875000003 0.35363418593749996
1 0.322484025 0.33067092656249997 0.32847444062500003 0.33067092656249997 0.33146964843750004 0.3256789140625 0.33945686875000003 0.3196884984375 0.3384584671875 0.316693290625 0.33146964843750004 0.30970447343749996 0.3274760390625 0.301717253125 0.3274760390625 0.2957268375 0.322484025 0.2927316296875 0.3154952078125 0.301717253125 0.3154952078125 0.3077076671875 0.313498403125 0.30970447343749996 0.313498403125 0.31569488749999997 0.3174920125 0.3256789140625 0.322484025 0.33067092656249997
1 0.322484025 0.43450479218750004 0.3304712453125 0.4305111828125 0.3324680515625 0.4245207671875 0.3264776359375 0.42052715625000003 0.322484025 0.42252396093750005 0.31449680468749996 0.41853035156249996 0.3075079875 0.41154153281249994 0.3045127796875 0.3985623 0.2975239609375 0.4035543125 0.29552715625000003 0.41753194843749997 0.2995207671875 0.42551916875 0.306509584375 0.4325079875 0.31050319531250004 0.43450479218750004 0.322484025 0.43450479218750004
1 0.7924863078125 1 0.7917332265625 0.973642171875 0.777755590625 0.9816293937499999 0.7647763578125 0.9946086265625 0.7620806703125 1 0.7924863078125 1
0 0.4402955265625 0.7919329078125 0.443290734375 0.7889377 0.43730031875 0.7749600640625001 0.43730031875 0.76697284375 0.445287540625 0.750998403125 0.45327476093749997 0.7450079875 0.4522763578125 0.740015975 0.4402955265625 0.7360223640625 0.42631789062500003 0.7360223640625 0.411341853125 0.7450079875 0.40535143749999997 0.7569888171875 0.40535143749999997 0.76697284375 0.4093450484375 0.7769568687499999 0.4183306703125 0.7859424921875 0.4363019171875 0.7919329078125 0.4402955265625 0.7919329078125
0 0.3744009578125 0.7060702875 0.3604233234375 0.690095846875 0.355431309375 0.6930910546875 0.3534345046875 0.6990814703125 0.355431309375 0.7090654953125 0.3644169328125 0.7200479234375 0.372404153125 0.7240415328124999 0.3863817890625 0.7240415328124999 0.39337060625000003 0.7190495203125 0.3923722046875 0.7140575078125 0.3863817890625 0.7080670921875 0.3744009578125 0.7060702875
0 0.3853833859375 0.707068690625 0.3853833859375 0.6990814703125 0.38338658125 0.6970846640625 0.3853833859375 0.685103834375 0.3873801921875 0.6811102234375 0.401357828125 0.66912939375 0.400359425 0.6661341859375 0.3923722046875 0.6601437703124999 0.37839456875 0.6581469656250001 0.36841054375 0.662140575 0.3634185296875 0.6671325875 0.3594249203125 0.673123003125 0.3594249203125 0.6890974437499999 0.3704073484375 0.7040734828125 0.3763977640625 0.7080670921875 0.3853833859375 0.707068690625
0 0.3714057515625 0.6212060703125 0.37539936093750004 0.61321885 0.3744009578125 0.602236421875 0.3714057515625 0.595247603125 0.3644169328125 0.5882587859374999 0.3564297125 0.584265175 0.34444888125 0.584265175 0.3364616609375 0.5882587859374999 0.33146964843750004 0.595247603125 0.32947284374999997 0.5992412140625001 0.32947284374999997 0.61321885 0.3424520765625 0.6281948875000001 0.3604233234375 0.63019169375 0.3714057515625 0.6212060703125
0 0.34345047968750003 0.4394968046875 0.34345047968750003 0.4554712453125 0.345447284375 0.4614616609375 0.3474440890625 0.46545527187499997 0.362420128125 0.4784345046875 0.36841054375 0.480431309375 0.3823881796875 0.480431309375 0.38837859375 0.4784345046875 0.401357828125 0.46944888125000006 0.4093450484375 0.4554712453125 0.40834664531250003 0.436501596875 0.401357828125 0.42551916875 0.3923722046875 0.41853035156249996 0.3823881796875 0.414536740625 0.3704073484375 0.414536740625 0.3524361015625 0.4245207671875 0.345447284375 0.43350638906250005 0.34345047968750003 0.4394968046875
0 0.311501596875 0.36162140625 0.311501596875 0.3795926515625 0.318490415625 0.38857827500000003 0.322484025 0.38857827500000003 0.3254792328125 0.38158945625 0.33945686875000003 0.37160543125 0.3384584671875 0.3686102234375 0.3274760390625 0.35962459999999996 0.3254792328125 0.349640575 0.3204872203125 0.348642171875 0.311501596875 0.36162140625
0 0.3923722046875 0.30071885 0.37539936093750004 0.3136980828125 0.37539936093750004 0.31769169375 0.3714057515625 0.321685303125 0.3694089453125 0.32767571875 0.367412140625 0.343650159375 0.37340255624999996 0.35962459999999996 0.377396165625 0.365615015625 0.3863817890625 0.372603834375 0.3923722046875 0.37460063906249996 0.41234025625 0.37460063906249996 0.43230830625000005 0.3646166140625 0.443290734375 0.3516373796875 0.445287540625 0.3476437703125 0.44428913750000004 0.328674121875 0.43929712500000007 0.31569488749999997 0.42631789062500003 0.3027156546875 0.41633386562499997 0.2987220453125 0.3983626203125 0.2987220453125 0.3923722046875 0.30071885
0 0.3594249203125 0.277755590625 0.357428115625 0.27975239687500003 0.357428115625 0.29373003125 0.3594249203125 0.299720446875 0.3664137375 0.3087060703125 0.3744009578125 0.31269968125 0.38837859375 0.3027156546875 0.3983626203125 0.2987220453125 0.42232428125 0.2987220453125 0.42731629375 0.2917332265625 0.42631789062500003 0.2707667734375 0.423322684375 0.2637779546875 0.41034344999999994 0.25279552656250004 0.3983626203125 0.2488019171875 0.3823881796875 0.25079872187499996 0.3744009578125 0.2547923328125 0.3594249203125 0.27176517499999997 0.3594249203125 0.277755590625
0 0.34345047968750003 0.2318290734375 0.33945686875000003 0.24380990468750002 0.33945686875000003 0.255790734375 0.34444888125 0.26477635781250003 0.35443290781250003 0.2707667734375 0.3604233234375 0.2707667734375 0.3744009578125 0.2547923328125 0.38837859375 0.2488019171875 0.39636581406250004 0.2488019171875 0.399361021875 0.245806709375 0.3983626203125 0.23482428125000002 0.39636581406250004 0.23083067031249999 0.37839456875 0.23083067031249999 0.372404153125 0.22883386562500002 0.3664137375 0.22284345 0.35842651718749996 0.22084664531249998 0.350439296875 0.22484025624999998 0.34345047968750003 0.2318290734375
0 0.372404153125 0.1729233234375 0.3644169328125 0.1689297125 0.3564297125 0.1729233234375 0.345447284375 0.18590255625000002 0.345447284375 0.191892971875 0.34345047968750003 0.1938897765625 0.345447284375 0.20587060625000003 0.35443290781250003 0.216853034375 0.3594249203125 0.2158546328125 0.3594249203125 0.19588658125 0.3654153359375 0.1839057515625 0.37340255624999996 0.1779153359375 0.372404153125 0.1729233234375
0 0.43330670937500004 0.10802715624999999 0.43330670937500004 0.125998403125 0.43929712500000007 0.135982428125 0.45626996875000003 0.1509584671875 0.47823482500000003 0.1549520765625 0.48023162968750005 0.152955271875 0.4962060703125 0.1509584671875 0.5081869015625 0.1449680515625 0.521166134375 0.1319888171875 0.5231629390625 0.125998403125 0.5221645374999999 0.11102236406249999 0.521166134375 0.104033546875 0.5061900953125 0.0850638984375 0.4902156546875 0.0790734828125 0.47024760312499997 0.0790734828125 0.4542731625 0.087060703125 0.4353035140625 0.10203674062500001 0.43330670937500004 0.10802715624999999
2 0.3654153359375 0.1160143765625 0.367412140625 0.1100239609375 0.362420128125 0.10702875468749999 0.3534345046875 0.11401757187499999 0.3494408953125 0.1299920125 0.3534345046875 0.1399760390625 0.35842651718749996 0.1449680515625 0.362420128125 0.1449680515625 0.37340255624999996 0.1299920125 0.372404153125 0.12699680468750002 0.367412140625 0.1220047921875 0.3654153359375 0.1160143765625
2 0.3494408953125 0.1299920125 0.3514377 0.1180111828125 0.357428115625 0.11202076718750001 0.3564297125 0.109025559375 0.34345047968750003 0.1200079875 0.33945686875000003 0.1319888171875 0.34644568750000004 0.1429712453125 0.35443290781250003 0.14696485625 0.35842651718749996 0.14696485625 0.35842651718749996 0.1429712453125 0.3514377 0.135982428125 0.3494408953125 0.1299920125
2 0.3484424921875 0.1509584671875 0.3384584671875 0.152955271875 0.33146964843750004 0.1599440890625 0.32947284374999997 0.16593450468749998 0.32947284374999997 0.1779153359375 0.33146964843750004 0.1819089453125 0.3424520765625 0.19089456875 0.34345047968750003 0.18590255625000002 0.33945686875000003 0.1819089453125 0.33945686875000003 0.167931309375 0.34345047968750003 0.1599440890625 0.3494408953125 0.1539536734375 0.3484424921875 0.1509584671875
2 0.39636581406250004 0.23083067031249999 0.4023562296875 0.22883386562500002 0.42132587812500005 0.21186102187500003 0.423322684375 0.20786741250000002 0.42232428125 0.1888977640625 0.4143370609375 0.1789137375 0.4023562296875 0.17092651718750002 0.3803913734375 0.1729233234375 0.36841054375 0.18091054374999999 0.36142172499999997 0.189896165625 0.3594249203125 0.1938897765625 0.3594249203125 0.213857828125 0.3704073484375 0.22683706093749997 0.37839456875 0.23083067031249999 0.39636581406250004 0.23083067031249999
2 0.3274760390625 0.301717253125 0.32947284374999997 0.3077076671875 0.3424520765625 0.3186900953125 0.3604233234375 0.3186900953125 0.3644169328125 0.316693290625 0.3694089453125 0.31170127812500004 0.36841054375 0.310702875 0.36142172499999997 0.3037140578125 0.357428115625 0.2957268375 0.357428115625 0.277755590625 0.3594249203125 0.27376198125 0.34644568750000004 0.2667731625 0.340455271875 0.26876996875 0.33146964843750004 0.277755590625 0.3274760390625 0.2857428109375 0.3274760390625 0.301717253125
2 0.350439296875 0.3366613421875 0.3664137375 0.328674121875 0.3664137375 0.3246805109375 0.3604233234375 0.3206869015625 0.3424520765625 0.3186900953125 0.3274760390625 0.3316693296875 0.3254792328125 0.35363418593749996 0.3274760390625 0.35962459999999996 0.3324680515625 0.3646166140625 0.3364616609375 0.36661341875 0.33945686875000003 0.365615015625 0.33945686875000003 0.35363418593749996 0.34345047968750003 0.34564696562499997 0.350439296875 0.3366613421875
2 0.3324680515625 0.272763578125 0.3204872203125 0.2747603828125 0.31449680468749996 0.27875399375 0.3095047921875 0.2857428109375 0.3055111828125 0.29373003125 0.3055111828125 0.301717253125 0.3075079875 0.3077076671875 0.3125 0.31269968125 0.3194888171875 0.2957268375 0.3274760390625 0.289736421875 0.3274760390625 0.2857428109375 0.333466453125 0.27575878593750003 0.3324680515625 0.272763578125
2 0.3125 0.326677315625 0.3075079875 0.333666134375 0.3035143765625 0.3476437703125 0.31050319531250004 0.360623003125 0.3125 0.360623003125 0.3174920125 0.3516373796875 0.3254792328125 0.34564696562499997 0.3254792328125 0.33965655 0.3274760390625 0.33765974375 0.3264776359375 0.33266773125000004 0.3164936109375 0.3246805109375 0.3125 0.326677315625
2 0.3164936109375 0.42052715625000003 0.3264776359375 0.42252396093750005 0.32947284374999997 0.4195287546875 0.32847444062500003 0.41853035156249996 0.3214856234375 0.40954472812500003 0.3214856234375 0.3895766765625 0.3125 0.382587859375 0.3055111828125 0.39157348281250004 0.3055111828125 0.4075479234375 0.3164936109375 0.42052715625000003
2 0.3214856234375 0.40954472812500003 0.3304712453125 0.42252396093750005 0.340455271875 0.426517571875 0.350439296875 0.426517571875 0.3714057515625 0.41154153281249994 0.37539936093750004 0.4035543125 0.3744009578125 0.394568690625 0.372404153125 0.392571884375 0.3604233234375 0.392571884375 0.3524361015625 0.38857827500000003 0.34345047968750003 0.3795926515625 0.3414536734375 0.3736022359375 0.3384584671875 0.372603834375 0.32847444062500003 0.3785942484375 0.3214856234375 0.3895766765625 0.3214856234375 0.40954472812500003
2 0.335463259375 0.6232028749999999 0.32847444062500003 0.612220446875 0.3214856234375 0.6212060703125 0.323482428125 0.63518370625 0.3274760390625 0.641174121875 0.33446485625 0.646166134375 0.34644568750000004 0.6481629390625 0.35443290781250003 0.6441693296875 0.36142172499999997 0.6331869015625 0.3604233234375 0.63019169375 0.3424520765625 0.6281948875000001 0.335463259375 0.6232028749999999
2 0.400359425 0.722044728125 0.4143370609375 0.7240415328124999 0.41633386562499997 0.7260383390625 0.43230830625000005 0.722044728125 0.443290734375 0.7110623 0.4472843453125 0.701078275 0.44628594218749995 0.69408945625 0.4412939296875 0.67911341875 0.4303115015625 0.6701277953125 0.4203274765625 0.6661341859375 0.40834664531250003 0.6661341859375 0.3983626203125 0.6701277953125 0.3853833859375 0.685103834375 0.3853833859375 0.7030750796875 0.389376996875 0.7110623 0.400359425 0.722044728125