0 0.2610530546875 0.46503215468750003 0.24698553125 0.45699356875 0.23291800624999998 0.45699356875 0.220860128125 0.46101286249999995 0.20377813437499998 0.4780948546875 0.1997588421875 0.4881430875 0.197749196875 0.50823955 0.20377813437499998 0.5263263671875 0.21885048281250002 0.5413987140625001 0.2288987140625 0.54541800625 0.25 0.5444131828125001 0.25301446875 0.5413987140625001 0.265072346875 0.537379421875 0.27411575625 0.520297428125 0.2761254015625 0.5142684890625 0.2761254015625 0.4901527328125 0.2700964625 0.47407556250000005 0.2610530546875 0.46503215468750003
0 0.06611736406249999 0.523311896875 0.0500401921875 0.523311896875 0.038987137500000005 0.5323553046875 0.0349678453125 0.540393890625 0.0349678453125 0.5685289390625 0.040996784375 0.5805868171874999 0.0500401921875 0.589630225 0.0540594859375 0.591639871875 0.0691318328125 0.5906350484375 0.0721463015625 0.589630225 0.0811897109375 0.5785771703125 0.0811897109375 0.5625 0.08319935625 0.560490353125 0.0811897109375 0.5564710609375 0.0811897109375 0.5464228296875 0.0791800640625 0.540393890625 0.06611736406249999 0.523311896875
0 0.02893890625 0.5464228296875 0.031953376562500004 0.5494372984375 0.0329582 0.5484324765624999 0.038987137500000005 0.5323553046875 0.0460209 0.52532154375 0.058078778124999994 0.523311896875 0.06109324687499999 0.520297428125 0.0570739546875 0.510249196875 0.048030546875 0.5012057875 0.03597266875 0.5012057875 0.031953376562500004 0.503215434375 0.0249196140625 0.5142684890625 0.022909967187499998 0.530345659375 0.02893890625 0.5464228296875
0 0 0.6189208203125001 0.003818328125 0.621784565625 0.0048231515625 0.6207797421875 0.0048231515625 0.614750803125 0.0008038578125 0.604702571875 0.0008038578125 0.584606109375 0.010852090625 0.5665192921875 0.005827975 0.5635048234375 0 0.5635048234375 0 0.6189208203125001
1 0.0369774921875 0.574557878125 0.023914790624999998 0.56551446875 0.0178858515625 0.56551446875 0.0118569125 0.567524115625 0.0028135046875 0.5785771703125 0.0028135046875 0.584606109375 0.0008038578125 0.58661575625 0.0008038578125 0.604702571875 0.0028135046875 0.60671221875 0.0048231515625 0.618770096875 0.0178858515625 0.63384244375 0.0219051453125 0.635852090625 0.0349678453125 0.6348472671875001 0.038987137500000005 0.6328376203125 0.0450160765625 0.6227893890625 0.0470257234375 0.5966639875 0.0450160765625 0.594654340625 0.0450160765625 0.5886254015625 0.0369774921875 0.574557878125
1 0.065112540625 0.506229903125 0.065112540625 0.5223070734374999 0.073151125 0.530345659375 0.0842041796875 0.5494372984375 0.09726688125 0.5484324765624999 0.109324759375 0.53838424375 0.1113344046875 0.5323553046875 0.1113344046875 0.5243167203125 0.1133440515625 0.5223070734374999 0.1113344046875 0.5042202578125 0.1073151125 0.49618167187499995 0.0942524109375 0.48512861718750006 0.08219453437499999 0.48512861718750006 0.0711414796875 0.494172025 0.065112540625 0.506229903125
1 0 0.6816318328125 0.0028135046875 0.68106913125 0.010852090625 0.6750401921875 0.012861735937499999 0.6690112546875 0.012861735937499999 0.6448954984374999 0.010852090625 0.6428858515625 0.010852090625 0.6368569125 0.0028135046875 0.6227893890625 0 0.62040873125 0 0.6816318328125
1 0.28717845625 0.41680064375 0.269091640625 0.41680064375 0.2570337625 0.42282958125 0.247990353125 0.43187299062499995 0.2419614140625 0.44393086875 0.2419614140625 0.45598874531250005 0.2590434078125 0.4630225078125 0.2700964625 0.47407556250000005 0.2761254015625 0.4921623796875 0.279139871875 0.4951768484375 0.282154340625 0.494172025 0.2972266875 0.489147909375 0.3082797421875 0.476085209375 0.3122990359375 0.46402733124999995 0.3122990359375 0.44393086875 0.302250803125 0.4258440515625 0.2952170421875 0.42081993593749994 0.28717845625 0.41680064375
1 0.41177652656249997 0.3384244375 0.404742765625 0.3454582 0.40072347343750003 0.353496784375 0.40072347343750003 0.3715836015625 0.404742765625 0.3796221859375 0.41177652656249997 0.3866559484375 0.4188102890625 0.38967041875 0.4188102890625 0.37560289375 0.424839228125 0.3575160765625 0.44393086875 0.346463021875 0.451969453125 0.346463021875 0.45297427656249994 0.34143890625 0.4479501609375 0.336414790625 0.43790192968749997 0.3323954984375 0.42383440468750005 0.3323954984375 0.41177652656249997 0.3384244375
1 0.424839228125 0.3575160765625 0.4188102890625 0.37560289375 0.4188102890625 0.38967041875 0.424839228125 0.39971865 0.43790192968749997 0.41278135000000005 0.44192122187500005 0.414790996875 0.4630225078125 0.4137861734375 0.46804662343750003 0.41278135000000005 0.4831189703125 0.39569935625 0.4871382640625 0.387660771875 0.4871382640625 0.3715836015625 0.4831189703125 0.3615353703125 0.472065915625 0.350482315625 0.462017684375 0.346463021875 0.4459405140625 0.346463021875 0.424839228125 0.3575160765625
1 0.459003215625 0.333400321875 0.45699356875 0.343448553125 0.4600080390625 0.346463021875 0.472065915625 0.350482315625 0.4831189703125 0.3615353703125 0.4881430875 0.3745980703125 0.49718649531250003 0.373593246875 0.5092443734375001 0.3615353703125 0.513263665625 0.3494774921875 0.513263665625 0.343448553125 0.5092443734375001 0.333400321875 0.49819131875 0.3223472671875 0.4921623796875 0.3203376203125 0.476085209375 0.3203376203125 0.47005627031249997 0.3223472671875 0.459003215625 0.333400321875
1 0.6921221859375 0.47005627031249997 0.6941318328125 0.4579983921875 0.6961414796875001 0.45598874531250005 0.6961414796875001 0.43589228281250003 0.690112540625 0.4198151125 0.6710209 0.40273311874999995 0.6569533765625 0.3967041796875 0.6368569125 0.3967041796875 0.6227893890625 0.40273311874999995 0.6057073953125001 0.417805465625 0.59967845625 0.43187299062499995 0.59967845625 0.44393086875 0.5976688109375 0.4459405140625 0.59967845625 0.44995980781249995 0.59967845625 0.4600080390625 0.6057073953125001 0.47407556250000005 0.628818328125 0.4951768484375 0.6348472671875001 0.49718649531250003 0.6579582 0.49618167187499995 0.6690112546875 0.49316720312499995 0.6750401921875 0.489147909375 0.6921221859375 0.47005627031249997
1 0.6790594859375 0.318327975 0.6710209 0.318327975 0.6690112546875 0.316318328125 0.658963021875 0.318327975 0.6509244375 0.3223472671875 0.6418810296874999 0.333400321875 0.6398713828125 0.3394292609375 0.6418810296874999 0.3575160765625 0.6569533765625 0.3745980703125 0.662982315625 0.3766077171875 0.6820739546875 0.37560289375 0.6911173640625 0.370578778125 0.698151125 0.3615353703125 0.700160771875 0.35550643125 0.700160771875 0.34143890625 0.698151125 0.3354099671875 0.6870980703125 0.3223472671875 0.6790594859375 0.318327975
1 0.6569533765625 0.318327975 0.6649919609375 0.318327975 0.6670016078125001 0.316318328125 0.6690112546875 0.318327975 0.6790594859375 0.318327975 0.6911173640625 0.326366559375 0.6921221859375 0.3253617359375 0.6961414796875001 0.32134244375 0.700160771875 0.3112942125 0.698151125 0.30124598125 0.693127009375 0.29421221875 0.683078778125 0.2881832796875 0.6690112546875 0.2881832796875 0.655948553125 0.299236334375 0.65393890625 0.3153135046875 0.6569533765625 0.318327975
0 0.8147106109375001 0.28717845625 0.8076768484375 0.282154340625 0.7956189703125001 0.282154340625 0.788585209375 0.289188103125 0.7905948546875 0.3052652734375 0.801647909375 0.31430868125 0.81069131875 0.3133038578125 0.8137057875 0.3122990359375 0.8187299031249999 0.3052652734375 0.8187299031249999 0.2952170421875 0.8147106109375001 0.28717845625