0 0.6270161296875 0.49007056406249994 0.6270161296875 0.46789314531250004 0.6189516125 0.4477318546875 0.6129032265625 0.4396673390625 0.601814515625 0.4305947578125 0.585685484375 0.4245463703125 0.55947580625 0.4245463703125 0.539314515625 0.434627015625 0.52822580625 0.44571572656249997 0.520161290625 0.4638608875 0.520161290625 0.48805443593750003 0.52822580625 0.5082157265625 0.545362903125 0.525352821875 0.5614919359375 0.531401209375 0.58467741875 0.5303931453125 0.5917338703125 0.52938508125 0.6038306453125 0.5233366937499999 0.6149193546875 0.5142641125 0.6270161296875 0.49007056406249994
0 0.1774193546875 0.3630544359375 0.1804435484375 0.3660786296875 0.1875 0.3650705640625 0.19052419375000001 0.3640625 0.19959677343749999 0.352973790625 0.19959677343749999 0.340877015625 0.192540321875 0.3318044359375 0.182459678125 0.3318044359375 0.17842741875 0.3338205640625 0.1713709671875 0.34289314531250004 0.1713709671875 0.35095766093749997 0.17540322656250001 0.35498991874999997 0.1774193546875 0.3630544359375
0 0.16834677343749999 0.33583669375 0.1622983875 0.337852821875 0.15322580624999999 0.3489415328125 0.1713709671875 0.3489415328125 0.173387096875 0.3388608875 0.16834677343749999 0.33583669375
0 0.304435484375 0.31063508125 0.30745967812499997 0.309627015625 0.3145161296875 0.3005544359375 0.3145161296875 0.290473790625 0.30745967812499997 0.281401209375 0.29939516093749996 0.27938508125 0.29334677343750004 0.281401209375 0.28427419375 0.290473790625 0.28427419375 0.3025705640625 0.28629032187500003 0.306602821875 0.29334677343750004 0.31164314531250004 0.304435484375 0.31063508125
0 0.545362903125 0.2390625 0.5362903218749999 0.24611895156250002 0.53427419375 0.25821572656249997 0.5413306453125 0.2693044359375 0.545362903125 0.2713205640625 0.5584677421875 0.2703125 0.5584677421875 0.2602318546875 0.5665322578125 0.24611895156250002 0.55947580625 0.2390625 0.545362903125 0.2390625
0 0.58467741875 0.2824092734375 0.5947580640625 0.2743447578125 0.59677419375 0.2703125 0.59677419375 0.25821572656249997 0.5897177421875 0.2491431453125 0.5816532265625 0.2451108875 0.5675403218749999 0.247127015625 0.5604838703125 0.25418346718749996 0.5584677421875 0.2682963703125 0.5695564515625 0.281401209375 0.573588709375 0.2834173390625 0.58467741875 0.2824092734375
0 0.6522177421875 0.26123991874999997 0.6622983875 0.27333669375 0.667338709375 0.2723286296875 0.6723790328125 0.2693044359375 0.6774193546875 0.26224798437499997 0.6774193546875 0.25418346718749996 0.673387096875 0.24611895156250002 0.6622983875 0.2390625 0.6542338703125 0.2390625 0.6461693546875 0.2430947578125 0.6431451609375001 0.24813508125 0.6431451609375001 0.256199596875 0.6522177421875 0.26123991874999997
0 0.616935484375 0.2723286296875 0.6189516125 0.28442540312500003 0.62802419375 0.2955141125 0.636088709375 0.2995463703125 0.64717741875 0.29853830625 0.6522177421875 0.2955141125 0.65927419375 0.2864415328125 0.6612903218749999 0.28039314531250004 0.65927419375 0.2703125 0.6542338703125 0.2632560484375 0.6441532265625 0.25720766093749997 0.6300403218749999 0.25720766093749997 0.6189516125 0.2662802421875 0.616935484375 0.2723286296875
0 0.7520161296875 0.2743447578125 0.7520161296875 0.2642641125 0.74092741875 0.2511592734375 0.7348790328125 0.2491431453125 0.7247983875 0.2511592734375 0.7197580640625 0.256199596875 0.7177419359375 0.2682963703125 0.7308467734375 0.2834173390625 0.7399193546875 0.28442540312500003 0.74697580625 0.281401209375 0.7520161296875 0.2743447578125
0 0.7963709671875 0.290473790625 0.792338709375 0.29853830625 0.792338709375 0.306602821875 0.7963709671875 0.31668346718749996 0.807459678125 0.327772178125 0.8135080640625001 0.32978830625 0.8185483874999999 0.3287802421875 0.823588709375 0.327772178125 0.8306451609375 0.32071572656249997 0.832661290625 0.31668346718749996 0.832661290625 0.3025705640625 0.8286290328125 0.2945060484375 0.8215725812500001 0.287449596875 0.80947580625 0.2834173390625 0.7963709671875 0.290473790625
0 0.9052419359374999 0.3489415328125 0.90927419375 0.3570060484375 0.9183467734375 0.3660786296875 0.9223790328125 0.3680947578125 0.9254032265625 0.36708669375 0.9274193546875 0.35498991874999997 0.929435484375 0.35095766093749997 0.9395161296874999 0.34289314531250004 0.9395161296874999 0.3388608875 0.9354838703125001 0.3307963703125 0.9284274187499999 0.32373991874999997 0.914314515625 0.321723790625 0.9072580640625001 0.3307963703125 0.9052419359374999 0.3489415328125
1 0.5100806453125 0.37918346718749996 0.5060483875 0.369102821875 0.4989919359375 0.3600302421875 0.4848790328125 0.35196572656249997 0.46875 0.349949596875 0.4506048390625 0.35599798437499997 0.4354838703125 0.3711189515625 0.43145161249999997 0.38321572656249997 0.43145161249999997 0.3932963703125 0.4334677421875 0.3953125 0.4354838703125 0.4074092734375 0.4395161296875 0.4134576609375 0.454637096875 0.4265625 0.4586693546875 0.4285786296875 0.47983870937499995 0.42757056406249994 0.494959678125 0.4205141125 0.5060483875 0.4074092734375 0.5100806453125 0.3993447578125 0.5100806453125 0.37918346718749996
1 0.392902396875 0.4996417078125 0.3969346546875 0.5077062234375 0.40903142968750006 0.521819128125 0.4201201390625 0.5308917078125 0.43624917031250005 0.5329078375 0.4382653 0.534923965625 0.455402396875 0.5339159015625 0.4685072359375 0.5308917078125 0.4765717515625 0.5248433203125 0.49169271875 0.5077062234375 0.495724978125 0.4976255796875 0.495724978125 0.4855288046875 0.49774110625 0.48351267656249997 0.495724978125 0.481496546875 0.495724978125 0.46939977187500004 0.4876604609375 0.453270740625 0.4705233640625 0.43613364375 0.45842659062499996 0.43411751406250004 0.452378203125 0.43008525625000005 0.44834594531249994 0.4321013859375 0.4422975578125 0.4321013859375 0.44028142968750006 0.43008525625000005 0.4382653 0.4321013859375 0.4281846546875 0.4321013859375 0.41810400937500003 0.43613364375 0.41003949375 0.44218203125000005 0.398950784375 0.45528686875 0.3908862671875 0.47948041718749995 0.392902396875 0.4996417078125
1 0.41229838750000003 0.384223790625 0.398185484375 0.3761592734375 0.3820564515625 0.37414314531250004 0.3679435484375 0.3801915328125 0.354838709375 0.3892641125 0.34677419375 0.403377015625 0.3447580640625 0.42152217812500004 0.35282258125 0.44168346718749996 0.357862903125 0.446723790625 0.3739919359375 0.45478830625000005 0.39717741875 0.4537802421875 0.4213709671875 0.43361895156249997 0.423387096875 0.42152217812500004 0.42540322656249996 0.41950604843750006 0.42540322656249996 0.4074092734375 0.4213709671875 0.3953125 0.41229838750000003 0.384223790625
1 0.238911290625 0.37414314531250004 0.22883064531250003 0.3801915328125 0.2197580640625 0.3912802421875 0.2177419359375 0.3973286296875 0.2177419359375 0.415473790625 0.2197580640625 0.42152217812500004 0.2308467734375 0.4326108875 0.2368951609375 0.434627015625 0.2540322578125 0.43361895156249997 0.25907258125 0.4326108875 0.26814516093749996 0.42353830625000005 0.2741935484375 0.4114415328125 0.2741935484375 0.3912802421875 0.27217741875 0.38724798437499997 0.2570564515625 0.37414314531250004 0.238911290625 0.37414314531250004
1 0.161290321875 0.3852318546875 0.16834677343749999 0.38220766093749997 0.1774193546875 0.3711189515625 0.17540322656250001 0.35498991874999997 0.170362903125 0.349949596875 0.164314515625 0.34793346718749996 0.1522177421875 0.35196572656249997 0.145161290625 0.36103830625 0.145161290625 0.375151209375 0.14717741875 0.37918346718749996 0.1522177421875 0.384223790625 0.161290321875 0.3852318546875
1 0.1129032265625 0.381199596875 0.1129032265625 0.3932963703125 0.1149193546875 0.3973286296875 0.119959678125 0.40236895156249997 0.1270161296875 0.4013608875 0.1320564515625 0.400352821875 0.139112903125 0.3932963703125 0.14314516093750002 0.38321572656249997 0.1411290328125 0.381199596875 0.1411290328125 0.375151209375 0.13407258125 0.3680947578125 0.12802419375000001 0.3660786296875 0.12197580625 0.3680947578125 0.1129032265625 0.381199596875
1 0.142137096875 0.35196572656249997 0.1350806453125 0.359022178125 0.133064515625 0.36708669375 0.1411290328125 0.375151209375 0.14415322656250001 0.38220766093749997 0.1491935484375 0.381199596875 0.145161290625 0.37313508125 0.145161290625 0.3630544359375 0.15322580624999999 0.352973790625 0.142137096875 0.35196572656249997
1 0.25 0.3146673390625 0.2479838703125 0.306602821875 0.238911290625 0.2995463703125 0.22681451562500002 0.3035786296875 0.22177419375000001 0.31063508125 0.22177419375000001 0.3227318546875 0.223790321875 0.3267641125 0.2308467734375 0.3318044359375 0.23387096718749997 0.3307963703125 0.2429435484375 0.327772178125 0.25 0.3146673390625
1 0.21875 0.3035786296875 0.2127016125 0.3055947578125 0.2056451609375 0.3146673390625 0.207661290625 0.3267641125 0.2127016125 0.3318044359375 0.2258064515625 0.3307963703125 0.2258064515625 0.3267641125 0.22177419375000001 0.3227318546875 0.223790321875 0.30458669375 0.21875 0.3035786296875
1 0.27620967812499997 0.318699596875 0.28427419375 0.31063508125 0.28427419375 0.296522178125 0.2822580640625 0.29248991874999997 0.2772177421875 0.28946572656249997 0.267137096875 0.28946572656249997 0.25604838750000003 0.29853830625 0.2540322578125 0.306602821875 0.25604838750000003 0.312651209375 0.261088709375 0.3176915328125 0.2651209671875 0.31970766093749997 0.27620967812499997 0.318699596875
0 0.35685483906250004 0.278377015625 0.3649193546875 0.2945060484375 0.366935484375 0.2945060484375 0.3729838703125 0.28845766093749997 0.3729838703125 0.2763608875 0.36592741875 0.2693044359375 0.35584677343750004 0.26728830625 0.354838709375 0.2723286296875 0.35685483906250004 0.278377015625
1 0.4989919359375 0.2713205640625 0.5070564515625 0.275352821875 0.5120967734375 0.2743447578125 0.517137096875 0.27333669375 0.5262096781250001 0.2642641125 0.5262096781250001 0.2521673390625 0.5241935484375 0.24813508125 0.5151209671875 0.2410786296875 0.50302419375 0.2410786296875 0.49395161249999997 0.24813508125 0.491935484375 0.2521673390625 0.491935484375 0.26224798437499997 0.4989919359375 0.2713205640625
1 0.7066532265625 0.2773689515625 0.704637096875 0.275352821875 0.6945564515625 0.2773689515625 0.6885080640625 0.281401209375 0.6834677421875 0.28845766093749997 0.6814516125 0.2945060484375 0.6834677421875 0.3086189515625 0.6854838703125 0.312651209375 0.698588709375 0.32373991874999997 0.7026209671875 0.3257560484375 0.71572580625 0.32474798437499997 0.7247983875 0.31970766093749997 0.729838709375 0.31063508125 0.729838709375 0.2945060484375 0.7258064515625 0.2864415328125 0.7147177421875 0.2773689515625 0.7066532265625 0.2773689515625
1 0.8588709671875 0.28039314531250004 0.8568548390625 0.2763608875 0.84375 0.265272178125 0.8336693546875 0.26728830625 0.8286290328125 0.2763608875 0.8306451609375 0.28845766093749997 0.835685484375 0.2955141125 0.84375 0.2995463703125 0.8528225812500001 0.29853830625 0.8588709671875 0.290473790625 0.8588709671875 0.28039314531250004
2 0.6915322578125 0.2703125 0.701612903125 0.26224798437499997 0.7036290328125 0.25418346718749996 0.69657258125 0.2410786296875 0.6885080640625 0.2370463703125 0.6824596781250001 0.2370463703125 0.673387096875 0.24208669375 0.673387096875 0.24813508125 0.6774193546875 0.25418346718749996 0.6774193546875 0.2662802421875 0.6864919359375 0.2713205640625 0.6915322578125 0.2703125
2 0.7822580640625 0.2602318546875 0.773185484375 0.247127015625 0.761088709375 0.2451108875 0.7520161296875 0.2521673390625 0.75 0.25821572656249997 0.7520161296875 0.2642641125 0.75907258125 0.27333669375 0.767137096875 0.2773689515625 0.77217741875 0.2763608875 0.7802419359375 0.2703125 0.7822580640625 0.2602318546875
2 0.8165322578125 0.2824092734375 0.8165322578125 0.2703125 0.8054435484375 0.259223790625 0.7933467734375 0.259223790625 0.7862903218749999 0.2662802421875 0.78427419375 0.2743447578125 0.7913306453125 0.287449596875 0.795362903125 0.28946572656249997 0.8004032265625 0.28845766093749997 0.8034274187499999 0.28543346718749996 0.8165322578125 0.2824092734375
2 0.8114919359374999 0.25720766093749997 0.8084677421875 0.26224798437499997 0.8165322578125 0.2723286296875 0.8165322578125 0.28442540312500003 0.8215725812500001 0.287449596875 0.8245967734375 0.2864415328125 0.8286290328125 0.2824092734375 0.8306451609375 0.2662802421875 0.823588709375 0.25720766093749997 0.8114919359374999 0.25720766093749997
2 0.8578629031249999 0.33583669375 0.8659274187499999 0.3398689515625 0.8729838703125001 0.3388608875 0.883064515625 0.3307963703125 0.8850806453125 0.32474798437499997 0.883064515625 0.312651209375 0.8770161296874999 0.3025705640625 0.869959678125 0.2975302421875 0.8558467734375 0.2975302421875 0.84677419375 0.3086189515625 0.84677419375 0.32071572656249997 0.8508064515625 0.3287802421875 0.8578629031249999 0.33583669375
2 0.9052419359374999 0.34692540312500003 0.9052419359374999 0.3368447578125 0.90927419375 0.3267641125 0.9133064515625 0.3227318546875 0.9133064515625 0.31668346718749996 0.9042338703125001 0.3076108875 0.8921370968750001 0.3055947578125 0.883064515625 0.312651209375 0.883064515625 0.3328125 0.8941532265625 0.3459173390625 0.9002016125000001 0.34793346718749996 0.9052419359374999 0.34692540312500003
2 0.9677419359374999 0.3449092734375 0.960685484375 0.337852821875 0.9506048390625 0.337852821875 0.9435483874999999 0.34289314531250004 0.9445564515625 0.3459173390625 0.948588709375 0.3459173390625 0.9596774187499999 0.3570060484375 0.9647177421875 0.3701108875 0.973790321875 0.369102821875 0.97177419375 0.352973790625 0.9677419359374999 0.3449092734375
2 0.9616935484375 0.359022178125 0.9506048390625 0.3459173390625 0.9364919359374999 0.3459173390625 0.932459678125 0.34793346718749996 0.9274193546875 0.35498991874999997 0.9254032265625 0.3711189515625 0.9334677421875 0.38724798437499997 0.942540321875 0.3943044359375 0.9475806453125 0.3932963703125 0.9495967734375 0.381199596875 0.9536290328125 0.375151209375 0.9566532265625 0.372127015625 0.960685484375 0.372127015625 0.963709678125 0.36708669375 0.9616935484375 0.3650705640625 0.9616935484375 0.359022178125
2 0.9495967734375 0.381199596875 0.9495967734375 0.38724798437499997 0.9475806453125 0.3892641125 0.9495967734375 0.40539314531250004 0.9586693546875 0.4205141125 0.9647177421875 0.4245463703125 0.9758064515625 0.42353830625000005 0.979838709375 0.4134576609375 0.9879032265625 0.4074092734375 0.9879032265625 0.3953125 0.9818548390625 0.381199596875 0.9707661296874999 0.3701108875 0.960685484375 0.3701108875 0.9566532265625 0.372127015625 0.9495967734375 0.381199596875
2 1 0.40913738593750004 0.9989919359374999 0.4084173390625 0.9868951609375 0.4084173390625 0.9808467734375 0.412449596875 0.9758064515625 0.41950604843750006 0.9758064515625 0.42555443593750003 0.973790321875 0.42757056406249994 0.973790321875 0.44571572656249997 0.9818548390625 0.4618447578125 0.988911290625 0.46890120937499996 0.9929435484375 0.4709173390625 1 0.47027584375 1 0.40913738593750004
2 1 0.3801915328125 0.99697580625 0.3801915328125 0.9858870968750001 0.3892641125 0.9879032265625 0.40539314531250004 0.9989919359374999 0.4084173390625 1 0.4090893828125 1 0.3801915328125