1 0.5927610765625 0.561313290625 0.5808939875 0.5692246828124999 0.5660601265625 0.5860363921875 0.5621044296875 0.59790348125 0.5621044296875 0.6117484171875 0.568037975 0.627571203125 0.5848496828124999 0.6424050640625001 0.5967167718749999 0.646360759375 0.616495253125 0.6443829109375 0.6283623421875 0.6384493671875 0.63924050625 0.6295490499999999 0.6471518984375 0.613726265625 0.6471518984375 0.5919699359374999 0.63924050625 0.5761471515625 0.6283623421875 0.5652689875 0.609572784375 0.5603243671875 0.6026503171875001 0.55933544375 0.60067246875 0.561313290625 0.5927610765625 0.561313290625
1 0.6471518984375 0.613726265625 0.643196203125 0.62361550625 0.6342958859375 0.6344936703124999 0.6253955703125 0.6414161390625 0.6253955703125 0.6453718359375 0.6313291140625 0.6572389234375 0.6382515828125 0.6641613921875 0.65209651875 0.6700949359374999 0.66594145625 0.6700949359374999 0.6797863921875 0.6641613921875 0.688686709375 0.6552610765625 0.694620253125 0.6433939875 0.694620253125 0.6295490499999999 0.688686709375 0.6176819625000001 0.67780854375 0.6048259500000001 0.6689082281250001 0.6018591765625 0.65209651875 0.600870253125 0.6471518984375 0.6058148734375 0.6471518984375 0.613726265625
2 0.75692246875 0.4821993671875 0.7391218359375 0.4920886078125 0.7262658234375 0.50692246875 0.7223101265625 0.516811709375 0.7223101265625 0.5247231015625 0.720332278125 0.5267009500000001 0.7223101265625 0.552412975 0.73022151875 0.5662579109375 0.7490110765625 0.5810917718749999 0.7608781640625 0.58504746875 0.7767009500000001 0.58504746875 0.7905458859375 0.5791139234375 0.8014240499999999 0.5702136078125 0.80933544375 0.5603243671875 0.8152689875 0.5445015828125 0.8152689875 0.51878955625 0.80933544375 0.5029667718749999 0.798457278125 0.490110759375 0.7885680374999999 0.48417721562500005 0.78263449375 0.48417721562500005 0.7776898734375 0.48121044375000005 0.7648338609375 0.48022151874999996 0.7628560125 0.4821993671875 0.75692246875 0.4821993671875
2 0.40585442968749996 0.5089003171875001 0.395965190625 0.528678796875 0.395965190625 0.5464794296875 0.39794303750000004 0.548457278125 0.39794303750000004 0.5543908234375 0.407832278125 0.57219145625 0.41871044375000005 0.5810917718749999 0.43848892343749996 0.5890031640625 0.4523338609375 0.5890031640625 0.47211234218750003 0.5810917718749999 0.48694620312500003 0.5662579109375 0.492879746875 0.5543908234375 0.492879746875 0.542523734375 0.4948575953125 0.5405458859375 0.492879746875 0.5385680374999999 0.4909018984375 0.51878955625 0.4849683546875 0.5089003171875001 0.474090190625 0.49802215156249996 0.45628955624999995 0.490110759375 0.447389240625 0.4891218359375 0.4325553796875 0.490110759375 0.41871044375000005 0.496044303125 0.40585442968749996 0.5089003171875001
2 0.5462816453125 0.633504746875 0.5423259500000001 0.6414161390625 0.5423259500000001 0.6592167718749999 0.5462816453125 0.6671281640625 0.5551819625000001 0.67602848125 0.5630933546875 0.6799841765625 0.5828718359375 0.6799841765625 0.5907832281250001 0.67602848125 0.6016613921875 0.6651503171875001 0.6056170890625 0.6572389234375 0.6056170890625 0.6473496828124999 0.5947389234375 0.646360759375 0.5808939875 0.640427215625 0.564082278125 0.6216376578125 0.56111550625 0.620648734375 0.5532041140625 0.6246044296875 0.5462816453125 0.633504746875
2 0.45332278437499995 0.64932753125 0.45332278437499995 0.6572389234375 0.4493670890625 0.6671281640625 0.441455696875 0.67503955625 0.447389240625 0.6869066453125 0.4582674046875 0.6938291140625 0.474090190625 0.6938291140625 0.48200158281250005 0.6898734171875 0.4909018984375 0.678995253125 0.4909018984375 0.66317246875 0.48694620312500003 0.6552610765625 0.480023734375 0.6483386078125 0.473101265625 0.6453718359375 0.460245253125 0.6443829109375 0.45628955624999995 0.646360759375 0.45332278437499995 0.64932753125
2 0.39992088593749997 0.63746044375 0.395965190625 0.64932753125 0.39992088593749997 0.66317246875 0.41079904999999994 0.6740506328125 0.42068829062499996 0.6780063296875001 0.4325553796875 0.6780063296875001 0.4424446203125 0.6740506328125 0.4493670890625 0.6671281640625 0.45134493593749997 0.6552610765625 0.45332278437499995 0.6532832281250001 0.45134493593749997 0.6433939875 0.4454113921875 0.633504746875 0.440466771875 0.6285601265625 0.427610759375 0.6255933546875 0.4167325953125 0.6246044296875 0.40882120312500003 0.6285601265625 0.39992088593749997 0.63746044375
2 0.21993670937499998 0.6097705703125 0.21993670937499998 0.62361550625 0.22191455625 0.6295490499999999 0.22883702499999997 0.6384493671875 0.2367484171875 0.6424050640625001 0.24663765781250002 0.6424050640625001 0.2505933546875 0.640427215625 0.2575158234375 0.633504746875 0.25949367031250004 0.627571203125 0.25949367031250004 0.613726265625 0.25553797500000003 0.6058148734375 0.2505933546875 0.600870253125 0.2436708859375 0.59790348125 0.23279272187500002 0.59691455625 0.22883702499999997 0.5988924046874999 0.21993670937499998 0.6097705703125
2 0.043908228125 0.5049446203125 0.043908228125 0.516811709375 0.0478639234375 0.5247231015625 0.0587420890625 0.5336234171875 0.06665348125000001 0.5316455703125 0.07357595 0.5247231015625 0.075553796875 0.51878955625 0.075553796875 0.5029667718749999 0.0715981015625 0.4950553796875 0.063686709375 0.4891218359375 0.0547863921875 0.4881329109375 0.0478639234375 0.4950553796875 0.043908228125 0.5049446203125
1 0.0023734171875 0.5385680374999999 0.011273734375 0.5435126578125 0.014240506250000002 0.5405458859375 0.0162183546875 0.5306566453125 0.010284809374999999 0.522745253125 0.007318037500000001 0.5217563296875001 0.0023734171875 0.5267009500000001 0.0023734171875 0.5385680374999999
1 0.0162183546875 0.5543908234375 0.0231408234375 0.55933544375 0.02808544375 0.5543908234375 0.02808544375 0.5464794296875 0.0221518984375 0.5405458859375 0.021162975 0.5395569625000001 0.0162183546875 0.5445015828125 0.0162183546875 0.5543908234375
1 0.046875 0.5830696203125 0.050830696875000005 0.5830696203125 0.05577531718749999 0.578125 0.05577531718749999 0.5702136078125 0.050830696875000005 0.5632911390625 0.0478639234375 0.562302215625 0.041930379687500005 0.5642800640625001 0.03995253125 0.5761471515625 0.046875 0.5830696203125
1 0.0597310125 0.5820806968750001 0.0646756328125 0.5909810125 0.0706091765625 0.5929588609375 0.0775316453125 0.58405854375 0.075553796875 0.5820806968750001 0.075553796875 0.5761471515625 0.069620253125 0.57219145625 0.0646756328125 0.57120253125 0.0617088609375 0.5741693031249999 0.0597310125 0.5820806968750001
1 0.0715981015625 0.5959256328125 0.07357595 0.6018591765625 0.07852057031250001 0.606803796875 0.082476265625 0.606803796875 0.0874208859375 0.603837025 0.0874208859375 0.5919699359374999 0.07950949375000001 0.5860363921875 0.07852057031250001 0.58504746875 0.07357595 0.5899920890625 0.0715981015625 0.5959256328125