1 0.4828125 0.4890625 0.04375 0.0453125
1 0.53125 0.46875 0.040625 0.0453125
1 0.49375 0.6671875 0.04375 0.046875
1 0.540625 0.6796875 0.0421875 0.046875
2 0.475 0.275 0.0453125 0.053125
2 0.521875 0.2875 0.040625 0.0484375
2 0.5 0.846875 0.0375 0.0515625
2 0.5453125 0.8546875 0.04375 0.0546875
2 0.5740522546875 0.8713114750000001 0.5801997953125 0.8713114750000001 0.583273565625 0.8743852453125 0.58429815625 0.879508196875 0.5883965156250001 0.879508196875 0.590445696875 0.8815573765625 0.5945440578125 0.8815573765625 0.5965932375 0.879508196875 0.6006915984375001 0.879508196875 0.602740778125 0.877459015625 0.604789959375 0.877459015625 0.609912909375 0.872336065625 0.611962090625 0.8661885249999999 0.6140112703125 0.86413934375 0.6140112703125 0.8477459015625 0.611962090625 0.845696721875 0.611962090625 0.8415983609375 0.6078637296875 0.8375 0.6078637296875 0.8354508203125001 0.604789959375 0.8344262296875 0.59864241875 0.8282786890624999 0.582248975 0.8282786890624999 0.5801997953125 0.8323770484375 0.5781506140625 0.8303278687500001 0.576101434375 0.8303278687500001 0.5699538937499999 0.836475409375 0.568929303125 0.8375 0.568929303125 0.8661885249999999 0.5740522546875 0.8713114750000001
1 0.5556096312500001 0.2913934421875 0.563806353125 0.2913934421875 0.5658555328125 0.2934426234375 0.576101434375 0.2934426234375 0.58429815625 0.2893442625 0.5914702875 0.28217213124999996 0.595568646875 0.273975409375 0.595568646875 0.2698770484375 0.597617828125 0.26782786875000003 0.595568646875 0.26372950781250004 0.595568646875 0.2555327875 0.5914702875 0.24733606562500002 0.58429815625 0.240163934375 0.5801997953125 0.23811475468749999 0.563806353125 0.23811475468749999 0.5597079921875 0.2442622953125 0.5556096312500001 0.24221311406249998 0.5484375 0.2493852453125 0.5504866796875 0.25348360625 0.5443391390625 0.25758196718750004 0.5433145484375 0.2606557375 0.542289959375 0.273975409375 0.5463883203125001 0.28217213124999996 0.5556096312500001 0.2913934421875
1 0.465625 0.08125 0.0515625 0.0578125
2 0.5648309421875 0.6797131140625 0.5720030734375 0.6868852453125001 0.576101434375 0.684836065625 0.5801997953125 0.69098360625 0.5965932375 0.69098360625 0.6058145484375 0.683811475 0.609912909375 0.677663934375 0.611962090625 0.663319671875 0.609912909375 0.6571721312500001 0.59864241875 0.643852459375 0.5945440578125 0.641803278125 0.58429815625 0.6397540984375001 0.5781506140625 0.641803278125 0.57507684375 0.6448770484375 0.5740522546875 0.65 0.5699538937499999 0.6479508203125001 0.5648309421875 0.651024590625 0.561757171875 0.658196721875 0.56073258125 0.663319671875 0.5648309421875 0.6715163937499999 0.5648309421875 0.6797131140625
3 0.534375 0.853125 0.1109375 0.08125
3 0.5234375 0.6734375 0.1234375 0.084375
3 0.5171875 0.48125 0.125 0.071875
3 0.5078125 0.2765625 0.1390625 0.090625
3 0.4984375 0.0734375 0.1296875 0.0984375