0 0.1492940203125 0.33887043125 0.1347591359375 0.34717607968749997 0.119186046875 0.36690199375 0.11503322187500001 0.377284053125 0.11503322187500001 0.3855897015625 0.11295681093750001 0.3876661125 0.11295681093750001 0.400124584375 0.117109634375 0.41050664374999996 0.117109634375 0.41881229218750005 0.1254152828125 0.4312707640625 0.132682725 0.43853820624999995 0.140988371875 0.44269102968749996 0.15552325625000002 0.4447674421875 0.15759966718750001 0.446843853125 0.176287375 0.4406146171875 0.1939368765625 0.422965115625 0.2043189375 0.400124584375 0.2043189375 0.3689784046875 0.19601328906249998 0.352367109375 0.1804402 0.33887043125 0.164867109375 0.3378322265625 0.15759966718750001 0.3367940203125 0.15552325625000002 0.33887043125 0.1492940203125 0.33887043125
0 0.598837209375 0.6347591359375 0.5946843859375 0.640988371875 0.5926079734374999 0.6596760796875001 0.5946843859375 0.665905315625 0.6061046515624999 0.67940199375 0.6144102984375001 0.6835548171875 0.6310215953125 0.6835548171875 0.63725083125 0.6814784046875 0.6528239203124999 0.663828903125 0.6549003328125 0.6451411953124999 0.648671096875 0.6347591359375 0.6382890359375 0.6243770765625001 0.6164867109375 0.6233388703125 0.6102574749999999 0.6254152828125 0.598837209375 0.6347591359375
0 0.8075166109374999 0.548588040625 0.7960963453125001 0.5620847171875 0.7877906984374999 0.5828488375 0.7877906984374999 0.593230896875 0.7940199328124999 0.6098421921875 0.8054401999999999 0.6212624578125 0.813745846875 0.6254152828125 0.8303571421875 0.6254152828125 0.8448920265625001 0.619186046875 0.8542358796875 0.6098421921875 0.860465115625 0.5973837203125 0.862541528125 0.5786960140625 0.860465115625 0.5766196015625 0.860465115625 0.568313953125 0.84904485 0.5527408640625 0.8376245843750001 0.5454734218749999 0.817898671875 0.544435215625 0.8116694359375 0.548588040625 0.8075166109374999 0.548588040625
0 0.5884551499999999 0.692898671875 0.597799003125 0.7043189375 0.6019518265625 0.7063953484375001 0.620639534375 0.7063953484375001 0.6341362125 0.6949750828125 0.6382890359375 0.6866694359375 0.63725083125 0.6814784046875 0.6310215953125 0.6835548171875 0.6144102984375001 0.6835548171875 0.6061046515624999 0.67940199375 0.596760796875 0.6700581390625 0.5936461796875 0.6690199328124999 0.5884551499999999 0.6742109640625 0.5884551499999999 0.692898671875
0 0.5074750828125 0.667981728125 0.5188953484375001 0.6835548171875 0.527200996875 0.687707640625 0.53965946875 0.689784053125 0.552117940625 0.6856312296875 0.5593853828124999 0.6783637875 0.5438122921875 0.6731727578125 0.5323920265625001 0.663828903125 0.528239203125 0.65552325625 0.528239203125 0.6368355484375 0.524086378125 0.6368355484375 0.5178571421875 0.65552325625 0.5074750828125 0.667981728125
1 0.0423588046875 0.2734634546875 0.031976743749999995 0.29422757499999996 0.029900332812500003 0.3108388703125 0.0278239203125 0.31291528281250003 0.029900332812500003 0.33367940156250003 0.03612956875 0.34821428593750003 0.0496262453125 0.3575581390625 0.07039036562499999 0.3575581390625 0.08077242500000001 0.351328903125 0.096345515625 0.3357558140625 0.106727575 0.31706810625 0.1088039859375 0.304609634375 0.1108803984375 0.302533221875 0.1108803984375 0.2734634546875 0.10465116249999999 0.25892857187499996 0.0901162796875 0.24854651093750002 0.07246677812499999 0.24750830625 0.055855481250000005 0.257890365625 0.0423588046875 0.2734634546875
1 0.2323504984375 0.498754153125 0.22093023281250002 0.5101744187499999 0.214700996875 0.522632890625 0.214700996875 0.543397009375 0.22093023281250002 0.55793189375 0.2323504984375 0.5693521593749999 0.24480897031249998 0.5755813953125 0.263496678125 0.5735049828125 0.27387873749999997 0.567275746875 0.283222590625 0.55585548125 0.287375415625 0.5454734218749999 0.287375415625 0.5247093015625001 0.2811461796875 0.51225083125 0.271802325 0.5008305640625 0.25830564843750004 0.49563953437499997 0.2468853828125 0.494601328125 0.24480897031249998 0.49667774062500003 0.2323504984375 0.498754153125
1 0.46179402031250005 0.620224253125 0.46179402031250005 0.6243770765625001 0.45764119531249997 0.6306063125 0.45764119531249997 0.6472176078125 0.46179402031250005 0.65552325625 0.47113787343749997 0.664867109375 0.47944352187500006 0.6690199328124999 0.500207640625 0.6690199328124999 0.5126661125 0.6627906984374999 0.5199335546875 0.6534468437500001 0.5220099671875 0.6472176078125 0.5220099671875 0.632682725 0.5199335546875 0.6264534890625 0.5085132890625 0.6129568109375 0.49709302343750006 0.60776578125 0.48567275781249997 0.6067275750000001 0.46698505 0.615033221875 0.46179402031250005 0.620224253125
1 0.5303156140625 0.632682725 0.528239203125 0.638911959375 0.528239203125 0.65552325625 0.5323920265625001 0.663828903125 0.5438122921875 0.6731727578125 0.5541943515625001 0.6773255812500001 0.5687292359375 0.6773255812500001 0.5791112953125 0.6731727578125 0.5863787375 0.665905315625 0.5926079734374999 0.6534468437500001 0.5926079734374999 0.638911959375 0.5884551499999999 0.6285299 0.5811877078125 0.6212624578125 0.5697674421875 0.6160714281249999 0.5541943515625001 0.615033221875 0.5438122921875 0.619186046875 0.5303156140625 0.632682725
1 0.6549003328125 0.6575996671875 0.646594684375 0.6742109640625 0.6559385375 0.6856312296875 0.6642441859375 0.689784053125 0.68085548125 0.689784053125 0.6850083062500001 0.687707640625 0.6964285718750001 0.6783637875 0.7026578078125 0.667981728125 0.7026578078125 0.6534468437500001 0.7005813953125 0.6472176078125 0.693313953125 0.6378737546875 0.6839701 0.632682725 0.668397009375 0.63164451875 0.6549003328125 0.640988371875 0.6549003328125 0.6575996671875
1 0.860465115625 0.5745431890625 0.862541528125 0.5766196015625 0.862541528125 0.591154484375 0.8563122921874999 0.60776578125 0.8459302328125 0.6181478406250001 0.8552740859375 0.62956810625 0.861503321875 0.63164451875 0.8781146171875 0.63164451875 0.8864202656250001 0.6274916937499999 0.8936877078125001 0.620224253125 0.90199335625 0.60568936875 0.90199335625 0.5807724249999999 0.89784053125 0.572466778125 0.8864202656250001 0.5610465109375 0.8770764124999999 0.55793189375 0.87396179375 0.5568936875 0.8583887046875001 0.5620847171875 0.860465115625 0.5745431890625
1 1 0.5774879187499999 0.99750830625 0.5745431890625 0.9933554812500001 0.5620847171875 0.9912790703125 0.5620847171875 0.9912790703125 0.568313953125 0.9892026578124999 0.570390365625 0.9871262453125 0.5890780734375001 0.9964701 0.6067275750000001 1 0.6079042078125 1 0.5774879187499999