1 0.4984375 0.1515625 0.04375 0.05
1 0.4515625 0.153125 0.0375 0.0484375
1 0.5125 0.51875 0.04375 0.046875
1 0.465625 0.5140625 0.0421875 0.046875
2 0.5203125 0.7171875 0.05 0.0484375
2 0.4734375 0.703125 0.0421875 0.05
2 0.503125 0.3296875 0.0421875 0.0484375
2 0.4546875 0.328125 0.0421875 0.05
2 0.422420634375 0.3142857140625 0.41845238125 0.3083333328125 0.402579365625 0.3083333328125 0.3916666671875 0.3172619046875 0.3876984125 0.3251984125 0.3876984125 0.33710317500000003 0.3916666671875 0.3450396828125 0.4045634921875 0.35595238125 0.4105158734375 0.35793650781249997 0.4125 0.35595238125 0.42043650781249997 0.35595238125 0.42440476250000003 0.35 0.42837301562499996 0.35 0.43333333281249997 0.3450396828125 0.434325396875 0.3420634921875 0.43333333281249997 0.31924603125 0.4263888890625 0.31230158750000003 0.422420634375 0.3142857140625
2 0.44424603124999995 0.6992063484375 0.440277778125 0.6972222218749999 0.434325396875 0.6992063484375 0.4323412703125 0.6952380953125 0.42440476250000003 0.6952380953125 0.41845238125 0.6972222218749999 0.4075396828125 0.7081349203125 0.40357142812499996 0.716071428125 0.40357142812499996 0.73194444375 0.409523809375 0.7418650796875 0.41845238125 0.7488095234375 0.4323412703125 0.7507936515625 0.43730158750000003 0.7478174609375 0.43829365156250005 0.7448412703125 0.440277778125 0.746825396875 0.44424603124999995 0.7448412703125 0.4511904765625 0.7359126984375 0.44920634843749996 0.733928571875 0.45416666718750004 0.7289682546875 0.4551587296875 0.716071428125 0.453174603125 0.7101190468749999 0.44424603124999995 0.6992063484375
1 0.41845238125 0.13769841249999998 0.415476190625 0.13075396875 0.4105158734375 0.127777778125 0.402579365625 0.127777778125 0.3916666671875 0.1327380953125 0.3857142859375 0.14265872968749999 0.3857142859375 0.1605158734375 0.396626984375 0.177380953125 0.4045634921875 0.18134920625 0.4144841265625 0.18134920625 0.41845238125 0.175396825 0.4263888890625 0.1734126984375 0.42936507968750004 0.1704365078125 0.4303571421875 0.16547619062500002 0.43134920625 0.146626984375 0.422420634375 0.13571428593749998 0.41845238125 0.13769841249999998
1 0.528125 0.90625 0.0484375 0.0546875
3 0.4640625 0.153125 0.10625 0.075
3 0.465625 0.3296875 0.1140625 0.065625
3 0.4734375 0.5125 0.115625 0.065625
3 0.4859375 0.7109375 0.121875 0.0734375
3 0.49375 0.9078125 0.121875 0.1015625