2 0.6546875 0.5859375 0.0453125 0.0453125
2 0.659375 0.540625 0.04375 0.0390625
2 0.6578125 0.4921875 0.046875 0.05
2 0.2625 0.56875 0.0515625 0.0453125
2 0.284375 0.521875 0.046875 0.040625
2 0.2703125 0.475 0.05 0.0453125
1 0.078125 0.46875 0.053125 0.04375
1 0.46875 0.4859375 0.0453125 0.046875
1 0.471875 0.5296875 0.04375 0.04375
1 0.834375 0.5015625 0.05 0.0453125
1 0.8359375 0.5421875 0.0484375 0.0453125
1 0.834375 0.5890625 0.05 0.040625
3 0.83125 0.5265625 0.0828125 0.11875
3 0.6625 0.521875 0.075 0.1234375
3 0.4734375 0.5203125 0.0671875 0.125
3 0.2734375 0.5125 0.078125 0.13125
3 0.075 0.496875 0.0921875 0.1265625