1 0.417670265625 0 0.42068106250000004 0.0060215953125 0.432101328125 0.0174418609375 0.43833056406250004 0.015365448437500002 0.4393687703125 0.020556478125 0.4424833890625 0.023671096875 0.45494186093750005 0.023671096875 0.4632475078125 0.019518271875 0.4746677734375 0.008098006250000001 0.47813834843749997 0 0.417670265625 0
1 0.35790823125000004 0 0.35696089999999997 0.0040997703125 0.35696089999999997 0.008819832812500001 0.35766692031249997 0.01561944375 0.36011873437499997 0.022187993750000003 0.3620788390625 0.025881117187500004 0.36423412499999996 0.029933671875 0.3691326171875 0.036658828125 0.373622903125 0.0408256296875 0.3852773625 0.045735674999999996 0.39223358125 0.0461785421875 0.4001589734375 0.044933379687500004 0.4086543140625 0.03919665 0.4150919296875 0.03339701875 0.418412790625 0.0226976109375 0.42026512968749996 0.014529606249999999 0.42051416093749994 0.0047980875 0.4189939265625 0 0.35790823125000004 0
1 0.2966924546875 0 0.2976436953125 0.0024836265624999998 0.30284256875 0.0064912515625 0.3077230890625 0.012272910937500001 0.31239950625 0.0178928265625 0.3176946546875 0.0208696625 0.322228584375 0.02416228125 0.3277676296875 0.025008220312500003 0.333632728125 0.024711692187500002 0.3386159421875 0.023134059375 0.3451049046875 0.0193652 0.351871140625 0.014303679687500001 0.3551278171875 0.0094706546875 0.3562728515625 0.0055259296875 0.35729208749999997 0.0010176734375 0.3574465234375 0 0.2966924546875 0
1 0.36461794062499997 0.261420265625 0.3687707640625 0.25103820625 0.36565614687500003 0.22508305625 0.35047439687500004 0.207844078125 0.33378063125 0.20313527343749999 0.314479615625 0.2091058109375 0.3057621921875 0.21980011406250002 0.30024916875 0.2302740859375 0.30128737499999997 0.24377076406249998 0.30232558125 0.25103820625 0.3106312296875 0.261420265625 0.317898671875 0.2686877078125 0.3303571421875 0.27491694375 0.3345099671875 0.27284053125 0.34696843906249997 0.27491694375 0.3552740859375 0.2707641203125 0.36461794062499997 0.261420265625
1 0.358127578125 0.534174953125 0.36547455 0.5321741359375001 0.3774814546875 0.51953985625 0.378515775 0.51338579375 0.379386521875 0.5082231625 0.380308134375 0.5037876515625 0.3784359828125 0.49705807812499997 0.377892390625 0.49344942343750003 0.3775363125 0.49053098124999994 0.3738718046875 0.4844367640625 0.3677325578125 0.47632890312500004 0.34904484999999996 0.4700996671875 0.3385821953125 0.472758009375 0.33093100937500003 0.47621206406249994 0.3163148640625 0.49007915312500006 0.314387853125 0.49436205937500005 0.31429010625 0.499944603125 0.3135500234375 0.5065574765624999 0.320604753125 0.5244720828125 0.3343082640625 0.534817290625 0.3436949546875 0.5370086140625 0.358127578125 0.534174953125
1 0.385394959375 0.7380459734375 0.3791650953125 0.73062419375 0.37126156250000003 0.7256979515624999 0.3628593234375 0.721693321875 0.3569296796875 0.7222867859375001 0.350037528125 0.7234637375 0.3421469640625 0.72743345625 0.33217478906250003 0.7358536515625 0.32343642031250003 0.7475952421875001 0.3229486828125 0.7658280234375 0.327585675 0.7766689484375 0.33067068437499997 0.781964234375 0.33897418125 0.7894169328125 0.353874590625 0.794508746875 0.3625251875 0.7930794484375 0.37050053437499997 0.7884434546875 0.37638130468750003 0.785403328125 0.381297571875 0.77913955 0.3844823234375 0.7745354734375 0.3873399234375 0.768143028125 0.3868472 0.75716845 0.38669559375 0.7470227265625 0.385394959375 0.7380459734375
1 0.3974509671875 1 0.39793698125 0.998250678125 0.39786504375 0.9943669390625001 0.396745628125 0.986589809375 0.396745628125 0.9807865703124999 0.39560428124999997 0.97716689375 0.3917398421875 0.9715206890625 0.389003590625 0.9675869453124999 0.3848206984375 0.9636672359375 0.379759640625 0.9604344421875 0.37348091562499997 0.959386965625 0.3705297296875 0.959502765625 0.364585246875 0.96065551875 0.3593127671875 0.9636128453125 0.353242834375 0.9676536171875 0.3480142171875 0.9714461203125 0.3462105203125 0.974345546875 0.339723 0.9816761375 0.3377262984375 0.9860134328125 0.33665337968750003 0.9917719296874999 0.336710403125 0.9991551578125 0.33678146875000003 1 0.3974509671875 1
1 0.44104927343749994 0.70972115 0.4338503796875 0.7043944375 0.42739341875000003 0.700193284375 0.4185605859375 0.698360496875 0.40882824375000004 0.699868746875 0.40116036718750003 0.703446153125 0.3962613671875 0.706936325 0.3919598515625 0.7133201265625 0.38641178125 0.7252595046875 0.3847956625 0.7342180234375 0.3868141671875 0.7411186437499999 0.39088869375 0.7543814921875 0.3999494515625 0.761954634375 0.4069776359375 0.7663508859375 0.41674937187500005 0.7673216796875 0.424901240625 0.765547984375 0.43374345156249994 0.762103771875 0.4394425375 0.756432825 0.44581508281250004 0.74699594375 0.4486871359375 0.7369371890624999 0.4487237171875 0.7262293625 0.4459276390625 0.718349503125 0.4431690796875 0.7132807328124999 0.44104927343749994 0.70972115
3 0.36875 0.028125 0.1515625 0.05625
3 0.375 0.2359375 0.165625 0.1140625
3 0.3859375 0.4921875 0.1578125 0.1125
3 0.3875 0.753125 0.15625 0.0953125
3 0.4078125 0.9625 0.1515625 0.0734375