0 0.3247588421875 0.834606109375 0.33078778125 0.8446543406250001 0.3518890671875 0.861736334375 0.37198553125 0.8697749203124999 0.39208199375 0.8697749203124999 0.394091640625 0.8677652734375 0.40815916406249997 0.8657556265625 0.427250803125 0.8506832796875001 0.43528938906250003 0.8325964625 0.43528938906250003 0.8145096468749999 0.42926045 0.8024517687499999 0.40614951718750003 0.7813504828125 0.3880627015625 0.773311896875 0.380024115625 0.773311896875 0.37801446875 0.7713022515625 0.3518890671875 0.773311896875 0.33782154375 0.7813504828125 0.3247588421875 0.7944131828125001 0.3217443734375 0.8114951765624999 0.32073955 0.8185289390625 0.3247588421875 0.8285771703125 0.3247588421875 0.834606109375
0 0.6252009640625 0.335209003125 0.635249196875 0.3392282953125 0.6513263671875 0.3392282953125 0.6573553046875 0.33721865 0.6663987140625001 0.3301848875 0.672427653125 0.32013665625 0.6744372984375 0.308078778125 0.672427653125 0.30606913125 0.672427653125 0.298030546875 0.6613745984375 0.2829582 0.6513263671875 0.2769292609375 0.6372588421875001 0.2749196140625 0.635249196875 0.2769292609375 0.62319131875 0.27893890625 0.6121382640624999 0.2899919609375 0.60912379375 0.2990353703125 0.6081189703125001 0.3120980703125 0.6121382640624999 0.3221463015625 0.6252009640625 0.335209003125
0 0.522709003125 0.1322347265625 0.5367765265625 0.138263665625 0.5629019296875 0.138263665625 0.5749598078125 0.1322347265625 0.5860128625 0.121181671875 0.5900321546875 0.11314308749999999 0.5900321546875 0.097065915625 0.584003215625 0.0850080390625 0.5729501609375001 0.073954984375 0.5508440515624999 0.0659163984375 0.5307475890625 0.0679260453125 0.522709003125 0.0719453375 0.5096463015625 0.0829983921875 0.505627009375 0.08902733125 0.5046221859375 0.09606109375 0.5036173640625 0.1051045015625 0.50763665625 0.11716237968750001 0.522709003125 0.1322347265625
0 0.67745176875 0.34726688125 0.6794614140624999 0.345257234375 0.6875 0.345257234375 0.7005627015625 0.3301848875 0.7005627015625 0.3161173640625 0.6985530546875001 0.310088425 0.685490353125 0.2970257234375 0.6734324765624999 0.2950160765625 0.672427653125 0.308078778125 0.6744372984375 0.310088425 0.672427653125 0.3120980703125 0.672427653125 0.32013665625 0.6663987140625001 0.3301848875 0.6593649515625 0.335209003125 0.658360128125 0.3382234734375 0.6674035375 0.345257234375 0.67745176875 0.34726688125
0 0.6493167203125 0.4155948546875 0.665393890625 0.4276527328125 0.6714228296875 0.4256430875 0.6804662375 0.416599678125 0.6864951765625 0.40253215468750003 0.6864951765625 0.39449356875 0.6804662375 0.3804260453125 0.6714228296875 0.3733922828125 0.6643890671875 0.39449356875 0.655345659375 0.403536978125 0.645297428125 0.40755627031249997 0.631229903125 0.40755627031249997 0.6302250796875 0.40856109375000005 0.635249196875 0.413585209375 0.6493167203125 0.4155948546875
1 0.5267282953125 0.0719453375 0.53476688125 0.0679260453125 0.55486334375 0.0679260453125 0.5749598078125 0.0759646296875 0.5809887453125 0.08199356875 0.587017684375 0.08199356875 0.5920418 0.076969453125 0.59606109375 0.066921221875 0.59606109375 0.058882635937500004 0.5920418 0.0528536984375 0.5920418 0.0488344046875 0.5789791 0.037781350000000005 0.5629019296875 0.031752410937499996 0.5387861734375 0.0337620578125 0.5217041796874999 0.046824759375000004 0.5186897109374999 0.0558681671875 0.5176848875 0.066921221875 0.52069935625 0.0719453375 0.5267282953125 0.0719453375
1 0.6513263671875 0.2769292609375 0.6593649515625 0.2829582 0.665393890625 0.2829582 0.672427653125 0.2759244375 0.6764469453124999 0.2678858515625 0.6764469453124999 0.25180868125 0.6744372984375 0.2457797421875 0.6674035375 0.23673633437500002 0.6533360125 0.2286977484375 0.635249196875 0.2286977484375 0.6272106109375 0.2327170421875 0.6201768484375 0.23975080312500002 0.6171623796875 0.246784565625 0.61615755625 0.263866559375 0.6272106109375 0.2769292609375 0.6513263671875 0.2769292609375
1 0.621181671875 0.40152733124999995 0.63323955 0.40755627031249997 0.6473070734374999 0.40755627031249997 0.655345659375 0.403536978125 0.6663987140625001 0.3924839234375 0.67041800625 0.3804260453125 0.67041800625 0.3663585203125 0.6663987140625001 0.3563102890625 0.660369775 0.3482717046875 0.6513263671875 0.3412379421875 0.6292202578125 0.3392282953125 0.62319131875 0.3412379421875 0.614147909375 0.3482717046875 0.6071141484375 0.3613344046875 0.606109325 0.3804260453125 0.6081189703125001 0.386454984375 0.621181671875 0.40152733124999995
1 0.6151527328124999 0.47588424375000005 0.6292202578125 0.4819131828125 0.64328778125 0.4819131828125 0.655345659375 0.47588424375000005 0.662379421875 0.46885048281249997 0.668408359375 0.45478295781250005 0.668408359375 0.44071543437500005 0.6643890671875 0.43468649531250003 0.6643890671875 0.43066720312499995 0.655345659375 0.41961414843749995 0.64328778125 0.413585209375 0.631229903125 0.413585209375 0.6151527328124999 0.41961414843749995 0.604099678125 0.4326768484375 0.6030948546875 0.43770096406250003 0.6020900328125001 0.4527733125 0.6081189703125001 0.46885048281249997 0.6151527328124999 0.47588424375000005
1 0.49557877812499995 0.722065915625 0.49959807031250003 0.7301045015625001 0.51467041875 0.7451768484375 0.52069935625 0.7471864953125 0.5387861734375 0.7491961421875 0.5407958203125001 0.7471864953125 0.5508440515624999 0.7471864953125 0.5629019296875 0.74115755625 0.569935690625 0.73412379375 0.5779742765625 0.7200562703125 0.5779742765625 0.6979501609375001 0.573954984375 0.689911575 0.566921221875 0.6808681671875 0.5508440515624999 0.6708199359375 0.532757234375 0.6688102890625001 0.51467041875 0.674839228125 0.49959807031250003 0.6879019296875 0.49557877812499995 0.69393086875 0.4945739546875 0.7009646296875001 0.49356913125 0.7100080390625 0.49557877812499995 0.712017684375 0.49557877812499995 0.722065915625
1 0.2594453375 0.93810289375 0.2775321546875 0.950160771875 0.281551446875 0.950160771875 0.2875803859375 0.9541800640625 0.2996382640625 0.95819935625 0.3096864953125 0.95819935625 0.3116961421875 0.960209003125 0.315715434375 0.95819935625 0.3277733125 0.95819935625 0.3438504828125 0.950160771875 0.352893890625 0.935088425 0.352893890625 0.923030546875 0.3468649515625 0.9089630218750001 0.3277733125 0.8898713828125 0.305667203125 0.8778135046875001 0.291599678125 0.8758038578124999 0.2895900328125 0.8737942125 0.2674839234375 0.8737942125 0.24939710625 0.8818327968749999 0.244372990625 0.8868569125000001 0.2413585203125 0.893890675 0.2403536984375 0.912982315625 0.24236334375 0.9190112546875 0.2594453375 0.93810289375