2 0 0.462087459375 0.0035066 0.45998349843749997 0.012788778125 0.4507013203125 0.0272277234375 0.4259488453125 0.0272277234375 0.41976072656249996 0.0313531359375 0.40944719531249996 0.0313531359375 0.38056930625 0.023102310937500002 0.35994224375 0.0189768984375 0.353754125 0.0076320125 0.344471946875 0 0.3414191421875 0 0.462087459375
2 0.22627887812499997 0.68481848125 0.234529703125 0.68069306875 0.2458745875 0.6672854781249999 0.24793729375 0.648721121875 0.244843234375 0.6456270625 0.232466996875 0.6456270625 0.218028053125 0.63943894375 0.199463696875 0.61881188125 0.19430693125 0.619843234375 0.18193069374999998 0.634282178125 0.18193069374999998 0.654909240625 0.18605610625 0.665222771875 0.193275578125 0.67450495 0.201526403125 0.68069306875 0.205651815625 0.68069306875 0.211839934375 0.68481848125 0.22627887812499997 0.68481848125
2 0.40057755781250004 0.586839934375 0.4067656765625 0.601278878125 0.4201732671875 0.616749175 0.4346122109375 0.625 0.4593646859375 0.62706270625 0.4820544546875 0.616749175 0.49133663437499997 0.607466996875 0.499587459375 0.590965346875 0.499587459375 0.580651815625 0.501650165625 0.578589109375 0.499587459375 0.564150165625 0.497524753125 0.562087459375 0.497524753125 0.555899340625 0.489273928125 0.5435231015624999 0.4717409234375 0.5301155109375 0.4614273921875 0.5259900984375 0.4377062703125 0.5270214515625 0.42223597343749997 0.5321782171875 0.4047029703125 0.555899340625 0.40057755781250004 0.566212871875 0.40057755781250004 0.586839934375
2 0.3634488453125 0.7064768984375001 0.3655115515625 0.700288778125 0.3634488453125 0.683787128125 0.3562293734375 0.67450495 0.3438531359375 0.6683168312500001 0.3376650171875 0.666254125 0.3283828390625 0.6672854781249999 0.323226071875 0.6683168312500001 0.3118811875 0.679661715625 0.30981848125 0.685849834375 0.30981848125 0.7023514843750001 0.32116336562500003 0.7157590765624999 0.3294141921875 0.7198844890625 0.3479785484375 0.7198844890625 0.3562293734375 0.7157590765624999 0.3634488453125 0.7064768984375001
2 0.30981848125 0.692037953125 0.307755775 0.685849834375 0.29847359687499997 0.67656765625 0.28609735937499997 0.6724422437500001 0.274752475 0.673473596875 0.2623762375 0.683787128125 0.258250825 0.700288778125 0.2623762375 0.7106023109375 0.27372112187500003 0.7219471953125 0.28816006562499996 0.7260726078124999 0.302599009375 0.7198844890625 0.307755775 0.7147277234375 0.3118811875 0.7064768984375001 0.30981848125 0.7044141921875 0.30981848125 0.692037953125
2 0.497524753125 0.696163365625 0.49030528125000006 0.6971947187499999 0.4830858078125 0.7044141921875 0.4810231015625 0.7085396046875 0.4810231015625 0.7229785484375 0.485148515625 0.7312293734375 0.49443069375000004 0.7363861390625 0.5088696374999999 0.7363861390625 0.522277228125 0.7250412546875 0.524339934375 0.7126650171875 0.5150577562499999 0.699257425 0.50680693125 0.6951320125 0.497524753125 0.696163365625
2 0.6934818484374999 0.665222771875 0.6914191421875 0.671410890625 0.6914191421875 0.685849834375 0.7027640265625 0.6951320125 0.7110148515625 0.6951320125 0.7264851484375 0.681724421875 0.7285478546874999 0.671410890625 0.7233910890625 0.66006600625 0.7151402640625 0.65594059375 0.7058580859375 0.6569719468749999 0.6986386140625 0.66006600625 0.6934818484374999 0.665222771875
1 0.251031353125 0.6456270625 0.265470296875 0.63943894375 0.27887788750000003 0.6260313531249999 0.28506600625 0.609529703125 0.28506600625 0.5930280531250001 0.27681518125000004 0.572400990625 0.26134488437500003 0.5548679875 0.251031353125 0.550742575 0.22937293749999998 0.549711221875 0.22009075937499997 0.550742575 0.20049505 0.572400990625 0.19430693125 0.590965346875 0.1963696375 0.6136551156250001 0.20255775625 0.6239686468750001 0.222153465625 0.64150165 0.232466996875 0.6456270625 0.251031353125 0.6456270625
1 0.12933168281250002 0.64356435625 0.1375825078125 0.6476897687500001 0.1540841578125 0.649752475 0.1664603953125 0.64356435625 0.1798679875 0.630156765625 0.18193069374999998 0.6239686468750001 0.18193069374999998 0.6033415843750001 0.17367986875000002 0.584777228125 0.1623349828125 0.5713696374999999 0.1520214515625 0.5672442249999999 0.13448844843750002 0.568275578125 0.12933168281250002 0.56930693125 0.1159240921875 0.584777228125 0.1159240921875 0.588902640625 0.1097359734375 0.599216171875 0.1097359734375 0.619843234375 0.1159240921875 0.630156765625 0.12933168281250002 0.64356435625
1 0.8079620468750001 0.6910065999999999 0.81105610625 0.685849834375 0.81105610625 0.675536303125 0.8028052812500001 0.675536303125 0.7976485156249999 0.67656765625 0.7904290421875 0.681724421875 0.7904290421875 0.685849834375 0.7955858078125 0.69306930625 0.8038366343750001 0.69306930625 0.8079620468750001 0.6910065999999999
1 0.7367986796875 0.7064768984375001 0.7285478546874999 0.7126650171875 0.7285478546874999 0.7167904296875001 0.7357673265625 0.7240099015625 0.7419554453125 0.7219471953125 0.7471122109375 0.7147277234375 0.7471122109375 0.7106023109375 0.7419554453125 0.7054455453124999 0.7367986796875 0.7064768984375001
1 0.7110148515625 0.7343234328125 0.7151402640625 0.7343234328125 0.7223597359375 0.7291666671875 0.7223597359375 0.7188531359375 0.7120462046875 0.7188531359375 0.7079207921874999 0.7209158421875 0.7079207921874999 0.7312293734375 0.7110148515625 0.7343234328125
1 0.6821369640625 0.7446369640625 0.6872937296875 0.7374174921875001 0.6872937296875 0.7332920796875 0.6821369640625 0.7281353140625 0.6749174921875001 0.7291666671875 0.6687293734375 0.7332920796875 0.6687293734375 0.7436056109375 0.6821369640625 0.7446369640625
1 0.6646039609375001 0.7374174921875001 0.6646039609375001 0.7332920796875 0.6594471953125 0.7281353140625 0.6542904296875001 0.7291666671875 0.6491336640625 0.7301980203125 0.6439768984375001 0.7353547859375 0.6439768984375001 0.7394801984375 0.6491336640625 0.7466996703125 0.6573844890625 0.7466996703125 0.6646039609375001 0.7374174921875001
1 0.631600659375 0.7394801984375 0.625412540625 0.7436056109375 0.625412540625 0.7518564359375 0.6285065999999999 0.7549504953125 0.636757425 0.7570132015625 0.6439768984375001 0.7497937296875 0.6439768984375001 0.7436056109375 0.6408828390625 0.7384488453125 0.631600659375 0.7394801984375