0 0.1670016078125 0.64911575625 0.1740353703125 0.6481109328125 0.1891077171875 0.647106109375 0.2041800640625 0.6340434078125 0.21221865 0.6179662375 0.21221865 0.58782154375 0.20217041875000002 0.565715434375 0.185088425 0.548633440625 0.1670016078125 0.5426045015625001 0.1649919609375 0.5446141484375 0.1509244375 0.54662379375 0.1428858515625 0.5506430875 0.135852090625 0.5576768484375 0.1278135046875 0.5697347265625 0.1278135046875 0.5777733125 0.1237942125 0.58782154375 0.1237942125 0.599879421875 0.1258038578125 0.6018890671875 0.1258038578125 0.609927653125 0.1298231515625 0.619975884375 0.1448954984375 0.6390675234375001 0.158963021875 0.647106109375 0.1649919609375 0.647106109375 0.1670016078125 0.64911575625
0 0.5900321546875 0.3305868171875 0.5880225078125 0.33661575625 0.5900321546875 0.354702571875 0.594051446875 0.3607315109375 0.6051045015625001 0.3697749203125 0.611133440625 0.371784565625 0.6322347265625 0.3707797421875 0.6422829578125 0.3607315109375 0.648311896875 0.3506832796875 0.6463022515625 0.3325964625 0.631229903125 0.31551446875 0.6252009640625 0.3135048234375 0.60912379375 0.3135048234375 0.601085209375 0.317524115625 0.5900321546875 0.3305868171875
0 0.8492765265625 0.4149919609375 0.84726688125 0.3969051453125 0.8412379421875 0.3848472671875 0.832194534375 0.3758038578125 0.8181270093749999 0.3697749203125 0.8020498390625 0.3697749203125 0.7940112546875 0.3737942125 0.7829582 0.3848472671875 0.7769292609375 0.40092443749999995 0.7769292609375 0.41097266875000005 0.7849678453125 0.43106913125 0.7960209 0.4441318328125 0.8000401921875 0.4441318328125 0.8060691312499999 0.448151125 0.825160771875 0.4471463015625 0.8362138265624999 0.44011254062500005 0.84726688125 0.42504019218750005 0.84726688125 0.4170016078125 0.8492765265625 0.4149919609375
0 0.5930466234375 0.293408359375 0.584003215625 0.3044614140625 0.584003215625 0.32254823125 0.58902733125 0.327572346875 0.5920418 0.3265675234375 0.601085209375 0.317524115625 0.60912379375 0.3135048234375 0.6252009640625 0.3135048234375 0.631229903125 0.31551446875 0.6322347265625 0.310490353125 0.628215434375 0.30245176875 0.6151527328124999 0.2913987140625 0.597065915625 0.2913987140625 0.5930466234375 0.293408359375
0 0.515675240625 0.3406350484375 0.5217041796874999 0.358721865625 0.5257234734375 0.358721865625 0.5257234734375 0.3406350484375 0.529742765625 0.3325964625 0.5407958203125001 0.3235530546875 0.5558681671875 0.3185289390625 0.5488344046875 0.3114951765625 0.5367765265625 0.307475884375 0.52471865 0.30948553125 0.5166800640625 0.3135048234375 0.505627009375 0.3285771703125 0.515675240625 0.3406350484375
1 0.1197749203125 0.6802652734375 0.11776527343750001 0.6682073953125001 0.1077170421875 0.650120578125 0.0926446953125 0.63504823125 0.0825964625 0.6290192921875 0.0625 0.6290192921875 0.0494372984375 0.6380627015625 0.043408359375 0.652130225 0.0413987140625 0.6722266875 0.043408359375 0.674236334375 0.04541800625 0.6903135046875 0.0554662375 0.7104099671874999 0.0685289390625 0.725482315625 0.084606109375 0.735530546875 0.10168810312500001 0.7345257234375 0.1157556265625 0.7244774921875 0.121784565625 0.7104099671874999 0.121784565625 0.6822749203125 0.1197749203125 0.6802652734375
1 0.288585209375 0.43709807031250003 0.2795418 0.426045015625 0.26949356875 0.4200160765625 0.251406753125 0.41800643125 0.239348875 0.4240353703125 0.2282958203125 0.435088425 0.22226688125 0.4491559484375 0.22226688125 0.46925241093750003 0.2282958203125 0.4813102890625 0.239348875 0.49236334375 0.251406753125 0.49437299062499995 0.2534163984375 0.4963826359375 0.264469453125 0.49537781406250003 0.2775321546875 0.4903536984375 0.2865755625 0.47930064375 0.2926045015625 0.467242765625 0.2926045015625 0.4471463015625 0.288585209375 0.43709807031250003
1 0.5176848875 0.3426446953125 0.510651125 0.3336012859375 0.49859324687499995 0.327572346875 0.478496784375 0.327572346875 0.47045820000000005 0.331591640625 0.461414790625 0.3406350484375 0.4573954984375 0.3486736328125 0.4573954984375 0.364750803125 0.461414790625 0.3707797421875 0.461414790625 0.3747990359375 0.46643890624999995 0.3798231515625 0.48452572343750006 0.3878617359375 0.49557877812499995 0.3868569125 0.5066318328125 0.381832796875 0.5176848875 0.368770096875 0.519694534375 0.3627411578125 0.519694534375 0.3486736328125 0.5176848875 0.3426446953125
1 0.5749598078125 0.3235530546875 0.564911575 0.3195337625 0.5508440515624999 0.3195337625 0.5407958203125001 0.3235530546875 0.529742765625 0.3325964625 0.5257234734375 0.3406350484375 0.5257234734375 0.35671221875 0.52773311875 0.3627411578125 0.5407958203125001 0.3758038578125 0.5508440515624999 0.3798231515625 0.5659163984375 0.378818328125 0.576969453125 0.3737942125 0.584003215625 0.36676045 0.5880225078125 0.35671221875 0.5880225078125 0.3426446953125 0.58199356875 0.3305868171875 0.5749598078125 0.3235530546875
1 0.6573553046875 0.307475884375 0.6493167203125 0.3114951765625 0.6402733125 0.32254823125 0.648311896875 0.3386254015625 0.648311896875 0.354702571875 0.6613745984375 0.36374598125 0.6764469453124999 0.3627411578125 0.685490353125 0.3577170421875 0.692524115625 0.3486736328125 0.6945337625 0.3426446953125 0.6945337625 0.3285771703125 0.6885048234375 0.3185289390625 0.67745176875 0.30948553125 0.6734324765624999 0.307475884375 0.6573553046875 0.307475884375
1 0.8794212218749999 0.3747990359375 0.8723874593750001 0.3677652734375 0.8643488749999999 0.36374598125 0.8482717046875001 0.36374598125 0.8422427656249999 0.3657556265625 0.83319935625 0.37680868125 0.8432475890625 0.3868569125 0.8492765265625 0.402934084375 0.8492765265625 0.4170016078125 0.84726688125 0.41901125468749995 0.8452572343750001 0.43106913125 0.86032958125 0.43609324687499995 0.8633440515625 0.435088425 0.8723874593750001 0.4320739546875 0.8834405140625 0.4210209 0.8874598078125 0.412982315625 0.8874598078125 0.388866559375 0.8794212218749999 0.3747990359375
1 1 0.390103265625 0.9909565921875 0.38384244375 0.9788987140625001 0.3878617359375 0.9698553046875 0.40494372968750003 0.9718649515625 0.423030546875 0.9738745984375001 0.42504019218750005 0.9738745984375001 0.43106913125 0.97588424375 0.43106913125 0.9799035375 0.41901125468749995 0.9909565921875 0.405948553125 0.9989951765624999 0.405948553125 1 0.40645096406250003 1 0.390103265625
1 1 0.40795820000000005 0.9909565921875 0.40795820000000005 0.9819131828125001 0.4170016078125 0.977893890625 0.42504019218750005 0.977893890625 0.43106913125 0.97588424375 0.43307877812499995 0.977893890625 0.45116559531249995 0.9819131828125001 0.46322347343750003 0.9889469453125 0.470257234375 0.9989951765624999 0.47427652656249997 1 0.47407556250000005 1 0.40795820000000005