0 0.600638978125 0.52016773125 0.5906549515624999 0.5461261984375 0.5906549515624999 0.5640974437499999 0.5966453671874999 0.576078275 0.5966453671874999 0.580071884375 0.6136182109375 0.597044728125 0.6295926515625 0.60303514375 0.6475638984375001 0.60303514375 0.6675319484375 0.5950479234375 0.6825079875 0.580071884375 0.688498403125 0.5660942484375 0.6904952078125 0.54412939375 0.6845047921875 0.5261581468750001 0.6695287546875 0.509185303125 0.6505591046875 0.50019968125 0.6295926515625 0.499201278125 0.6096246 0.511182109375 0.600638978125 0.52016773125
0 0.52875399375 0.5521166140625 0.51876996875 0.570087859375 0.51876996875 0.5860623 0.5207667734375 0.5880591046875 0.5247603828125 0.6060303515625 0.5357428109375 0.6170127796875 0.551717253125 0.625 0.5617012781249999 0.625 0.5656948875000001 0.6269968046875001 0.56769169375 0.625 0.5816693296875 0.6230031953124999 0.598642171875 0.6100239609375 0.6026357828125 0.6000399359374999 0.6026357828125 0.5880591046875 0.598642171875 0.5840654953125 0.5906549515624999 0.5680910546875 0.5886581468750001 0.548123003125 0.5746805109374999 0.536142171875 0.551717253125 0.5351437703124999 0.54373003125 0.5391373796875001 0.52875399375 0.5521166140625
0 0.417931309375 0.54912140625 0.4109424921875 0.558107028125 0.4089456875 0.5680910546875 0.40095846718750006 0.5860623 0.40694888125000006 0.604033546875 0.4219249203125 0.619009584375 0.439896165625 0.625 0.45986421718750004 0.6230031953124999 0.473841853125 0.615015975 0.48482428125 0.602036740625 0.4868210859375 0.5900559109375 0.48881789062500003 0.5880591046875 0.4868210859375 0.570087859375 0.4768370609375 0.5521166140625 0.46585463281250006 0.543130990625 0.45487220468749995 0.5401357828125 0.43590255625 0.5391373796875001 0.4259185296875 0.543130990625 0.417931309375 0.54912140625
0 0.3270766765625 0.5261581468750001 0.3210862625 0.5401357828125 0.3210862625 0.5561102234375 0.3270766765625 0.5720846640625 0.3380591046875 0.5850638984375001 0.352036740625 0.5930511187499999 0.35802715625000003 0.5930511187499999 0.3600239609375 0.5950479234375 0.3779952078125 0.5950479234375 0.39197284374999997 0.5890575078125 0.40295527187499997 0.5780750796875 0.4109424921875 0.5561102234375 0.4089456875 0.538138978125 0.3989616609375 0.5181709265625 0.3799920125 0.5031948875000001 0.375 0.5021964859375 0.35802715625000003 0.5011980828125 0.3380591046875 0.511182109375 0.3270766765625 0.5261581468750001
0 0.29113418593749996 0.5521166140625 0.28314696562499997 0.570087859375 0.28314696562499997 0.5780750796875 0.2851437703125 0.580071884375 0.2851437703125 0.5880591046875 0.29113418593749996 0.6000399359374999 0.3021166140625 0.6110223640625 0.310103834375 0.615015975 0.3280750796875 0.615015975 0.3380591046875 0.6110223640625 0.347044728125 0.602036740625 0.3490415328125 0.5920527156250001 0.3400559109375 0.5870607031249999 0.3270766765625 0.5720846640625 0.3210862625 0.558107028125 0.3210862625 0.54412939375 0.31908945625 0.5401357828125 0.31409744375000004 0.5391373796875001 0.3021166140625 0.543130990625 0.29113418593749996 0.5521166140625
0 0.354033546875 0.5930511187499999 0.3490415328125 0.6000399359374999 0.3490415328125 0.6140175718750001 0.3550319484375 0.6279952078125 0.3720047921875 0.6389776359375 0.3799920125 0.6389776359375 0.3819888171875 0.640974440625 0.3999600640625 0.63698083125 0.41293929687500003 0.624001596875 0.4149361015625 0.6140175718750001 0.40694888125000006 0.6060303515625 0.40095846718750006 0.5920527156250001 0.39696485625 0.5880591046875 0.3799920125 0.5950479234375 0.35603035156249996 0.5950479234375 0.354033546875 0.5930511187499999
0 0.48881789062500003 0.5920527156250001 0.4828274765625 0.6060303515625 0.46585463281250006 0.6210063890625 0.4488817890625 0.625998403125 0.45087859375 0.6359824281249999 0.46785143749999997 0.6489616609375 0.473841853125 0.6509584671875001 0.4918130984375 0.6509584671875001 0.4978035140625 0.6489616609375 0.512779553125 0.6359824281249999 0.5167731625 0.6279952078125 0.5167731625 0.6180111828125 0.51876996875 0.6160143765625 0.5167731625 0.6140175718750001 0.5167731625 0.604033546875 0.5067891375 0.5840654953125 0.4968051125 0.576078275 0.4918130984375 0.575079871875 0.48881789062500003 0.580071884375 0.48881789062500003 0.5920527156250001
0 0.522763578125 0.6160143765625 0.5307507984375001 0.6359824281249999 0.5417332265625 0.64696485625 0.5597044734375001 0.652955271875 0.573682109375 0.6509584671875001 0.5856629390625 0.6449680515625 0.5966453671874999 0.6339856234375 0.600638978125 0.624001596875 0.599640575 0.6110223640625 0.5896565500000001 0.619009584375 0.5756789140625 0.625 0.551717253125 0.625 0.5377396171875 0.619009584375 0.52875399375 0.6100239609375 0.5257587859374999 0.609025559375 0.522763578125 0.6120207671875 0.522763578125 0.6160143765625
0 0.4828274765625 0.689896165625 0.4868210859375 0.6978833859375 0.49580670937500004 0.7048722046875 0.5137779546875 0.706869009375 0.5197683703125 0.7048722046875 0.5267571890625 0.6978833859375 0.5307507984375001 0.689896165625 0.52875399375 0.6759185296875 0.5257587859374999 0.6709265171875 0.522763578125 0.669928115625 0.4878194890625 0.6689297125 0.4828274765625 0.6779153359375 0.4828274765625 0.689896165625
0 0.5806709265625 0.691892971875 0.5806709265625 0.7098642171875 0.5896565500000001 0.7208466453125 0.6016373796875001 0.7228434499999999 0.6036341859375 0.7208466453125 0.6096246 0.7208466453125 0.6186102234375 0.711861021875 0.622603834375 0.69588658125 0.6186102234375 0.6859025562500001 0.610623003125 0.679912140625 0.593650159375 0.6789137375000001 0.58266773125 0.6878993609374999 0.5806709265625 0.691892971875
0 0.6615415328124999 0.68091054375 0.6565495203125 0.6839057515625 0.6525559109375 0.691892971875 0.6505591046875 0.701876996875 0.6525559109375 0.7078674125 0.659544728125 0.7168530343749999 0.6635383390625 0.718849840625 0.677515975 0.718849840625 0.681509584375 0.7168530343749999 0.6924920125 0.7038738015625 0.6944888171875 0.6938897765625 0.6924920125 0.6878993609374999 0.6835063890625 0.6769169328125 0.6805111828125 0.6759185296875 0.6675319484375 0.674920128125 0.6635383390625 0.6769169328125 0.6615415328124999 0.68091054375
1 0.9540734828125 0.6519568687499999 0.9590654953125 0.6569488812500001 0.9650559109374999 0.6589456874999999 0.9710463265625 0.6569488812500001 0.97803514375 0.6499600640625001 0.9820287546875001 0.64197284375 0.9820287546875001 0.6339856234375 0.9760383390625 0.6319888171875 0.967052715625 0.630990415625 0.9540734828125 0.6359824281249999 0.9540734828125 0.6519568687499999
2 0.972044728125 0.6299920125 0.9750399359375 0.6329872203125 0.9810303515625 0.6329872203125 0.9920127796875 0.624001596875 0.9980031953124999 0.6100239609375 0.990015975 0.60802715625 0.9840255593749999 0.60802715625 0.9840255593749999 0.6120207671875 0.972044728125 0.6299920125
2 0.9440894562500001 0.6220047921875 0.9510782750000001 0.6329872203125 0.9690495203125 0.630990415625 0.9740415328124999 0.6279952078125 0.9800319484375001 0.6100239609375 0.9770367406249999 0.609025559375 0.9510782750000001 0.6170127796875 0.9440894562500001 0.6220047921875
2 1 0.5995074546875 0.9860223640625 0.6060303515625 0.989017571875 0.609025559375 0.9950079875 0.609025559375 1 0.6049411859375 1 0.5995074546875
2 0.9211261984375 0.625 0.9071485625 0.630990415625 0.906150159375 0.6339856234375 0.9151357828125001 0.640974440625 0.9251198078125 0.640974440625 0.9311102234374999 0.63698083125 0.935103834375 0.63698083125 0.9420926515625 0.6299920125 0.9440894562500001 0.6220047921875 0.9371006390625001 0.6210063890625 0.9271166140625 0.625 0.9211261984375 0.625
2 0.8692092656250001 0.6389776359375 0.8602236421875 0.6519568687499999 0.8692092656250001 0.6589456874999999 0.8811900953125 0.6589456874999999 0.889177315625 0.6549520765625 0.896166134375 0.6499600640625001 0.90015974375 0.64197284375 0.8991613421875 0.63698083125 0.8921725234375 0.6359824281249999 0.8831869015624999 0.634984025 0.8811900953125 0.63698083125 0.8692092656250001 0.6389776359375
2 0.8432507984375001 0.6429712453125 0.84125399375 0.6449680515625 0.835263578125 0.6449680515625 0.8322683703125 0.647963259375 0.8392571890625 0.652955271875 0.8492412140625 0.6549520765625 0.8592252390624999 0.6509584671875001 0.867212459375 0.6449680515625 0.8682108625 0.6399760390625 0.86321885 0.6389776359375 0.8512380187499999 0.6429712453125 0.8432507984375001 0.6429712453125
2 0.8162939296875 0.667931309375 0.8162939296875 0.673921725 0.8142971250000001 0.6759185296875 0.8162939296875 0.6779153359375 0.8162939296875 0.6839057515625 0.8292731625 0.6948881796874999 0.84125399375 0.6928913734375 0.8502396171875001 0.6859025562500001 0.852236421875 0.679912140625 0.85623003125 0.6759185296875 0.85623003125 0.6599440890625 0.8512380187499999 0.6549520765625 0.8382587859375 0.6519568687499999 0.83126996875 0.6509584671875001 0.8222843453124999 0.6579472843749999 0.8162939296875 0.667931309375
2 0.85623003125 0.667931309375 0.8582268375 0.669928115625 0.8502396171875001 0.6839057515625 0.8502396171875001 0.6878993609374999 0.853234825 0.69089456875 0.8592252390624999 0.69089456875 0.8612220453124999 0.6928913734375 0.86321885 0.69089456875 0.8692092656250001 0.69089456875 0.88019169375 0.679912140625 0.8821884984375 0.673921725 0.8821884984375 0.6599440890625 0.8692092656250001 0.6589456874999999 0.8602236421875 0.6539536734375 0.8592252390624999 0.652955271875 0.85623003125 0.6559504796875 0.85623003125 0.667931309375
2 0.9091453671874999 0.63698083125 0.9051517578125001 0.63698083125 0.90015974375 0.64197284375 0.90015974375 0.6519568687499999 0.9091453671874999 0.6589456874999999 0.9191293937499999 0.6569488812500001 0.9321086265625 0.645966453125 0.9361022359375 0.6399760390625 0.9361022359375 0.6359824281249999 0.923123003125 0.640974440625 0.9151357828125001 0.640974440625 0.9091453671874999 0.63698083125
2 0.8901757187499999 0.6599440890625 0.8971645374999999 0.6689297125 0.9091453671874999 0.6689297125 0.9201277953125 0.6639377 0.9221246000000001 0.6599440890625 0.9211261984375 0.6569488812500001 0.9051517578125001 0.6569488812500001 0.90015974375 0.6499600640625001 0.8971645374999999 0.6489616609375 0.8901757187499999 0.6559504796875 0.8901757187499999 0.6599440890625
2 0.8971645374999999 0.68091054375 0.9071485625 0.68091054375 0.911142171875 0.6789137375000001 0.9221246000000001 0.6659345046875 0.9171325875 0.6649361015624999 0.9151357828125001 0.6669329078125 0.8971645374999999 0.6709265171875 0.8921725234375 0.6619408953125 0.8901757187499999 0.6619408953125 0.8901757187499999 0.673921725 0.8971645374999999 0.68091054375