1 0.2236328125 0.4375 0.2080078125 0.4453125 0.201171875 0.4541015625 0.1953125 0.4677734375 0.1953125 0.4873046875 0.2060546875 0.5078125 0.2177734375 0.513671875 0.2255859375 0.513671875 0.2275390625 0.515625 0.234375 0.5146484375 0.2490234375 0.5078125 0.2578125 0.4970703125 0.263671875 0.4814453125 0.263671875 0.4677734375 0.259765625 0.4560546875 0.2470703125 0.44140625 0.2373046875 0.4375 0.2236328125 0.4375
1 0.4052734375 0.33984375 0.39453125 0.3505859375 0.390625 0.3583984375 0.390625 0.3759765625 0.4013671875 0.388671875 0.4130859375 0.39453125 0.427734375 0.3935546875 0.443359375 0.3798828125 0.447265625 0.3720703125 0.447265625 0.3564453125 0.4453125 0.3505859375 0.4345703125 0.33984375 0.4228515625 0.3359375 0.4150390625 0.3359375 0.4052734375 0.33984375
1 0.599609375 0.3134765625 0.595703125 0.3212890625 0.595703125 0.3330078125 0.599609375 0.3408203125 0.6064453125 0.34765625 0.6220703125 0.353515625 0.626953125 0.3525390625 0.6357421875 0.349609375 0.64453125 0.3408203125 0.646484375 0.3232421875 0.642578125 0.3154296875 0.6357421875 0.30859375 0.6279296875 0.3046875 0.6103515625 0.3046875 0.599609375 0.3134765625
1 0.6748046875 0.306640625 0.6630859375 0.30859375 0.65234375 0.3212890625 0.650390625 0.3349609375 0.65625 0.3447265625 0.6650390625 0.353515625 0.6728515625 0.357421875 0.685546875 0.3564453125 0.6923828125 0.353515625 0.69921875 0.3466796875 0.701171875 0.3427734375 0.701171875 0.3251953125 0.69921875 0.3212890625 0.6845703125 0.30859375 0.6767578125 0.30859375 0.6748046875 0.306640625
1 0.7626953125 0.314453125 0.7568359375 0.31640625 0.75 0.3251953125 0.751953125 0.3291015625 0.751953125 0.3505859375 0.7646484375 0.361328125 0.7705078125 0.36328125 0.779296875 0.3623046875 0.7880859375 0.357421875 0.79296875 0.3486328125 0.79296875 0.3427734375 0.794921875 0.3408203125 0.79296875 0.3310546875 0.791015625 0.3271484375 0.7763671875 0.314453125 0.7626953125 0.314453125
1 0.8955078125 0.380859375 0.8896484375 0.384765625 0.8828125 0.3935546875 0.884765625 0.4052734375 0.88671875 0.4072265625 0.884765625 0.4345703125 0.8876953125 0.44140625 0.8955078125 0.4453125 0.908203125 0.4462890625 0.9150390625 0.4453125 0.9208984375 0.44140625 0.927734375 0.4326171875 0.931640625 0.4111328125 0.92578125 0.3955078125 0.9169921875 0.384765625 0.9091796875 0.380859375 0.8955078125 0.380859375
1 0.94921875 0.5849609375 0.9345703125 0.5703125 0.9169921875 0.564453125 0.8974609375 0.56640625 0.8837890625 0.572265625 0.86328125 0.5947265625 0.85546875 0.6083984375 0.849609375 0.6259765625 0.849609375 0.6630859375 0.857421875 0.6806640625 0.8662109375 0.69140625 0.8779296875 0.69921875 0.8857421875 0.69921875 0.8876953125 0.701171875 0.90234375 0.7001953125 0.9091796875 0.69921875 0.9248046875 0.69140625 0.939453125 0.6767578125 0.947265625 0.6650390625 0.953125 0.6474609375 0.95703125 0.6416015625 0.95703125 0.6044921875 0.94921875 0.5849609375
0 0.8369140625 0.380859375 0.830078125 0.3896484375 0.828125 0.3955078125 0.828125 0.4150390625 0.833984375 0.4287109375 0.8486328125 0.443359375 0.8544921875 0.4453125 0.861328125 0.4443359375 0.8759765625 0.4375 0.884765625 0.4267578125 0.88671875 0.4052734375 0.880859375 0.3896484375 0.8701171875 0.37890625 0.8623046875 0.375 0.8466796875 0.375 0.8369140625 0.380859375
0 0.3232421875 0.396484375 0.3056640625 0.40234375 0.29296875 0.4150390625 0.287109375 0.4267578125 0.287109375 0.4443359375 0.29296875 0.4560546875 0.3037109375 0.466796875 0.3154296875 0.470703125 0.33203125 0.4697265625 0.3408203125 0.466796875 0.353515625 0.4521484375 0.357421875 0.4404296875 0.357421875 0.4267578125 0.349609375 0.4091796875 0.3427734375 0.40234375 0.3369140625 0.3984375 0.3232421875 0.396484375
0 0.703125 0.3408203125 0.70703125 0.3486328125 0.7177734375 0.359375 0.7216796875 0.361328125 0.73828125 0.3603515625 0.748046875 0.3525390625 0.751953125 0.3447265625 0.751953125 0.3291015625 0.7373046875 0.3125 0.7197265625 0.310546875 0.705078125 0.3232421875 0.703125 0.3271484375 0.703125 0.3408203125
0 0.7158203125 0.3125 0.7314453125 0.310546875 0.7392578125 0.314453125 0.7490234375 0.32421875 0.75 0.3232421875 0.75390625 0.3193359375 0.75390625 0.3115234375 0.748046875 0.3017578125 0.7412109375 0.296875 0.7275390625 0.294921875 0.716796875 0.3017578125 0.71484375 0.3056640625 0.7158203125 0.3125
0 0.6767578125 0.30078125 0.6689453125 0.296875 0.6591796875 0.296875 0.6533203125 0.298828125 0.64453125 0.3076171875 0.642578125 0.3173828125 0.646484375 0.3232421875 0.6484375 0.3349609375 0.65234375 0.3349609375 0.65234375 0.3212890625 0.654296875 0.3173828125 0.6650390625 0.30859375 0.6708984375 0.30859375 0.6728515625 0.306640625 0.6806640625 0.30859375 0.681640625 0.3056640625 0.6767578125 0.30078125