1 0.58984375 0.4423828125 0.587890625 0.4306640625 0.5693359375 0.412109375 0.5498046875 0.404296875 0.5341796875 0.404296875 0.5263671875 0.408203125 0.5205078125 0.408203125 0.5146484375 0.412109375 0.498046875 0.4306640625 0.494140625 0.4384765625 0.494140625 0.4677734375 0.5 0.4814453125 0.5126953125 0.494140625 0.5419921875 0.505859375 0.548828125 0.5048828125 0.5615234375 0.501953125 0.5693359375 0.49609375 0.5732421875 0.49609375 0.58203125 0.4873046875 0.58984375 0.4677734375 0.58984375 0.4501953125 0.591796875 0.4443359375 0.58984375 0.4423828125
1 0.2626953125 0.44140625 0.2490234375 0.44921875 0.236328125 0.4638671875 0.232421875 0.4755859375 0.232421875 0.4931640625 0.240234375 0.5107421875 0.2548828125 0.5234375 0.2646484375 0.52734375 0.283203125 0.5263671875 0.2998046875 0.517578125 0.30859375 0.5048828125 0.3125 0.4931640625 0.3125 0.4736328125 0.3046875 0.4560546875 0.2900390625 0.443359375 0.2861328125 0.44140625 0.2626953125 0.44140625
1 0.0947265625 0.4765625 0.083984375 0.4853515625 0.080078125 0.4931640625 0.078125 0.4990234375 0.078125 0.5166015625 0.08203125 0.5263671875 0.0908203125 0.537109375 0.1025390625 0.541015625 0.109375 0.5400390625 0.1181640625 0.537109375 0.123046875 0.5322265625 0.126953125 0.5048828125 0.125 0.5029296875 0.123046875 0.4912109375 0.1123046875 0.478515625 0.1083984375 0.4765625 0.0947265625 0.4765625
1 0.3369140625 0.359375 0.3349609375 0.357421875 0.3212890625 0.359375 0.3134765625 0.353515625 0.2998046875 0.35546875 0.287109375 0.3662109375 0.283203125 0.3740234375 0.283203125 0.3896484375 0.28515625 0.3955078125 0.2978515625 0.40625 0.3076171875 0.404296875 0.3095703125 0.408203125 0.3212890625 0.416015625 0.3271484375 0.41796875 0.333984375 0.4169921875 0.3466796875 0.4140625 0.3505859375 0.41015625 0.3564453125 0.408203125 0.361328125 0.4013671875 0.361328125 0.3837890625 0.35546875 0.3681640625 0.3486328125 0.361328125 0.3369140625 0.359375
1 0.2265625 0.3955078125 0.224609375 0.3994140625 0.224609375 0.4189453125 0.2353515625 0.431640625 0.2451171875 0.435546875 0.255859375 0.4345703125 0.26953125 0.4267578125 0.2734375 0.4169921875 0.275390625 0.4033203125 0.271484375 0.3916015625 0.2607421875 0.380859375 0.2490234375 0.37890625 0.2353515625 0.384765625 0.2265625 0.3955078125
1 0.1796875 0.3955078125 0.1796875 0.4111328125 0.1865234375 0.419921875 0.1943359375 0.423828125 0.203125 0.4228515625 0.2099609375 0.419921875 0.21484375 0.4150390625 0.21875 0.3955078125 0.21484375 0.3857421875 0.2080078125 0.37890625 0.1943359375 0.37890625 0.185546875 0.3857421875 0.1796875 0.3955078125
1 0.2060546875 0.37890625 0.2119140625 0.3828125 0.21484375 0.3818359375 0.21875 0.3720703125 0.21484375 0.3603515625 0.2099609375 0.35546875 0.2001953125 0.35546875 0.1962890625 0.357421875 0.1875 0.3701171875 0.189453125 0.3798828125 0.2060546875 0.37890625
1 0.140625 0.3896484375 0.140625 0.3974609375 0.14453125 0.4052734375 0.1484375 0.4052734375 0.1552734375 0.396484375 0.162109375 0.3935546875 0.162109375 0.3837890625 0.1640625 0.3818359375 0.1591796875 0.376953125 0.1513671875 0.376953125 0.1455078125 0.380859375 0.140625 0.3896484375
1 0.123046875 0.3955078125 0.123046875 0.4091796875 0.1318359375 0.416015625 0.138671875 0.4150390625 0.14453125 0.4091796875 0.14453125 0.4033203125 0.140625 0.3974609375 0.142578125 0.3876953125 0.1396484375 0.384765625 0.1337890625 0.384765625 0.1298828125 0.38671875 0.123046875 0.3955078125
0 0.1552734375 0.396484375 0.146484375 0.4072265625 0.146484375 0.4248046875 0.1552734375 0.435546875 0.171875 0.4345703125 0.1796875 0.4248046875 0.1796875 0.4189453125 0.181640625 0.4169921875 0.1796875 0.4033203125 0.177734375 0.3994140625 0.1708984375 0.39453125 0.1591796875 0.39453125 0.1552734375 0.396484375
0 0.212890625 0.3583984375 0.216796875 0.3642578125 0.2177734375 0.37109375 0.22265625 0.3701171875 0.2265625 0.3662109375 0.228515625 0.3603515625 0.228515625 0.3505859375 0.2216796875 0.34375 0.2119140625 0.34375 0.2080078125 0.345703125 0.203125 0.3525390625 0.212890625 0.3583984375
0 0.1767578125 0.3984375 0.1796875 0.3974609375 0.18359375 0.3876953125 0.189453125 0.3818359375 0.189453125 0.3779296875 0.1845703125 0.369140625 0.1748046875 0.3671875 0.1640625 0.3779296875 0.162109375 0.3896484375 0.1767578125 0.3984375
0 0.00390625 0.5068359375 0.0087890625 0.513671875 0.0126953125 0.515625 0.015625 0.5146484375 0.0185546875 0.513671875 0.0234375 0.5068359375 0.0234375 0.4951171875 0.01953125 0.4853515625 0.0107421875 0.482421875 0.005859375 0.4873046875 0.00390625 0.4931640625 0.00390625 0.5068359375
1 0.0478515625 0.46875 0.0517578125 0.470703125 0.0546875 0.4697265625 0.0595703125 0.466796875 0.0625 0.4619140625 0.0625 0.4462890625 0.0576171875 0.439453125 0.0498046875 0.439453125 0.04296875 0.4482421875 0.04296875 0.4619140625 0.0478515625 0.46875