2 0.51171875 0.3681640625 0.509765625 0.3876953125 0.515625 0.3974609375 0.5205078125 0.400390625 0.5341796875 0.400390625 0.5380859375 0.3984375 0.5419921875 0.40234375 0.5478515625 0.40234375 0.560546875 0.3876953125 0.560546875 0.3720703125 0.556640625 0.3642578125 0.5498046875 0.357421875 0.5439453125 0.35546875 0.5419921875 0.357421875 0.5390625 0.3544921875 0.5263671875 0.353515625 0.513671875 0.3642578125 0.51171875 0.3681640625
1 0.914448615625 0.38472794375 0.910542365625 0.38863419375 0.908589240625 0.40425919375 0.917378303125 0.41500138125 0.923237678125 0.41304825625 0.924214240625 0.41793106875 0.927143928125 0.42086075625 0.944722053125 0.42086075625 0.960347053125 0.41304825625 0.971089240625 0.40230606875 0.973042365625 0.38863419375 0.969136115625 0.37886856875 0.953511115625 0.36714981875 0.931050178125 0.36617325625 0.916401740625 0.37886856875 0.914448615625 0.38472794375
2 0.5068359375 0.408203125 0.5 0.4208984375 0.5 0.4306640625 0.505859375 0.4423828125 0.5205078125 0.453125 0.5302734375 0.453125 0.5419921875 0.44921875 0.552734375 0.4365234375 0.552734375 0.4306640625 0.5546875 0.4287109375 0.55078125 0.4111328125 0.5400390625 0.404296875 0.5361328125 0.40625 0.533203125 0.4013671875 0.5224609375 0.400390625 0.5146484375 0.40625 0.5068359375 0.408203125
1 0.711884703125 0.371939609375 0.711884703125 0.383658359375 0.713837828125 0.385611484375 0.711884703125 0.387564609375 0.711884703125 0.40123648437500004 0.722626890625 0.41002554687500004 0.738251890625 0.41197867187500004 0.740205015625 0.41002554687500004 0.746064390625 0.41002554687500004 0.755830015625 0.40416617187500004 0.760712828125 0.397330234375 0.764619078125 0.389517734375 0.762665953125 0.383658359375 0.764619078125 0.381705234375 0.764619078125 0.375845859375 0.760712828125 0.368033359375 0.748994078125 0.358267734375 0.730439390625 0.357291171875 0.720673765625 0.363150546875 0.711884703125 0.371939609375
2 0.5224609375 0.453125 0.515625 0.4599609375 0.515625 0.4658203125 0.51171875 0.4697265625 0.509765625 0.4755859375 0.51171875 0.4775390625 0.51171875 0.4833984375 0.5244140625 0.498046875 0.5283203125 0.498046875 0.5302734375 0.5 0.5439453125 0.5 0.5517578125 0.49609375 0.560546875 0.4853515625 0.5625 0.4716796875 0.55859375 0.4677734375 0.55859375 0.4619140625 0.5498046875 0.453125 0.544921875 0.4521484375 0.5361328125 0.451171875 0.5341796875 0.453125 0.5224609375 0.453125
1 0.11758691406249999 0.3563701203125 0.11563378906249999 0.3641826203125 0.11954003906249999 0.3759013703125 0.1361416015625 0.3905498078125 0.1537197265625 0.3925029328125 0.1595791015625 0.3905498078125 0.1722744140625 0.3817607453125 0.1761806640625 0.3739482453125 0.1742275390625 0.3583232453125 0.1615322265625 0.3436748078125 0.1546962890625 0.3407451203125 0.1341884765625 0.3397685578125 0.11954003906249999 0.3524638703125 0.11758691406249999 0.3563701203125
2 0.3025219359375 0.35590541249999996 0.3025219359375 0.36567103749999996 0.3044750609375 0.36762416249999996 0.3025219359375 0.36957728749999996 0.3025219359375 0.38129603749999996 0.3132641234375 0.39203822499999996 0.3249828734375 0.39399134999999996 0.3269359984375 0.39594447499999996 0.3406078734375 0.39203822499999996 0.3513500609375 0.37934291249999996 0.3513500609375 0.36176478749999996 0.3406078734375 0.34906947499999996 0.3318188109375 0.34418666249999996 0.3191234984375 0.34321009999999996 0.3113109984375 0.34711634999999996 0.3025219359375 0.35590541249999996
1 0.1220703125 0.392578125 0.1103515625 0.392578125 0.10546875 0.3994140625 0.10546875 0.4072265625 0.103515625 0.4091796875 0.10546875 0.4208984375 0.1162109375 0.431640625 0.1201171875 0.43359375 0.1220703125 0.431640625 0.1279296875 0.4375 0.1494140625 0.435546875 0.162109375 0.4208984375 0.162109375 0.4052734375 0.16015625 0.3994140625 0.1552734375 0.39453125 0.1494140625 0.392578125 0.134765625 0.3916015625 0.1279296875 0.390625 0.1240234375 0.39453125 0.1220703125 0.392578125
1 0.1265614171875 0.436181165625 0.1197254796875 0.441063978125 0.1197254796875 0.446923353125 0.1138661046875 0.450829603125 0.1119129796875 0.458642103125 0.1138661046875 0.460595228125 0.1138661046875 0.466454603125 0.1158192296875 0.470360853125 0.1246082921875 0.479149915625 0.1324207921875 0.483056165625 0.1519520421875 0.483056165625 0.1597645421875 0.479149915625 0.1666004796875 0.472313978125 0.1685536046875 0.468407728125 0.1685536046875 0.464501478125 0.1705067296875 0.462548353125 0.1705067296875 0.456688978125 0.1656239171875 0.449853040625 0.1607411046875 0.448876478125 0.1646473546875 0.446923353125 0.1646473546875 0.444970228125 0.1578114171875 0.438134290625 0.1490223546875 0.435204603125 0.1382801671875 0.434228040625 0.1363270421875 0.436181165625 0.1265614171875 0.436181165625
1 0.314453125 0.4091796875 0.314453125 0.4267578125 0.318359375 0.4287109375 0.31640625 0.4306640625 0.3212890625 0.4375 0.3310546875 0.443359375 0.3486328125 0.443359375 0.359375 0.4365234375 0.361328125 0.4306640625 0.361328125 0.4052734375 0.3525390625 0.400390625 0.3359375 0.3994140625 0.3232421875 0.3984375 0.31640625 0.4052734375 0.314453125 0.4091796875
2 0.705078125 0.4404296875 0.70703125 0.4443359375 0.705078125 0.4482421875 0.7138671875 0.458984375 0.7236328125 0.462890625 0.7333984375 0.462890625 0.7470703125 0.45703125 0.75390625 0.4501953125 0.75390625 0.4462890625 0.7578125 0.4423828125 0.7578125 0.4287109375 0.7470703125 0.416015625 0.744140625 0.4150390625 0.7177734375 0.4140625 0.70703125 0.4228515625 0.705078125 0.4404296875
1 0.9287109375 0.423828125 0.9267578125 0.42578125 0.9228515625 0.423828125 0.9169921875 0.423828125 0.91015625 0.4287109375 0.91015625 0.4306640625 0.904296875 0.4384765625 0.904296875 0.4501953125 0.90625 0.4521484375 0.90625 0.4560546875 0.9150390625 0.46484375 0.9228515625 0.466796875 0.9248046875 0.46875 0.9462890625 0.46875 0.9541015625 0.46484375 0.9609375 0.4580078125 0.962890625 0.4521484375 0.966796875 0.4482421875 0.966796875 0.4384765625 0.962890625 0.4306640625 0.9560546875 0.423828125 0.943359375 0.4228515625 0.9404296875 0.421875 0.9384765625 0.423828125 0.9287109375 0.423828125
3 0.1421875 0.3953125 0.0890625 0.128125
3 0.3296875 0.3984375 0.0859375 0.125
3 0.534375 0.4109375 0.084375 0.1234375
3 0.7328125 0.4171875 0.0921875 0.1296875
3 0.940625 0.4203125 0.1015625 0.134375