1 0.650390625 0.4013671875 0.6318359375 0.384765625 0.6162109375 0.37890625 0.5966796875 0.37890625 0.5771484375 0.390625 0.5703125 0.3974609375 0.564453125 0.4091796875 0.564453125 0.4326171875 0.56640625 0.4345703125 0.56640625 0.4404296875 0.572265625 0.4482421875 0.57421875 0.4560546875 0.5869140625 0.46875 0.6025390625 0.474609375 0.62109375 0.4736328125 0.6279296875 0.47265625 0.6416015625 0.46484375 0.654296875 0.4501953125 0.658203125 0.4384765625 0.658203125 0.4208984375 0.65625 0.4189453125 0.65625 0.4130859375 0.650390625 0.4013671875
1 0.5009765625 0.384765625 0.4853515625 0.392578125 0.470703125 0.4072265625 0.46484375 0.4248046875 0.4677734375 0.427734375 0.4814453125 0.4296875 0.4951171875 0.4375 0.509765625 0.4541015625 0.517578125 0.4716796875 0.517578125 0.4775390625 0.529296875 0.4775390625 0.5400390625 0.47265625 0.552734375 0.4599609375 0.560546875 0.4423828125 0.560546875 0.4189453125 0.5546875 0.4052734375 0.5400390625 0.390625 0.5166015625 0.3828125 0.5009765625 0.384765625
1 0.515625 0.4677734375 0.509765625 0.4541015625 0.50390625 0.4462890625 0.4853515625 0.431640625 0.4736328125 0.427734375 0.4521484375 0.427734375 0.4501953125 0.4296875 0.4423828125 0.4296875 0.4306640625 0.435546875 0.4189453125 0.4453125 0.41015625 0.4560546875 0.404296875 0.4736328125 0.40625 0.5009765625 0.4140625 0.5166015625 0.4423828125 0.537109375 0.4482421875 0.5390625 0.47265625 0.5380859375 0.4794921875 0.537109375 0.4931640625 0.529296875 0.5009765625 0.5234375 0.51171875 0.5107421875 0.515625 0.5009765625 0.515625 0.4892578125 0.517578125 0.4873046875 0.515625 0.4677734375
1 0.36328125 0.4970703125 0.3544921875 0.48828125 0.3349609375 0.478515625 0.3154296875 0.4765625 0.2900390625 0.486328125 0.27734375 0.4990234375 0.267578125 0.5224609375 0.267578125 0.5517578125 0.2734375 0.5634765625 0.2734375 0.5673828125 0.2861328125 0.58203125 0.3115234375 0.59375 0.33203125 0.5927734375 0.3466796875 0.5859375 0.3505859375 0.5859375 0.36328125 0.5751953125 0.375 0.5556640625 0.376953125 0.5263671875 0.375 0.5244140625 0.373046875 0.5126953125 0.36328125 0.4970703125
1 0.3095703125 0.4296875 0.2998046875 0.435546875 0.28125 0.4580078125 0.279296875 0.4638671875 0.279296875 0.4892578125 0.2822265625 0.4921875 0.2958984375 0.482421875 0.3134765625 0.478515625 0.3154296875 0.4765625 0.3291015625 0.4765625 0.3486328125 0.484375 0.3642578125 0.498046875 0.3671875 0.4970703125 0.37109375 0.4873046875 0.37109375 0.4638671875 0.369140625 0.4580078125 0.36328125 0.4462890625 0.3447265625 0.431640625 0.3330078125 0.4296875 0.3310546875 0.427734375 0.3095703125 0.4296875
1 0.3154296875 0.392578125 0.3115234375 0.392578125 0.298828125 0.4033203125 0.2890625 0.4228515625 0.2900390625 0.44140625 0.3095703125 0.4296875 0.3154296875 0.4296875 0.3173828125 0.427734375 0.3349609375 0.427734375 0.3505859375 0.43359375 0.3623046875 0.4453125 0.365234375 0.4443359375 0.369140625 0.4365234375 0.369140625 0.4189453125 0.3671875 0.4130859375 0.36328125 0.4052734375 0.3525390625 0.39453125 0.3408203125 0.388671875 0.3212890625 0.388671875 0.3154296875 0.392578125
1 0.31739337343749996 0.3877971984375 0.31836993593749996 0.3946331359375 0.33204181093749996 0.3868206359375 0.3571720375 0.3944181578125 0.376786096875 0.4162627859375 0.3782663796875 0.4192247671875 0.3852978359375 0.41070906875 0.38184649843749996 0.3799846984375 0.36915118593749996 0.3653362609375 0.36133868593749996 0.3614300109375 0.34376056093749996 0.3614300109375 0.33594806093749996 0.3653362609375 0.32325274843749996 0.3760784484375 0.31739337343749996 0.3877971984375
2 0.9404296875 0.3515625 0.9541015625 0.3671875 0.955078125 0.3662109375 0.953125 0.3505859375 0.9423828125 0.337890625 0.9306640625 0.337890625 0.92578125 0.3427734375 0.923828125 0.3466796875 0.9248046875 0.3515625 0.9365234375 0.349609375 0.9404296875 0.3515625
2 0.990234375 0.4443359375 0.990234375 0.4697265625 0.99609375 0.4833984375 0.9990234375 0.486328125 1 0.4853515625 0.9990234375 0.431640625 0.990234375 0.4443359375
0 0.458984375 0.4208984375 0.455078125 0.4150390625 0.4443359375 0.404296875 0.4326171875 0.3984375 0.4267578125 0.3984375 0.4248046875 0.396484375 0.4033203125 0.3984375 0.3876953125 0.40625 0.376953125 0.4169921875 0.373046875 0.4248046875 0.37109375 0.4306640625 0.37109375 0.4560546875 0.373046875 0.4619140625 0.3896484375 0.484375 0.40234375 0.4892578125 0.40625 0.4853515625 0.408203125 0.4638671875 0.416015625 0.4501953125 0.4228515625 0.4453125 0.4267578125 0.439453125 0.4384765625 0.431640625 0.458984375 0.4267578125 0.458984375 0.4208984375
2 0.8720703125 0.31640625 0.865234375 0.3251953125 0.865234375 0.3388671875 0.869140625 0.3466796875 0.8759765625 0.353515625 0.884765625 0.3564453125 0.88671875 0.3544921875 0.888671875 0.3388671875 0.8974609375 0.33203125 0.8984375 0.3291015625 0.8896484375 0.318359375 0.8818359375 0.314453125 0.8759765625 0.314453125 0.8720703125 0.31640625
0 0.8095703125 0.3359375 0.796875 0.3447265625 0.79296875 0.3525390625 0.79296875 0.3681640625 0.80078125 0.3837890625 0.8115234375 0.39453125 0.8173828125 0.396484375 0.826171875 0.3955078125 0.8349609375 0.392578125 0.84375 0.3837890625 0.84765625 0.3740234375 0.84765625 0.3623046875 0.841796875 0.3486328125 0.8310546875 0.337890625 0.8271484375 0.3359375 0.8095703125 0.3359375
0 0.88671875 0.3427734375 0.88671875 0.3583984375 0.888671875 0.3642578125 0.8955078125 0.373046875 0.9033203125 0.376953125 0.912109375 0.3759765625 0.91796875 0.3720703125 0.919921875 0.3583984375 0.921875 0.3564453125 0.921875 0.3466796875 0.9130859375 0.3359375 0.8994140625 0.330078125 0.8916015625 0.333984375 0.88671875 0.3427734375
0 0.689453125 0.3212890625 0.70703125 0.2939453125 0.708984375 0.2880859375 0.7060546875 0.28515625 0.6923828125 0.28515625 0.677734375 0.3017578125 0.677734375 0.3134765625 0.6845703125 0.322265625 0.689453125 0.3212890625
0 0.4365234375 0.353515625 0.427734375 0.3623046875 0.423828125 0.3798828125 0.421875 0.3818359375 0.423828125 0.3935546875 0.4287109375 0.3984375 0.4326171875 0.3984375 0.4443359375 0.404296875 0.4619140625 0.421875 0.462890625 0.4208984375 0.470703125 0.4052734375 0.4833984375 0.392578125 0.498046875 0.3837890625 0.49609375 0.3681640625 0.48828125 0.3564453125 0.4677734375 0.345703125 0.4482421875 0.34765625 0.4365234375 0.353515625
1 0.4423828125 0.33984375 0.4345703125 0.3359375 0.4189453125 0.333984375 0.4052734375 0.33984375 0.392578125 0.3525390625 0.388671875 0.3642578125 0.388671875 0.3740234375 0.392578125 0.3857421875 0.4033203125 0.396484375 0.408203125 0.3974609375 0.423828125 0.3955078125 0.421875 0.3837890625 0.423828125 0.3818359375 0.423828125 0.3740234375 0.427734375 0.3623046875 0.4365234375 0.353515625 0.44921875 0.3466796875 0.4423828125 0.33984375
1 0.5361328125 0.30859375 0.521484375 0.3212890625 0.51953125 0.3330078125 0.517578125 0.3349609375 0.51953125 0.3447265625 0.5234375 0.3525390625 0.5361328125 0.36328125 0.5400390625 0.365234375 0.55859375 0.3642578125 0.5634765625 0.36328125 0.576171875 0.3525390625 0.580078125 0.3447265625 0.580078125 0.3271484375 0.5712890625 0.314453125 0.5576171875 0.306640625 0.5419921875 0.306640625 0.5361328125 0.30859375
1 0.6083984375 0.326171875 0.595703125 0.3369140625 0.591796875 0.3466796875 0.591796875 0.3662109375 0.595703125 0.3740234375 0.5986328125 0.376953125 0.6201171875 0.37890625 0.6337890625 0.384765625 0.6416015625 0.390625 0.642578125 0.3896484375 0.65234375 0.3818359375 0.66015625 0.3701171875 0.66015625 0.3505859375 0.65625 0.3408203125 0.6494140625 0.33203125 0.6337890625 0.32421875 0.6142578125 0.32421875 0.6083984375 0.326171875
2 0.9267578125 0.3515625 0.919921875 0.3603515625 0.919921875 0.3798828125 0.92578125 0.3896484375 0.9345703125 0.396484375 0.947265625 0.3955078125 0.955078125 0.3876953125 0.955078125 0.3798828125 0.95703125 0.3779296875 0.955078125 0.3759765625 0.955078125 0.3662109375 0.9423828125 0.3515625 0.9306640625 0.349609375 0.9267578125 0.3515625