1 0.515625 0.5171875 0.04375 0.0421875
1 0.9171875 0.4890625 0.04375 0.0390625
2 0.7125 0.525 0.0515625 0.04375
2 0.7015625 0.4796875 0.046875 0.0390625
2 0.1671875 0.5015625 0.05 0.0359375
2 0.1609375 0.4578125 0.053125 0.0421875
1 0.896875 0.534375 0.05625 0.05
2 0.3390625 0.4625 0.0453125 0.0421875
1 0.16418707500000002 0.392054821875 0.15442145000000002 0.392054821875 0.14660895000000002 0.395961071875 0.13586676250000002 0.40865638437499996 0.13586676250000002 0.42232825937499996 0.13977301250000002 0.42428138437499996 0.13977301250000002 0.43209388437499996 0.14660895000000002 0.43892982187499996 0.15246832500000002 0.44088294687499996 0.15735113750000002 0.43990638437499996 0.17199957500000002 0.43697669687499996 0.17883551250000002 0.43014075937499996 0.17688238750000002 0.42818763437499996 0.18274176250000002 0.42428138437499996 0.18274176250000002 0.40865638437499996 0.18078863750000002 0.40475013437499996 0.17004645000000002 0.394007946875 0.16418707500000002 0.392054821875
1 0.9248046875 0.419831740625 0.9150390625 0.415925490625 0.8994140625 0.415925490625 0.8896484375 0.419831740625 0.880859375 0.428620803125 0.876953125 0.438386428125 0.876953125 0.446198928125 0.8828125 0.452058303125 0.880859375 0.454011428125 0.8876953125 0.460847365625 0.8916015625 0.462800490625 0.8955078125 0.458894240625 0.8994140625 0.464753615625 0.91015625 0.463777053125 0.9189453125 0.462800490625 0.927734375 0.455964553125 0.927734375 0.452058303125 0.9306640625 0.451081740625 0.935546875 0.444245803125 0.935546875 0.434480178125 0.931640625 0.426667678125 0.9248046875 0.419831740625
1 0.33125 0.5078125 0.04375 0.0421875
2 0.748046875 0.4248046875 0.7392578125 0.4140625 0.7314453125 0.41015625 0.7158203125 0.41015625 0.7060546875 0.4140625 0.69921875 0.4208984375 0.6953125 0.4287109375 0.6953125 0.4384765625 0.69921875 0.4404296875 0.697265625 0.4423828125 0.697265625 0.4482421875 0.69921875 0.4521484375 0.7080078125 0.458984375 0.7138671875 0.4609375 0.7265625 0.4599609375 0.73046875 0.4580078125 0.7314453125 0.453125 0.7373046875 0.455078125 0.744140625 0.4482421875 0.7421875 0.4443359375 0.7451171875 0.443359375 0.75 0.4365234375 0.748046875 0.4248046875
3 0.1671875 0.475 0.0828125 0.1203125
3 0.340625 0.4796875 0.071875 0.1125
3 0.51875 0.4875 0.0703125 0.1171875
3 0.7125 0.49375 0.0875 0.1328125
3 0.903125 0.5 0.090625 0.134375