2 0.3767054734375 0.202818628125 0.37874795781250004 0.198733659375 0.37772671562500004 0.1834150328125 0.37466299062499997 0.1783088234375 0.3654718140625 0.17116013125 0.34708946093750004 0.17116013125 0.3338133171875 0.1803513078125 0.32972835 0.1885212421875 0.32972835 0.202818628125 0.3317708328125 0.20690359531250002 0.34300449375 0.216094771875 0.361386846875 0.216094771875 0.3767054734375 0.202818628125
2 0.36240808750000003 0.6889297390625 0.364450571875 0.684844771875 0.3634293296875 0.677696078125 0.36240808750000003 0.67258986875 0.3552593953125 0.6654411765625 0.351174428125 0.6633986921874999 0.3389195265625 0.6633986921874999 0.3317708328125 0.6685049015625 0.327685865625 0.6807598046875001 0.3368770421875 0.6940359484374999 0.340962009375 0.69607843125 0.3532169125 0.69607843125 0.36240808750000003 0.6889297390625
2 0.29602736875 0.544934640625 0.287857434375 0.5469771234375 0.282751225 0.5541258171875 0.282751225 0.56638071875 0.28479370937500004 0.5704656859375 0.287857434375 0.5735294125 0.3021548203125 0.5735294125 0.3093035125 0.56638071875 0.308282271875 0.553104575 0.3021548203125 0.5469771234375 0.29602736875 0.544934640625
2 0.311345996875 0.345792484375 0.3133884796875 0.341707515625 0.31236723906249997 0.3366013078125 0.311345996875 0.33149509843749997 0.3041973046875 0.3243464046875 0.2919424015625 0.322303921875 0.2786662578125 0.33353758125 0.276623775 0.34375 0.28377246718750004 0.354983659375 0.287857434375 0.35702614375 0.30011233593750003 0.35702614375 0.3041973046875 0.354983659375 0.311345996875 0.345792484375
2 0.2786662578125 0.3478349671875 0.27560253281249997 0.338643790625 0.2674325984375 0.34068627500000004 0.26028390468749996 0.351919934375 0.2623263890625 0.362132353125 0.26947508125 0.3672385625 0.2796875 0.3672385625 0.2868361921875 0.36008986875 0.28581495156250003 0.354983659375 0.28377246718750004 0.354983659375 0.2786662578125 0.3478349671875
2 0.28377246718750004 0.446895425 0.29092115937499996 0.4377042484375 0.28989991875 0.4264705875 0.2796875 0.41830065312500003 0.26947508125 0.4203431375 0.2623263890625 0.43157679687500006 0.264368871875 0.43974673124999997 0.271517565625 0.446895425 0.28377246718750004 0.446895425
2 0.26028390468749996 0.43157679687500006 0.26334763125 0.43259803906250005 0.264368871875 0.4274918296875 0.271517565625 0.4203431375 0.28377246718750004 0.4203431375 0.28377246718750004 0.4162581703125 0.277645015625 0.41217320312499994 0.2674325984375 0.41217320312499994 0.258241421875 0.4234068625 0.26028390468749996 0.43157679687500006
2 0.36649305625 0 0.36649305625 0.0046977125 0.3736417484375 0.011846404687500001 0.3920241015625 0.011846404687500001 0.4053002453125 0.0046977125 0.407342728125 0.0006127453125 0.407287025 0 0.36649305625 0
1 0.34811070312500003 0 0.34811070312500003 0.002655228125 0.3532169125 0.0057189546875 0.3654718140625 0.0057189546875 0.367031528125 0 0.34811070312500003 0
1 0.3307495921875 0.0669934640625 0.3205371734375 0.06903594843750001 0.311345996875 0.0782271234375 0.311345996875 0.0884395421875 0.3184946890625 0.0955882359375 0.332792075 0.0935457515625 0.3389195265625 0.089460784375 0.3419832515625 0.084354575 0.340962009375 0.073120915625 0.3368770421875 0.06903594843750001 0.3307495921875 0.0669934640625
1 0.2704963234375 0.3110702609375 0.28070874218749997 0.3029003265625 0.2796875 0.29983660156249997 0.271517565625 0.29983660156249997 0.26641135625 0.3029003265625 0.2623263890625 0.3110702609375 0.2623263890625 0.3171977125 0.2674325984375 0.322303921875 0.2704963234375 0.3110702609375
1 0.2796875 0.301879084375 0.2704963234375 0.3110702609375 0.26641135625 0.3233251640625 0.271517565625 0.33047385625 0.2796875 0.332516340625 0.287857434375 0.3243464046875 0.29602736875 0.322303921875 0.2990910953125 0.3171977125 0.298069853125 0.3141339875 0.28989991875 0.30392156875 0.2796875 0.301879084375
1 0.4104064546875 0.910539215625 0.41959763125 0.9033905234375 0.4185763890625 0.9003267968750001 0.41244893749999995 0.894199346875 0.404279003125 0.8921568625 0.3971303109375 0.8972630718750001 0.3971303109375 0.90543300625 0.4022365203125 0.910539215625 0.4104064546875 0.910539215625
1 0.387939134375 0.8696895421875 0.391002859375 0.8645833328125001 0.3899816171875 0.8594771234374999 0.38589665 0.8533496734374999 0.37772671562500004 0.8513071890624999 0.37262050625 0.8564133984375 0.3705780234375 0.86254085 0.3736417484375 0.8676470593750001 0.387939134375 0.8696895421875
1 0.3838541671875 0.873774509375 0.3869178921875 0.870710784375 0.38589665 0.8676470593750001 0.37772671562500004 0.8676470593750001 0.3715992640625 0.8615196078125 0.3685355390625 0.86254085 0.3685355390625 0.8666258171875001 0.37568423125 0.873774509375 0.3838541671875 0.873774509375