2 0.484920634375 0.6383912125 0.48690476250000003 0.6185499421875 0.48095238125 0.6086293078125 0.47599206406250005 0.6056531171875 0.467656503125 0.6019839171875 0.4613512828125 0.60220626875 0.45416666718750004 0.603668990625 0.4482142859375 0.603668990625 0.4353174609375 0.6185499421875 0.4353174609375 0.6344229593749999 0.4392857140625 0.6423594671874999 0.44623015937500005 0.6493039109375001 0.45218253906249994 0.6512880375 0.45416666718750004 0.6493039109375001 0.4571428578125 0.6522801015625 0.4700396828125 0.653272165625 0.48293650781249997 0.6423594671874999 0.484920634375 0.6383912125
1 0.073264978125 0.6229155546875 0.07723323125 0.6189473 0.07921735937499999 0.603074284375 0.0702887875 0.5921615859375 0.06433640625 0.5941457125 0.0633443421875 0.5891853953124999 0.060368153125000004 0.5862092046875 0.042511009375 0.5862092046875 0.02663799375 0.5941457125 0.015725295312500002 0.6050584109375 0.01374116875 0.6189473 0.017709421875 0.628867934375 0.0335824375 0.6407726968749999 0.0563998984375 0.6417647609375 0.0712808515625 0.628867934375 0.073264978125 0.6229155546875
1 0.283163046875 0.636417928125 0.283163046875 0.6245131671874999 0.2811789203125 0.6225290390625 0.283163046875 0.6205449125 0.283163046875 0.6066560234375 0.27225034843749996 0.597727453125 0.25637733281249997 0.595743325 0.25439320625 0.597727453125 0.248440825 0.597727453125 0.238520190625 0.6036798328125 0.2335598734375 0.610624278125 0.22959161875 0.6185607859375 0.23157574531249997 0.6245131671874999 0.22959161875 0.62649729375 0.22959161875 0.6324496749999999 0.2335598734375 0.6403861828124999 0.245464634375 0.6503068171875 0.26431384062499996 0.65129888125 0.2742344765625 0.6453464999999999 0.283163046875 0.636417928125
1 0.8840919390625 0.6523612 0.885600490625 0.650093234375 0.88613745625 0.6466541328125001 0.8845789015625 0.6330893359374999 0.868833103125 0.616997234375 0.8509759609374999 0.6150131078125 0.8450235796875001 0.616997234375 0.8321267546875 0.6259258062499999 0.8303290578125001 0.633852021875 0.832082021875 0.6495249578125 0.8456743921875001 0.6637421531250001 0.856534734375 0.666171346875 0.8703458171875 0.664283790625 0.8810916656250001 0.65836221875 0.8840919390625 0.6523612
2 0.2779133859375 0.5854210859375 0.2816093921875 0.5781674734375 0.2838691984375 0.5720585109375 0.283547015625 0.5689580859375 0.280649490625 0.5585694218749999 0.2697367921875 0.5476567234374999 0.25783202968749996 0.545672596875 0.255847903125 0.5436884703125 0.2419590140625 0.5476567234374999 0.2271312890625 0.5638905390625 0.22735704218750002 0.57847036875 0.23507237343749998 0.5872770296875001 0.25002656874999996 0.591224884375 0.2601253578125 0.5914041250000001 0.2696013390625 0.5906145546875 0.2779133859375 0.5854210859375
1 0.8823382375 0.6163220625 0.8892826828124999 0.6113617437500001 0.8936540328125 0.6080870375 0.8952350640625 0.601441109375 0.897219190625 0.5935046015625 0.8975020515625 0.588849290625 0.8952350640625 0.58556809375 0.8932509359375 0.5815998390625 0.884322365625 0.57267126875 0.8763858578124999 0.5687030140625 0.8565445875 0.5687030140625 0.8487933703125 0.574390953125 0.8415950453125 0.583224475 0.8410052718750001 0.585552259375 0.8398514265625 0.5874795374999999 0.8397411359375001 0.5920986546875 0.8393953109375 0.595644775 0.8426556984375001 0.6024331734375 0.8431937906250001 0.6048689859375 0.8436477625000001 0.6054093640625 0.8436477625000001 0.607393490625 0.85059220625 0.6143379343750001 0.859520778125 0.6173141249999999 0.8704334765624999 0.6183061890625 0.8758453890625001 0.6198605515625 0.8823382375 0.6163220625
2 0.6991175921874999 0.639536103125 0.6985628687500001 0.6308553984375 0.69617269375 0.625912759375 0.6857648734375 0.6136218328124999 0.6773234875 0.61103180625 0.667402853125 0.61103180625 0.6535139640625001 0.6169841875000001 0.64656951875 0.62392863125 0.6459053859375 0.6372891875 0.6498757609375 0.6486811343750001 0.6570407765625 0.65625889375 0.6643648671875 0.660007609375 0.682337078125 0.658721978125 0.690909875 0.6545265875 0.6963763296875001 0.6487343484375 0.6991175921874999 0.639536103125
1 0.083694665625 0.5721264796875001 0.08567840156249999 0.56683566875 0.08545797968749999 0.559119909375 0.08413549375 0.5544904765625 0.0830334140625 0.5487587609375 0.0792863640625 0.5447906609375 0.07575971875000001 0.541263459375 0.0717922453125 0.5388385171875 0.0676043671875 0.5372953593750001 0.0580917109375 0.53563843125 0.051558468749999996 0.5359118328125 0.039765959375 0.5392754484375 0.035232734375000005 0.542803559375 0.0283863859375 0.549394659375 0.0253018421875 0.556321553125 0.023934840625000002 0.5598973078125 0.02625590625 0.5666529015624999 0.0282139515625 0.5731237515625 0.0323365078125 0.5764601390624999 0.036254865625 0.579782915625 0.036628096875 0.5807528640624999 0.0437995296875 0.585573915625 0.047105753125 0.5866761703125001 0.050191553124999996 0.5877784078125 0.05393861875 0.588660234375 0.058346920312499995 0.588660234375 0.061514034375000005 0.586413528125 0.0689268375 0.5831489828125 0.0770822046875 0.5796217671874999 0.0812701 0.5758741078125 0.083694665625 0.5721264796875001
3 0.859375 0.6109375 0.090625 0.1234375
3 0.6671875 0.5984375 0.0953125 0.1265625
3 0.4640625 0.59375 0.0953125 0.1359375
3 0.24375 0.575 0.103125 0.1203125
3 0.059375 0.5625 0.0796875 0.10625