2 0.6938291140625 0.822587025 0.691851265625 0.8107199359375 0.6809731015625 0.80379746875 0.6691060125 0.8057753171875 0.65625 0.8206091765625001 0.6572389234375 0.8314873421875 0.6651503171875001 0.8374208859375001 0.678995253125 0.8374208859375001 0.6829509500000001 0.8354430374999999 0.6938291140625 0.822587025
2 0.6908623421875 0.865110759375 0.70174050625 0.85621044375 0.7037183546875 0.8482990499999999 0.70174050625 0.8443433546874999 0.692840190625 0.8374208859375001 0.6829509500000001 0.839398734375 0.6740506328125 0.846321203125 0.672072784375 0.852254746875 0.673061709375 0.8611550640625 0.678995253125 0.865110759375 0.6908623421875 0.865110759375
2 0.6710838609375 0.5862341765625 0.6592167718749999 0.5862341765625 0.6443829109375 0.599090190625 0.640427215625 0.6070015828125 0.6414161390625 0.6198575953125001 0.6424050640625001 0.6228243671875 0.6552610765625 0.63370253125 0.66317246875 0.6356803796875 0.6651503171875001 0.63370253125 0.6770174046874999 0.6317246828124999 0.6878955703125 0.6188686703124999 0.6878955703125 0.6030458859375 0.678995253125 0.5901898734375 0.6710838609375 0.5862341765625
2 0.68888449375 0.4734968359375 0.7007515828125 0.4734968359375 0.711629746875 0.4606408234375 0.7096518984375 0.448773734375 0.7007515828125 0.43987341718749995 0.6869066453125 0.43987341718749995 0.6780063296875001 0.448773734375 0.67602848125 0.45272942968749996 0.6770174046874999 0.45767404999999994 0.6799841765625 0.4665743671875 0.68888449375 0.4734968359375
2 0.698773734375 0.43987341718749995 0.7096518984375 0.448773734375 0.7096518984375 0.45272942968749996 0.7126186703124999 0.45569620312500003 0.718552215625 0.4537183546875 0.7254746828124999 0.4448180375 0.7234968359375 0.43492879687499997 0.7126186703124999 0.42602848125000004 0.704707278125 0.4280063296875 0.6997626578125 0.43295095000000006 0.697784809375 0.4369066453125 0.698773734375 0.43987341718749995
2 0.7136075953125001 0.36768196249999996 0.708662975 0.3627373421875 0.7037183546875 0.37361550625 0.6967958859375 0.3785601265625 0.692840190625 0.3785601265625 0.692840190625 0.38053797500000003 0.6967958859375 0.38449367031250004 0.7066851265625 0.38449367031250004 0.7136075953125001 0.377571203125 0.7136075953125001 0.36768196249999996
2 0.6908623421875 0.3785601265625 0.698773734375 0.3785601265625 0.705696203125 0.369659809375 0.7076740499999999 0.3617484171875 0.7007515828125 0.3528481015625 0.68888449375 0.350870253125 0.6839398734375 0.35383702499999997 0.6799841765625 0.3617484171875 0.6809731015625 0.36867088593749997 0.681962025 0.3716376578125 0.6908623421875 0.3785601265625
2 0.6513053796875 0.2618670890625 0.66317246875 0.259889240625 0.6681170890625 0.252966771875 0.666139240625 0.2410996828125 0.6592167718749999 0.2361550640625 0.64932753125 0.2361550640625 0.6453718359375 0.23813291093750003 0.640427215625 0.24307753124999998 0.639438290625 0.2480221515625 0.640427215625 0.252966771875 0.6513053796875 0.2618670890625
2 0.578125 0.1629746828125 0.5899920890625 0.1629746828125 0.600870253125 0.1540743671875 0.600870253125 0.1441851265625 0.5919699359374999 0.135284809375 0.578125 0.13330696250000001 0.57219145625 0.135284809375 0.5652689875 0.142207278125 0.5662579109375 0.15308544375 0.5702136078125 0.15901898750000001 0.578125 0.1629746828125
1 0.7234968359375 0.47844145625 0.7234968359375 0.4665743671875 0.7126186703124999 0.461629746875 0.7027294296875 0.4715189875 0.6958069625000001 0.474485759375 0.6967958859375 0.48338607656250004 0.7066851265625 0.49129746875 0.7165743671875 0.4893196203125 0.7215189875 0.484375 0.7234968359375 0.47844145625
1 0.7294303796875 0.474485759375 0.7264636078125 0.4715189875 0.7234968359375 0.48239715156249996 0.71459651875 0.4893196203125 0.711629746875 0.4922863921875 0.7126186703124999 0.49327531718750006 0.7225079109375 0.4952531640625 0.72745253125 0.49030854375 0.7294303796875 0.48635284843750004 0.7294303796875 0.474485759375
1 0.72745253125 0.7138053796875 0.7225079109375 0.708860759375 0.7165743671875 0.7068829109375 0.7066851265625 0.7108386078125 0.6997626578125 0.7177610765625 0.7007515828125 0.7306170890625 0.708662975 0.7365506328125 0.718552215625 0.7365506328125 0.7294303796875 0.7236946203125 0.72745253125 0.7138053796875
1 0.7027294296875 0.833465190625 0.711629746875 0.8245648734375 0.711629746875 0.812697784375 0.7066851265625 0.8077531640625001 0.6967958859375 0.8077531640625001 0.691851265625 0.8107199359375 0.6938291140625 0.822587025 0.6898734171875 0.8285205703124999 0.6908623421875 0.8314873421875 0.692840190625 0.833465190625 0.7027294296875 0.833465190625
1 0.70174050625 0.8502768984375001 0.704707278125 0.8532436703125 0.7076740499999999 0.8502768984375001 0.7096518984375 0.8403876578125 0.7066851265625 0.8354430374999999 0.698773734375 0.833465190625 0.6967958859375 0.8354430374999999 0.6908623421875 0.8354430374999999 0.6908623421875 0.8374208859375001 0.6997626578125 0.84236550625 0.70174050625 0.8502768984375001
1 0.510595615625 0 0.5079113921875 0.0037579109375 0.5089003171875001 0.00870253125 0.5128560125 0.012658228125 0.5247231015625 0.012658228125 0.529667721875 0.0077136078124999995 0.5316455703125 0.0017800640625 0.53057753125 0 0.510595615625 0