1 0.5609873328125 0.9276361203124999 0.5763561859374999 0.9143164468749999 0.58455290625 0.8979230046875 0.583528315625 0.880504971875 0.578405365625 0.8630869390625 0.5671348734375 0.8518164468749999 0.5548397921875 0.8497672671875 0.5486922515625 0.8436197265625 0.5466430703125 0.84566890625 0.5343479890625 0.8436197265625 0.5292250375 0.846693496875 0.530249628125 0.8518164468749999 0.5200037265625 0.8538656281250001 0.5107824140624999 0.8651361203124999 0.5107824140624999 0.8835787421875001 0.5128315953125 0.8856279234375 0.5107824140624999 0.902021365625 0.5128315953125 0.90816890625 0.521028315625 0.9204639890624999 0.530249628125 0.9276361203124999 0.542544709375 0.9317344796875 0.5476676609375 0.928660709375 0.5486922515625 0.923537759375 0.55074143125 0.923537759375 0.5548397921875 0.9296853 0.5609873328125 0.9276361203124999
2 0.547259221875 0.553688525 0.5431608609375 0.5557377046875 0.52676741875 0.553688525 0.516521515625 0.559836065625 0.5073002046874999 0.5690573765625 0.5073002046874999 0.6059426234374999 0.5093493859375 0.610040984375 0.5226690578125 0.621311475 0.5288165984375001 0.62336065625 0.5493084015624999 0.62336065625 0.559554303125 0.6172131140625 0.572873975 0.6018442625 0.572873975 0.5936475406249999 0.57492315625 0.5915983609375 0.573898565625 0.5844262296875 0.5708247953125001 0.5731557375 0.5554559421875 0.5557377046875 0.5493084015624999 0.5557377046875 0.547259221875 0.553688525
1 0.49807889375 0.309836065625 0.491931353125 0.30163934375 0.4816854515625 0.295491803125 0.475537909375 0.295491803125 0.4734887296875 0.2934426234375 0.46529200781249996 0.2934426234375 0.45094774531250004 0.2995901640625 0.44172643437500003 0.308811475 0.43762807343750004 0.317008196875 0.43762807343750004 0.3395491796875 0.4458247953125 0.3538934421875 0.45094774531250004 0.35901639375 0.45504610625 0.35901639375 0.4591444671875 0.3631147546875 0.46529200781249996 0.365163934375 0.477587090625 0.365163934375 0.48783299218750004 0.3610655734375 0.49500512343749997 0.3538934421875 0.49910348437499996 0.3415983609375 0.49910348437499996 0.331352459375 0.497054303125 0.329303278125 0.49910348437499996 0.32520491875 0.49807889375 0.309836065625
1 0.5646772546875 0.2985655734375 0.5554559421875 0.2893442625 0.5411116796875 0.283196721875 0.5370133203125 0.2852459015625 0.532914959375 0.283196721875 0.52676741875 0.2852459015625 0.518570696875 0.2893442625 0.5073002046874999 0.3006147546875 0.50320184375 0.308811475 0.5011526640625 0.314959015625 0.505251025 0.3272540984375 0.50320184375 0.3334016390625 0.5073002046874999 0.3415983609375 0.516521515625 0.35081967187499996 0.5247182375 0.3549180328125 0.545210040625 0.3549180328125 0.561603484375 0.34467213124999996 0.5687756140625 0.3354508203125 0.566726434375 0.329303278125 0.5708247953125001 0.32520491875 0.5698002046874999 0.309836065625 0.5646772546875 0.2985655734375
2 0.504226434375 0.8590163937499999 0.497054303125 0.8538934421875 0.497054303125 0.8477459015625 0.489882171875 0.8405737703125 0.4816854515625 0.836475409375 0.461193646875 0.836475409375 0.45094774531250004 0.8426229515625 0.44172643437500003 0.8518442625 0.44172643437500003 0.8559426234374999 0.43557889375 0.8600409843750001 0.4314805328125 0.8702868859375 0.43352971250000005 0.8928278687500001 0.43762807343750004 0.9030737703125 0.4437756140625 0.9112704921875 0.44889856562499997 0.9163934421875 0.45709528749999995 0.9184426234374999 0.461193646875 0.9225409843750001 0.477587090625 0.9225409843750001 0.491931353125 0.9163934421875 0.497054303125 0.9092213109375 0.5011526640625 0.90717213125 0.505251025 0.898975409375 0.504226434375 0.8590163937499999
2 0.5564805328125 0.0854508203125 0.545210040625 0.074180328125 0.5390625 0.074180328125 0.5370133203125 0.0762295078125 0.530865778125 0.072131146875 0.5206198765625001 0.074180328125 0.5073002046874999 0.0854508203125 0.5011526640625 0.0977459015625 0.5011526640625 0.11618852500000001 0.50320184375 0.11823770468749999 0.5011526640625 0.12438524531249999 0.5093493859375 0.136680328125 0.518570696875 0.143852459375 0.52676741875 0.143852459375 0.5288165984375001 0.1459016390625 0.5411116796875 0.143852459375 0.55135758125 0.13770491875 0.5585297125 0.12848360625 0.5564805328125 0.12438524531249999 0.5626280734375 0.11618852500000001 0.561603484375 0.0967213109375 0.5564805328125 0.0854508203125
2 0.48783299218750004 0.553688525 0.463242828125 0.553688525 0.461193646875 0.5557377046875 0.45299692656249996 0.5557377046875 0.4437756140625 0.5629098359375 0.43557889375 0.5772540984375001 0.43557889375 0.5977459015625 0.4437756140625 0.6120901640625 0.45299692656249996 0.6192622953125 0.45709528749999995 0.6192622953125 0.461193646875 0.62336065625 0.4673411890625 0.62336065625 0.46939036874999995 0.6254098359375 0.48373463125000005 0.62336065625 0.49602971250000005 0.6172131140625 0.5011526640625 0.610040984375 0.5021772546875 0.58032786875 0.5011526640625 0.5629098359375 0.491931353125 0.5557377046875 0.48783299218750004 0.553688525
3 0.50625 0.884375 0.1953125 0.1234375
3 0.5015625 0.58125 0.1671875 0.0828125
3 0.4984375 0.325 0.1625 0.0984375
3 0.4953125 0.0984375 0.1515625 0.0984375