2 0.3604268796875 0.5682189546874999 0.3767667484375 0.5682189546874999 0.3920853765625 0.5549428109375001 0.3920853765625 0.548815359375 0.3880004078125 0.5447303921875 0.3900428921875 0.540645425 0.3900428921875 0.5263480390625 0.3869791671875 0.5212418296875 0.3767667484375 0.5151143796875 0.35634191249999997 0.5171568625 0.35225694375 0.519199346875 0.34102328437499996 0.532475490625 0.3420445265625 0.545751634375 0.3451082515625 0.548815359375 0.34306576875 0.55085784375 0.3451082515625 0.55698529375 0.35225694375 0.5641339875 0.3604268796875 0.5682189546874999
1 0.406546521875 0.9459053562499999 0.4014403125 0.9448841140625 0.40348279531250003 0.9387566640625 0.3922491359375 0.9295654875 0.375909265625 0.9316079703125 0.3718242984375 0.9356929375 0.3656968484375 0.937735421875 0.3524207046875 0.9530540484375001 0.3534419453125 0.9765426109374999 0.3656968484375 0.9928824796875 0.375909265625 0.9969674484375 0.3902066515625 0.9949249640625 0.4014403125 0.9836913046875001 0.409610246875 0.967351434375 0.409610246875 0.9489690812499999 0.406546521875 0.9459053562499999
1 0.36848522031250003 0.77999555625 0.3705277046875 0.7779530718750001 0.3766551546875 0.77999555625 0.38482509062500003 0.7759105875000001 0.3919737828125 0.7708043796874999 0.398101234375 0.7605919609375 0.398101234375 0.754464509375 0.40014371718749997 0.7524220265625 0.398101234375 0.73608215625 0.3889100578125 0.724848496875 0.37461267187499997 0.724848496875 0.3725701875 0.7268909796874999 0.3705277046875 0.724848496875 0.35827280156249997 0.724848496875 0.34908162656249997 0.7340396734375 0.34295417499999997 0.7442520921875 0.3439754171875 0.7636556859375 0.354187834375 0.7759105875000001 0.3623577703125 0.77999555625 0.36848522031250003 0.77999555625
1 0.35079700156250004 0.10045385468750001 0.34262706718749997 0.1024963375 0.3385421 0.10453882187500001 0.32526595625 0.11985745 0.3262871984375 0.141303528125 0.3293509234375 0.1484522203125 0.34466955 0.1617283640625 0.3610094203125 0.1637708484375 0.3691793546875 0.15968588125 0.37837053125 0.1464097375 0.3804130140625 0.1402822859375 0.37837053125 0.1218999328125 0.363051903125 0.10453882187500001 0.35079700156250004 0.10045385468750001
2 0.4508463046875 0.7382515671875 0.43961264375000003 0.72701790625 0.4273577421875 0.72701790625 0.4253152578125 0.729060390625 0.42327277499999993 0.72701790625 0.41306035625000004 0.72701790625 0.40386917968749997 0.7362090828125 0.3997842125 0.74437901875 0.4008054546875 0.7576551625 0.40591166406249996 0.7668463375 0.4191878078125 0.7780799984375 0.437570159375 0.7780799984375 0.4508463046875 0.7668463375 0.45493127187500004 0.752548953125 0.45288878749999995 0.75050646875 0.4508463046875 0.7382515671875
1 0.3789597234375 0.10805050624999998 0.3789597234375 0.11826292499999999 0.376917240625 0.12030540781250001 0.37793848125 0.13153906875000002 0.3810022078125 0.1407302453125 0.38815089999999997 0.1478789375 0.390193384375 0.1478789375 0.39223586718750003 0.14379397031250002 0.393257109375 0.1489001796875 0.40040580156249994 0.1540063890625 0.406533253125 0.1540063890625 0.4085757375 0.1519639046875 0.4126607046875 0.1519639046875 0.41674567187499995 0.149921421875 0.42389436406250003 0.142772728125 0.42797933125 0.13460279375 0.42797933125 0.1141779578125 0.42389436406250003 0.1060080234375 0.41470318749999996 0.096816846875 0.4106182203125 0.0947743625 0.4044907703125 0.0947743625 0.40244828593750004 0.09273187968749999 0.3942783515625 0.0947743625 0.390193384375 0.10090181406250001 0.3840659328125 0.10090181406250001 0.3789597234375 0.10805050624999998
2 0.4773475953125 0.137863353125 0.4773475953125 0.127650934375 0.473262628125 0.117438515625 0.4620289671875 0.10824734062500001 0.457944 0.1102898234375 0.4538590328125 0.10824734062500001 0.43547667968750003 0.1102898234375 0.426285503125 0.121523484375 0.4273067453125 0.14909701250000001 0.4283279875 0.1521607390625 0.44160413125 0.1633943984375 0.45590151562500003 0.1633943984375 0.459986484375 0.15930943125000002 0.46407145156249996 0.15930943125000002 0.47122014375 0.1521607390625 0.4773475953125 0.137863353125
1 0.43705031875 0.51342955 0.43296550937499995 0.509572290625 0.4270652140625 0.5084377984375 0.42229962031249996 0.5070764171875 0.41435692812499997 0.5068495109375 0.4089105046875 0.50889159375 0.405052653125 0.51138746875 0.4011947703125 0.5156985359374999 0.39756381093750004 0.52409376875 0.3942032484375 0.5317245953125 0.39189046250000004 0.534984859375 0.39189046250000004 0.5395228171875 0.392798225 0.5433800921875 0.3939328828125 0.5465566500000001 0.39506755625 0.5499601140625 0.3984715578125 0.5529097984375 0.4041449046875 0.5569939625 0.40913746250000005 0.5594898374999999 0.4120875984375 0.56062433125 0.41980335156250004 0.5619857140625 0.4243420265625 0.561305015625 0.4297884328125 0.5594898374999999 0.43296550937499995 0.5563132640624999 0.4390927234375 0.5481449375 0.4413620609375 0.5436069796874999 0.44385833124999996 0.5399766265625 0.44385833124999996 0.532488984375 0.444766071875 0.5254551359375 0.443177525 0.52114408125 0.4406812609375 0.51705991875 0.43705031875 0.51342955
3 0.3890625 0.1453125 0.1171875 0.1140625
3 0.3890625 0.328125 0.13125 0.075
3 0.4 0.54375 0.13125 0.103125
3 0.4125 0.7484375 0.1203125 0.0890625
3 0.4203125 0.9609375 0.1359375 0.078125