1 0.4927652734375 0.6923231515625 0.4927652734375 0.7043810296874999 0.50180868125 0.715434084375 0.513866559375 0.7174437296875 0.5269292609375 0.7104099671874999 0.530948553125 0.7023713828125 0.530948553125 0.69634244375 0.5269292609375 0.6883038578125 0.520900321875 0.6822749203125 0.503818328125 0.681270096875 0.49477492031250003 0.6883038578125 0.4927652734375 0.6923231515625
0 0.5470257234375 0.69634244375 0.5470257234375 0.708400321875 0.5540594859375 0.7174437296875 0.558078778125 0.7194533765625 0.5741559484375001 0.7194533765625 0.58319935625 0.7104099671874999 0.585209003125 0.7003617359375001 0.58319935625 0.694332796875 0.578175240625 0.6872990359375 0.5711414796875001 0.684284565625 0.5641077171875 0.6832797421875 0.5540594859375 0.6872990359375 0.5470257234375 0.69634244375
1 0.629421221875 0.7043810296874999 0.627411575 0.708400321875 0.627411575 0.718448553125 0.6344453375 0.7274919609375 0.646503215625 0.7295016078125001 0.659565915625 0.7204582 0.6615755625 0.71643890625 0.6615755625 0.706390675 0.65152733125 0.69634244375 0.6424839234374999 0.6953376203125 0.636454984375 0.6973472671875001 0.629421221875 0.7043810296874999
1 0.7801446953125 0.5456189703125001 0.77411575625 0.5576768484375 0.772106109375 0.5777733125 0.77411575625 0.5797829578125 0.77411575625 0.58782154375 0.7781350484375 0.595860128125 0.789188103125 0.6069131828125001 0.8012459812499999 0.612942121875 0.8173231515625 0.612942121875 0.8273713828125 0.6089228296875 0.8404340843749999 0.597869775 0.850482315625 0.5777733125 0.850482315625 0.555667203125 0.8444533765625 0.541599678125 0.833400321875 0.5305466234375 0.8243569125000001 0.5255225078125 0.8112942125 0.524517684375 0.799236334375 0.528536978125 0.7801446953125 0.5456189703125001
1 1 0.539188103125 0.9991961421875001 0.5375803859375 0.9871382640625 0.5275321546875 0.9780948546875001 0.52652733125 0.9650321546875 0.53356109375 0.959003215625 0.5456189703125001 0.95699356875 0.5596864953125 0.9549839234374999 0.5616961421875 0.9549839234374999 0.5697347265625 0.95699356875 0.5717443734375001 0.959003215625 0.5838022515625 0.9680466234375 0.592845659375 0.9740755625 0.5948553046875 0.9801045015625001 0.5948553046875 0.9881430874999999 0.5908360125 0.9991961421875001 0.5777733125 1 0.575763665625 1 0.539188103125
1 0.8826366562500001 0.6119372984375 0.8766077171875001 0.6260048234375 0.8786173640625 0.644091640625 0.8836414796875 0.6511254015625 0.88967041875 0.6551446953125 0.9017282953124999 0.6551446953125 0.914790996875 0.644091640625 0.9208199359375 0.6340434078125 0.9208199359375 0.619975884375 0.9188102890625001 0.6139469453124999 0.9137861734375001 0.6069131828125001 0.9067524109375 0.6018890671875 0.9017282953124999 0.60088424375 0.88967041875 0.6049035375 0.8826366562500001 0.6119372984375
1 0.8585209 0.6682073953125001 0.8585209 0.6782556265624999 0.8675643093750001 0.68930868125 0.8776125406249999 0.68930868125 0.8816318328125 0.6872990359375 0.8926848875 0.67624598125 0.8926848875 0.6601688109375 0.8826366562500001 0.650120578125 0.87560289375 0.64911575625 0.8705787781250001 0.6581591640625 0.8585209 0.6682073953125001
1 0.792202571875 0.6883038578125 0.792202571875 0.694332796875 0.79421221875 0.7003617359375001 0.799236334375 0.7053858515625 0.8032556265625 0.7073954984374999 0.8133038578124999 0.7073954984374999 0.826366559375 0.69634244375 0.8243569125000001 0.67624598125 0.8203376203125 0.6722266875 0.8072749203124999 0.671221865625 0.796221865625 0.6802652734375 0.792202571875 0.6883038578125
1 0.762057878125 0.7023713828125 0.7640675234375001 0.708400321875 0.7711012859374999 0.715434084375 0.7831591640625 0.715434084375 0.792202571875 0.708400321875 0.79421221875 0.7043810296874999 0.792202571875 0.6862942125 0.7861736328125 0.6822749203125 0.775120578125 0.681270096875 0.7640675234375001 0.6923231515625 0.762057878125 0.7023713828125
0 0.8323954984374999 0.6340434078125 0.82837620625 0.644091640625 0.82837620625 0.654139871875 0.8323954984374999 0.66217845625 0.8434485531249999 0.671221865625 0.853496784375 0.671221865625 0.8615353703125 0.667202571875 0.8705787781250001 0.6581591640625 0.8745980703124999 0.6481109328125 0.8745980703124999 0.6380627015625 0.8685691312499999 0.6260048234375 0.8585209 0.619975884375 0.8514871375 0.6189710609375 0.8434485531249999 0.622990353125 0.8323954984374999 0.6340434078125
0 0.826366559375 0.6923231515625 0.833400321875 0.6973472671875001 0.8454582 0.6973472671875001 0.8545016078125001 0.6903135046875 0.8585209 0.6822749203125 0.8585209 0.6722266875 0.85550643125 0.66921221875 0.853496784375 0.671221865625 0.8434485531249999 0.671221865625 0.8344051453124999 0.6661977484375 0.8303858515625 0.6661977484375 0.8243569125000001 0.67624598125 0.826366559375 0.6923231515625
0 0.8193327968749999 0.70337620625 0.8112942125 0.7053858515625 0.8102893890624999 0.708400321875 0.823352090625 0.7094051453125 0.8323954984374999 0.7003617359375001 0.8323954984374999 0.69634244375 0.82837620625 0.694332796875 0.8273713828125 0.693327975 0.8243569125000001 0.69634244375 0.8193327968749999 0.70337620625