1 0.5694444437499999 0.8696428578125 0.5744047625 0.8746031750000001 0.578373015625 0.8746031750000001 0.5863095234375 0.88055555625 0.59424603125 0.88055555625 0.6001984125 0.878571428125 0.609126984375 0.8696428578125 0.6111111109375 0.8636904765625 0.6111111109375 0.8458333328125001 0.6071428578125 0.837896825 0.6001984125 0.83095238125 0.5922619046875 0.8269841265625001 0.5803571421875 0.8269841265625001 0.5793650796875001 0.833928571875 0.578373015625 0.834920634375 0.5763888890625 0.83095238125 0.5744047625 0.83095238125 0.5674603171875 0.837896825 0.5664682546875001 0.8428571421875001 0.565476190625 0.859722221875 0.5694444437499999 0.8636904765625 0.5694444437499999 0.8696428578125
1 0.56845238125 0.49761904687499997 0.5704365078125 0.4956349203125 0.572420634375 0.5015873015625 0.5823412703125 0.5015873015625 0.5922619046875 0.49761904687499997 0.6011904765625 0.48670634843749994 0.6011904765625 0.47083333281249995 0.597222221875 0.46289682499999996 0.590277778125 0.45595238125000004 0.5823412703125 0.4519841265625 0.572420634375 0.4519841265625 0.5694444437499999 0.45496031718749996 0.56845238125 0.45992063437499997 0.5605158734375 0.45992063437499997 0.5555555562500001 0.4668650796875 0.5545634921875 0.471825396875 0.5555555562500001 0.49265872968749996 0.5625 0.49761904687499997 0.56845238125 0.49761904687499997
2 0.5545634921875 0.30119047656250003 0.5625 0.2992063484375 0.56845238125 0.303174603125 0.584325396875 0.29722222187499997 0.5892857140625 0.2922619046875 0.59325396875 0.284325396875 0.5952380953125 0.272420634375 0.591269840625 0.2605158734375 0.5803571421875 0.249603175 0.5664682546875001 0.247619046875 0.559523809375 0.252579365625 0.5585317453124999 0.2575396828125 0.55654761875 0.253571428125 0.5545634921875 0.253571428125 0.547619046875 0.2605158734375 0.5486111109375 0.2634920640625 0.5515873015625 0.26448412656250003 0.54365079375 0.2704365078125 0.5426587296875 0.27539682499999996 0.5416666671875 0.2803571421875 0.547619046875 0.29623015937499997 0.5545634921875 0.30119047656250003
2 0.521875 0.2953125 0.0421875 0.04375
2 0.475 0.2828125 0.046875 0.046875
2 0.496875 0.8515625 0.0453125 0.05
2 0.5171875 0.09375 0.05 0.059375
1 0.465625 0.0921875 0.05 0.053125
1 0.5328125 0.4859375 0.04375 0.05
1 0.4859375 0.48125 0.046875 0.0453125
1 0.54375 0.840625 0.040625 0.0484375
3 0.5296875 0.84375 0.115625 0.0828125
3 0.5265625 0.6671875 0.125 0.0796875
3 0.51875 0.484375 0.121875 0.0578125
3 0.509375 0.2875 0.1265625 0.0796875
3 0.496875 0.0921875 0.134375 0.096875