1 0.5234375 0.478125 0.04375 0.0421875
1 0.934375 0.5078125 0.04375 0.0390625
2 0.725 0.4703125 0.0515625 0.04375
2 0.7140625 0.5171875 0.046875 0.0390625
2 0.1671875 0.4953125 0.05 0.0359375
2 0.1609375 0.5390625 0.053125 0.0421875
1 0.9140625 0.4609375 0.05625 0.05
2 0.34375 0.534375 0.0453125 0.0421875
1 0.3359375 0.4890625 0.04375 0.0421875
1 0.5265625 0.525 0.04375 0.0375
2 0.509984025 0.5593051124999999 0.5109824281249999 0.5642971250000001 0.515974440625 0.5652955265624999 0.505990415625 0.5672923328125 0.505990415625 0.5792731625 0.509984025 0.5872603828125 0.520966453125 0.59624600625 0.5349440890625 0.5982428109375 0.5409345046875 0.59624600625 0.5519169328125 0.5872603828125 0.5539137375000001 0.5832667734375 0.55591054375 0.573282746875 0.5539137375000001 0.5672923328125 0.5479233234375 0.5613019171875 0.549920128125 0.5593051124999999 0.5479233234375 0.5553115015625 0.5399361015624999 0.551317890625 0.5189696484375 0.5503194890625001 0.51198083125 0.5553115015625 0.509984025 0.5593051124999999
1 0.727473946875 0.5420599968750001 0.7204851296875 0.5450552046875 0.718488325 0.5550392296875 0.7134963109375 0.5560376328125 0.710501103125 0.559032840625 0.710501103125 0.5730104765624999 0.7154931171875 0.57999929375 0.7254771421874999 0.585989709375 0.7434483875 0.585989709375 0.751435609375 0.5819960984375 0.7584244265625 0.57500728125 0.7624180375 0.5670200609375 0.7624180375 0.557036034375 0.7594228296875001 0.554040828125 0.7544308156249999 0.553042425 0.756427621875 0.5490488140625 0.7544308156249999 0.5450552046875 0.7484404015624999 0.5410615937500001 0.739454778125 0.5400631921875 0.7374579734375 0.5420599968750001 0.727473946875 0.5420599968750001
3 0.1640625 0.5203125 0.090625 0.1203125
3 0.340625 0.51875 0.078125 0.1234375
3 0.5265625 0.5125 0.0671875 0.121875
3 0.7234375 0.4984375 0.0875 0.134375
3 0.91875 0.49375 0.090625 0.1328125