1 0.558148734375 0.301226265625 0.5591376578125 0.3002373421875 0.56111550625 0.3002373421875 0.5660601265625 0.295292721875 0.5660601265625 0.2933148734375 0.568037975 0.29133702499999997 0.568037975 0.2794699359375 0.5591376578125 0.2705696203125 0.5532041140625 0.2705696203125 0.551226265625 0.268591771875 0.5492484171875 0.2705696203125 0.5433148734375 0.2705696203125 0.5363924046874999 0.2774920890625 0.5363924046874999 0.2794699359375 0.53441455625 0.281447784375 0.53441455625 0.2893591765625 0.5363924046874999 0.29133702499999997 0.5363924046874999 0.2933148734375 0.538370253125 0.295292721875 0.538370253125 0.2972705703125 0.5393591765625 0.29825949375 0.541337025 0.29825949375 0.545292721875 0.302215190625 0.557159809375 0.302215190625 0.558148734375 0.301226265625
0 0.6066060125 0.3002373421875 0.6085838609375 0.3002373421875 0.6155063296875001 0.2933148734375 0.6155063296875001 0.29133702499999997 0.6174841765625 0.2893591765625 0.6174841765625 0.2794699359375 0.61352848125 0.275514240625 0.61352848125 0.2735363921875 0.61253955625 0.27254746875 0.610561709375 0.27254746875 0.6066060125 0.268591771875 0.5947389234375 0.268591771875 0.5927610765625 0.2705696203125 0.5907832281250001 0.2705696203125 0.583860759375 0.2774920890625 0.583860759375 0.2893591765625 0.5858386078125 0.29133702499999997 0.5858386078125 0.2933148734375 0.5907832281250001 0.29825949375 0.5927610765625 0.29825949375 0.5986946203125 0.302215190625 0.6046281640625 0.302215190625 0.6056170890625 0.301226265625 0.6066060125 0.3002373421875
1 0.6590189875 0.275514240625 0.6609968359375 0.28540348125000004 0.6698971515625 0.294303796875 0.6827531640625 0.2933148734375 0.69066455625 0.28540348125000004 0.69066455625 0.275514240625 0.688686709375 0.27155854375 0.6797863921875 0.2646360765625 0.6679193031249999 0.2646360765625 0.6590189875 0.275514240625
1 0.80933544375 0.4001186703125 0.8073575953125 0.386273734375 0.8014240499999999 0.3744066453125 0.7885680374999999 0.3615506328125 0.778678796875 0.3575949359375 0.7589003171875001 0.3575949359375 0.7529667718749999 0.359572784375 0.74406645625 0.3684731015625 0.7381329109375 0.3783623421875 0.7381329109375 0.3882515828125 0.7361550640625001 0.3902294296875 0.7381329109375 0.3941851265625 0.7381329109375 0.4040743671875 0.74406645625 0.41594145625 0.75692246875 0.42879746875 0.7767009500000001 0.4367088609375 0.7816455703125 0.43571993593749997 0.792523734375 0.42879746875 0.805379746875 0.4139636078125 0.8073575953125 0.40209651874999996 0.80933544375 0.4001186703125
1 0.8815268984375001 0.38132911406250003 0.889438290625 0.385284809375 0.90031645625 0.38429588593749997 0.9102056968750001 0.372428796875 0.9102056968750001 0.3526503171875 0.90625 0.3447389234375 0.89932753125 0.33781645625 0.889438290625 0.333860759375 0.8795490499999999 0.3358386078125 0.8746044296875001 0.3388053796875 0.8686708859375001 0.35067246875 0.870648734375 0.366495253125 0.8746044296875001 0.3744066453125 0.8815268984375001 0.38132911406250003
1 0.877571203125 0.308148734375 0.870648734375 0.3130933546875 0.8686708859375001 0.31704905 0.8686708859375001 0.3308939875 0.87361550625 0.33781645625 0.8795490499999999 0.3358386078125 0.90031645625 0.33682753125 0.8983386078125 0.31704905 0.8914161390625001 0.3101265828125 0.88746044375 0.308148734375 0.877571203125 0.308148734375
1 0.8310917718749999 0.3229825953125 0.8370253171875 0.3190268984375 0.8390031640625001 0.2992484171875 0.828125 0.2903481015625 0.8162579109375001 0.2903481015625 0.80933544375 0.2992484171875 0.811313290625 0.315071203125 0.82219145625 0.32397151874999996 0.8310917718749999 0.3229825953125
1 0.811313290625 0.29133702499999997 0.8063686703125 0.28441455625 0.798457278125 0.2804588609375 0.792523734375 0.2804588609375 0.7885680374999999 0.282436709375 0.7836234171875 0.2893591765625 0.7836234171875 0.301226265625 0.7895569625000001 0.3091376578125 0.7964794296875 0.314082278125 0.8034018984375001 0.3130933546875 0.80933544375 0.3091376578125 0.811313290625 0.29133702499999997
0 0.856803796875 0.366495253125 0.864715190625 0.3585838609375 0.8686708859375001 0.35067246875 0.8666930374999999 0.3348496828125 0.8558148734375 0.32199367031250004 0.8518591765625001 0.3200158234375 0.838014240625 0.3200158234375 0.8291139234375 0.326938290625 0.8251582281250001 0.33682753125 0.8251582281250001 0.3447389234375 0.838014240625 0.36352848125000004 0.8459256328125001 0.3674841765625 0.856803796875 0.366495253125
0 0.8686708859375001 0.3130933546875 0.8627373421875 0.30320411406250003 0.853837025 0.29825949375 0.8419699359375 0.3002373421875 0.8370253171875 0.307159809375 0.8370253171875 0.31704905 0.8399920890624999 0.3200158234375 0.8518591765625001 0.3200158234375 0.863726265625 0.3299050640625 0.864715190625 0.3289161390625 0.8686708859375001 0.32496044375 0.8686708859375001 0.3130933546875
1 0.9606408234374999 0.38924050625 0.9566851265625 0.3872626578125 0.9448180374999999 0.3872626578125 0.9408623421875 0.38924050625 0.931962025 0.4001186703125 0.9299841765625001 0.40605221562500005 0.9299841765625001 0.425830696875 0.935917721875 0.4396756328125 0.9467958859375001 0.45055379687499997 0.954707278125 0.45450949375 0.961629746875 0.45352057031250004 0.968552215625 0.44857595000000006 0.9754746828125 0.4396756328125 0.9754746828125 0.4337420890625 0.97745253125 0.431764240625 0.97745253125 0.4139636078125 0.9734968359374999 0.40209651874999996 0.9606408234374999 0.38924050625
1 1 0.5012526375 0.9962420890624999 0.5 0.9863528484374999 0.5 0.974485759375 0.5039556968750001 0.9596518984375001 0.5207674046874999 0.95174050625 0.542523734375 0.95174050625 0.568235759375 0.9537183546874999 0.5702136078125 0.9576740499999999 0.588014240625 0.9665743671874999 0.5988924046874999 0.97844145625 0.6048259500000001 0.99129746875 0.603837025 0.9982199359375 0.600870253125 1 0.599090190625 1 0.5012526375
1 1 0.4070411390625 0.9982199359375 0.4070411390625 0.9873417718749999 0.4139636078125 0.9814082281250001 0.431764240625 0.9833860765625 0.44758702499999997 0.9873417718749999 0.45945411406250003 0.9982199359375 0.46835442968749996 1 0.46776107656250004 1 0.4070411390625