1 0.48828125 0.3056640625 0.490234375 0.3095703125 0.4990234375 0.31640625 0.515625 0.3154296875 0.521484375 0.3095703125 0.525390625 0.3017578125 0.525390625 0.2958984375 0.521484375 0.2880859375 0.5087890625 0.28125 0.4970703125 0.283203125 0.48828125 0.2939453125 0.48828125 0.3056640625
0 0.541015625 0.2900390625 0.541015625 0.3017578125 0.5478515625 0.310546875 0.5576171875 0.314453125 0.564453125 0.3134765625 0.5712890625 0.310546875 0.576171875 0.3037109375 0.578125 0.2978515625 0.576171875 0.2880859375 0.5673828125 0.279296875 0.5517578125 0.279296875 0.5478515625 0.28125 0.541015625 0.2900390625
1 0.62109375 0.2939453125 0.6279296875 0.30078125 0.6337890625 0.302734375 0.642578125 0.3017578125 0.65234375 0.2919921875 0.65234375 0.2822265625 0.650390625 0.2783203125 0.6376953125 0.26953125 0.6259765625 0.271484375 0.619140625 0.2802734375 0.619140625 0.2900390625 0.62109375 0.2939453125
1 0.7880859375 0.3828125 0.7763671875 0.388671875 0.765625 0.3994140625 0.76171875 0.4072265625 0.76171875 0.4150390625 0.759765625 0.4169921875 0.76171875 0.4365234375 0.767578125 0.4482421875 0.7861328125 0.46484375 0.7978515625 0.46875 0.810546875 0.4677734375 0.8193359375 0.462890625 0.830078125 0.4521484375 0.8359375 0.4384765625 0.8359375 0.4169921875 0.826171875 0.3974609375 0.8134765625 0.38671875 0.8037109375 0.3828125 0.7880859375 0.3828125
1 0.9501953125 0.40234375 0.94140625 0.4111328125 0.939453125 0.4228515625 0.9375 0.4248046875 0.9375 0.4326171875 0.939453125 0.4345703125 0.94140625 0.4482421875 0.947265625 0.4599609375 0.9599609375 0.466796875 0.96875 0.4658203125 0.98046875 0.4560546875 0.984375 0.4482421875 0.984375 0.4267578125 0.98046875 0.4169921875 0.9697265625 0.404296875 0.9619140625 0.400390625 0.9560546875 0.400390625 0.9501953125 0.40234375
1 0.8681640625 0.345703125 0.86328125 0.3525390625 0.861328125 0.3701171875 0.8671875 0.3837890625 0.8740234375 0.390625 0.8857421875 0.39453125 0.890625 0.3935546875 0.8974609375 0.388671875 0.90234375 0.3818359375 0.904296875 0.3759765625 0.904296875 0.3623046875 0.8984375 0.3525390625 0.8857421875 0.341796875 0.8740234375 0.341796875 0.8681640625 0.345703125
1 0.85546875 0.3388671875 0.8603515625 0.34765625 0.8671875 0.3466796875 0.876953125 0.3369140625 0.876953125 0.3212890625 0.8662109375 0.310546875 0.8623046875 0.30859375 0.8525390625 0.30859375 0.84375 0.3193359375 0.84375 0.3291015625 0.85546875 0.3388671875
1 0.779296875 0.3095703125 0.783203125 0.3173828125 0.7939453125 0.326171875 0.806640625 0.3251953125 0.810546875 0.3212890625 0.8125 0.3017578125 0.7998046875 0.291015625 0.7900390625 0.291015625 0.7861328125 0.29296875 0.78125 0.2978515625 0.779296875 0.3037109375 0.779296875 0.3095703125
1 0.751953125 0.3056640625 0.7626953125 0.31640625 0.7734375 0.3154296875 0.779296875 0.3115234375 0.78125 0.2939453125 0.779296875 0.2900390625 0.7705078125 0.283203125 0.7587890625 0.283203125 0.751953125 0.2900390625 0.75 0.2958984375 0.751953125 0.3056640625
0 0.818359375 0.3349609375 0.814453125 0.3427734375 0.814453125 0.3525390625 0.818359375 0.3623046875 0.8291015625 0.373046875 0.8369140625 0.376953125 0.84375 0.3759765625 0.853515625 0.3701171875 0.859375 0.3583984375 0.859375 0.3486328125 0.85546875 0.3388671875 0.8466796875 0.330078125 0.8388671875 0.326171875 0.8291015625 0.326171875 0.818359375 0.3349609375
0 0.8193359375 0.30078125 0.8125 0.3056640625 0.810546875 0.3212890625 0.81640625 0.3310546875 0.8203125 0.3310546875 0.8291015625 0.326171875 0.8388671875 0.326171875 0.8408203125 0.328125 0.84375 0.3251953125 0.84375 0.3154296875 0.83984375 0.3076171875 0.8310546875 0.30078125 0.8193359375 0.30078125
0 0.8134765625 0.3046875 0.814453125 0.3037109375 0.818359375 0.3017578125 0.818359375 0.2978515625 0.8095703125 0.2890625 0.796875 0.2900390625 0.7978515625 0.29296875 0.8056640625 0.294921875 0.810546875 0.3017578125 0.8134765625 0.3046875