2 0.5451732671875 0.737211221875 0.5307343234374999 0.7289603953125 0.5152640265625 0.7134900984375 0.5070132015625 0.6969884484375 0.5028877890625 0.6784240921875 0.49773102343750003 0.6753300328125 0.4874174921875 0.6773927390625001 0.47091584218750004 0.6856435640625 0.45750825156249997 0.6990511546875 0.4533828390625 0.7073019796875 0.45132013125 0.7196782171875 0.449257425 0.7217409234375001 0.45132013125 0.7464934000000001 0.45750825156249997 0.7588696374999999 0.4657590765625 0.7691831687499999 0.48329207968750004 0.7805280531250001 0.49566831718750004 0.784653465625 0.5183580859375 0.784653465625 0.5307343234374999 0.7805280531250001 0.5431105609375 0.774339934375 0.5585808578125 0.7588696374999999 0.5616749171875 0.751650165625 0.5627062703125 0.74443069375 0.5596122109375 0.741336634375 0.5451732671875 0.737211221875
2 0.33890264062500003 0.757838284375 0.324463696875 0.759900990625 0.317244225 0.7671204625 0.3131188125 0.77743399375 0.3131188125 0.7836221125 0.317244225 0.7918729375 0.324463696875 0.799092409375 0.334777228125 0.8032178218749999 0.349216171875 0.8032178218749999 0.35334158437499996 0.8011551156250001 0.36056105625 0.79393564375 0.361592409375 0.782590759375 0.3626237625 0.7753712875 0.35643564375 0.7671204625 0.33890264062500003 0.757838284375
2 0.334777228125 0.8052805281250001 0.32755775625 0.8104372937500001 0.3213696375 0.8248762375 0.32549505 0.83518976875 0.332714521875 0.8424092406250001 0.3378712875 0.8434405937499999 0.3378712875 0.82900165 0.33993399375 0.8228135312499999 0.347153465625 0.815594059375 0.355404290625 0.811468646875 0.355404290625 0.807343234375 0.349216171875 0.8052805281250001 0.334777228125 0.8052805281250001
2 0.35334158437499996 0.811468646875 0.33993399375 0.8228135312499999 0.33580858125 0.837252475 0.3378712875 0.8434405937499999 0.349216171875 0.854785478125 0.35334158437499996 0.856848184375 0.35643564375 0.85581683125 0.35231023125 0.8475660062499999 0.35231023125 0.83518976875 0.35643564375 0.8248762375 0.371905940625 0.815594059375 0.37293729375 0.8145627062499999 0.369843234375 0.811468646875 0.35334158437499996 0.811468646875
2 0.30693069375 0.6516089109375 0.31105610625 0.6474834984375 0.310024753125 0.6443894390625 0.307962046875 0.6443894390625 0.29867986874999997 0.6516089109375 0.29455445468749997 0.6619224421875 0.29455445468749997 0.6681105609375 0.2966171609375 0.6742986796875 0.30383663437499997 0.6835808578125 0.310024753125 0.6877062703125 0.316212871875 0.6877062703125 0.317244225 0.6846122109375 0.30693069375 0.6722359734375 0.30693069375 0.6516089109375
2 0.3048679875 0.6144801984375 0.3048679875 0.6041666671875 0.3089934 0.5938531359375 0.305899340625 0.5928217828125 0.29867986874999997 0.5979785484375 0.2966171609375 0.6021039609375001 0.29455445468749997 0.6165429046875001 0.29867986874999997 0.6268564359375 0.305899340625 0.6340759078125 0.314150165625 0.6382013203125 0.320338284375 0.6382013203125 0.3213696375 0.6371699671875 0.3089934 0.6247937296875 0.3048679875 0.6144801984375
2 0.29867986874999997 0.540222771875 0.2966171609375 0.546410890625 0.2966171609375 0.556724421875 0.300742575 0.567037953125 0.310024753125 0.5763201312499999 0.316212871875 0.5783828390625 0.31930693125 0.5773514843750001 0.31930693125 0.575288778125 0.3131188125 0.564975246875 0.3131188125 0.546410890625 0.31930693125 0.536097359375 0.324463696875 0.5330033000000001 0.324463696875 0.5288778875 0.312087459375 0.5288778875 0.29867986874999997 0.540222771875
2 0.347153465625 0.5288778875 0.330651815625 0.5288778875 0.324463696875 0.53094059375 0.31930693125 0.536097359375 0.3131188125 0.546410890625 0.3131188125 0.564975246875 0.317244225 0.573226071875 0.32652640312500003 0.5804455453124999 0.32755775625 0.569100659375 0.340965346875 0.5536303625000001 0.35127887812499997 0.54950495 0.365717821875 0.54950495 0.366749175 0.546410890625 0.355404290625 0.5330033000000001 0.347153465625 0.5288778875
2 0.332714521875 0.5990099015625 0.3213696375 0.6082920796875 0.31930693125 0.6124174921875001 0.31930693125 0.6268564359375 0.3213696375 0.6289191421875 0.3213696375 0.6351072609374999 0.32652640312500003 0.6423267328125 0.33683993437500004 0.6485148515625 0.33993399375 0.6474834984375 0.3378712875 0.6371699671875 0.33993399375 0.6351072609374999 0.33993399375 0.6268564359375 0.35127887812499997 0.6134488453125 0.35127887812499997 0.6113861390625 0.33890264062500003 0.6051980203125 0.332714521875 0.5990099015625
2 0.380156765625 0.6072607265625 0.36365511562499997 0.6072607265625 0.35334158437499996 0.6113861390625 0.34199670000000004 0.6227310234375001 0.3378712875 0.6351072609374999 0.3378712875 0.6454207921874999 0.349216171875 0.6670792078125001 0.36365511562499997 0.6753300328125 0.375 0.6763613859375 0.375 0.6722359734375 0.36881188125 0.6598597359375 0.36881188125 0.6433580859375 0.375 0.6289191421875 0.390470296875 0.6155115515625 0.39150165000000003 0.6144801984375 0.38634488437500003 0.6093234328125 0.380156765625 0.6072607265625
2 0.44616336562500003 0.192656765625 0.43894389375 0.18543729375 0.431724421875 0.16584158437500002 0.42347359687499997 0.167904290625 0.41316006562499996 0.176155115625 0.4080033 0.18543729375 0.4080033 0.19368811875 0.40594059375 0.19575082500000002 0.4080033 0.19781353125 0.4080033 0.20400165 0.41316006562499996 0.21122112187500003 0.419348184375 0.21122112187500003 0.42347359687499997 0.20709570937500002 0.437912540625 0.205033003125 0.439975246875 0.202970296875 0.452351484375 0.205033003125 0.4585396046875 0.209158415625 0.4647277234375 0.20709570937500002 0.4647277234375 0.198844884375 0.4585396046875 0.198844884375 0.44616336562500003 0.192656765625
2 0.380156765625 0.2689768984375 0.373968646875 0.2669141921875 0.36365511562499997 0.2669141921875 0.35334158437499996 0.2710396046875 0.34405940625000003 0.2823844890625 0.34405940625000003 0.3009488453125 0.34612211249999997 0.30507425781249997 0.35127887812499997 0.3102310234375 0.36365511562499997 0.3143564359375 0.376031353125 0.3122937296875 0.38943894375 0.2988861390625 0.390470296875 0.2937293734375 0.39150165000000003 0.28444719531249996 0.38943894375 0.27825907656250004 0.380156765625 0.2689768984375
0 0.365717821875 0.3143564359375 0.359529703125 0.3122937296875 0.343028053125 0.3143564359375 0.33168316875000003 0.3257013203125 0.3296204625 0.3318894390625 0.33168316875000003 0.3483910890625 0.340965346875 0.3576732671875 0.347153465625 0.35973597343749997 0.361592409375 0.3576732671875 0.37293729375 0.3483910890625 0.376031353125 0.3411716171875 0.37706270625 0.3298267328125 0.37293729375 0.3215759078125 0.365717821875 0.3143564359375
0 0.384282178125 0.202970296875 0.378094059375 0.205033003125 0.36881188125 0.21225247500000002 0.36468646875 0.2246287125 0.366749175 0.23700495 0.373968646875 0.244224421875 0.382219471875 0.246287128125 0.383250825 0.23287953749999998 0.3873762375 0.2246287125 0.39872112187500003 0.215346534375 0.406971946875 0.21328382812500002 0.4080033 0.20812706250000002 0.39872112187500003 0.202970296875 0.384282178125 0.202970296875
0 0.40594059375 0.2493811875 0.40387788750000003 0.24319306875 0.40387788750000003 0.23081683125 0.41006600625 0.21844059374999997 0.41006600625 0.21431518125000001 0.404909240625 0.21328382812500002 0.39872112187500003 0.215346534375 0.3873762375 0.2246287125 0.383250825 0.23287953749999998 0.383250825 0.2493811875 0.3873762375 0.2576320125 0.39872112187500003 0.2669141921875 0.404909240625 0.2689768984375 0.415222771875 0.2689768984375 0.42347359687499997 0.264851484375 0.42347359687499997 0.262788778125 0.417285478125 0.260726071875 0.40594059375 0.2493811875
0 0.4564768984375 0.20709570937500002 0.44616336562500003 0.202970296875 0.435849834375 0.202970296875 0.419348184375 0.209158415625 0.41006600625 0.21637788750000003 0.40387788750000003 0.22875412499999997 0.40387788750000003 0.24319306875 0.4080033 0.25144389375 0.417285478125 0.260726071875 0.425536303125 0.264851484375 0.44616336562500003 0.264851484375 0.46060231093750004 0.256600659375 0.47091584218750004 0.244224421875 0.47194719531249996 0.22669141874999998 0.4678217828125 0.21844059374999997 0.4564768984375 0.20709570937500002
0 0.49154290468750006 0.11221122187499999 0.48329207968750004 0.10808580781249999 0.4585396046875 0.10808580781249999 0.450288778125 0.11221122187499999 0.44100659999999997 0.1214934 0.43688118749999993 0.1338696375 0.442037953125 0.147277228125 0.452351484375 0.139026403125 0.4626650171875 0.139026403125 0.4647277234375 0.136963696875 0.48329207968750004 0.139026403125 0.49566831718750004 0.147277228125 0.5018564359375 0.145214521875 0.5028877890625 0.129744225 0.4987623765625 0.11943069375 0.49154290468750006 0.11221122187499999
1 0.4987623765625 0.0699257421875 0.49154290468750006 0.0647689765625 0.4771039609375 0.0627062703125 0.4750412546875 0.0647689765625 0.4688531359375 0.0647689765625 0.4585396046875 0.0709570953125 0.45132013125 0.08023927343750001 0.45132013125 0.0926155109375 0.4533828390625 0.0967409234375 0.46060231093750004 0.10396039531250001 0.4688531359375 0.10808580781249999 0.49360561093750005 0.10602310156250001 0.4997937296875 0.10396039531250001 0.5059818484374999 0.09777227656250001 0.5070132015625 0.0946782171875 0.4987623765625 0.0781765671875 0.4987623765625 0.0699257421875
1 0.5616749171875 0.052392739062500006 0.5431105609375 0.0462046203125 0.5327970296875 0.0462046203125 0.5142326734375 0.052392739062500006 0.5070132015625 0.057549504687499996 0.4987623765625 0.07198844843749999 0.5049504953125 0.0905528046875 0.5121699671875 0.09777227656250001 0.5183580859375 0.1018976890625 0.5327970296875 0.10396039531250001 0.5348597359375 0.10602310156250001 0.5492986796875 0.10602310156250001 0.5513613859375 0.10396039531250001 0.5637376234375 0.1018976890625 0.5730198015625 0.0926155109375 0.5761138609375 0.0853960390625 0.5771452140625 0.0740511546875 0.5730198015625 0.0637376234375 0.5616749171875 0.052392739062500006
1 0.49154290468750006 0.14315181562499998 0.47297854843750003 0.136963696875 0.4544141921875 0.139026403125 0.44616336562500003 0.14315181562499998 0.43894389375 0.15243399375 0.43275577500000006 0.1668729375 0.43275577500000006 0.17306105624999998 0.43688118749999993 0.1833745875 0.448226071875 0.194719471875 0.4585396046875 0.198844884375 0.4771039609375 0.198844884375 0.49154290468750006 0.192656765625 0.5039191421875 0.176155115625 0.5049504953125 0.162747525 0.4987623765625 0.1503712875 0.49154290468750006 0.14315181562499998
1 0.649339934375 0.4123349828125 0.641089109375 0.3937706265625 0.6256188125000001 0.3762376234375 0.6029290421875 0.3638613859375 0.5967409234375001 0.3638613859375 0.5946782171875 0.3617986796875 0.5699257421875 0.3617986796875 0.5678630359375 0.3638613859375 0.5596122109375 0.3638613859375 0.5410478546874999 0.3741749171875 0.5214521453125001 0.3958333328125 0.5132013203125 0.4164603953125 0.5132013203125 0.439150165625 0.5152640265625 0.441212871875 0.5152640265625 0.447400990625 0.5276402640625 0.47215346562500005 0.5389851484375 0.48556105625 0.5451732671875 0.48968646875 0.5740511546875 0.5 0.5988036296875 0.5 0.61943069375 0.491749175 0.63180693125 0.48349834999999997 0.639026403125 0.476278878125 0.643151815625 0.465965346875 0.649339934375 0.457714521875 0.65243399375 0.43811881250000007 0.653465346875 0.435024753125 0.651402640625 0.432962046875 0.649339934375 0.4123349828125
1 0.316212871875 0.51443894375 0.30383663437499997 0.51443894375 0.2904290421875 0.525783828125 0.2883663359375 0.540222771875 0.2904290421875 0.546410890625 0.2955858078125 0.55156765625 0.300742575 0.538160065625 0.312087459375 0.5288778875 0.328589109375 0.5288778875 0.3296204625 0.525783828125 0.320338284375 0.51650165 0.316212871875 0.51443894375
1 0.355404290625 0.6712046203125 0.34818481874999996 0.6660478546874999 0.345090759375 0.6608910890625 0.330651815625 0.6629537953125 0.31930693125 0.6742986796875 0.317244225 0.6887376234375 0.31930693125 0.6908003296875 0.31930693125 0.6969884484375 0.328589109375 0.7103960390624999 0.334777228125 0.7124587453125 0.33890264062500003 0.7165841578125 0.357466996875 0.7165841578125 0.3708745875 0.7052392734375 0.373968646875 0.7000825078124999 0.375 0.6825495046875 0.37293729375 0.6784240921875 0.355404290625 0.6712046203125
1 0.334777228125 0.6485148515625 0.324463696875 0.6402640265625 0.318275578125 0.6402640265625 0.3089934 0.6474834984375 0.3048679875 0.6639851484375 0.3089934 0.6763613859375 0.316212871875 0.6815181515625001 0.31930693125 0.6784240921875 0.31930693125 0.6742986796875 0.330651815625 0.6629537953125 0.340965346875 0.6608910890625 0.34199670000000004 0.6536716171875 0.33890264062500003 0.6485148515625 0.334777228125 0.6485148515625
1 0.380156765625 0.5577557750000001 0.365717821875 0.54950495 0.349216171875 0.54950495 0.340965346875 0.5536303625000001 0.32755775625 0.569100659375 0.32755775625 0.5876650171875 0.33168316875000003 0.5979785484375 0.3378712875 0.6021039609375001 0.33890264062500003 0.6051980203125 0.35127887812499997 0.6113861390625 0.36365511562499997 0.6072607265625 0.378094059375 0.6072607265625 0.38531353125 0.6021039609375001 0.390470296875 0.5928217828125 0.39150165000000003 0.573226071875 0.38943894375 0.569100659375 0.380156765625 0.5577557750000001
1 0.384282178125 0.759900990625 0.376031353125 0.764026403125 0.366749175 0.77330858125 0.36056105625 0.787747525 0.36468646875 0.804249175 0.380156765625 0.8197194718749999 0.392533003125 0.8259075906250001 0.3956270625 0.8248762375 0.3956270625 0.8186881187499999 0.38943894375 0.8063118812500001 0.38943894375 0.7918729375 0.3956270625 0.77743399375 0.404909240625 0.768151815625 0.404909240625 0.766089109375 0.40078382812499996 0.764026403125 0.384282178125 0.759900990625
1 0.373968646875 0.815594059375 0.365717821875 0.817656765625 0.3543729375 0.8269389437499999 0.35231023125 0.8413778875 0.350247525 0.8434405937499999 0.35643564375 0.85581683125 0.36365511562499997 0.8630363031250001 0.367780528125 0.865099009375 0.3708745875 0.8640676562499999 0.36881188125 0.85169141875 0.37293729375 0.8413778875 0.384282178125 0.8300330031250001 0.390470296875 0.827970296875 0.390470296875 0.8238448843749999 0.382219471875 0.8217821781250001 0.373968646875 0.815594059375
1 0.406971946875 0.834158415625 0.39872112187500003 0.8259075906250001 0.390470296875 0.8259075906250001 0.37293729375 0.8413778875 0.36881188125 0.8496287125 0.36881188125 0.85994224375 0.37293729375 0.8681930687499999 0.38634488437500003 0.881600659375 0.394595709375 0.8836633656249999 0.39768976875 0.85994224375 0.40284653437499995 0.852722771875 0.419348184375 0.8424092406250001 0.4203795375 0.8413778875 0.417285478125 0.838283828125 0.406971946875 0.834158415625
1 0.448226071875 0.766089109375 0.427599009375 0.761963696875 0.425536303125 0.764026403125 0.41109735937499997 0.766089109375 0.40284653437499995 0.7702145218750001 0.3956270625 0.77743399375 0.39150165000000003 0.78568481875 0.38943894375 0.7918729375 0.38943894375 0.8063118812500001 0.39150165000000003 0.8083745875 0.39150165000000003 0.8145627062499999 0.3956270625 0.8186881187499999 0.3956270625 0.8228135312499999 0.40284653437499995 0.8300330031250001 0.415222771875 0.838283828125 0.42347359687499997 0.840346534375 0.42656765625000004 0.837252475 0.42450495000000005 0.8269389437499999 0.43069306875 0.8083745875 0.444100659375 0.794966996875 0.46060231093750004 0.786716171875 0.4647277234375 0.786716171875 0.4657590765625 0.78155940625 0.4636963703125 0.77743399375 0.448226071875 0.766089109375
0 0.318275578125 0.5866336640625 0.30693069375 0.5959158421875 0.3048679875 0.6000412546875 0.3048679875 0.6186056109375 0.318275578125 0.6340759078125 0.3213696375 0.6330445546875 0.31930693125 0.6144801984375 0.32343234375 0.6062293734375 0.330651815625 0.5990099015625 0.33168316875000003 0.5959158421875 0.32652640312500003 0.5866336640625 0.318275578125 0.5866336640625
0 0.435849834375 0.745462046875 0.425536303125 0.739273928125 0.41212871250000005 0.7238036296875 0.40594059375 0.7114273921875001 0.40594059375 0.6969884484375 0.40284653437499995 0.6918316828125 0.39665841562500004 0.6918316828125 0.390470296875 0.6959570953124999 0.38634488437500003 0.6959570953124999 0.375 0.7052392734375 0.3708745875 0.7114273921875001 0.36881188125 0.7341171609375 0.37706270625 0.7506188125000001 0.38634488437500003 0.759900990625 0.40284653437499995 0.766089109375 0.41316006562499996 0.766089109375 0.415222771875 0.764026403125 0.431724421875 0.761963696875 0.442037953125 0.753712871875 0.44306930624999996 0.74855610625 0.439975246875 0.745462046875 0.435849834375 0.745462046875
0 0.417285478125 0.6113861390625 0.40078382812499996 0.6113861390625 0.388407590625 0.6155115515625 0.380156765625 0.6216996703125 0.3708745875 0.6351072609374999 0.36881188125 0.6598597359375 0.375 0.6742986796875 0.38634488437500003 0.6856435640625 0.39665841562500004 0.6918316828125 0.404909240625 0.6918316828125 0.41212871250000005 0.6742986796875 0.421410890625 0.6629537953125 0.435849834375 0.6547029703125 0.452351484375 0.6526402640625 0.4544141921875 0.6505775578125 0.45132013125 0.6392326734375 0.431724421875 0.6175742578125 0.417285478125 0.6113861390625
0 0.4585396046875 0.6526402640625 0.435849834375 0.6547029703125 0.421410890625 0.6629537953125 0.41212871250000005 0.6742986796875 0.40594059375 0.6866749171875 0.40594059375 0.7114273921875001 0.41625412500000003 0.7299917484375 0.431724421875 0.743399340625 0.435849834375 0.743399340625 0.442037953125 0.747524753125 0.448226071875 0.747524753125 0.45132013125 0.74443069375 0.449257425 0.738242575 0.449257425 0.7196782171875 0.45750825156249997 0.6990511546875 0.4667904296875 0.6877062703125 0.4874174921875 0.6773927390625001 0.4874174921875 0.6732673265625 0.47091584218750004 0.6650165015625 0.4585396046875 0.6526402640625
0 0.5410478546874999 0.56806930625 0.5183580859375 0.5577557750000001 0.49154290468750006 0.5577557750000001 0.47297854843750003 0.5660065999999999 0.45750825156249997 0.5794141921875 0.4533828390625 0.5856023109375 0.44719471874999994 0.6000412546875 0.44719471874999994 0.6247937296875 0.449257425 0.6268564359375 0.449257425 0.6351072609374999 0.4554455453125 0.6474834984375 0.47297854843750003 0.6650165015625 0.48122937343750005 0.6670792078125001 0.4894801984375 0.6732673265625 0.5018564359375 0.6732673265625 0.5111386140625 0.6454207921874999 0.5214521453125001 0.6309818484374999 0.5286716171875 0.6237623765625 0.5472359734375 0.6113861390625 0.5637376234375 0.6072607265625 0.5647689765624999 0.6021039609375001 0.5585808578125 0.5876650171875 0.5410478546874999 0.56806930625
0 0.6091171609375 0.6155115515625 0.5988036296875 0.6093234328125 0.5926155109375 0.6093234328125 0.5905528046875 0.6072607265625 0.5637376234375 0.6072607265625 0.5451732671875 0.6134488453125 0.5327970296875 0.6216996703125 0.5173267328125 0.6371699671875 0.5090759078125 0.6516089109375 0.5049504953125 0.6639851484375 0.5049504953125 0.6866749171875 0.5090759078125 0.6949257421875 0.5090759078125 0.7011138609375 0.5193894390625 0.7176155109375 0.5276402640625 0.7238036296875 0.5286716171875 0.7268976890625 0.5348597359375 0.7289603953125 0.5389851484375 0.7330858078125 0.5596122109375 0.741336634375 0.5843646859375 0.741336634375 0.5988036296875 0.7351485156249999 0.6049917484375 0.7351485156249999 0.6091171609375 0.7310231015624999 0.6153052812500001 0.7289603953125 0.632838284375 0.7093646859375 0.6421204625 0.6877062703125 0.643151815625 0.6598597359375 0.632838284375 0.6371699671875 0.6091171609375 0.6155115515625
0 0.5637376234375 0.877475246875 0.5410478546874999 0.885726071875 0.5204207921874999 0.885726071875 0.49566831718750004 0.877475246875 0.4781353140625 0.8929455453124999 0.47194719531249996 0.9073844890625 0.4740099015625 0.9218234328125 0.48226072656249996 0.9362623765625001 0.49566831718750004 0.9476072609375 0.5142326734375 0.9537953796875 0.5348597359375 0.9537953796875 0.5596122109375 0.9455445546875 0.5730198015625 0.9321369640625001 0.5781765671875 0.9207920796875 0.5792079203125 0.8991336640625001 0.5771452140625 0.8929455453124999 0.5637376234375 0.877475246875
1 0.425536303125 0.8424092406250001 0.419348184375 0.8424092406250001 0.40284653437499995 0.852722771875 0.39768976875 0.85994224375 0.3956270625 0.8640676562499999 0.3956270625 0.8826320125 0.399752475 0.8908828390625001 0.406971946875 0.8981023109375 0.421410890625 0.9063531359375 0.429661715625 0.9084158421874999 0.43069306875 0.8908828390625001 0.43688118749999993 0.8785066 0.44616336562500003 0.869224421875 0.44719471874999994 0.8661303625000001 0.43069306875 0.85169141875 0.425536303125 0.8424092406250001
1 0.4544141921875 0.869224421875 0.44616336562500003 0.869224421875 0.43481848125000006 0.88056930625 0.43481848125000006 0.8846947187499999 0.43069306875 0.8908828390625001 0.43069306875 0.9032590765625 0.43481848125000006 0.9135726078124999 0.450288778125 0.9290429046875 0.4585396046875 0.9331683171874999 0.4647277234375 0.9352310234375001 0.4791666671875 0.9352310234375001 0.4801980203125 0.9321369640625001 0.47194719531249996 0.9176980203125 0.47194719531249996 0.9073844890625 0.4781353140625 0.8929455453124999 0.49154290468750006 0.8795379531249999 0.49154290468750006 0.875412540625 0.47297854843750003 0.875412540625 0.4544141921875 0.869224421875
1 0.4626650171875 0.786716171875 0.450288778125 0.7908415843750001 0.442037953125 0.797029703125 0.42863036250000003 0.8125 0.42450495000000005 0.8331270625 0.42656765625000004 0.83518976875 0.42863036250000003 0.8475660062499999 0.442037953125 0.8630363031250001 0.46060231093750004 0.873349834375 0.48329207968750004 0.875412540625 0.4884488453125 0.87231848125 0.4740099015625 0.8496287125 0.47194719531249996 0.8269389437499999 0.4781353140625 0.8145627062499999 0.4781353140625 0.8104372937500001 0.49154290468750006 0.794966996875 0.49257425781249997 0.79393564375 0.4874174921875 0.788778878125 0.4626650171875 0.786716171875
1 0.5719884484375 0.794966996875 0.5554867984375 0.786716171875 0.5410478546874999 0.784653465625 0.5389851484375 0.782590759375 0.5162953796875 0.784653465625 0.49154290468750006 0.794966996875 0.4760726078125 0.8145627062499999 0.47194719531249996 0.8269389437499999 0.4740099015625 0.8496287125 0.4863861390625 0.8681930687499999 0.5080445546875 0.881600659375 0.5245462046875 0.8836633656249999 0.5266089109375 0.885726071875 0.5369224421875 0.885726071875 0.5637376234375 0.877475246875 0.5833333328125 0.86200495 0.5905528046875 0.8465346531250001 0.5915841578125 0.8228135312499999 0.5833333328125 0.8063118812500001 0.5719884484375 0.794966996875