1 0.7490234375 0.427734375 0.7314453125 0.435546875 0.716796875 0.4501953125 0.708984375 0.4716796875 0.708984375 0.4892578125 0.71484375 0.5048828125 0.7294921875 0.5234375 0.7509765625 0.53515625 0.7568359375 0.53515625 0.7587890625 0.537109375 0.767578125 0.5361328125 0.7880859375 0.525390625 0.798828125 0.5146484375 0.80859375 0.4931640625 0.80859375 0.4736328125 0.80078125 0.4541015625 0.7861328125 0.4375 0.7724609375 0.4296875 0.7490234375 0.427734375
1 0.9560546875 0.396484375 0.9423828125 0.396484375 0.9384765625 0.3984375 0.9296875 0.4091796875 0.927734375 0.4150390625 0.927734375 0.4345703125 0.93359375 0.4482421875 0.9423828125 0.45703125 0.9501953125 0.4609375 0.95703125 0.4599609375 0.9599609375 0.458984375 0.970703125 0.4462890625 0.974609375 0.4365234375 0.974609375 0.4248046875 0.97265625 0.4228515625 0.970703125 0.4111328125 0.9599609375 0.3984375 0.9560546875 0.396484375
1 0.8955078125 0.373046875 0.890625 0.3798828125 0.900390625 0.3974609375 0.900390625 0.4033203125 0.90234375 0.4052734375 0.90234375 0.4169921875 0.8984375 0.4267578125 0.9052734375 0.431640625 0.91796875 0.4306640625 0.923828125 0.4248046875 0.931640625 0.4072265625 0.931640625 0.3916015625 0.927734375 0.3837890625 0.9169921875 0.373046875 0.9130859375 0.37109375 0.8994140625 0.37109375 0.8955078125 0.373046875
1 0.8583984375 0.376953125 0.845703125 0.3916015625 0.845703125 0.4130859375 0.84765625 0.4189453125 0.85546875 0.4326171875 0.8623046875 0.4375 0.8701171875 0.44140625 0.884765625 0.4404296875 0.89453125 0.4326171875 0.900390625 0.4228515625 0.90234375 0.4169921875 0.900390625 0.3974609375 0.8876953125 0.37890625 0.8759765625 0.373046875 0.8623046875 0.375 0.8583984375 0.376953125
1 0.71484375 0.3369140625 0.7109375 0.3447265625 0.7109375 0.3564453125 0.716796875 0.3681640625 0.7314453125 0.380859375 0.75 0.3798828125 0.759765625 0.3720703125 0.765625 0.3603515625 0.765625 0.3505859375 0.759765625 0.3369140625 0.7529296875 0.330078125 0.7392578125 0.32421875 0.7236328125 0.328125 0.71484375 0.3369140625
0 0.65625 0.3310546875 0.65234375 0.3388671875 0.650390625 0.3447265625 0.65234375 0.3583984375 0.6630859375 0.37109375 0.6748046875 0.376953125 0.69140625 0.3759765625 0.6943359375 0.375 0.705078125 0.3623046875 0.70703125 0.3427734375 0.703125 0.3349609375 0.6943359375 0.326171875 0.6806640625 0.3203125 0.6669921875 0.322265625 0.65625 0.3310546875
0 0.2978515625 0.3515625 0.2890625 0.3603515625 0.28515625 0.3759765625 0.291015625 0.3876953125 0.2978515625 0.392578125 0.3037109375 0.39453125 0.3125 0.3935546875 0.3173828125 0.392578125 0.326171875 0.3837890625 0.330078125 0.3759765625 0.330078125 0.3623046875 0.3193359375 0.349609375 0.3154296875 0.34765625 0.3056640625 0.34765625 0.2978515625 0.3515625
1 0.2265625 0.3818359375 0.22265625 0.3916015625 0.22265625 0.4013671875 0.2294921875 0.4140625 0.2392578125 0.41796875 0.25 0.4169921875 0.2529296875 0.416015625 0.263671875 0.4033203125 0.265625 0.3857421875 0.2568359375 0.373046875 0.2529296875 0.37109375 0.2392578125 0.37109375 0.2314453125 0.375 0.2265625 0.3818359375
1 0.3671875 0.3232421875 0.365234375 0.3271484375 0.365234375 0.3408203125 0.3759765625 0.3515625 0.3818359375 0.353515625 0.388671875 0.3525390625 0.3935546875 0.3515625 0.40234375 0.3427734375 0.404296875 0.3388671875 0.404296875 0.3251953125 0.3955078125 0.314453125 0.3837890625 0.3125 0.3740234375 0.31640625 0.3671875 0.3232421875
1 0.521484375 0.3076171875 0.5283203125 0.3203125 0.5400390625 0.326171875 0.548828125 0.3251953125 0.560546875 0.3154296875 0.5625 0.3115234375 0.5625 0.3017578125 0.5537109375 0.291015625 0.5458984375 0.287109375 0.5380859375 0.287109375 0.525390625 0.2958984375 0.521484375 0.3076171875
1 0.5625 0.2998046875 0.5625 0.3134765625 0.5712890625 0.32421875 0.5810546875 0.328125 0.587890625 0.3271484375 0.5927734375 0.326171875 0.599609375 0.3212890625 0.603515625 0.3134765625 0.603515625 0.3017578125 0.5927734375 0.2890625 0.5791015625 0.287109375 0.5693359375 0.291015625 0.5625 0.2998046875
1 0.603515625 0.3134765625 0.6142578125 0.326171875 0.6220703125 0.330078125 0.6328125 0.3291015625 0.6357421875 0.328125 0.64453125 0.3173828125 0.64453125 0.3017578125 0.6298828125 0.2890625 0.6181640625 0.2890625 0.60546875 0.2978515625 0.603515625 0.3017578125 0.603515625 0.3134765625
1 0.6572265625 0.2890625 0.64453125 0.3037109375 0.646484375 0.3076171875 0.646484375 0.3173828125 0.6572265625 0.328125 0.66015625 0.3271484375 0.6669921875 0.322265625 0.6826171875 0.3203125 0.685546875 0.3173828125 0.685546875 0.3037109375 0.68359375 0.2998046875 0.6748046875 0.291015625 0.6689453125 0.2890625 0.6572265625 0.2890625
0 0.638671875 0.2939453125 0.6435546875 0.30078125 0.646484375 0.2998046875 0.6533203125 0.291015625 0.6572265625 0.2890625 0.6689453125 0.2890625 0.669921875 0.2861328125 0.6611328125 0.279296875 0.6455078125 0.279296875 0.638671875 0.2880859375 0.638671875 0.2939453125