1 0.40178571406249997 0.6714691562499999 0.403814934375 0.6755275968750001 0.409902596875 0.6755275968750001 0.40787337656249995 0.681615259375 0.41497565 0.690746753125 0.431209415625 0.6988636359375 0.45353084375 0.6988636359375 0.46976461093750005 0.690746753125 0.47686688281249995 0.681615259375 0.47585227343750003 0.6684253250000001 0.47280844218749996 0.6450892859375 0.47077922031249997 0.6430600656250001 0.47077922031249997 0.6329139609375 0.46570616875 0.6258116890625 0.45353084375 0.6197240265625 0.43323863593749995 0.6176948046875 0.41497565 0.6237824671875 0.409902596875 0.62885551875 0.41091720781249996 0.6298701296875 0.425121753125 0.6278409093749999 0.42715097343749997 0.6258116890625 0.42918019531249996 0.6258116890625 0.43019480468750004 0.62885551875 0.42106331093750005 0.6379870125 0.41700487031250005 0.6359577921875 0.41497565 0.6379870125 0.40482954531250004 0.6359577921875 0.403814934375 0.64711850625 0.39975649375 0.64711850625 0.39975649375 0.66538149375 0.403814934375 0.6674107140625 0.40178571406249997 0.6714691562499999
1 0.3165584421875 0.5862418828125 0.3165584421875 0.6004464281249999 0.3206168828125 0.6105925328125 0.33177759687499997 0.621753246875 0.33989448125 0.6258116890625 0.35815746718749997 0.6258116890625 0.3723620125 0.6176948046875 0.377435065625 0.6105925328125 0.380478896875 0.5933441562499999 0.37946428593750003 0.5842126624999999 0.37540584374999997 0.5760957796875 0.356128246875 0.5629058437500001 0.337865259375 0.5629058437500001 0.33380681874999996 0.5649350656250001 0.322646103125 0.5740665578125 0.3165584421875 0.5862418828125
1 0.443384740625 0.9525162343750001 0.446428571875 0.9494724031249999 0.44541396093749996 0.9342532468750001 0.42715097343749997 0.9301948046874999 0.42410714218749995 0.9332386359375 0.42410714218749995 0.94135551875 0.42918019531249996 0.9484577921874999 0.437297078125 0.9525162343750001 0.443384740625 0.9525162343750001
0 0.491071428125 0.95353084375 0.49310065 0.9494724031249999 0.49208603906250004 0.9403409093749999 0.488027596875 0.9342532468750001 0.47991071406249997 0.9301948046874999 0.45961850625 0.9281655843750001 0.446428571875 0.9352678578125 0.44439935 0.9393262984374999 0.44439935 0.9494724031249999 0.45150162343750005 0.9586038968749999 0.45961850625 0.9626623375 0.47788149375 0.9626623375 0.491071428125 0.95353084375
0 0.41801948125 0.9210633109374999 0.425121753125 0.9301948046874999 0.437297078125 0.9322240265625 0.43932629843750004 0.9342532468750001 0.44744318125 0.9342532468750001 0.455560065625 0.9301948046874999 0.4626623375 0.9230925328125 0.46469155781250004 0.9190340906250001 0.46367694843749996 0.91193181875 0.455560065625 0.9017857140625001 0.43932629843750004 0.8977272734374999 0.437297078125 0.89975649375 0.425121753125 0.9017857140625001 0.42004870156249996 0.9068587656249999 0.41801948125 0.9109172078125001 0.41801948125 0.9210633109374999
2 0.42309253281250003 0.89366883125 0.419034090625 0.88758116875 0.41091720781249996 0.8835227265625001 0.3946834421875 0.8835227265625001 0.390625 0.8855519484375 0.38555194843749996 0.8926542203125001 0.38555194843749996 0.902800325 0.3946834421875 0.91193181875 0.40077110312500003 0.9139610390625 0.41497565 0.9139610390625 0.42410714218749995 0.902800325 0.42309253281250003 0.89366883125
1 0.38859577968750003 0.8612012984374999 0.3825081171875 0.8551136359375 0.36830357187499996 0.8510551953125001 0.35815746718749997 0.8551136359375 0.3551136359375 0.8581574671875 0.35308441562500004 0.86627435 0.3551136359375 0.8723620125 0.36221590937500003 0.8794642859374999 0.36627434999999997 0.88149350625 0.3825081171875 0.88149350625 0.3896103890625 0.8743912343750001 0.38859577968750003 0.8612012984374999
0 0.374391234375 0.83685065 0.3733766234375 0.8317775968750001 0.36830357187499996 0.8267045453125 0.35815746718749997 0.8226461031250001 0.3480113640625 0.8226461031250001 0.3388798703125 0.8297483765625 0.3388798703125 0.8439529218749999 0.3459821421875 0.8510551953125001 0.35815746718749997 0.8551136359375 0.37134740312500003 0.8500405843750001 0.37540584374999997 0.8439529218749999 0.374391234375 0.83685065
1 0.33177759687499997 0.7901785718750001 0.31960227343750003 0.7881493500000001 0.3084415578125 0.7972808437500001 0.3084415578125 0.8053977265625001 0.31757305156250004 0.8165584421875 0.3297483765625 0.8185876625 0.3388798703125 0.8135146109375 0.34090909062499997 0.80945616875 0.33989448125 0.7982954546875 0.3388798703125 0.7952516234375 0.33177759687499997 0.7901785718750001
0 0.30133928593750003 0.7008928578125 0.30032467500000004 0.6958198046875 0.29728084374999997 0.6927759734375 0.28510551875 0.6866883109375 0.2769886359375 0.6887175328125 0.2698863640625 0.6958198046875 0.2698863640625 0.7059659093749999 0.27191558437499996 0.7100243500000001 0.28307629843750004 0.7191558437500001 0.2952516234375 0.7171266234375 0.302353896875 0.7059659093749999 0.30133928593750003 0.7008928578125
1 0.28409090937500003 0.6450892859375 0.2861201296875 0.6410308437500001 0.28510551875 0.6318993500000001 0.2820616890625 0.6247970781250001 0.27495941562500004 0.6197240265625 0.26278409062499997 0.6197240265625 0.25771103906250004 0.6227678578125 0.25365259687499997 0.630884740625 0.25365259687499997 0.6390016234375 0.2607548703125 0.6501623375000001 0.27090097343749997 0.6542207796875 0.2769886359375 0.6521915578125 0.28409090937500003 0.6450892859375
1 0.2485795453125 0.5263798703125 0.2404626625 0.5284090906250001 0.2333603890625 0.5355113640625 0.2333603890625 0.5497159093749999 0.2353896109375 0.5537743500000001 0.244521103125 0.5608766234375 0.25669642812500004 0.5588474031249999 0.26379870156249996 0.5517451296875 0.2648133109375 0.5426136359375 0.26176948125 0.5334821421875 0.2485795453125 0.5263798703125
0 0.221185065625 0.462459415625 0.2232142859375 0.47260551875 0.2323457796875 0.47970779218750004 0.244521103125 0.477678571875 0.2516233765625 0.468547078125 0.250608765625 0.45535714218749995 0.2424918828125 0.447240259375 0.2323457796875 0.447240259375 0.2282873375 0.44926948125 0.221185065625 0.462459415625
0 0.2485795453125 0.5263798703125 0.2404626625 0.5284090906250001 0.2333603890625 0.5355113640625 0.2333603890625 0.5497159093749999 0.2353896109375 0.5537743500000001 0.244521103125 0.5608766234375 0.25669642812500004 0.5588474031249999 0.26379870156249996 0.5517451296875 0.2648133109375 0.5426136359375 0.26176948125 0.5334821421875 0.2485795453125 0.5263798703125
1 0.259740259375 0.42593344218749996 0.268871753125 0.43709415625 0.27495941562500004 0.43912337656249995 0.28916396093749996 0.43709415625 0.30032467500000004 0.4279626625 0.3043831171875 0.41984577968750003 0.30336850625 0.40665584375 0.30032467500000004 0.39955357187499996 0.29322240312500003 0.39245129843750004 0.28916396093749996 0.39042207812499996 0.27293019531249996 0.39042207812499996 0.268871753125 0.39245129843750004 0.259740259375 0.4036120125 0.25771103906250004 0.409699675 0.259740259375 0.42593344218749996
2 0.25365259687499997 0.35288149375 0.2607548703125 0.35795454531250004 0.26684253281250003 0.359983765625 0.2790178578125 0.35795454531250004 0.29017857187499996 0.3447646109375 0.29220779218750004 0.34070616875000004 0.29119318125000004 0.333603896875 0.28814934999999997 0.32447240312500003 0.28104707812499996 0.3173701296875 0.2769886359375 0.31534090937500003 0.26684253281250003 0.31534090937500003 0.25365259687499997 0.32447240312500003 0.24959415625 0.33258928593750003 0.24959415625 0.3447646109375 0.25365259687499997 0.35288149375
2 0.26176948125 0.39955357187499996 0.2698863640625 0.3914366890625 0.268871753125 0.39042207812499996 0.2648133109375 0.3863636359375 0.2526379875 0.38433441562500004 0.23944805156250001 0.39346590937500003 0.23741883125 0.39752434999999997 0.23741883125 0.41172889687499997 0.244521103125 0.42288961093750005 0.2485795453125 0.42491883125 0.25771103906250004 0.42390422031249997 0.25771103906250004 0.409699675 0.26176948125 0.39955357187499996
2 0.2424918828125 0.44521103906250004 0.25466720781249996 0.44521103906250004 0.25872565000000003 0.44318181875 0.26379870156249996 0.438108765625 0.2648133109375 0.43303571406249997 0.25872565000000003 0.42491883125 0.244521103125 0.42288961093750005 0.2414772734375 0.41984577968750003 0.2404626625 0.41477272656249997 0.2364042203125 0.41477272656249997 0.23133116875 0.421875 0.23133116875 0.434050325 0.2333603890625 0.438108765625 0.2424918828125 0.44521103906250004
2 0.2303165578125 0.33157467500000004 0.221185065625 0.3427353890625 0.221185065625 0.35491071406249997 0.2303165578125 0.3620129875 0.2333603890625 0.35288149375 0.2424918828125 0.34375 0.247564934375 0.3427353890625 0.24959415625 0.33867694843749996 0.2485795453125 0.3356331171875 0.2424918828125 0.32954545468749996 0.2303165578125 0.33157467500000004
0 0.2282873375 0.30722402656250003 0.21915584375 0.31432629843750004 0.2171266234375 0.32447240312500003 0.224228896875 0.333603896875 0.2303165578125 0.333603896875 0.2364042203125 0.32954545468749996 0.244521103125 0.32954545468749996 0.247564934375 0.32447240312500003 0.246550325 0.3133116890625 0.2384334421875 0.30722402656250003 0.2282873375 0.30722402656250003
0 0.22524350625 0.28997565000000003 0.22930194843749999 0.300121753125 0.2364042203125 0.30519480468750004 0.244521103125 0.30316558437499996 0.25365259687499997 0.2920048703125 0.2526379875 0.28084415625000003 0.246550325 0.27475649375 0.234375 0.27475649375 0.22524350625 0.2838879875 0.22524350625 0.28997565000000003
0 0.24350649375 0.27780032499999996 0.24350649375 0.27982954531250004 0.2485795453125 0.2828733765625 0.2485795453125 0.278814934375 0.246550325 0.27678571406249997 0.24350649375 0.27780032499999996
0 0.2171266234375 0.29809253281250003 0.21915584375 0.30418019531249996 0.224228896875 0.309253246875 0.2384334421875 0.30722402656250003 0.2414772734375 0.30418019531249996 0.2404626625 0.30316558437499996 0.23133116875 0.300121753125 0.2262581171875 0.28490259687499997 0.21915584375 0.28794642812500004 0.2171266234375 0.29809253281250003
1 0.2323457796875 0.252435065625 0.2232142859375 0.2615665578125 0.221185065625 0.27171266250000004 0.2262581171875 0.278814934375 0.2303165578125 0.278814934375 0.234375 0.27475649375 0.2485795453125 0.27475649375 0.2516233765625 0.265625 0.250608765625 0.26055194843749996 0.2424918828125 0.252435065625 0.2323457796875 0.252435065625
1 0.27293019531249996 0.1875 0.27090097343749997 0.1834415578125 0.26278409062499997 0.1793831171875 0.25466720781249996 0.1793831171875 0.24350649375 0.1885146109375 0.2414772734375 0.1925730515625 0.2414772734375 0.20271915625 0.246550325 0.2077922078125 0.250608765625 0.2077922078125 0.268871753125 0.1956168828125 0.27394480468750004 0.19054383125000002 0.27293019531249996 0.1875
1 0.2526379875 0.2362012984375 0.26278409062499997 0.234172078125 0.26278409062499997 0.2301136359375 0.2769886359375 0.2301136359375 0.28510551875 0.22605519531249998 0.2942370125 0.2169237015625 0.29322240312500003 0.203733765625 0.29220779218750004 0.200689934375 0.28307629843750004 0.19358766249999998 0.27090097343749997 0.19358766249999998 0.25669642812500004 0.2057629875 0.2526379875 0.2057629875 0.24350649375 0.21489448125 0.24350649375 0.22706980468750002 0.2526379875 0.2362012984375
2 0.24350649375 0.225040584375 0.24350649375 0.21489448125 0.2404626625 0.2138798703125 0.23133116875 0.2230113640625 0.23133116875 0.2351866890625 0.2364042203125 0.240259740625 0.244521103125 0.2422889609375 0.2516233765625 0.237215909375 0.250608765625 0.234172078125 0.2455357140625 0.2290990265625 0.24350649375 0.225040584375
2 0.29322240312500003 0.153003246875 0.287134740625 0.153003246875 0.28003246718749997 0.16010551875 0.278003246875 0.16416396093750002 0.278003246875 0.17633928593749998 0.2820616890625 0.1824269484375 0.287134740625 0.1854707796875 0.30133928593750003 0.1854707796875 0.30336850625 0.1834415578125 0.32163149375 0.18141233750000002 0.33482142812500004 0.17228084375 0.3388798703125 0.16416396093750002 0.337865259375 0.1509740265625 0.33685065000000003 0.1479301953125 0.32771915625000003 0.14082792187499998 0.32163149375 0.13879870156250002 0.30742694843749996 0.14082792187499998 0.29322240312500003 0.153003246875
2 0.32163149375 0.1022727265625 0.3135146109375 0.096185065625 0.30133928593750003 0.096185065625 0.29322240312500003 0.10024350625 0.28409090937500003 0.109375 0.28409090937500003 0.119521103125 0.28814934999999997 0.125608765625 0.29322240312500003 0.128652596875 0.30742694843749996 0.128652596875 0.31554383124999996 0.12459415625 0.322646103125 0.1154626625 0.32163149375 0.1022727265625
2 0.3648354484375 0 0.35308441562500004 0.009943181249999999 0.35105519531249996 0.02211850625 0.356128246875 0.0271915578125 0.36830357187499996 0.03125 0.380478896875 0.029220779687499997 0.39366883124999996 0.0200892859375 0.39569805156250004 0.016030843750000003 0.3946834421875 0.0048701296875000005 0.3898133109375 0 0.3648354484375 0
0 0.36221590937500003 0.43912337656249995 0.35105519531249996 0.45231331093750005 0.34496753281250003 0.47057629843750004 0.346996753125 0.48478084375 0.35308441562500004 0.49492694843749996 0.36627434999999997 0.5081168828125 0.37844967500000004 0.5121753250000001 0.3946834421875 0.5121753250000001 0.40077110312500003 0.5081168828125 0.40482954531250004 0.5081168828125 0.422077921875 0.49086850625 0.42410714218749995 0.48478084375 0.42309253281250003 0.459415584375 0.42004870156249996 0.450284090625 0.406858765625 0.43709415625 0.39265422031249997 0.43100649375 0.374391234375 0.43303571406249997 0.36221590937500003 0.43912337656249995
1 0.34395292187500004 0.3701298703125 0.33279220781249996 0.38534902656250003 0.3307629875 0.3914366890625 0.3307629875 0.41172889687499997 0.3388798703125 0.42593344218749996 0.34395292187500004 0.43100649375 0.356128246875 0.43709415625 0.36830357187499996 0.43709415625 0.3825081171875 0.43100649375 0.38859577968750003 0.43100649375 0.39569805156250004 0.42593344218749996 0.40584415625 0.409699675 0.40482954531250004 0.3883928578125 0.39975649375 0.3772321421875 0.38453733749999996 0.36404220781249996 0.37844967500000004 0.3620129875 0.35815746718749997 0.3620129875 0.34395292187500004 0.3701298703125
1 0.3043831171875 0.2838879875 0.29829545468749996 0.29403409062499997 0.296266234375 0.30620941562500004 0.302353896875 0.32041396093749996 0.30742694843749996 0.3254870125 0.31960227343750003 0.33157467500000004 0.33177759687499997 0.33157467500000004 0.34192370156249996 0.327516234375 0.3571428578125 0.31229707812499996 0.35917207812499996 0.30620941562500004 0.35815746718749997 0.29301948125 0.3551136359375 0.2838879875 0.3459821421875 0.27475649375 0.337865259375 0.27069805156250004 0.32366071406249997 0.27069805156250004 0.3135146109375 0.27475649375 0.3043831171875 0.2838879875