1 0.5092981562500001 0.1176229515625 0.4980276640625 0.1268442625 0.4980276640625 0.132991803125 0.495978484375 0.135040984375 0.49700307343750005 0.1442622953125 0.4980276640625 0.176024590625 0.5041752046875 0.18217213125 0.502126025 0.188319671875 0.5092981562500001 0.195491803125 0.5174948765625 0.19959016406250002 0.5338883203125 0.20163934375 0.5461834015625 0.197540984375 0.55745389375 0.188319671875 0.5595030734375 0.176024590625 0.564626025 0.175 0.5676997953125 0.1719262296875 0.5676997953125 0.16577868906249998 0.569748975 0.1637295078125 0.569748975 0.1432377046875 0.5676997953125 0.13709016406250002 0.563601434375 0.1288934421875 0.5523309421875 0.1176229515625 0.54823258125 0.1155737703125 0.5461834015625 0.1176229515625 0.542085040625 0.111475409375 0.52364241875 0.111475409375 0.5092981562500001 0.1176229515625
2 0.4437243859375 0.1073770484375 0.4283555328125 0.120696721875 0.42015881093749996 0.13709016406250002 0.42118340156249995 0.154508196875 0.42630635312500004 0.1719262296875 0.43757684374999994 0.183196721875 0.44987192656249997 0.1852459015625 0.4560194671875 0.1913934421875 0.458068646875 0.1893442625 0.47036372968749995 0.1913934421875 0.47548667968749997 0.188319671875 0.474462090625 0.183196721875 0.48470799218750005 0.181147540625 0.493929303125 0.1698770484375 0.493929303125 0.1514344265625 0.4918801234375 0.1493852453125 0.493929303125 0.132991803125 0.4918801234375 0.1268442625 0.48368340156249995 0.1145491796875 0.474462090625 0.1073770484375 0.4621670078125 0.1032786890625 0.4570440578125 0.106352459375 0.4560194671875 0.111475409375 0.45397028749999996 0.111475409375 0.44987192656249997 0.10532786875 0.4437243859375 0.1073770484375
2 0.502126025 0.47725409843750005 0.5092981562500001 0.4823770484375 0.5400358609375 0.4823770484375 0.542085040625 0.48032786875 0.5502817624999999 0.4823770484375 0.5615522546875 0.4711065578125 0.5676997953125 0.452663934375 0.5656506140625 0.440368853125 0.5615522546875 0.43217213125000004 0.55745389375 0.426024590625 0.5502817624999999 0.4209016390625 0.5461834015625 0.4209016390625 0.544134221875 0.425 0.54310963125 0.4198770484375 0.5379866796874999 0.41475409843750005 0.5195440578125 0.41475409843750005 0.5113473359375 0.41885245937500004 0.502126025 0.42807377031250005 0.502126025 0.44651639374999996 0.5000768437499999 0.44856557343750003 0.501101434375 0.4680327875 0.502126025 0.47725409843750005
2 0.4560194671875 0.4823770484375 0.460117828125 0.48032786875 0.4765112703125 0.4823770484375 0.486757171875 0.47622950781249995 0.495978484375 0.467008196875 0.495978484375 0.43012295156249997 0.493929303125 0.426024590625 0.48060963125 0.41475409843750005 0.474462090625 0.41270491875 0.45397028749999996 0.41270491875 0.4437243859375 0.41885245937500004 0.4304047125 0.4342213109375 0.4304047125 0.4424180328125 0.4283555328125 0.44446721250000004 0.4293801234375 0.45163934375 0.43245389375 0.4629098359375 0.4478227453125 0.48032786875 0.45397028749999996 0.48032786875 0.4560194671875 0.4823770484375
1 0.5051997953125 0.7262295078125 0.5113473359375 0.7344262296874999 0.5215932375000001 0.7405737703125 0.527740778125 0.7405737703125 0.5297899593750001 0.7426229515625 0.5379866796874999 0.7426229515625 0.5523309421875 0.736475409375 0.5615522546875 0.7272540984375 0.5656506140625 0.7190573765625 0.5656506140625 0.69651639375 0.55745389375 0.68217213125 0.5523309421875 0.6770491796875 0.54823258125 0.6770491796875 0.544134221875 0.6729508203125001 0.5379866796874999 0.6709016390625 0.5256915984375 0.6709016390625 0.515445696875 0.675 0.5082735656249999 0.68217213125 0.5041752046875 0.6944672125 0.5041752046875 0.7047131140625 0.5062243859375 0.7067622953125 0.5041752046875 0.7108606562500001 0.5051997953125 0.7262295078125
1 0.43860143437500004 0.7375 0.4478227453125 0.7467213109374999 0.4621670078125 0.7528688531250001 0.46626536874999996 0.750819671875 0.47036372968749995 0.7528688531250001 0.4765112703125 0.750819671875 0.48470799218750005 0.7467213109374999 0.495978484375 0.7354508203125001 0.5000768437499999 0.7272540984375 0.502126025 0.7211065578125 0.4980276640625 0.708811475 0.5000768437499999 0.7026639343750001 0.495978484375 0.6944672125 0.486757171875 0.6852459015625 0.4785604515625 0.6811475406249999 0.458068646875 0.6811475406249999 0.4416752046875 0.6913934421875 0.43450307343750005 0.7006147546875 0.4365522546875 0.7067622953125 0.43245389375 0.7108606562500001 0.433478484375 0.7262295078125 0.43860143437500004 0.7375
2 0.5676997953125 0.7477459015625 0.57692110625 0.7569672125 0.5810194671875 0.7549180328125 0.5840932375000001 0.760040984375 0.5892161890625001 0.7631147546875 0.60560963125 0.7631147546875 0.6158555328124999 0.75901639375 0.6291752046875 0.745696721875 0.6312243859375 0.7395491796875 0.6312243859375 0.717008196875 0.6250768437499999 0.7047131140625 0.611757171875 0.6934426234375 0.6015112703125001 0.6893442624999999 0.5871670078125 0.6893442624999999 0.585117828125 0.6934426234375 0.5748719265625 0.695491803125 0.5676997953125 0.7026639343750001 0.5656506140625 0.7067622953125 0.5676997953125 0.7108606562500001 0.5615522546875 0.7149590156250001 0.5605276640625 0.73032786875 0.5676997953125 0.7477459015625
3 0.5046875 0.15 0.1953125 0.1328125
3 0.509375 0.440625 0.1625 0.075
3 0.50625 0.7140625 0.175 0.109375
3 0.503125 0.940625 0.1625 0.0953125