0 0.5413205984375 0.9314784046875 0.5517026578124999 0.9335548171875001 0.5537790703125001 0.9314784046875 0.5600083062500001 0.9314784046875 0.5693521593749999 0.9242109640624999 0.5693521593749999 0.9075996671875 0.55793189375 0.8982558140625001 0.543397009375 0.8982558140625001 0.5350913625 0.9024086375 0.5309385375 0.9086378734375 0.5299003328125 0.915905315625 0.5340531562499999 0.9242109640624999 0.5413205984375 0.9314784046875
0 0.6119186046875 0.7529069765624999 0.6285299 0.7529069765624999 0.639950165625 0.7435631234375 0.6420265781250001 0.7394102984375001 0.6420265781250001 0.7269518265625 0.6347591359375 0.7176079734374999 0.6306063125 0.7155315609375 0.6139950171875 0.7155315609375 0.60568936875 0.7196843859375 0.5994601328125 0.7279900328125 0.5984219265624999 0.7373338875 0.6025747515625001 0.745639534375 0.6119186046875 0.7529069765624999
0 0.6160714281249999 0.8048172750000001 0.6243770765625001 0.8006644515625 0.63164451875 0.7913205984375 0.63164451875 0.7809385375 0.62956810625 0.7767857140625 0.6181478406250001 0.769518271875 0.6098421921875 0.769518271875 0.593230896875 0.7799003328125 0.592192690625 0.793397009375 0.5994601328125 0.8027408640625 0.6160714281249999 0.8048172750000001
0 0.6223006640625 0.4912790703125 0.6285299 0.49335548124999995 0.6472176078125 0.49543189375 0.6596760796875001 0.4892026578125 0.6669435218750001 0.4777823921875 0.6669435218750001 0.4528654484375 0.6575996671875 0.4414451828125 0.6472176078125 0.435215946875 0.6306063125 0.435215946875 0.6243770765625001 0.43729235937500005 0.6088039859375 0.45078903593749997 0.60568936875 0.46220930156250006 0.6046511625 0.46947674375000004 0.6088039859375 0.4777823921875 0.6223006640625 0.4912790703125
0 0.5807724249999999 0.4165282390625 0.5890780734375001 0.42068106250000004 0.6098421921875 0.42275747499999994 0.6119186046875 0.42068106250000004 0.6181478406250001 0.42068106250000004 0.62956810625 0.413413621875 0.6378737546875 0.40095515 0.639950165625 0.3781146171875 0.6378737546875 0.3718853828125 0.6337209296874999 0.363579734375 0.6223006640625 0.35215946875 0.6139950171875 0.34800664375 0.595307309375 0.34800664375 0.5849252484374999 0.35215946875 0.5735049828125 0.361503321875 0.5641611296875 0.375 0.5631229234374999 0.3947259140625 0.5651993359375 0.39887873749999997 0.5807724249999999 0.4165282390625
0 0.6596760796875001 0.5037375421875 0.6721345515625 0.49958471718749997 0.6814784046875 0.49024086406249995 0.6856312296875 0.47362956875 0.6835548171875 0.47155315625 0.6835548171875 0.4653239203125 0.676287375 0.4559800671875 0.6669435218750001 0.4528654484375 0.6669435218750001 0.4777823921875 0.6596760796875001 0.4892026578125 0.6472176078125 0.49543189375 0.6461794015625 0.4985465109375 0.6492940203125 0.5016611296875 0.6596760796875001 0.5037375421875
0 0.643064784375 0.3355481734375 0.6492940203125 0.337624584375 0.665905315625 0.337624584375 0.6742109640625 0.33347176093750003 0.67940199375 0.32828073125 0.6835548171875 0.315822259375 0.6835548171875 0.3075166109375 0.6773255812500001 0.2950581390625 0.667981728125 0.2877906984375 0.6575996671875 0.2836378734375 0.6451411953124999 0.2836378734375 0.640988371875 0.28571428593750003 0.6264534890625 0.30440199375 0.6254152828125 0.315822259375 0.63164451875 0.32620431875 0.643064784375 0.3355481734375
0 0.6160714281249999 0.2130398671875 0.6243770765625001 0.217192690625 0.640988371875 0.21926910312499998 0.6472176078125 0.217192690625 0.6586378734375 0.2078488375 0.6627906984374999 0.1995431890625 0.6627906984374999 0.1891611296875 0.6586378734375 0.18085548125 0.640988371875 0.16528239218750002 0.6243770765625001 0.16528239218750002 0.620224253125 0.1673588046875 0.6108803984375 0.17462624531249998 0.60361295625 0.1860465109375 0.6025747515625001 0.197466778125 0.6046511625 0.20161960156249997 0.6160714281249999 0.2130398671875
0 0.5060215953125 0.096760796875 0.5184800671875001 0.100913621875 0.5413205984375 0.100913621875 0.5537790703125001 0.096760796875 0.5693521593749999 0.0832641203125 0.5755813953125 0.0687292359375 0.5714285718750001 0.0541943515625 0.5620847171875 0.0427740859375 0.547549834375 0.0344684390625 0.5371677734375 0.0344684390625 0.5350913625 0.032392026562499995 0.5164036546874999 0.0344684390625 0.5060215953125 0.038621262499999996 0.494601328125 0.047965115625 0.4873338875 0.06353820624999999 0.48629568125 0.0791112953125 0.4904485046875 0.08534053124999999 0.5060215953125 0.096760796875
1 0.593230896875 0.0469269109375 0.60361295625 0.049003321875 0.6098421921875 0.053156146875 0.6139950171875 0.053156146875 0.6306063125 0.044850498437500004 0.6357973421875001 0.03758305625 0.6357973421875001 0.0313538203125 0.63164451875 0.0230481734375 0.620224253125 0.01370431875 0.6139950171875 0.01162790625 0.5994601328125 0.01162790625 0.591154484375 0.01578073125 0.58388704375 0.0230481734375 0.5828488375 0.028239203125 0.58181063125 0.0313538203125 0.5859634546875 0.039659468749999996 0.593230896875 0.0469269109375
1 0.48837209374999996 0.3095930234375 0.5039451828125 0.32101328906250004 0.5164036546874999 0.3251661125 0.5371677734375 0.3251661125 0.5600083062500001 0.316860465625 0.5714285718750001 0.3054402 0.57973421875 0.288828903125 0.57973421875 0.2618355484375 0.5714285718750001 0.245224253125 0.55793189375 0.2338039859375 0.5392441859375 0.2254983390625 0.5205564781249999 0.2254983390625 0.49563953437499997 0.23588039843750003 0.4800664453125 0.2514534890625 0.472799003125 0.27117940156250003 0.47176079687500005 0.2825996671875 0.47383720937499996 0.288828903125 0.48837209374999996 0.3095930234375
1 0.640988371875 0.5598006640625 0.6513704312499999 0.5639534890625 0.6596760796875001 0.5639534890625 0.6721345515625 0.557724253125 0.67940199375 0.5463039859375 0.67940199375 0.5400747515625001 0.6814784046875 0.5379983390625 0.67940199375 0.5276162796875 0.67524916875 0.52138704375 0.6575996671875 0.5120431890625 0.640988371875 0.5182724249999999 0.6306063125 0.530730896875 0.62956810625 0.5442275750000001 0.63164451875 0.5483803984375 0.640988371875 0.5598006640625
1 0.593230896875 0.83181063125 0.5994601328125 0.83181063125 0.6015365453125 0.8338870437500001 0.6139950171875 0.82973421875 0.6233388703125 0.8183139531249999 0.6233388703125 0.81000830625 0.620224253125 0.8048172750000001 0.593230896875 0.8027408640625 0.5859634546875 0.80793189375 0.5849252484374999 0.8110465109374999 0.58388704375 0.8183139531249999 0.5859634546875 0.8245431890624999 0.593230896875 0.83181063125
1 0.5994601328125 0.867109634375 0.6129568109375 0.8598421921874999 0.615033221875 0.8411544843750001 0.6119186046875 0.8359634546875 0.593230896875 0.83181063125 0.5807724249999999 0.8359634546875 0.5786960140625 0.8401162796874999 0.5776578078125 0.8515365453125 0.5870016609375 0.865033221875 0.5994601328125 0.867109634375
1 0.5101744187499999 0.9563953484375001 0.5143272421875 0.9584717609375 0.53301495 0.9584717609375 0.5402823921875 0.9532807312499999 0.5423588046875001 0.9325166109374999 0.53301495 0.9273255812500001 0.5164036546874999 0.9273255812500001 0.5070598000000001 0.9325166109374999 0.5039451828125 0.9397840531250001 0.5029069765624999 0.9449750828125 0.5049833890625 0.95120431875 0.5101744187499999 0.9563953484375001
1 0.5060215953125 0.9792358796875 0.5247093015625001 0.97715946875 0.53197674375 0.9698920265625001 0.53197674375 0.961586378125 0.5288621265625 0.9584717609375 0.5164036546874999 0.9584717609375 0.50809800625 0.9543189375000001 0.49979235937500005 0.9563953484375001 0.49356312343750003 0.964700996875 0.4925249171875 0.9678156140624999 0.494601328125 0.9719684390625 0.5060215953125 0.9792358796875
1 0.41050664374999996 1 0.41881229218750005 0.9958471765624999 0.426079734375 0.986503321875 0.426079734375 0.97404485 0.4219269109375 0.9678156140624999 0.4063538203125 0.9563953484375001 0.400124584375 0.9543189375000001 0.39389534843749996 0.9543189375000001 0.39181893749999996 0.952242525 0.36482558125 0.952242525 0.353405315625 0.961586378125 0.352367109375 0.964700996875 0.351328903125 0.9761212625000001 0.355481728125 0.9844269109375 0.3689784046875 0.9958471765624999 0.380052603125 1 0.41050664374999996 1
1 0.22155315625 0.9086378734375 0.24647009999999997 0.9210963453125001 0.2526993359375 0.9210963453125001 0.254775746875 0.9231727578125 0.28384551562500004 0.9231727578125 0.3004568109375 0.916943521875 0.3139534890625 0.90344684375 0.3181063125 0.893064784375 0.3181063125 0.8743770765625 0.31602990000000003 0.868147840625 0.305647840625 0.8473837203125001 0.29422757499999996 0.8338870437500001 0.28592192656250004 0.8276578078125001 0.26723421875 0.8172757468749999 0.24854651093750002 0.8131229234375 0.24647009999999997 0.8110465109374999 0.21947674374999998 0.8110465109374999 0.2049418609375 0.8172757468749999 0.19663621250000002 0.8276578078125001 0.19559800624999998 0.8806063125 0.20182724218749998 0.890988371875 0.22155315625 0.9086378734375
1 0.231935215625 0.9688538203125001 0.23712624531249998 0.963662790625 0.2412790703125 0.95120431875 0.23712624531249998 0.9345930234375001 0.22882059843749997 0.9200581390625 0.2142857140625 0.90344684375 0.2028654484375 0.894102990625 0.19663621250000002 0.8920265781250001 0.19559800624999998 0.938745846875 0.2257059796875 0.9688538203125001 0.231935215625 0.9688538203125001
2 0.47570597968749995 0 0.48525747499999994 0.0095514953125 0.49563953437499997 0.01370431875 0.5039451828125 0.01370431875 0.5060215953125 0.01578073125 0.5309385375 0.01370431875 0.5392441859375 0.0095514953125 0.5475221484375 0 0.47570597968749995 0
2 0.6098421921875 0.11337209374999999 0.632682725 0.11337209374999999 0.6420265781250001 0.1061046515625 0.6461794015625 0.09987541562499999 0.6461794015625 0.08534053124999999 0.6420265781250001 0.0791112953125 0.632682725 0.0697674421875 0.6181478406250001 0.06353820624999999 0.60776578125 0.06353820624999999 0.5994601328125 0.0676910296875 0.5890780734375001 0.0822259140625 0.5880398671875 0.08741694375 0.592192690625 0.09987541562499999 0.6098421921875 0.11337209374999999
2 0.632682725 0.0697674421875 0.6451411953124999 0.084302325 0.6524086375 0.0791112953125 0.65448505 0.074958471875 0.6524086375 0.058347176562500006 0.632682725 0.044850498437500004 0.6160714281249999 0.053156146875 0.6119186046875 0.053156146875 0.60776578125 0.0593853828125 0.60776578125 0.06353820624999999 0.6181478406250001 0.06353820624999999 0.632682725 0.0697674421875
2 0.638911959375 0.1632059796875 0.6451411953124999 0.16528239218750002 0.6617524921875 0.1632059796875 0.6731727578125 0.1497093015625 0.6731727578125 0.1414036546875 0.6690199328124999 0.1310215953125 0.6596760796875001 0.121677740625 0.6492940203125 0.1175249171875 0.6368355484375 0.11960132812499999 0.6243770765625001 0.13413621250000002 0.6233388703125 0.1434800671875 0.6274916937499999 0.15178571406250002 0.638911959375 0.1632059796875
2 0.643064784375 0.2836378734375 0.6596760796875001 0.2836378734375 0.665905315625 0.28571428593750003 0.6700581390625 0.289867109375 0.676287375 0.289867109375 0.6856312296875 0.27844684375 0.6856312296875 0.2722176078125 0.687707640625 0.2701411953125 0.6856312296875 0.26806478437500003 0.6856312296875 0.2597591359375 0.6814784046875 0.2514534890625 0.667981728125 0.240033221875 0.6513704312499999 0.240033221875 0.6472176078125 0.242109634375 0.6347591359375 0.25664451875 0.6337209296874999 0.2722176078125 0.6378737546875 0.28052325625 0.643064784375 0.2836378734375
1 0.5506644515625 0.94912790625 0.5506644515625 0.9366694359375 0.547549834375 0.9335548171875001 0.543397009375 0.9314784046875 0.5382059796875 0.9325166109374999 0.5402823921875 0.9345930234375001 0.5402823921875 0.9408222593750001 0.53301495 0.9543189375000001 0.53301495 0.9563953484375001 0.5392441859375 0.9563953484375001 0.5506644515625 0.94912790625