1 0.5524665875 0.8612421390625 0.5406741359375 0.8553459125 0.5269162734374999 0.8533805031249999 0.5249508640625 0.85141509375 0.5052967765624999 0.8533805031249999 0.487608096875 0.8612421390625 0.47286753125000003 0.8740172953125 0.4669713046875 0.8858097484374999 0.4669713046875 0.9074292453125 0.470902121875 0.91529088125 0.48957350625 0.9319968546874999 0.5151238203124999 0.939858490625 0.521020046875 0.93789308125 0.534777909375 0.93789308125 0.55639740625 0.9280660375 0.5672071546875 0.91529088125 0.5721206765625 0.9044811328125 0.5731033812499999 0.8858097484374999 0.5652417453125 0.8720518875 0.5524665875 0.8612421390625
1 0.38933765781249996 0.8081761000000001 0.3755797953125 0.8022798734375 0.361821934375 0.8022798734375 0.3539602984375 0.8062106921875 0.3470813671875 0.8130896218749999 0.34315055 0.8209512578125 0.34315055 0.82881289375 0.3490467765625 0.8406053453125001 0.357891115625 0.8494496859374999 0.36968356875 0.8533805031249999 0.38344143124999996 0.8533805031249999 0.38933765781249996 0.85141509375 0.40113010937500004 0.8376572328125 0.4021128140625 0.824882075 0.398181996875 0.8170204406250001 0.38933765781249996 0.8081761000000001
1 0.328409984375 0.7216981125 0.3244791671875 0.7197327046875001 0.308755896875 0.7197327046875001 0.29991155625 0.7266116359375 0.2979461484375 0.74233490625 0.301876965625 0.750196540625 0.308755896875 0.757075471875 0.318582940625 0.7610062890625 0.33037539374999997 0.75904088125 0.3402024375 0.747248428125 0.34118514218749996 0.740369496875 0.3392197328125 0.7344732703125 0.328409984375 0.7216981125
1 0.3225137578125 0.637185534375 0.31465212187499997 0.6332547171875 0.3008942609375 0.6352201265625 0.292049921875 0.644064465625 0.2900845125 0.6597877359375001 0.29892885156250004 0.67256289375 0.3067904875 0.6764937109375 0.3205483484375 0.6764937109375 0.32939268906249997 0.6696147796874999 0.3323408015625 0.6627358484375 0.33332350625 0.653891509375 0.32939268906249997 0.644064465625 0.3225137578125 0.637185534375
1 0.31661753125000003 0.5919811328125 0.31072130468750003 0.5900157234375001 0.29892885156250004 0.5919811328125 0.288119103125 0.6047562890625 0.288119103125 0.6165487421875 0.2900845125 0.620479559375 0.3008942609375 0.6312893078124999 0.3067904875 0.6332547171875 0.31661753125000003 0.6312893078124999 0.3274272796875 0.620479559375 0.328409984375 0.6155660375 0.3274272796875 0.6047562890625 0.32349646249999997 0.5988600625 0.31661753125000003 0.5919811328125
1 0.3402024375 0.424921384375 0.3323408015625 0.42099056562500003 0.326444575 0.42099056562500003 0.31661753125000003 0.424921384375 0.3077731921875 0.43573113281250003 0.3058077828125 0.447523584375 0.3077731921875 0.45341981093749995 0.3126867140625 0.46029874218750005 0.3225137578125 0.46619496875 0.33627161875 0.464229559375 0.348064071875 0.45243710625 0.3490467765625 0.43573113281250003 0.3470813671875 0.43180031406249997 0.3402024375 0.424921384375
1 0.3991647015625 0.2657232703125 0.38344143124999996 0.2657232703125 0.3755797953125 0.26965408750000003 0.36477004687500003 0.2804638359375 0.3628046390625 0.2863600625 0.3628046390625 0.29618710625 0.36673545625 0.3060141515625 0.371648978125 0.3109276734375 0.381476021875 0.314858490625 0.3991647015625 0.31289308125000004 0.4139052671875 0.300117925 0.414887971875 0.29520440312499996 0.41587067656250004 0.28439465468749997 0.4119398578125 0.274567609375 0.3991647015625 0.2657232703125
0 0.381476021875 0.3423742140625 0.3736143875 0.33844339687499997 0.361821934375 0.33844339687499997 0.3539602984375 0.3423742140625 0.34118514218749996 0.3571147796875 0.34118514218749996 0.37283805000000003 0.345115959375 0.3806996859375 0.3539602984375 0.38757861562499996 0.359856525 0.389544025 0.36968356875 0.389544025 0.3795106125 0.38561320781249997 0.388354953125 0.37676886718749997 0.391303065625 0.3698899375 0.3922857703125 0.3590801890625 0.388354953125 0.34925314531249996 0.381476021875 0.3423742140625
0 0.3126867140625 0.6764937109375 0.3028596703125 0.680424528125 0.2979461484375 0.68533805 0.2959807390625 0.6892688671875 0.2959807390625 0.7049921390625 0.3067904875 0.7177672953124999 0.31072130468750003 0.7197327046875001 0.3225137578125 0.7197327046875001 0.33037539374999997 0.7158018875 0.33627161875 0.7099056609375001 0.3372543234375 0.6931996859375 0.326444575 0.680424528125 0.3126867140625 0.6764937109375
0 0.3795106125 0.7492138359375 0.371648978125 0.74528301875 0.3539602984375 0.74528301875 0.34118514218749996 0.7541273578125 0.3372543234375 0.76198899375 0.33528891562499996 0.773781446875 0.3392197328125 0.783608490625 0.3441332546875 0.790487421875 0.3559257078125 0.79834905625 0.371648978125 0.8003144656250001 0.37754520468749997 0.79834905625 0.3854068390625 0.7944182390625001 0.393268475 0.7845911953125 0.3942511796875 0.7698506296875001 0.3922857703125 0.763954403125 0.3795106125 0.7492138359375
0 0.2910672171875 0.7079402515625 0.2861536953125 0.7128537734375 0.2861536953125 0.7266116359375 0.294998034375 0.7374213843749999 0.2979461484375 0.7364386796875 0.29991155625 0.7266116359375 0.3067904875 0.7216981125 0.3077731921875 0.71875 0.29696344375 0.7059748421875 0.2910672171875 0.7079402515625
1 0.4620577828125 0.939858490625 0.444369103125 0.9339622640625 0.42078419843750003 0.9339622640625 0.408009040625 0.9447720125 0.4060436328125 0.9487028296875 0.4060436328125 0.9644261000000001 0.4188187890625 0.9772012578125 0.4306112421875 0.981132075 0.45223073906250005 0.981132075 0.458126965625 0.9791666671874999 0.46893671406250004 0.9703223265625001 0.47188482656249997 0.963443396875 0.47286753125000003 0.9565644656250001 0.4669713046875 0.9447720125 0.4620577828125 0.939858490625
1 0.4424036953125 1 0.4502653296875 0.9968553453125001 0.4600923734375 0.9889937109375 0.46107507812500004 0.9821147796874999 0.458126965625 0.9791666671874999 0.4541961484375 0.981132075 0.42864583281249996 0.981132075 0.4188187890625 0.9772012578125 0.40899174531250004 0.9673742140625 0.40407822343750005 0.9703223265625001 0.4021128140625 0.9742531453125001 0.4021128140625 0.9840801890625 0.40407822343750005 0.98801100625 0.41292256250000003 0.9968553453125001 0.42078419843750003 1 0.4424036953125 1