2 1 0.3935546875 0.9970703125 0.392578125 0.9921875 0.4013671875 0.990234375 0.4130859375 0.9921875 0.4150390625 0.994140625 0.4267578125 0.99609375 0.4306640625 0.9990234375 0.43359375 1 0.4326171875 1 0.3935546875
0 0.8525390625 0.4921875 0.8369140625 0.5 0.82421875 0.5126953125 0.81640625 0.5244140625 0.80859375 0.5458984375 0.80859375 0.5771484375 0.8203125 0.6005859375 0.8349609375 0.61328125 0.8447265625 0.6171875 0.869140625 0.6162109375 0.8876953125 0.607421875 0.90234375 0.5908203125 0.91015625 0.5712890625 0.912109375 0.5419921875 0.90234375 0.5166015625 0.8896484375 0.501953125 0.8759765625 0.494140625 0.8525390625 0.4921875
0 0.7978515625 0.439453125 0.7783203125 0.435546875 0.7763671875 0.4375 0.7607421875 0.439453125 0.7529296875 0.443359375 0.740234375 0.4580078125 0.73046875 0.4794921875 0.73046875 0.5068359375 0.736328125 0.5205078125 0.7529296875 0.541015625 0.7587890625 0.544921875 0.7705078125 0.546875 0.7724609375 0.548828125 0.787109375 0.5478515625 0.8037109375 0.541015625 0.810546875 0.5341796875 0.814453125 0.5244140625 0.828125 0.5068359375 0.830078125 0.4833984375 0.82421875 0.4658203125 0.8076171875 0.4453125 0.7978515625 0.439453125
0 0.6533203125 0.404296875 0.6298828125 0.404296875 0.6123046875 0.412109375 0.6015625 0.4228515625 0.59375 0.4345703125 0.591796875 0.4501953125 0.599609375 0.4677734375 0.6015625 0.4873046875 0.6103515625 0.498046875 0.6318359375 0.5078125 0.65625 0.5068359375 0.6630859375 0.505859375 0.6748046875 0.5 0.6875 0.4853515625 0.6953125 0.4619140625 0.693359375 0.4443359375 0.681640625 0.4228515625 0.6669921875 0.41015625 0.6533203125 0.404296875
0 0.6728515625 0.375 0.6669921875 0.376953125 0.6572265625 0.3828125 0.6484375 0.3916015625 0.64453125 0.4033203125 0.6533203125 0.404296875 0.6728515625 0.4140625 0.68359375 0.4248046875 0.693359375 0.4423828125 0.6953125 0.4599609375 0.705078125 0.4599609375 0.7080078125 0.458984375 0.720703125 0.4443359375 0.7265625 0.4306640625 0.7265625 0.4111328125 0.72265625 0.3994140625 0.7060546875 0.380859375 0.6943359375 0.375 0.6728515625 0.375
0 0.8154296875 0.453125 0.818359375 0.4501953125 0.818359375 0.4345703125 0.8125 0.4189453125 0.7958984375 0.40234375 0.7880859375 0.3984375 0.7822265625 0.396484375 0.7626953125 0.396484375 0.7568359375 0.3984375 0.740234375 0.4130859375 0.734375 0.4248046875 0.734375 0.4306640625 0.732421875 0.4326171875 0.732421875 0.4501953125 0.734375 0.4560546875 0.7373046875 0.458984375 0.740234375 0.4580078125 0.7490234375 0.447265625 0.7626953125 0.439453125 0.7685546875 0.439453125 0.7705078125 0.4375 0.7880859375 0.4375 0.7900390625 0.439453125 0.8017578125 0.44140625 0.8154296875 0.453125
0 0.587890625 0.4462890625 0.5732421875 0.43359375 0.5537109375 0.42578125 0.5302734375 0.42578125 0.5087890625 0.435546875 0.4921875 0.4541015625 0.4921875 0.4580078125 0.48828125 0.4619140625 0.486328125 0.4677734375 0.486328125 0.4931640625 0.494140625 0.5126953125 0.5 0.5205078125 0.5126953125 0.53125 0.5283203125 0.5390625 0.5546875 0.5380859375 0.5615234375 0.53515625 0.5673828125 0.53515625 0.5712890625 0.53125 0.5771484375 0.529296875 0.59375 0.5087890625 0.599609375 0.4931640625 0.59765625 0.4658203125 0.587890625 0.4462890625
0 0.529296875 0.4111328125 0.5234375 0.3974609375 0.5146484375 0.388671875 0.4912109375 0.37890625 0.4814453125 0.37890625 0.4638671875 0.384765625 0.44921875 0.3994140625 0.443359375 0.4111328125 0.44140625 0.4248046875 0.439453125 0.4267578125 0.44140625 0.4287109375 0.443359375 0.4404296875 0.4619140625 0.4609375 0.4794921875 0.46875 0.484375 0.4677734375 0.490234375 0.4599609375 0.494140625 0.4501953125 0.5029296875 0.439453125 0.5107421875 0.43359375 0.5224609375 0.427734375 0.5263671875 0.427734375 0.53125 0.4228515625 0.529296875 0.4111328125
0 0.5380859375 0.37109375 0.53125 0.3779296875 0.525390625 0.3896484375 0.525390625 0.4013671875 0.53125 0.4189453125 0.5361328125 0.423828125 0.5576171875 0.42578125 0.5830078125 0.4375 0.587890625 0.4365234375 0.6015625 0.4208984375 0.607421875 0.4111328125 0.607421875 0.3935546875 0.6015625 0.3818359375 0.5908203125 0.37109375 0.5751953125 0.36328125 0.5537109375 0.36328125 0.5380859375 0.37109375
0 0.6982421875 0.302734375 0.6923828125 0.3046875 0.6884765625 0.306640625 0.677734375 0.3193359375 0.677734375 0.3369140625 0.681640625 0.3447265625 0.6884765625 0.3515625 0.7001953125 0.353515625 0.7021484375 0.35546875 0.7099609375 0.35546875 0.7119140625 0.357421875 0.71484375 0.3564453125 0.7236328125 0.3515625 0.728515625 0.3447265625 0.73046875 0.3388671875 0.73046875 0.3251953125 0.7197265625 0.30859375 0.7099609375 0.3046875 0.7001953125 0.3046875 0.6982421875 0.302734375
0 0.77734375 0.3349609375 0.779296875 0.3408203125 0.78125 0.3447265625 0.7919921875 0.353515625 0.7978515625 0.35546875 0.810546875 0.3544921875 0.8203125 0.3427734375 0.8203125 0.3251953125 0.8095703125 0.310546875 0.8017578125 0.306640625 0.7900390625 0.306640625 0.779296875 0.3154296875 0.77734375 0.3212890625 0.77734375 0.3349609375
0 0.8583984375 0.326171875 0.849609375 0.3349609375 0.849609375 0.3408203125 0.84765625 0.3427734375 0.849609375 0.3564453125 0.8603515625 0.375 0.8662109375 0.376953125 0.875 0.3759765625 0.8798828125 0.375 0.88671875 0.3701171875 0.890625 0.3603515625 0.890625 0.3505859375 0.884765625 0.3369140625 0.8779296875 0.330078125 0.8701171875 0.326171875 0.8583984375 0.326171875