2 0.63207720625 0.1936274515625 0.6443321078124999 0.1936274515625 0.6514808000000001 0.18443627499999998 0.6514808000000001 0.176266340625 0.648417075 0.17116013125 0.640247140625 0.1670751640625 0.630034721875 0.1670751640625 0.6228860296875001 0.172181371875 0.6208435453125001 0.176266340625 0.6218647875000001 0.1834150328125 0.6228860296875001 0.1864787578125 0.63207720625 0.1936274515625
2 0.656587009375 0.195669934375 0.6443321078124999 0.195669934375 0.637183415625 0.202818628125 0.63820465625 0.2140522875 0.648417075 0.222222221875 0.65862949375 0.222222221875 0.663735703125 0.219158496875 0.6678206703125 0.20690359531250002 0.6657781859375 0.202818628125 0.656587009375 0.195669934375
2 0.57897263125 0.1098856203125 0.5891850484375001 0.11805555625 0.6014399515625 0.11805555625 0.60858864375 0.112949346875 0.60858864375 0.10069444375 0.597354984375 0.0935457515625 0.58510008125 0.0935457515625 0.5779513890625 0.10069444375 0.57897263125 0.1098856203125
2 0.63820465625 0.1486928109375 0.6341196890624999 0.15277777812499999 0.6249285125 0.155841503125 0.6259497546875 0.1629901953125 0.6279922390625 0.1670751640625 0.648417075 0.1650326796875 0.6514808000000001 0.1619689546875 0.6514808000000001 0.155841503125 0.6463745921874999 0.15073529375 0.63820465625 0.1486928109375
2 0.6606719765625 0.195669934375 0.666799428125 0.1997549015625 0.669863153125 0.198733659375 0.669863153125 0.192606209375 0.6627144609375 0.18545751562499999 0.6596507359375 0.1864787578125 0.6606719765625 0.195669934375
2 0.66169321875 0.17013888906250002 0.65862949375 0.1670751640625 0.6576082515625 0.1680964046875 0.6576082515625 0.1803513078125 0.65862949375 0.1813725484375 0.6606719765625 0.1813725484375 0.66169321875 0.1803513078125 0.66169321875 0.17013888906250002
2 0.656587009375 0.1670751640625 0.6545445265625001 0.1670751640625 0.650459559375 0.1629901953125 0.6463745921874999 0.1629901953125 0.6443321078124999 0.1650326796875 0.6422896234375 0.1650326796875 0.6412683828125 0.166053921875 0.6412683828125 0.1680964046875 0.6422896234375 0.169117646875 0.6463745921874999 0.169117646875 0.6514808000000001 0.17422385625 0.6514808000000001 0.1783088234375 0.6545445265625001 0.1813725484375 0.656587009375 0.1813725484375 0.6576082515625 0.1803513078125 0.6576082515625 0.1680964046875 0.656587009375 0.1670751640625
2 0.6279922390625 0.12826797343750002 0.6218647875000001 0.1364379078125 0.610631128125 0.13950163437500002 0.61165236875 0.1486928109375 0.6198223046875 0.1548202609375 0.63207720625 0.1548202609375 0.6361621734375 0.15277777812499999 0.6392258984375 0.1435866015625 0.637183415625 0.1354166671875 0.6279922390625 0.12826797343750002
1 0.5942912578125 0.12724673125 0.5953125 0.12826797343750002 0.5963337421875 0.129289215625 0.5963337421875 0.1313317 0.6014399515625 0.1364379078125 0.603482434375 0.1364379078125 0.60552491875 0.1384803921875 0.6177798203125 0.1384803921875 0.6198223046875 0.1364379078125 0.6218647875000001 0.1364379078125 0.6249285125 0.1333741828125 0.6249285125 0.1313317 0.626970996875 0.129289215625 0.626970996875 0.12724673125 0.6249285125 0.1252042484375 0.6249285125 0.12316176406249998 0.6198223046875 0.11805555625 0.6177798203125 0.11805555625 0.6157373359375 0.11601307187500001 0.603482434375 0.11601307187500001 0.6014399515625 0.11805555625 0.5993974671875 0.11805555625 0.5963337421875 0.12111928125 0.5963337421875 0.12316176406249998 0.5942912578125 0.1252042484375 0.5942912578125 0.12724673125
1 0.60858864375 0.10273692812499999 0.60858864375 0.1088643796875 0.606546159375 0.1109068625 0.606546159375 0.11499182968749999 0.6075674015625 0.11601307187500001 0.6157373359375 0.11601307187500001 0.6177798203125 0.11805555625 0.6198223046875 0.11805555625 0.6208435453125001 0.1170343140625 0.6208435453125001 0.1088643796875 0.6157373359375 0.10375817031250001 0.6136948531249999 0.10375817031250001 0.61165236875 0.1017156859375 0.6096098859375 0.1017156859375 0.60858864375 0.10273692812499999
1 0.640247140625 0.14256535937499998 0.637183415625 0.145629084375 0.637183415625 0.14767156875 0.63820465625 0.1486928109375 0.640247140625 0.15073529375 0.648417075 0.15073529375 0.6494383171875 0.1497140515625 0.6494383171875 0.14767156875 0.6443321078124999 0.14256535937499998 0.640247140625 0.14256535937499998
1 0.65862949375 0.195669934375 0.6596507359375 0.1946486921875 0.6596507359375 0.18443627499999998 0.656587009375 0.1813725484375 0.6545445265625001 0.1813725484375 0.6525020421875001 0.179330065625 0.6514808000000001 0.1803513078125 0.6514808000000001 0.1864787578125 0.6453533499999999 0.192606209375 0.6463745921874999 0.1936274515625 0.648417075 0.195669934375 0.65862949375 0.195669934375
1 0.669863153125 0.20894607812500002 0.669863153125 0.202818628125 0.6627144609375 0.195669934375 0.6606719765625 0.195669934375 0.6596507359375 0.1966911765625 0.6596507359375 0.198733659375 0.6606719765625 0.1997549015625 0.6657781859375 0.20486111093749998 0.6657781859375 0.2109885625 0.666799428125 0.2120098046875 0.669863153125 0.20894607812500002