1 0.5123919031249999 0.41902515781250005 0.5163227203125 0.42099056562500003 0.5359768078125 0.42099056562500003 0.5379422171875 0.41705974843750004 0.5458038515625 0.4150943390625 0.5546481921875 0.40625 0.558579009375 0.394457546875 0.5566136 0.3806996859375 0.5526827828124999 0.37283805000000003 0.54383844375 0.3639937109375 0.5379422171875 0.3639937109375 0.5340114 0.36006289375 0.5202535375 0.36006289375 0.5143573109374999 0.3620283015625 0.5035475625 0.3708726421875 0.49961674531250005 0.3787342765625 0.50059945 0.40330188749999996 0.5015821546875 0.4101808171875 0.5045302671874999 0.41312893125 0.508461084375 0.41312893125 0.5123919031249999 0.41902515781250005
1 0.435740959375 0.40526729531249994 0.4416371859375 0.41312893125 0.44851611562500004 0.41607704375 0.44851611562500004 0.4200078609375 0.45146422968750005 0.422955975 0.455395046875 0.422955975 0.45736045625 0.424921384375 0.469152909375 0.424921384375 0.47308372656250003 0.4268867921875 0.4848761796875 0.42099056562500003 0.48782429218749995 0.4141116359375 0.49372051875 0.4101808171875 0.4976513359375 0.40035377343749995 0.4976513359375 0.3885613203125 0.49372051875 0.3787342765625 0.4848761796875 0.367924528125 0.47701454375 0.3639937109375 0.4671875 0.3639937109375 0.46522209062500003 0.36595911875 0.46325668281250004 0.3639937109375 0.4593258640625 0.3639937109375 0.4475334125 0.3698899375 0.438689071875 0.3806996859375 0.43475825468749996 0.3885613203125 0.435740959375 0.40526729531249994
2 0.4210378 0.9610474703125 0.42889943593749996 0.9649782874999999 0.4347956625 0.9630128796875 0.4387264796875 0.9649782874999999 0.4485535234375 0.9649782874999999 0.456415159375 0.9610474703125 0.471155725 0.9463069046875001 0.4750865421875 0.9345144515625 0.4750865421875 0.9148603625 0.47312113437500003 0.9128949546875 0.4750865421875 0.9030679109375 0.469190315625 0.8912754578125 0.452484340625 0.8785003 0.44069188906249995 0.8785003 0.4367610703125 0.8765348921875 0.4210378 0.8843965265625 0.40826264375 0.8991370921874999 0.4121934609375 0.9050333187499999 0.40924534687499997 0.9060160234374999 0.404331825 0.9128949546875 0.4053145296875 0.9394279734375001 0.41415886874999996 0.9541685390625 0.4210378 0.9610474703125
2 0.5369595125 0.9801493703125 0.54678655625 0.9644261000000001 0.54678655625 0.9585298734375 0.548751965625 0.9565644656250001 0.548751965625 0.9388757859375 0.5448211484375001 0.9329795593749999 0.5428557390625001 0.92118710625 0.53008058125 0.906446540625 0.5182881296875 0.9005503140625001 0.5045302671874999 0.9005503140625001 0.48585888437499997 0.9113600625 0.481928065625 0.9172562890625 0.483893475 0.9270833328125001 0.4799626578125 0.9329795593749999 0.48094536093749995 0.9673742140625 0.483893475 0.9742531453125001 0.4966686328125 0.9870283015625001 0.5045302671874999 0.99095911875 0.5202535375 0.99095911875 0.5369595125 0.9801493703125
2 0.5399076265625 0.6745283015625 0.548751965625 0.663718553125 0.5546481921875 0.6499606921875001 0.5526827828124999 0.634237421875 0.548751965625 0.6263757859375 0.5379422171875 0.6155660375 0.532045990625 0.6155660375 0.53008058125 0.6116352203125001 0.5241843546875 0.6096698109375 0.5064956765625 0.6116352203125001 0.5025648578124999 0.6136006296875001 0.4897897015625 0.6283411953125 0.49077240624999996 0.6548742140625 0.49372051875 0.6578223265625 0.491755109375 0.663718553125 0.50059945 0.6745283015625 0.5182881296875 0.680424528125 0.53008058125 0.67845911875 0.5399076265625 0.6745283015625
1 0.47308372656250003 0.6548742140625 0.47897995312499997 0.650943396875 0.48585888437499997 0.64209905625 0.48782429218749995 0.612617925 0.483893475 0.6047562890625 0.47504913593750003 0.59591195 0.4671875 0.5919811328125 0.45736045625 0.5919811328125 0.455395046875 0.5900157234375001 0.44360259375 0.5919811328125 0.428862028125 0.6047562890625 0.42100039375 0.6185141515625 0.421983096875 0.637185534375 0.4318101421875 0.6529088046875 0.44360259375 0.6548742140625 0.455395046875 0.660770440625 0.4593258640625 0.660770440625 0.46325668281250004 0.656839621875 0.47308372656250003 0.6548742140625
3 0.5078125 0.034375 0.1390625 0.06875
3 0.5109375 0.1921875 0.1328125 0.103125
3 0.5078125 0.3890625 0.165625 0.096875
3 0.490625 0.634375 0.16875 0.103125
3 0.4875 0.928125 0.1796875 0.140625