0 0.34943985781250003 0.5894261000000001 0.345509040625 0.5972877359375001 0.3435436328125 0.6090801890625 0.34943985781250003 0.62283805 0.362215015625 0.6356132078125001 0.3681112421875 0.6375786156250001 0.3838345125 0.6375786156250001 0.3916961484375 0.6336477984375 0.4005404875 0.624803459375 0.4044713046875 0.6149764156249999 0.40348860000000003 0.6002358484375 0.402505896875 0.5953223265625 0.3877653296875 0.5805817609374999 0.3838345125 0.5786163515625 0.364180425 0.5786163515625 0.35631878906250003 0.5825471703125 0.34943985781250003 0.5894261000000001
0 0.375972878125 0.165880503125 0.3897307390625 0.1717767296875 0.40348860000000003 0.1717767296875 0.41724646249999997 0.165880503125 0.43002161875 0.1531053453125 0.4339524375 0.14131289375 0.43296973281250006 0.1363993703125 0.4231426890625 0.1206761 0.40938482656249997 0.1147798734375 0.395626965625 0.1147798734375 0.3779382859375 0.122641509375 0.3730247640625 0.12755503125 0.3671285375 0.137382075 0.3671285375 0.1531053453125 0.375972878125 0.165880503125
0 0.3081662734375 0.24547955937500002 0.3101316828125 0.24941037812500003 0.32094143124999996 0.2582547171875 0.3366647015625 0.2582547171875 0.3514052671875 0.24547955937500002 0.355336084375 0.235652515625 0.35435338125000004 0.2268081765625 0.3533706765625 0.2238600625 0.342560928125 0.2150157234375 0.3346992921875 0.2150157234375 0.332733884375 0.21305031406250002 0.3229068390625 0.2150157234375 0.3170106125 0.21894654062500002 0.3081662734375 0.2297562890625 0.3081662734375 0.24547955937500002
0 0.32094143124999996 0.21305031406250002 0.31602790937499997 0.2081367921875 0.3130797953125 0.20125786093750003 0.3052181609375 0.2032232703125 0.2983392296875 0.21010220156249998 0.29637382031250004 0.21599842812499997 0.29637382031250004 0.225825471875 0.2983392296875 0.2297562890625 0.3052181609375 0.2346698109375 0.3101316828125 0.225825471875 0.32192413593749997 0.21599842812499997 0.32094143124999996 0.21305031406250002
0 0.292443003125 0.2965801890625 0.2944084125 0.30051100625 0.3032527515625 0.3073899375 0.309148978125 0.3073899375 0.3111143875 0.30935534531250003 0.31504520468749997 0.3073899375 0.31504520468749997 0.305424528125 0.30718356875 0.3014937109375 0.30227004687500003 0.2946147796875 0.3003046390625 0.28085691874999996 0.30423545625 0.27102987343749996 0.30128734218750003 0.2700471703125 0.292443003125 0.28085691874999996 0.29047759375000004 0.28675314531249996 0.292443003125 0.2965801890625
1 0.30423545625 0.27102987343749996 0.3003046390625 0.278891509375 0.30227004687500003 0.2965801890625 0.309148978125 0.30345911875 0.3170106125 0.3073899375 0.32683765781249996 0.305424528125 0.3346992921875 0.3014937109375 0.3435436328125 0.2926493703125 0.345509040625 0.28085691874999996 0.34747445 0.278891509375 0.3464917453125 0.27594339687499997 0.345509040625 0.27102987343749996 0.3366647015625 0.26218553437500003 0.332733884375 0.26022012656250004 0.318976021875 0.26022012656250004 0.3111143875 0.26415094375 0.30423545625 0.27102987343749996
1 0.3248722484375 0.35259433906250004 0.33764740625 0.3378537734375 0.3366647015625 0.3211477984375 0.3337165875 0.3162342765625 0.3248722484375 0.30935534531250003 0.318976021875 0.3073899375 0.309148978125 0.30935534531250003 0.30128734218750003 0.315251571875 0.2944084125 0.32409591249999997 0.2944084125 0.341784590625 0.29637382031250004 0.345715409375 0.309148978125 0.3545597484375 0.3248722484375 0.35259433906250004
1 0.32094143124999996 0.1796383640625 0.31602790937499997 0.1865172953125 0.3140625 0.1904481125 0.3140625 0.20420597499999998 0.3179933171875 0.21010220156249998 0.3229068390625 0.21305031406250002 0.34059551875 0.2150157234375 0.3484571546875 0.21108490624999998 0.35730149375 0.202240565625 0.3612323109375 0.192413521875 0.36024960625 0.1875 0.35730149375 0.18062106875 0.3484571546875 0.1737421390625 0.342560928125 0.1737421390625 0.34059551875 0.1717767296875 0.330768475 0.1737421390625 0.32094143124999996 0.1796383640625
1 0.378920990625 0.086281446875 0.378920990625 0.0980739 0.3916961484375 0.112814465625 0.3975923734375 0.1147798734375 0.415281053125 0.1147798734375 0.43100432343749995 0.10888364843750001 0.441814071875 0.0980739 0.44377948125 0.0921776734375 0.44279677656249994 0.08333333281250001 0.4398486640625 0.076454403125 0.43100432343749995 0.0676100625 0.41135023593750003 0.0636792453125 0.40938482656249997 0.0656446546875 0.3975923734375 0.0676100625 0.3848172171875 0.076454403125 0.378920990625 0.086281446875
1 0.3062008640625 0.5226022015625 0.3101316828125 0.5324292453125 0.3170106125 0.5393081765625001 0.32683765781249996 0.54323899375 0.3346992921875 0.54323899375 0.34059551875 0.5412735843750001 0.34943985781250003 0.5343946546875 0.355336084375 0.5226022015625 0.35435338125000004 0.50982704375 0.342560928125 0.4960691828125 0.3346992921875 0.4921383640625 0.3248722484375 0.4921383640625 0.3170106125 0.4960691828125 0.3101316828125 0.5029481125 0.3062008640625 0.5108097484375 0.3062008640625 0.5226022015625
1 0.3730247640625 0.677869496875 0.36909394687499997 0.687696540625 0.36909394687499997 0.69948899375 0.3730247640625 0.7093160375 0.3838345125 0.7201257859375 0.39366155625 0.724056603125 0.40938482656249997 0.724056603125 0.41921187031249996 0.7201257859375 0.4280562109375 0.7093160375 0.431987028125 0.6975235843750001 0.43100432343749995 0.694575471875 0.4280562109375 0.6837657234375001 0.415281053125 0.670990565625 0.3995577828125 0.6650943390624999 0.3877653296875 0.6670597484375 0.3799036953125 0.670990565625 0.3730247640625 0.677869496875
1 0.5566725625 0 0.5597386 0.00766509375 0.5705483484375 0.0204402515625 0.5921678453125 0.0322327046875 0.6039602984375 0.0341981125 0.6059257078125 0.036163521875 0.645233884375 0.036163521875 0.6550609281249999 0.0322327046875 0.667836084375 0.017492139062500002 0.6668533812499999 0.0007861640625 0.6664602984375 0 0.5566725625 0