1 0.1018976890625 0.5096947187499999 0.11117986875000001 0.5210396046875 0.11736798749999999 0.5210396046875 0.11943069375 0.5231023109375 0.128712871875 0.5220709578125 0.16068481875 0.5210396046875 0.1668729375 0.5148514843750001 0.17306105624999998 0.5169141921875 0.180280528125 0.5096947187499999 0.184405940625 0.50144389375 0.186468646875 0.48494224375000006 0.182343234375 0.47256600625 0.17306105624999998 0.461221121875 0.16068481875 0.459158415625 0.159653465625 0.45400165000000003 0.15655940625 0.45090759062499997 0.1503712875 0.45090759062499997 0.14830858125 0.448844884375 0.12768151875 0.448844884375 0.1214934 0.45090759062499997 0.11324257499999998 0.45503300312499995 0.1018976890625 0.46637788750000003 0.0998349828125 0.4705033 0.1018976890625 0.47256600625 0.0957095703125 0.47669141875000004 0.0957095703125 0.49525577500000006 0.1018976890625 0.5096947187499999
2 0.0915841578125 0.5757013203125 0.1049917484375 0.5911716171875 0.1214934 0.5994224421875 0.139026403125 0.5983910890625 0.15655940625 0.5932343234374999 0.167904290625 0.5818894390625 0.169966996875 0.5695132015625 0.176155115625 0.5633250828125 0.17409240937499998 0.5612623765625 0.176155115625 0.5488861390625 0.17306105624999998 0.5437293734375 0.167904290625 0.5447607265625 0.16584158437500002 0.5344471953125 0.1544967 0.5251650171875 0.13593234375000002 0.5251650171875 0.1338696375 0.5272277234375 0.11736798749999999 0.5251650171875 0.11117986875000001 0.5272277234375 0.0988036296875 0.5354785484375 0.0915841578125 0.5447607265625 0.0874587453125 0.5571369640625 0.0905528046875 0.5622937296875 0.0957095703125 0.5633250828125 0.0957095703125 0.5653877890625 0.08952145156249999 0.5695132015625 0.0915841578125 0.5757013203125
2 0.46390264062500003 0.5169141921875 0.46905940625 0.5096947187499999 0.46905940625 0.47875412500000003 0.4669967 0.47669141875000004 0.46905940625 0.46844059375 0.457714521875 0.457095709375 0.439150165625 0.45090759062499997 0.426773928125 0.45297029687499996 0.4185231015625 0.457095709375 0.4123349828125 0.461221121875 0.4071782171875 0.46844059375 0.4071782171875 0.47256600625 0.4113036296875 0.47462871250000005 0.4061468640625 0.47566006562499996 0.4009900984375 0.48081683125 0.4009900984375 0.49938118749999993 0.40511551093750003 0.5076320125 0.41439768906249996 0.5169141921875 0.432962046875 0.5169141921875 0.435024753125 0.5189768984375001 0.4546204625 0.5179455453124999 0.46390264062500003 0.5169141921875
2 0.46905940625 0.5633250828125 0.4669967 0.5591996703125 0.46905940625 0.5426980203125 0.46287128749999995 0.5323844890625 0.453589109375 0.5231023109375 0.4164603953125 0.5231023109375 0.4123349828125 0.5251650171875 0.4009900984375 0.5385726078124999 0.3989273921875 0.5447607265625 0.3989273921875 0.5653877890625 0.40511551093750003 0.5757013203125 0.4205858078125 0.5891089109375 0.42883663437499997 0.5891089109375 0.430899340625 0.5911716171875 0.43811881250000007 0.5901402640625 0.449463696875 0.5870462046875 0.4669967 0.5715759078125 0.4669967 0.5653877890625 0.46905940625 0.5633250828125
1 0.7145214515625 0.5138201312499999 0.7227722765625 0.5076320125 0.7289603953125 0.49731848125000006 0.7289603953125 0.49113036250000003 0.7310231015624999 0.48906765625000004 0.7310231015624999 0.48081683125 0.7248349828125 0.46637788750000003 0.7155528046875 0.457095709375 0.7073019796875 0.45297029687499996 0.6846122109375 0.45297029687499996 0.6701732671875 0.461221121875 0.6650165015625 0.46637788750000003 0.6650165015625 0.4705033 0.6608910890625 0.47462871250000005 0.6588283828125 0.48081683125 0.6588283828125 0.49319306875 0.6629537953125 0.5035065999999999 0.6701732671875 0.510726071875 0.6825495046875 0.5148514843750001 0.6928630359375 0.5148514843750001 0.6949257421875 0.512788778125 0.6990511546875 0.5148514843750001 0.7145214515625 0.5138201312499999
1 0.7258663359375 0.5808580859375 0.7351485156249999 0.5715759078125 0.741336634375 0.5571369640625 0.739273928125 0.5530115515625 0.741336634375 0.5488861390625 0.739273928125 0.5426980203125 0.7351485156249999 0.5344471953125 0.7238036296875 0.5231023109375 0.7155528046875 0.5189768984375001 0.7093646859375 0.5169141921875 0.6969884484375 0.5210396046875 0.6908003296875 0.5189768984375001 0.6825495046875 0.5231023109375 0.6732673265625 0.5323844890625 0.6691419140625 0.5406353140625 0.6691419140625 0.5612623765625 0.6794554453125 0.5777640265625 0.6887376234375 0.5849834984375 0.6949257421875 0.5829207921874999 0.6990511546875 0.5870462046875 0.7145214515625 0.5860148515625 0.7258663359375 0.5808580859375
2 0.7361798687500001 0.45090759062499997 0.745462046875 0.4416254125 0.743399340625 0.4375 0.74855610625 0.43440594062500004 0.751650165625 0.429249175 0.751650165625 0.412747525 0.747524753125 0.40243399375 0.7341171609375 0.38902640312500003 0.7279290421875 0.386963696875 0.7052392734375 0.386963696875 0.6928630359375 0.393151815625 0.6815181515625001 0.40655940625 0.6773927390625001 0.4168729375 0.6773927390625001 0.43131188125 0.6815181515625001 0.4333745875 0.6835808578125 0.44368811875 0.6908003296875 0.45090759062499997 0.6949257421875 0.45297029687499996 0.6990511546875 0.45090759062499997 0.7031765671875 0.457095709375 0.7186468640625 0.4581270625 0.7361798687500001 0.45090759062499997
3 0.1296875 0.5109375 0.1125 0.1703125
3 0.440625 0.5078125 0.090625 0.1859375
3 0.703125 0.515625 0.11875 0.1875
3 0.9296875 0.5109375 0.096875 0.1609375