2 1 0.574989834375 0.995276196875 0.5737064562499999 0.9800263875 0.576773725 0.964667953125 0.5874484078125 0.959546021875 0.5981083609375 0.9596951499999999 0.6068333203125 0.9643181453125 0.6179001562499999 0.971743290625 0.6266637796875 1 0.62917685 1 0.574989834375
1 1 0.6395554765625 0.9941052593749999 0.6366333203125001 0.9842940515624999 0.630876209375 0.9703311687499999 0.633262271875 0.9579092859375 0.637993890625 0.95106776875 0.6431544875 0.9465018468749999 0.652457553125 0.9437825468750001 0.66178639375 0.9484037015625001 0.67469064375 0.9554735140625 0.6845920640625 0.9661702890624999 0.6908738875 0.980254684375 0.6951654859375 0.9919088296874999 0.6963806109374999 1 0.6928584953125 1 0.6395554765625
1 1 0.5176181859375 0.9954170578125 0.5156551 0.97647146875 0.5143787078125001 0.968101078125 0.5172531499999999 0.9574100281250001 0.52119408125 0.9500989703125 0.5286552390625 0.945249515625 0.5379570265625 0.9444063953124999 0.5491097375 0.9454982515625 0.5551076546875 0.950244778125 0.5620859265625 0.9524370671875 0.5663049671875 0.9599385375 0.5713105203125 0.9660651093749999 0.574894003125 0.97081176875 0.575558578125 0.9784966546874999 0.5774902703125 0.9859132125000001 0.574912015625 0.9933683656250001 0.572639959375 0.9984759875 0.5726502531250001 1 0.5725552140625 1 0.5176181859375
2 0.2845712359375 0.6124511578125 0.2778222890625 0.6088910015625 0.270887659375 0.6082710796875 0.26384483593749997 0.608042265625 0.2583788609375 0.6079925546875 0.25165257812499997 0.608969221875 0.2465024125 0.61451049375 0.2412732953125 0.619290753125 0.237467509375 0.626180059375 0.23607122500000002 0.6334560828125 0.235782465625 0.6411919312500001 0.23780013125 0.6477763953125 0.241407075 0.6566161109374999 0.248292725 0.661454853125 0.2548983875 0.6669412953125 0.26105957968750004 0.668942878125 0.2684861984375 0.6686818984375 0.2764939921875 0.6664478453125 0.28232914062500003 0.6631567109375001 0.2890313 0.658344284375 0.2924423265625 0.6513847984375001 0.2953065328125 0.645694396875 0.29589648281250003 0.642758546875 0.29643964375 0.6372348203125 0.29624665 0.6331497781250001 0.29445121875 0.6256507859375 0.29127924374999997 0.6190707109375 0.2845712359375 0.6124511578125
2 0.027695484375000003 0.54396548125 0.0222368203125 0.547705475 0.018390096875 0.5508438203125 0.0153533640625 0.5545655390625 0.013522114062500002 0.5603129609375 0.010921809375 0.5641121671875 0.011573896875 0.5709137484375 0.01507849375 0.5792066484375 0.0206745921875 0.5862450859375 0.027286103125 0.5912402718750001 0.0470826234375 0.5902884578125 0.05411448125 0.5900801140625 0.0708720734375 0.5890478859375 0.0743276921875 0.5871216 0.0776926609375 0.581026203125 0.08247584531249999 0.5741975734375 0.0830928421875 0.5667380578125 0.0830928421875 0.56119166875 0.08185080781250001 0.5574772640625001 0.0806526359375 0.5555275843749999 0.07715827187499999 0.5487925265625 0.0726397234375 0.5457280140625 0.0654843203125 0.5408329828125 0.057191421875 0.539194725 0.05208073125 0.538623784375 0.043349940625 0.53818150625 0.037863496875 0.5396428515625 0.03634074375 0.539906025 0.0332923140625 0.54128403125 0.027695484375000003 0.54396548125
1 0 0.6418057109374999 0.0007508718749999999 0.6429254156249999 0.006321384375 0.6473642796875 0.0140901296875 0.6511605625 0.020661432812499998 0.6529077437499999 0.026985646875 0.6533478296874999 0.0363480546875 0.652031959375 0.04245149375 0.650285509375 0.050253135937500006 0.6469563609375 0.0571322078125 0.644046828125 0.0611953171875 0.63956629375 0.06560859687500001 0.6345213984375 0.06816942499999999 0.628327309375 0.0685641859375 0.6260771734375 0.068742559375 0.6208641390625 0.067983009375 0.6143118421875 0.0644455140625 0.607611875 0.058904243749999995 0.6019733765625 0.052789839062499996 0.5974175453125 0.0469057109375 0.5965286015625 0.0386829921875 0.5961879390625 0.0291582921875 0.5946710328125 0.0214955484375 0.5960154140625 0.01443079375 0.5993935421875001 0.009222875 0.6034734671875001 0.0033826109375000002 0.6088568343749999 0 0.613479075 0 0.6418057109374999
1 0.08163027187500001 0.5057564859375 0.0784219734375 0.500176234375 0.07574393593749999 0.49470505625000005 0.07091683125 0.4900633265625 0.0642376890625 0.4859824671875 0.0551077046875 0.48257327187500004 0.045534540624999995 0.48283193593749996 0.037705635937499996 0.48295350781249996 0.0300922859375 0.4849322890625 0.0242581140625 0.4882431921875 0.019486190625 0.4919257078125 0.0161425234375 0.495204278125 0.011931470312500001 0.501551034375 0.010364396875 0.5075731703125 0.009776796875 0.5136069437499999 0.010768775 0.5189449125000001 0.0135908 0.5248325421875 0.0171176890625 0.5284034015625 0.021503340625 0.531850965625 0.026119634375 0.533922003125 0.031312748437499996 0.537371290625 0.03482239375 0.5389866484375 0.038472574999999995 0.5390435546875 0.0422749390625 0.537296278125 0.0459747015625 0.5375786515625001 0.050458645312499995 0.537651940625 0.051817495312499996 0.5378080015625 0.05696706875 0.537518728125 0.0592424515625 0.5378338671875 0.0621662203125 0.5374958796875 0.065606021875 0.5361486703125 0.068678521875 0.533958215625 0.071179375 0.53259419375 0.073300853125 0.530037728125 0.07499165468749999 0.528077484375 0.079671753125 0.5230650015625 0.08057492187500001 0.5193083359374999 0.08143153125 0.5161030546875 0.08159578437500001 0.5119170046875 0.08163027187500001 0.5057564859375
3 0.9671875 0.6265625 0.065625 0.1578125
3 0.7484375 0.621875 0.1015625 0.1421875
3 0.50625 0.6109375 0.1 0.1640625
3 0.259375 0.6 0.0875 0.15625
3 0.05 0.59375 0.0984375 0.15