2 0.8328125 0.5 0.046875 0.040625
2 0.840625 0.45625 0.0515625 0.046875
1 0.6671875 0.4625 0.05 0.0453125
1 0.6640625 0.5078125 0.0453125 0.0453125
1 0.4765625 0.515625 0.046875 0.046875
1 0.490625 0.4703125 0.0484375 0.0484375
2 0.2859375 0.5265625 0.05625 0.0484375
2 0.2984375 0.4796875 0.0484375 0.04375
1 0.0828125 0.4875 0.0515625 0.046875
1 0.103125 0.534375 0.053125 0.046875
2 0.494140625 0.4404296875 0.498046875 0.4306640625 0.498046875 0.4189453125 0.494140625 0.4111328125 0.4873046875 0.404296875 0.4775390625 0.400390625 0.4716796875 0.400390625 0.4580078125 0.40625 0.44921875 0.4208984375 0.44921875 0.4326171875 0.4521484375 0.435546875 0.45703125 0.4365234375 0.458984375 0.4443359375 0.46484375 0.4482421875 0.4794921875 0.44921875 0.4892578125 0.4453125 0.494140625 0.4404296875
2 0.8583984375 0.423828125 0.86328125 0.4228515625 0.865234375 0.4111328125 0.861328125 0.4013671875 0.8564453125 0.396484375 0.8486328125 0.392578125 0.8330078125 0.392578125 0.8251953125 0.396484375 0.81640625 0.4052734375 0.814453125 0.4091796875 0.814453125 0.4228515625 0.8203125 0.4248046875 0.81640625 0.4267578125 0.8212890625 0.43359375 0.828125 0.4365234375 0.8505859375 0.435546875 0.857421875 0.4287109375 0.8583984375 0.423828125
3 0.83125 0.4703125 0.08125 0.1140625
3 0.6671875 0.475 0.0671875 0.1203125
3 0.4859375 0.4859375 0.0671875 0.11875
3 0.2890625 0.4953125 0.0859375 0.134375
3 0.0953125 0.5046875 0.0953125 0.128125