1 0.48546580156249997 0.7824292453125 0.491362028125 0.7942216984375 0.5119988203125 0.8050314468750001 0.531652909375 0.8050314468750001 0.5454107703125 0.7991352203125001 0.554255109375 0.7922562890625 0.5621167453125 0.77653301875 0.5621167453125 0.7627751578125 0.558185928125 0.7529481125 0.5434453609375 0.74017295625 0.531652909375 0.7362421390625 0.517895046875 0.7362421390625 0.5021717765625 0.7421383640625 0.491362028125 0.7509827046875001 0.484483096875 0.7657232703125 0.48350039375 0.7726022015625 0.48546580156249997 0.774567609375 0.48546580156249997 0.7824292453125
1 0.624027121875 0.608490565625 0.6417158015625 0.608490565625 0.6495774375 0.6045597484375 0.6603871859375 0.59375 0.664318003125 0.58392295625 0.664318003125 0.5760613203125 0.6603871859375 0.5642688671875 0.6495774375 0.55345911875 0.6436812109375001 0.5514937109375 0.627957940625 0.5514937109375 0.6200963046875 0.555424528125 0.60633844375 0.5711477984375 0.6053557390625001 0.5858883640625 0.611251965625 0.5976808171875 0.624027121875 0.608490565625
1 0.65940448125 0.39819182343750004 0.667266115625 0.40212264218750005 0.67905856875 0.40212264218750005 0.6869202046875 0.39819182343750004 0.69576454375 0.387382075 0.69576454375 0.36969339687499997 0.6918337265625001 0.3618317609375 0.6849547953124999 0.3549528296875 0.6770931609375 0.3510220125 0.65940448125 0.352987421875 0.6505601421875 0.3618317609375 0.647612028125 0.3706761 0.6466293234375 0.375589621875 0.65252555 0.39131289375 0.65940448125 0.39819182343750004
1 0.6554736640625001 0.34119496875 0.6653007078125001 0.3470911953125 0.67905856875 0.3451257859375 0.6918337265625001 0.3343160375 0.6937991359375 0.322523584375 0.6918337265625001 0.32055817656249996 0.6918337265625001 0.312696540625 0.67905856875 0.297955975 0.6751277515624999 0.29599056562500003 0.6574390718750001 0.29599056562500003 0.6535082546875 0.297955975 0.6466293234375 0.30483490625 0.6436812109375001 0.3117138359375 0.64269850625 0.32448899375 0.6466293234375 0.3323506296875 0.6554736640625001 0.34119496875
1 0.6495774375 0.2448899375 0.6711969343749999 0.2448899375 0.6751277515624999 0.24685534531250003 0.683972090625 0.239976415625 0.6859375 0.2340801890625 0.6859375 0.2203223265625 0.6731623421874999 0.2055817609375 0.669231525 0.20361635156250002 0.65940448125 0.20165094374999998 0.6574390718750001 0.20361635156250002 0.6515428453125 0.20361635156250002 0.64269850625 0.20852987343749999 0.637784984375 0.2173742140625 0.6368022796874999 0.226218553125 0.6387676890625 0.2321147796875 0.6495774375 0.2448899375
1 0.5650648578124999 0.1112421390625 0.59258058125 0.10927672968749999 0.594545990625 0.1112421390625 0.60633844375 0.11320754687500001 0.6151827828124999 0.106328615625 0.6191136 0.100432390625 0.6191136 0.08667452812500001 0.6151827828124999 0.07881289375 0.604373034375 0.069968553125 0.5886497640624999 0.0640723265625 0.5670302671874999 0.0680031453125 0.558185928125 0.074882075 0.554255109375 0.0807783015625 0.55327240625 0.0876572328125 0.554255109375 0.100432390625 0.558185928125 0.108294025 0.5650648578124999 0.1112421390625
1 0.298751965625 0.11812106874999999 0.30661360000000004 0.129913521875 0.31742334843750003 0.1387578609375 0.335112028125 0.146619496875 0.37245479531250003 0.146619496875 0.390143475 0.1407232703125 0.4039013359375 0.1328616359375 0.42650353750000003 0.11222484218749999 0.43239976406249997 0.09846698125 0.43436517343750003 0.07881289375 0.428468946875 0.0611242140625 0.41372838125 0.0463836484375 0.3940742921875 0.0385220125 0.356731525 0.0385220125 0.3508352984375 0.0424528296875 0.33314661874999996 0.04834905625 0.3213541671875 0.0562106921875 0.30661360000000004 0.0709512578125 0.298751965625 0.08667452812500001 0.2977692609375 0.09355345937500001 0.29678655625 0.108294025 0.298751965625 0.110259434375 0.298751965625 0.11812106874999999
0 0.570961084375 0.16234276718750001 0.584718946875 0.16823899375 0.604373034375 0.16823899375 0.6102692609375 0.166273584375 0.6191136 0.1593946546875 0.6250098265624999 0.149567609375 0.6250098265624999 0.13384433906249998 0.621079009375 0.1259827046875 0.6102692609375 0.11517295624999999 0.594545990625 0.10927672968749999 0.57292649375 0.1112421390625 0.5621167453125 0.12008647812499999 0.5552378140625 0.13482704375000001 0.554255109375 0.14170597499999998 0.55622051875 0.14760220156249998 0.570961084375 0.16234276718750001
0 0.5434453609375 0.70676100625 0.5552378140625 0.7126572328125 0.57292649375 0.7126572328125 0.584718946875 0.70676100625 0.5974941031250001 0.6939858484375 0.6033903296875 0.6762971703125 0.601424921875 0.6625393078124999 0.5974941031250001 0.65664308125 0.5906151734375 0.6497641515625 0.57292649375 0.641902515625 0.5591686328125001 0.641902515625 0.5473761796875001 0.6458333328125 0.5326356125 0.658608490625 0.5296875 0.6674528296875 0.5287047953124999 0.6841588046875 0.5326356125 0.6959512578125 0.5434453609375 0.70676100625
0 0.6515428453125 0.29009433906250004 0.65940448125 0.2940251578125 0.6731623421874999 0.2940251578125 0.6770931609375 0.2920597484375 0.6898683171875 0.2773191828125 0.687902909375 0.259630503125 0.6711969343749999 0.2448899375 0.6554736640625001 0.2448899375 0.647612028125 0.2488207546875 0.63975039375 0.2586477984375 0.6387676890625 0.2753537734375 0.640733096875 0.279284590625 0.6515428453125 0.29009433906250004
0 0.6898683171875 0.2655267296875 0.687902909375 0.28125 0.6947818390625 0.2822327046875 0.6987126578125 0.2802672953125 0.7055915875000001 0.269457546875 0.7036261796875001 0.2556996859375 0.6987126578125 0.2488207546875 0.6888856125 0.242924528125 0.681023978125 0.242924528125 0.6770931609375 0.24685534531250003 0.67611045625 0.24783805 0.6859375 0.25766509375 0.6898683171875 0.2655267296875
0 0.6829893874999999 0.3549528296875 0.69281643125 0.352987421875 0.7016607703125 0.34414308125000004 0.7036261796875001 0.33824685468750004 0.7036261796875001 0.3284198109375 0.6996953609375 0.32055817656249996 0.6947818390625 0.31564465468749997 0.6918337265625001 0.3166273578125 0.6937991359375 0.32448899375 0.6918337265625001 0.32645440312499996 0.6918337265625001 0.3323506296875 0.6829893874999999 0.343160378125 0.67905856875 0.3451257859375 0.6653007078125001 0.3451257859375 0.6653007078125001 0.34905660312500003 0.6770931609375 0.3510220125 0.6829893874999999 0.3549528296875