0 0.509984025 0.2993210859375 0.5139776359375 0.30930511250000003 0.5309504796875 0.3262779546875 0.5529153359375 0.33426517499999997 0.5728833859375 0.33426517499999997 0.5928514375 0.3262779546875 0.59984025625 0.3192891375 0.60982428125 0.2993210859375 0.60982428125 0.27935303437500003 0.6018370609375 0.2613817890625 0.5848642171875 0.2464057515625 0.5688897765625 0.2404153359375 0.548921725 0.2404153359375 0.5329472843749999 0.2464057515625 0.515974440625 0.26337859375 0.509984025 0.275359425 0.5089856234375 0.2823482421875 0.5079872203125 0.2893370609375 0.509984025 0.291333865625 0.509984025 0.2993210859375
0 0.5688897765625 0.39217252343750003 0.586861021875 0.40015974375 0.6028354625000001 0.40015974375 0.6228035140625 0.39217252343750003 0.6317891375 0.3831869015625 0.637779553125 0.369209265625 0.637779553125 0.347244409375 0.6317891375 0.3332667734375 0.620806709375 0.3222843453125 0.608825878125 0.320287540625 0.6068290734375 0.318290734375 0.6028354625000001 0.318290734375 0.5948482421875 0.3262779546875 0.5908546328125001 0.3262779546875 0.58087060625 0.3322683703125 0.5688897765625 0.33426517499999997 0.566892971875 0.33626198125 0.5589057515625 0.33626198125 0.5519169328125 0.3432507984375 0.548921725 0.3542332265625 0.5479233234375 0.36321885 0.5519169328125 0.37519968125 0.5688897765625 0.39217252343750003
0 0.6128194890625001 0.428115015625 0.6287939296875 0.43410543125 0.6397763578125 0.44508785937499995 0.6507587859374999 0.4640575078125 0.6637380187499999 0.4530750796875 0.6677316296875 0.44508785937499995 0.669728434375 0.42511980781250003 0.6677316296875 0.41912939375 0.652755590625 0.40215655000000006 0.6447683703125 0.3981629390625 0.62480031875 0.3981629390625 0.6188099046875 0.40015974375 0.60483226875 0.408146965625 0.5968450484375001 0.41813099062500003 0.5958466453125 0.42511980781250003 0.5988418531249999 0.428115015625 0.6128194890625001 0.428115015625
0 0.637779553125 0.347244409375 0.637779553125 0.369209265625 0.6317891375 0.3831869015625 0.6257987218750001 0.389177315625 0.6267971250000001 0.39217252343750003 0.632787540625 0.39217252343750003 0.646765175 0.386182109375 0.659744409375 0.373202875 0.6637380187499999 0.3612220453125 0.6637380187499999 0.35323482500000003 0.6617412140625001 0.35123801875 0.659744409375 0.3392571890625 0.6447683703125 0.3222843453125 0.6347843453124999 0.318290734375 0.620806709375 0.318290734375 0.61980830625 0.3212859421875 0.6317891375 0.3332667734375 0.637779553125 0.347244409375
0 0.5828674125 0.5039936109375 0.5968450484375001 0.505990415625 0.608825878125 0.51198083125 0.6188099046875 0.51198083125 0.630790734375 0.505990415625 0.6417731625 0.4950079875 0.647763578125 0.477036740625 0.647763578125 0.46106230000000004 0.637779553125 0.44309105468750004 0.62480031875 0.43210862656250004 0.6128194890625001 0.4301118203125 0.610822684375 0.428115015625 0.5928514375 0.4301118203125 0.5828674125 0.43809904218750007 0.576876996875 0.440095846875 0.5678913734375 0.451078275 0.564896165625 0.4640575078125 0.5638977640625 0.477036740625 0.5698881796874999 0.4910143765625 0.5828674125 0.5039936109375
0 0.5589057515625 0.587859425 0.576876996875 0.593849840625 0.5928514375 0.593849840625 0.6028354625000001 0.5898562296875001 0.61980830625 0.5748801921875 0.6257987218750001 0.5628993609374999 0.6277955265624999 0.544928115625 0.6257987218750001 0.542931309375 0.6257987218750001 0.5349440890625 0.6218051124999999 0.5249600640625001 0.610822684375 0.5139776359375 0.5908546328125001 0.505990415625 0.57088658125 0.5079872203125 0.5589057515625 0.5139776359375 0.5479233234375 0.522963259375 0.5389377 0.5419329078125 0.5379392968750001 0.5628993609374999 0.5479233234375 0.5788738015625 0.5589057515625 0.587859425
0 0.5928514375 0.6257987218750001 0.608825878125 0.6317891375 0.632787540625 0.6238019171875 0.64376996875 0.6128194890625001 0.6497603828125 0.5988418531249999 0.6497603828125 0.586861021875 0.6457667734375 0.5748801921875 0.6347843453124999 0.5638977640625 0.6267971250000001 0.5619009578124999 0.6238019171875 0.564896165625 0.6218051124999999 0.5728833859375 0.6068290734375 0.587859425 0.5948482421875 0.593849840625 0.5788738015625 0.5958466453125 0.5778754 0.6008386578125 0.5838658140625 0.6168130984375 0.5928514375 0.6257987218750001
0 0.6257987218750001 0.542931309375 0.6277955265624999 0.544928115625 0.6277955265624999 0.554912140625 0.6257987218750001 0.5589057515625 0.6287939296875 0.5619009578124999 0.6387779546875 0.5638977640625 0.6407747609375 0.5619009578124999 0.646765175 0.5619009578124999 0.6567492015624999 0.55591054375 0.6677316296875 0.5349440890625 0.6677316296875 0.5249600640625001 0.6617412140625001 0.5089856234375 0.652755590625 0.5 0.642771565625 0.49600638906250005 0.6347843453124999 0.5039936109375 0.6168130984375 0.5139776359375 0.615814696875 0.51697284375 0.6238019171875 0.5289536734375 0.6257987218750001 0.542931309375
0 0.6857028749999999 0.4211261984375 0.6946884984375 0.4261182109375 0.708666134375 0.42412140625 0.7196485625 0.411142171875 0.7196485625 0.39516773125000004 0.7156549515624999 0.3871805109375 0.70267571875 0.37819488749999997 0.6847044734375001 0.3821884984375 0.6837060703125 0.411142171875 0.6857028749999999 0.413138978125 0.6857028749999999 0.4211261984375
0 0.70267571875 0.33027156562500004 0.7106629390625 0.33027156562500004 0.7206469656250001 0.3262779546875 0.725638978125 0.3212859421875 0.725638978125 0.3053115015625 0.7196485625 0.29532747656249997 0.71265974375 0.2903354625 0.7006789140625 0.2883386578125 0.6906948875000001 0.29233226874999996 0.6847044734375001 0.298322684375 0.6837060703125 0.31529552656250004 0.69269169375 0.3262779546875 0.70267571875 0.33027156562500004
0 0.6946884984375 0.2623801921875 0.7006789140625 0.2623801921875 0.7106629390625 0.25838658125 0.7176517578125 0.24540734843749998 0.7136581468750001 0.2314297125 0.7066693296875 0.22444089531250003 0.696685303125 0.220447284375 0.6867012781249999 0.220447284375 0.6787140578125 0.22444089531250003 0.6727236421875 0.2344249203125 0.6717252390625 0.24740415312500003 0.6886980828125 0.2603833859375 0.6946884984375 0.2623801921875
2 0.6667332265625 0.10662939375 0.6707268375 0.1046325875 0.67571885 0.099640575 0.67571885 0.093650159375 0.6777156546875001 0.0916533546875 0.6737220453125 0.0816693296875 0.6667332265625 0.0746805109375 0.654752396875 0.0686900953125 0.642771565625 0.0686900953125 0.635782746875 0.073682109375 0.6347843453124999 0.088658146875 0.6337859421875 0.095646965625 0.6487619812500001 0.10662939375 0.6667332265625 0.10662939375
2 0.6277955265624999 0.0916533546875 0.632787540625 0.0946485625 0.635782746875 0.08965655 0.635782746875 0.07767571875 0.630790734375 0.0686900953125 0.620806709375 0.06269968125 0.61980830625 0.0656948875 0.6257987218750001 0.0796725234375 0.6277955265624999 0.0916533546875
2 0.6667332265625 0.0746805109375 0.669728434375 0.073682109375 0.6717252390625 0.0636980828125 0.669728434375 0.0577076671875 0.6607428109375 0.048722045312500004 0.6487619812500001 0.044728434375 0.6387779546875 0.044728434375 0.63678115 0.0467252390625 0.63678115 0.0686900953125 0.654752396875 0.0686900953125 0.6667332265625 0.0746805109375
2 0.6287939296875 0.0686900953125 0.632787540625 0.0686900953125 0.637779553125 0.0636980828125 0.637779553125 0.049720446875000004 0.62480031875 0.034744409375 0.61481629375 0.032747603125000004 0.613817890625 0.0477236421875 0.61980830625 0.061701278125 0.6287939296875 0.0686900953125
2 0.637779553125 0.0157747609375 0.64376996875 0.0257587859375 0.6457667734375 0.0317492015625 0.64376996875 0.0357428109375 0.6507587859374999 0.0367412140625 0.6557507984375001 0.0317492015625 0.6557507984375001 0.0257587859375 0.6517571890625 0.017771565625 0.642771565625 0.010782746875 0.630790734375 0.0087859421875 0.6297923328125 0.01178115 0.632787540625 0.014776357812499998 0.637779553125 0.0157747609375
2 0.5939164015625 0 0.5958466453125 0.005790734375 0.603833865625 0.021765175 0.6068290734375 0.024760382812500002 0.610822684375 0.024760382812500002 0.615814696875 0.017771565625 0.613817890625 0.0097843453125 0.6075914906250001 0 0.5939164015625 0
2 0.6118210859375 0.027755590625 0.6168130984375 0.032747603125000004 0.62480031875 0.034744409375 0.6317891375 0.027755590625 0.6317891375 0.0157747609375 0.6228035140625 0.004792332812499999 0.610822684375 0.000798721875 0.60982428125 0.0037939296875 0.615814696875 0.0157747609375 0.6118210859375 0.027755590625