1 0.46363709062499997 0.7145665 0.46978463125000003 0.7186648609375 0.4882272546875 0.7145665 0.4953993859375 0.70739436875 0.496423975 0.6838287953125 0.49335020468749996 0.6684599421875 0.4882272546875 0.6633369921875001 0.48207971250000003 0.6612878109375 0.46568627031250004 0.6612878109375 0.46158790937500005 0.665386171875 0.4574895484375 0.665386171875 0.45031741875 0.6766566640625 0.44826823750000006 0.701246828125 0.4595387296875 0.7145665 0.46363709062499997 0.7145665
1 0.5411116796875 0.6565573765625 0.530865778125 0.6524590156250001 0.5247182375 0.654508196875 0.518570696875 0.6524590156250001 0.510373975 0.6565573765625 0.505251025 0.661680328125 0.5073002046874999 0.66782786875 0.5021772546875 0.668852459375 0.49910348437499996 0.6719262296874999 0.49910348437499996 0.6903688531250001 0.510373975 0.7057377046875 0.518570696875 0.709836065625 0.532914959375 0.709836065625 0.5411116796875 0.7057377046875 0.5503329921875 0.69651639375 0.554431353125 0.688319671875 0.5534067625 0.6709016390625 0.55135758125 0.666803278125 0.54623463125 0.6657786890625 0.54623463125 0.661680328125 0.5411116796875 0.6565573765625
1 0.447873975 0.452663934375 0.447873975 0.4690573765625 0.45197233593749997 0.47725409843750005 0.46529200781249996 0.488524590625 0.48373463125000005 0.488524590625 0.49500512343749997 0.48135245937500004 0.49500512343749997 0.47725409843750005 0.5011526640625 0.467008196875 0.5001280734375 0.45163934375 0.491931353125 0.43934426249999997 0.48783299218750004 0.43934426249999997 0.477587090625 0.433196721875 0.4714395484375 0.433196721875 0.461193646875 0.4413934421875 0.45709528749999995 0.43934426249999997 0.45197233593749997 0.44446721250000004 0.447873975 0.452663934375
2 0.4603935859375 0 0.459533271875 0.0008603125 0.45338573125000003 0.015204575000000001 0.45338573125000003 0.023401296874999998 0.4554349109375 0.0254504765625 0.45338573125000003 0.0274996578125 0.45338573125000003 0.0336471984375 0.4574840921875 0.043893100000000004 0.46670540312500003 0.0531144109375 0.47695130468749997 0.059261953125 0.49539392812500005 0.0551635921875 0.502566059375 0.0459422796875 0.502566059375 0.0295488375 0.5046152390625 0.0274996578125 0.5035906484375 0.00803244375 0.502566059375 0.00290949375 0.49965656562499994 0 0.4603935859375 0
2 0.530865778125 0.0110655734375 0.52676741875 0.00901639375 0.51242315625 0.0172131140625 0.5073002046874999 0.0243852453125 0.5093493859375 0.030532787500000002 0.50320184375 0.034631146875000005 0.50320184375 0.053073770312500004 0.511398565625 0.0674180328125 0.5247182375 0.07459016406249999 0.5390625 0.07459016406249999 0.5431608609375 0.07254098437499999 0.554431353125 0.061270492187500004 0.5585297125 0.051024590625 0.5585297125 0.0387295078125 0.5564805328125 0.036680328125 0.5585297125 0.0325819671875 0.5575051234374999 0.027459015625 0.554431353125 0.022336065625000002 0.5390625 0.00901639375 0.532914959375 0.00901639375 0.530865778125 0.0110655734375
2 0.50320184375 0.4915983609375 0.505251025 0.4977459015625 0.516521515625 0.5049180328125 0.5349641390625 0.5049180328125 0.5411116796875 0.5028688531250001 0.554431353125 0.48545082031250003 0.5534067625 0.4700819671875 0.5482838109375 0.46086065625000006 0.5390625 0.453688525 0.532914959375 0.45163934375 0.516521515625 0.45163934375 0.51242315625 0.453688525 0.5011526640625 0.467008196875 0.49910348437499996 0.47315573750000006 0.49910348437499996 0.4875 0.50320184375 0.4915983609375
1 0.40873463125000004 0 0.400742828125 0.007991803124999999 0.3945952875 0.0243852453125 0.3966444671875 0.0407786890625 0.40279200781249996 0.053073770312500004 0.41611167968749996 0.0643442625 0.4304559421875 0.0643442625 0.43865266406250003 0.056147540625000006 0.442751025 0.056147540625000006 0.447873975 0.051024590625 0.45402151562500004 0.0387295078125 0.45299692656249996 0.029508196874999996 0.447873975 0.0243852453125 0.44992315625 0.022336065625000002 0.44992315625 0.016188525000000002 0.4458247953125 0.010040984375 0.442751025 0.0069672125 0.43865266406250003 0.0069672125 0.43367608437499994 0 0.40873463125000004 0
2 0.427329328125 0.651682165625 0.4211817875 0.651682165625 0.40888670468750005 0.6557805265625001 0.3976162125 0.66705101875 0.3955670328125 0.6731985593750001 0.3955670328125 0.6875428218749999 0.3976162125 0.6936903625 0.40888670468750005 0.7049608546874999 0.41913260625 0.7090592140624999 0.42937850781250003 0.7090592140624999 0.43347686875 0.7049608546874999 0.439624409375 0.7049608546874999 0.446796540625 0.6977887234375 0.446796540625 0.6936903625 0.4508949015625 0.69164118125 0.45294408124999996 0.6854936406250001 0.4519194921875 0.6762723296875001 0.448845721875 0.66705101875 0.43757522968749996 0.6557805265625001 0.43347686875 0.65782970625 0.427329328125 0.651682165625
1 0.4145702203125 0.865598284375 0.40329972812500003 0.8748195953125 0.39715218750000003 0.885065496875 0.39510300625 0.9014589390625 0.39715218750000003 0.9035081203124999 0.3992013671875 0.9158032015625001 0.4125210390625 0.92707369375 0.42891448125 0.92707369375 0.4330128421875 0.9250245125 0.43403743281249996 0.9219507421875001 0.444283334375 0.9137540218750001 0.44838169531250005 0.9055573000000001 0.44735710468749995 0.8860900875000001 0.444283334375 0.885065496875 0.44633251406249996 0.883016315625 0.44633251406249996 0.8768687749999999 0.4412095640625 0.86969664375 0.42891448125 0.863549103125 0.4145702203125 0.865598284375
1 0.4796362703125 0.916803278125 0.4939805328125 0.9086065578125 0.49910348437499996 0.8952868859375 0.49910348437499996 0.8809426234375 0.49500512343749997 0.8768442625 0.49910348437499996 0.8727459015625 0.49807889375 0.86967213125 0.49500512343749997 0.8625 0.48373463125000005 0.8532786890624999 0.463242828125 0.8532786890624999 0.45402151562500004 0.8625 0.447873975 0.8747950812499999 0.447873975 0.897336065625 0.45197233593749997 0.9055327875 0.4673411890625 0.916803278125 0.4796362703125 0.916803278125
2 0.5011526640625 0.870696721875 0.50320184375 0.8768442625 0.49910348437499996 0.8891393437499999 0.49910348437499996 0.9014344265625001 0.5011526640625 0.9055327875 0.516521515625 0.9188524593749999 0.530865778125 0.9188524593749999 0.5390625 0.9147540984375 0.5503329921875 0.9014344265625001 0.5523821718749999 0.8952868859375 0.55135758125 0.8819672125 0.5503329921875 0.8747950812499999 0.5441854515625 0.870696721875 0.5441854515625 0.8665983609374999 0.5390625 0.8614754093749999 0.530865778125 0.8573770484375001 0.51242315625 0.8594262296874999 0.5011526640625 0.870696721875
3 0.49375 0.8890625 0.1296875 0.10625
3 0.4953125 0.684375 0.134375 0.0890625
3 0.4953125 0.471875 0.1359375 0.0765625
3 0.4953125 0.25 0.1390625 0.0859375
3 0.5 0.0453125 0.1359375 0.0890625