1 0.6520161296875 0.665574596875 0.6560483875 0.65751008125 0.6560483875 0.6474294359375 0.6540322578125 0.6413810484375 0.6469758062500001 0.634324596875 0.6389112906250001 0.6302923390624999 0.629838709375 0.631300403125 0.6227822578125 0.634324596875 0.6177419359375 0.63936491875 0.613709678125 0.64541330625 0.6116935484375 0.65751008125 0.6157258062500001 0.6675907265625 0.6207661296875 0.6726310484375 0.6247983875 0.6746471781250001 0.6389112906250001 0.6746471781250001 0.6520161296875 0.665574596875
0 0.5713709671875 0.64541330625 0.5602822578125 0.6484375 0.551209678125 0.659526209375 0.551209678125 0.6756552421875 0.5532258062500001 0.6796875 0.564314515625 0.68876008125 0.5743951609375 0.68876008125 0.5844758062500001 0.6847278218749999 0.5935483875 0.6736391125 0.5935483875 0.659526209375 0.5915322578125 0.6554939515625 0.5844758062500001 0.6484375 0.5713709671875 0.64541330625
1 0.482661290625 0.6756552421875 0.4725806453125 0.6837197578125 0.470564515625 0.699848790625 0.4725806453125 0.7038810484375 0.4816532265625 0.7109375 0.4877016125 0.7129536296875 0.4997983875 0.7109375 0.5088709671875 0.699848790625 0.510887096875 0.693800403125 0.5088709671875 0.6917842734375 0.5088709671875 0.6857358875 0.4957661296875 0.6746471781250001 0.482661290625 0.6756552421875
1 0.317338709375 0.693800403125 0.317338709375 0.7058971781250001 0.3193548390625 0.7099294359375 0.3304435484375 0.719002015625 0.342540321875 0.719002015625 0.3536290328125 0.7099294359375 0.3556451609375 0.6978326609375001 0.34455645156250003 0.6847278218749999 0.34052419375 0.68271169375 0.3274193546875 0.6837197578125 0.3243951609375 0.6847278218749999 0.317338709375 0.693800403125
1 0.2790322578125 0.70186491875 0.2810483875 0.7058971781250001 0.292137096875 0.7149697578125 0.3042338703125 0.7149697578125 0.3082661296875 0.7129536296875 0.317338709375 0.70186491875 0.317338709375 0.6917842734375 0.31532258125 0.687752015625 0.30221774218749997 0.67666330625 0.2870967734375 0.6776713703125 0.2790322578125 0.6857358875 0.2790322578125 0.70186491875
1 0.2024193546875 0.6736391125 0.20040322656249998 0.6776713703125 0.20040322656249998 0.687752015625 0.2024193546875 0.693800403125 0.2114919359375 0.702872984375 0.22762096718749997 0.7048891125 0.238709678125 0.6958165328125 0.238709678125 0.6796875 0.2336693546875 0.6726310484375 0.22157258125 0.6746471781250001 0.2195564515625 0.67666330625 0.207459678125 0.6726310484375 0.2024193546875 0.6736391125
1 0.2427419359375 0.6413810484375 0.24072580625 0.637348790625 0.22358870937500003 0.6222278218749999 0.217540321875 0.62021169375 0.2084677421875 0.6212197578125 0.201411290625 0.6242439515625 0.192338709375 0.637348790625 0.192338709375 0.6554939515625 0.1963709671875 0.6635584671875 0.20342741874999998 0.67061491875 0.22157258125 0.67666330625 0.23165322656249998 0.6726310484375 0.24072580625 0.6635584671875 0.2427419359375 0.659526209375 0.2427419359375 0.6413810484375
0 0.25282258125 0.6696068546875 0.2457661296875 0.6726310484375 0.24072580625 0.6796875 0.24072580625 0.693800403125 0.2427419359375 0.699848790625 0.2538306453125 0.7089213703125 0.2679435484375 0.7089213703125 0.2739919359375 0.7048891125 0.2770161296875 0.699848790625 0.2790322578125 0.6857358875 0.26592741875 0.67061491875 0.2598790328125 0.668598790625 0.25282258125 0.6696068546875
0 0.2256048390625 0.7048891125 0.2135080640625 0.702872984375 0.2125 0.7058971781250001 0.22358870937500003 0.7149697578125 0.2336693546875 0.7149697578125 0.2377016125 0.7129536296875 0.2427419359375 0.7058971781250001 0.2427419359375 0.6978326609375001 0.24072580625 0.693800403125 0.238709678125 0.693800403125 0.23165322656249998 0.702872984375 0.2256048390625 0.7048891125
1 0.1711693546875 0.6645665328125 0.1792338703125 0.6605342734375 0.186290321875 0.65146169375 0.186290321875 0.6413810484375 0.1883064515625 0.63936491875 0.186290321875 0.637348790625 0.186290321875 0.631300403125 0.1822580640625 0.6232358875 0.173185484375 0.61416330625 0.1651209671875 0.6101310484375 0.1520161296875 0.6111391125 0.1399193546875 0.6212197578125 0.1379032265625 0.6272681453125 0.1379032265625 0.6413810484375 0.1399193546875 0.6474294359375 0.1489919359375 0.6605342734375 0.15907258124999998 0.6645665328125 0.1711693546875 0.6645665328125
1 0.1318548390625 0.5385584671875 0.141935484375 0.562752015625 0.144959678125 0.56376008125 0.14697580625 0.5677923390624999 0.1631048390625 0.5798891125 0.18528225781250002 0.5819052421875 0.1993951609375 0.5758568546875 0.21653225781250002 0.5567036296875 0.2185483875 0.5446068546875 0.220564515625 0.5425907265625 0.220564515625 0.5244455640625 0.2125 0.5042842734375 0.1993951609375 0.4911794359375 0.1872983875 0.48311491875 0.18125 0.48311491875 0.1792338703125 0.48109879062500005 0.164112903125 0.4821068546875 0.15302419375 0.487147178125 0.1379032265625 0.5022681453125 0.1318548390625 0.5183971781250001 0.1318548390625 0.5385584671875
1 0.05625 0.606098790625 0.06935483906249999 0.59501008125 0.0713709671875 0.58896169375 0.0713709671875 0.562752015625 0.06532258125 0.5526713703125 0.06532258125 0.5486391125 0.0602822578125 0.543598790625 0.052217742187500006 0.5395665328125 0.0411290328125 0.5385584671875 0.03407258125 0.5415826609375001 0.022983870312499998 0.5526713703125 0.0209677421875 0.5587197578125 0.0209677421875 0.5788810484375 0.0270161296875 0.5929939515625 0.0381048390625 0.6040826609375001 0.042137096875 0.606098790625 0.05625 0.606098790625
1 0 0.5975190421875001 0.005846773437499999 0.6020665328125 0.0179435484375 0.6020665328125 0.0270161296875 0.59501008125 0.0270161296875 0.5909778218749999 0.0209677421875 0.5788810484375 0.022983870312499998 0.5486391125 0.013911290625 0.5415826609375001 0.007862903125 0.5395665328125 0.00282258125 0.540574596875 0 0.54151545625 0 0.5975190421875001