2 0.43552215156249996 0.3672863921875 0.43552215156249996 0.3831091765625 0.4483781640625 0.39794303750000004 0.45431170937500004 0.39794303750000004 0.4582674046875 0.3939873421875 0.4622231015625 0.395965190625 0.4760680375 0.395965190625 0.48101265781249997 0.3929984171875 0.48694620312500003 0.3831091765625 0.4849683546875 0.36333069687499997 0.48299050625 0.359375 0.47013449375 0.34849683593749997 0.45727848125000004 0.349485759375 0.45431170937500004 0.35245253125 0.4523338609375 0.3504746828125 0.44640031718750006 0.35245253125 0.43947784843750004 0.359375 0.43552215156249996 0.3672863921875
1 0.064508684375 0.41571566562499995 0.065497609375 0.41077104531249997 0.07143115312500001 0.41274889375 0.0803314703125 0.40187072968750004 0.078353621875 0.3860479453125 0.074397925 0.3820922484375 0.072420078125 0.3761587046875 0.0575862171875 0.3633026921875 0.0348409640625 0.364291615625 0.019018178125 0.3761587046875 0.0150624828125 0.3860479453125 0.01704033125 0.39989288125 0.027918495312500003 0.41077104531249997 0.0437412796875 0.41868243906249997 0.0615419125 0.41868243906249997 0.064508684375 0.41571566562499995
1 0.23044734218750001 0.3750897234375 0.23242519062500003 0.377067571875 0.23044734218750001 0.383001115625 0.2344030375 0.39091250781250003 0.2393476578125 0.3978349765625 0.24923689843750002 0.4037685203125 0.25517044375000003 0.4037685203125 0.257148290625 0.40574636875000003 0.2729710765625 0.4037685203125 0.283849240625 0.3948682046875 0.283849240625 0.3810232671875 0.2818713921875 0.37904541875 0.283849240625 0.377067571875 0.283849240625 0.3652004828125 0.2749489234375 0.356300165625 0.2650596828125 0.350366621875 0.24627012656249997 0.3513555453125 0.2344030375 0.3612447859375 0.23044734218750001 0.369156178125 0.23044734218750001 0.3750897234375
1 0.89152785625 0.357581028125 0.8895500078125 0.3496696359375 0.8875721593750001 0.345713940625 0.8727382984375 0.3328579265625 0.8519708937500001 0.3338468515625 0.8450484250000001 0.3368136234375 0.8321924125000001 0.35164748437500004 0.830214565625 0.36747026875 0.8341702609375 0.3753816609375 0.8470262734375 0.384281978125 0.8529598187499999 0.3862598265625 0.8707604515625 0.384281978125 0.8875721593750001 0.36944811718750004 0.89152785625 0.357581028125
2 0.27327702187499997 0.45388221875 0.2841551859375 0.443004053125 0.2841551859375 0.43113696562500003 0.28217733906250003 0.4291591171875 0.2841551859375 0.42718126874999995 0.2841551859375 0.417292028125 0.2752548703125 0.4083917125 0.26734347812500003 0.404436015625 0.254487465625 0.405424940625 0.24558714843749999 0.410369559375 0.234708984375 0.4232255734375 0.234708984375 0.44102620625 0.24558714843749999 0.45388221875 0.2594320859375 0.45783791406249996 0.2614099328125 0.45586006718750005 0.27327702187499997 0.45388221875
1 0.87694379375 0.38561298593750004 0.8670545531249999 0.38561298593750004 0.86507670625 0.3836351375 0.8541985406249999 0.3846240609375 0.845298225 0.38759083437499997 0.8383757562499999 0.39451330156250003 0.8383757562499999 0.39649115 0.842331453125 0.3984689984375 0.8373868328125 0.399457921875 0.8324422125 0.40638039062500003 0.8324422125 0.412313934375 0.834420059375 0.4142917828125 0.834420059375 0.4182474796875 0.8363979078125 0.42220317500000004 0.8433203765625 0.42912564375000006 0.85123176875 0.433081340625 0.87101025 0.433081340625 0.8789216421875 0.42912564375000006 0.887821959375 0.420225328125 0.8897998062499999 0.41626963124999994 0.8897998062499999 0.4103360875 0.8917776546875 0.40835823906249996 0.8897998062499999 0.400446846875 0.8838662625 0.39649115 0.8838662625 0.39055760624999997 0.87694379375 0.38561298593750004
2 0.0599491703125 0.46709988124999996 0.0698384109375 0.46709988124999996 0.0797276515625 0.46314418437500005 0.08862796875 0.45226602031249996 0.0866501203125 0.448310325 0.08862796875 0.444354628125 0.0866501203125 0.4265539953125 0.07577195625000001 0.41765367812500004 0.04907100625 0.418642603125 0.046104234375000004 0.41963152656249997 0.0352260703125 0.43248753906250004 0.0352260703125 0.44633247656249997 0.039181765625 0.45028817187500003 0.039181765625 0.45424386875 0.046104234375000004 0.4611663375 0.0599491703125 0.46709988124999996
1 0.48857771406249995 0.44148503906250003 0.49231290781250003 0.437529496875 0.49341149843750004 0.43181591875 0.4947297984375 0.4272011359375 0.4949495234375 0.41950979374999997 0.49297206562499996 0.41423572656249996 0.490555171875 0.41049995937499995 0.48638053125 0.40676415937500005 0.478250971875 0.40324810468749994 0.4708616265625 0.3999938890625 0.467704534375 0.3977542921875 0.46331018281249997 0.3977542921875 0.45957497500000005 0.3986333296875 0.45649894062499996 0.3997320796875 0.45320317968749996 0.4008308453125 0.45034684062499997 0.40412712500000003 0.446391921875 0.4096209359375 0.4439750296875 0.41445550156250005 0.4428764390625 0.417312278125 0.44155813750000006 0.4247838625 0.44221729375 0.4291789078125 0.4439750296875 0.43445296093749997 0.44705107968749996 0.437529496875 0.4549609140625 0.44346281093749995 0.459355265625 0.445660334375 0.46287073593750006 0.448077609375 0.47012142656250006 0.448077609375 0.476932684375 0.44895662343750004 0.4811073140625 0.447418346875 0.48506223125 0.44500107968749997 0.48857771406249995 0.44148503906250003
3 0.8671875 0.390625 0.084375 0.1234375
3 0.675 0.3953125 0.078125 0.121875
3 0.459375 0.403125 0.090625 0.1421875
3 0.2578125 0.4125 0.0921875 0.134375
3 0.05625 0.415625 0.0984375 0.140625