0 0.382838284375 0.6247937296875 0.378712871875 0.6330445546875 0.378712871875 0.6495462046875 0.380775578125 0.6557343234374999 0.39418316875000003 0.6691419140625 0.40862211249999997 0.6753300328125 0.42099834999999997 0.6732673265625 0.429249175 0.6691419140625 0.43646864687500003 0.6619224421875 0.44059405937499996 0.6536716171875 0.44059405937499996 0.6330445546875 0.43853135312499997 0.6289191421875 0.42306105625 0.6134488453125 0.417904290625 0.6124174921875001 0.40243399375 0.6113861390625 0.3921204625 0.6155115515625 0.382838284375 0.6247937296875
0 0.8737623765625001 0.5979785484375 0.8675742578125 0.6124174921875001 0.8675742578125 0.6268564359375 0.8737623765625001 0.6412953796875 0.8871699671875 0.6505775578125 0.9036716171875 0.6505775578125 0.9139851484375001 0.6443894390625 0.9191419140624999 0.6392326734375 0.9273927390625 0.6206683171875 0.9273927390625 0.6062293734375 0.9212046203125 0.5917904296875001 0.9047029703125 0.5814768984375001 0.8995462046875 0.5804455453124999 0.8871699671875 0.5845709578125 0.8737623765625001 0.5979785484375
0 0.77681518125 0.6825495046875 0.77681518125 0.6990511546875 0.786097359375 0.7103960390624999 0.790222771875 0.7124587453125 0.806724421875 0.7124587453125 0.81806930625 0.7031765671875 0.8221947187499999 0.6969884484375 0.8242574250000001 0.6866749171875 0.8221947187499999 0.6846122109375 0.8221947187499999 0.6763613859375 0.812912540625 0.6650165015625 0.80981848125 0.6639851484375 0.8005363031250001 0.6629537953125 0.790222771875 0.6670792078125001 0.77681518125 0.6825495046875
0 0.8015676562499999 0.7155528046875 0.806724421875 0.7227722765625 0.810849834375 0.7248349828125 0.8211633656249999 0.7248349828125 0.8273514843750001 0.7227722765625 0.8345709578125 0.7155528046875 0.8366336640625001 0.7073019796875 0.8294141921874999 0.7042079203125 0.8242574250000001 0.6990511546875 0.8211633656249999 0.6980198015625 0.810849834375 0.7103960390624999 0.8015676562499999 0.7155528046875
0 0.725247525 0.7114273921875001 0.725247525 0.7176155109375 0.732466996875 0.7268976890625 0.736592409375 0.7289603953125 0.746905940625 0.7310231015624999 0.753094059375 0.7289603953125 0.76443894375 0.7196782171875 0.763407590625 0.7165841578125 0.753094059375 0.7207095703124999 0.7386551156250001 0.7186468640625 0.73143564375 0.7134900984375 0.7273102312499999 0.7052392734375 0.725247525 0.7052392734375 0.72318481875 0.7093646859375 0.725247525 0.7114273921875001
1 0.740717821875 0.6753300328125 0.73143564375 0.6846122109375 0.7273102312499999 0.6928630359375 0.725247525 0.7031765671875 0.7293729375 0.7114273921875001 0.736592409375 0.7186468640625 0.755156765625 0.7207095703124999 0.763407590625 0.7165841578125 0.7706270625 0.7093646859375 0.774752475 0.7011138609375 0.774752475 0.6866749171875 0.7726897687500001 0.6825495046875 0.763407590625 0.6732673265625 0.758250825 0.6722359734375 0.755156765625 0.6712046203125 0.753094059375 0.6732673265625 0.740717821875 0.6753300328125
1 0.675742575 0.7114273921875001 0.685024753125 0.7248349828125 0.689150165625 0.7268976890625 0.7077145218750001 0.7268976890625 0.7169966999999999 0.7196782171875 0.72318481875 0.7114273921875001 0.725247525 0.7011138609375 0.72318481875 0.6949257421875 0.715965346875 0.6856435640625 0.71080858125 0.6825495046875 0.693275578125 0.6815181515625001 0.6778052812500001 0.6949257421875 0.675742575 0.7114273921875001
1 0.8263201312499999 0.6701732671875 0.8221947187499999 0.6784240921875 0.8242574250000001 0.6969884484375 0.8273514843750001 0.7021452140625 0.8335396046874999 0.7062706265625 0.8479785484375 0.7062706265625 0.8521039609375001 0.7042079203125 0.8593234328125 0.6990511546875 0.8655115515625 0.6887376234375 0.8675742578125 0.6784240921875 0.8655115515625 0.6763613859375 0.8655115515625 0.6701732671875 0.8582920796875 0.6608910890625 0.8510726078124999 0.6577970296875 0.8459158421874999 0.6567656765625001 0.8356023109375 0.6608910890625 0.8263201312499999 0.6701732671875
1 0.9335808578125 0.5835396046875 0.9273927390625 0.6000412546875 0.9273927390625 0.6186056109375 0.9294554453125 0.6247937296875 0.9449257421875 0.6382013203125 0.9573019796875 0.6382013203125 0.9676155109375 0.6320132015625 0.9768976890625 0.6186056109375 0.9789603953125001 0.6062293734375 0.9810231015624999 0.6041666671875 0.9768976890625 0.5835396046875 0.9676155109375 0.574257425 0.9603960390624999 0.571163365625 0.9511138609374999 0.5701320125 0.9449257421875 0.5721947187499999 0.9335808578125 0.5835396046875
1 0.479785478125 0.6784240921875 0.477722771875 0.6846122109375 0.477722771875 0.6928630359375 0.481848184375 0.7031765671875 0.48906765625000004 0.7103960390624999 0.49938118749999993 0.7145214515625 0.511757425 0.7145214515625 0.5200082515625 0.7103960390624999 0.5272277234375 0.7031765671875 0.5313531359375 0.6949257421875 0.5313531359375 0.6846122109375 0.5272277234375 0.6763613859375 0.512788778125 0.6639851484375 0.49938118749999993 0.6629537953125 0.48700495000000005 0.6691419140625 0.479785478125 0.6784240921875
1 0.29207920781249996 0.5959158421875 0.2879537953125 0.6062293734375 0.2879537953125 0.6227310234375001 0.29207920781249996 0.6330445546875 0.3034240921875 0.6443894390625 0.3137376234375 0.6485148515625 0.3261138609375 0.6485148515625 0.3364273921875 0.6443894390625 0.3436468640625 0.6371699671875 0.3477722765625 0.6289191421875 0.3498349828125 0.6165429046875001 0.3436468640625 0.6000412546875 0.33023927343750004 0.5866336640625 0.3188943890625 0.5835396046875 0.3158003296875 0.5825082515625 0.3034240921875 0.5866336640625 0.29207920781249996 0.5959158421875