2 0.3797619046875 0.6636904765625 0.358928571875 0.652777778125 0.341071428125 0.6547619046875 0.33015872968750004 0.6636904765625 0.33015872968750004 0.6676587296875 0.3261904765625 0.6696428578125 0.3242063484375 0.6736111109375 0.3242063484375 0.6914682546875001 0.3261904765625 0.6954365078125 0.33710317500000003 0.7083333328125 0.3490079359375 0.7142857140625 0.362896825 0.7142857140625 0.37480158750000003 0.7103174609375 0.38174603125 0.703373015625 0.3867063484375 0.6944444437499999 0.3876984125 0.68154761875 0.3797619046875 0.6676587296875 0.3797619046875 0.6636904765625
2 0.7289682546875 0.45734127031250005 0.7269841265625 0.4513888890625 0.712103175 0.434523809375 0.7001984125 0.4265873015625 0.6744047625 0.4166666671875 0.646626984375 0.4166666671875 0.6446428578125001 0.41865079375 0.6386904765625 0.41865079375 0.61884920625 0.4265873015625 0.6109126984375 0.4325396828125 0.6019841265625 0.44146825468750006 0.5861111109375 0.4632936515625 0.5801587296874999 0.48115079375 0.5801587296874999 0.4890873015625 0.578174603125 0.491071428125 0.578174603125 0.5089285718750001 0.5821428578125001 0.51884920625 0.5821428578125001 0.5248015875 0.5980158734375001 0.552579365625 0.61884920625 0.5694444437499999 0.646626984375 0.58134920625 0.672420634375 0.58134920625 0.6744047625 0.5793650796875001 0.6922619046875 0.575396825 0.70615079375 0.5674603171875 0.7309523812500001 0.540674603125 0.7388888890625 0.5168650796875001 0.739880953125 0.5079365078125 0.740873015625 0.48511904687499996 0.7329365078125 0.4613095234375 0.7289682546875 0.45734127031250005
2 0.309325396875 0.75595238125 0.300396825 0.762896825 0.296428571875 0.76884920625 0.296428571875 0.78075396875 0.30734127031249997 0.7956349203124999 0.315277778125 0.799603175 0.31825396875 0.796626984375 0.316269840625 0.7926587296875 0.316269840625 0.7767857140625 0.3232142859375 0.7678571421875 0.33115079375 0.7638888890625 0.33115079375 0.759920634375 0.3232142859375 0.75595238125 0.309325396875 0.75595238125
2 0.2914682546875 0.6944444437499999 0.2835317453125 0.6884920640625001 0.27460317500000003 0.6954365078125 0.272619046875 0.6994047625 0.272619046875 0.7053571421875 0.2765873015625 0.715277778125 0.2875 0.7242063484375 0.2994047625 0.7242063484375 0.31130952343749996 0.7142857140625 0.31230158750000003 0.7013888890625 0.30734127031249997 0.6944444437499999 0.2914682546875 0.6944444437499999
2 0.30337301562499996 0.6547619046875 0.2914682546875 0.652777778125 0.28551587343749996 0.6547619046875 0.278571428125 0.6617063484375 0.2765873015625 0.677579365625 0.28055555625 0.6855158734375 0.2875 0.6924603171875 0.2914682546875 0.6944444437499999 0.30337301562499996 0.6944444437499999 0.3142857140625 0.6855158734375 0.315277778125 0.6825396828125 0.316269840625 0.6696428578125 0.3103174609375 0.659722221875 0.30337301562499996 0.6547619046875
1 0.352976190625 0.7638888890625 0.33313492031249997 0.7619047625 0.3251984125 0.765873015625 0.316269840625 0.7767857140625 0.3142857140625 0.7886904765625 0.316269840625 0.7946428578125 0.3291666671875 0.8115079359375 0.33313492031249997 0.8115079359375 0.3390873015625 0.815476190625 0.3549603171875 0.815476190625 0.362896825 0.8115079359375 0.3728174609375 0.8015873015625001 0.37380952343749996 0.784722221875 0.36984127031249997 0.7767857140625 0.352976190625 0.7638888890625
1 0.352976190625 0.815476190625 0.33710317500000003 0.815476190625 0.33115079375 0.8115079359375 0.3251984125 0.8115079359375 0.3142857140625 0.8244047625 0.3142857140625 0.8303571421875 0.3202380953125 0.84424603125 0.33115079375 0.853174603125 0.347023809375 0.8551587296875001 0.362896825 0.847222221875 0.364880953125 0.84325396875 0.36587301562499996 0.8303571421875 0.3638888890625 0.8244047625 0.352976190625 0.815476190625
2 0.29345238125 0.5019841265625 0.2875 0.5 0.2795634921875 0.5019841265625 0.26865079375 0.514880953125 0.272619046875 0.528769840625 0.2795634921875 0.5357142859375 0.29345238125 0.5357142859375 0.297420634375 0.533730159375 0.302380953125 0.528769840625 0.30337301562499996 0.521825396875 0.30436507968750004 0.5168650796875001 0.302380953125 0.5109126984375 0.29345238125 0.5019841265625
2 0.33710317500000003 0.31349206406249996 0.33115079375 0.31150793593750004 0.3172619046875 0.315476190625 0.31230158750000003 0.3204365078125 0.3083333328125 0.3303571421875 0.3103174609375 0.3382936515625 0.31924603125 0.34722222187499996 0.33115079375 0.34722222187499996 0.335119046875 0.3452380953125 0.34305555625 0.3353174609375 0.34404761875 0.322420634375 0.3420634921875 0.31845238125 0.33710317500000003 0.31349206406249996
2 0.7388888890625 0.47718253906249997 0.725 0.44940476250000005 0.7001984125 0.4265873015625 0.6744047625 0.4166666671875 0.6486111109375 0.4166666671875 0.646626984375 0.41865079375 0.6386904765625 0.41865079375 0.6267857140624999 0.424603175 0.6228174609375 0.424603175 0.608928571875 0.434523809375 0.6 0.44742063437499996 0.5900793656250001 0.45734127031250005 0.584126984375 0.46924603125 0.5821428578125001 0.4831349203125 0.578174603125 0.491071428125 0.578174603125 0.5089285718750001 0.5821428578125001 0.5168650796875001 0.584126984375 0.528769840625 0.6 0.5545634921875 0.61884920625 0.5694444437499999 0.63075396875 0.575396825 0.6486111109375 0.5793650796875001 0.6505952374999999 0.58134920625 0.6803571421875 0.5793650796875001 0.6922619046875 0.5734126984375 0.696230159375 0.5734126984375 0.7081349203125 0.565476190625 0.7309523812500001 0.540674603125 0.7388888890625 0.5168650796875001 0.739880953125 0.5039682546875001 0.740873015625 0.48511904687499996 0.7388888890625 0.4831349203125 0.7388888890625 0.47718253906249997
1 0.2894841265625 0.3015873015625 0.2825396828125 0.3085317453125 0.2825396828125 0.3164682546875 0.2894841265625 0.32142857187499996 0.297420634375 0.31944444375000003 0.2994047625 0.31349206406249996 0.300396825 0.30654761875 0.29543650781249997 0.3015873015625 0.2894841265625 0.3015873015625
1 0.28551587343749996 0.31944444375000003 0.28154761875 0.315476190625 0.2765873015625 0.3204365078125 0.2765873015625 0.328373015625 0.2795634921875 0.33134920625 0.2875 0.33134920625 0.2914682546875 0.325396825 0.2924603171875 0.322420634375 0.2894841265625 0.31944444375000003 0.28551587343749996 0.31944444375000003
1 0.29345238125 0.2738095234375 0.2884920640625 0.278769840625 0.2884920640625 0.28472222187499996 0.2914682546875 0.2896825390625 0.2994047625 0.2896825390625 0.30337301562499996 0.28571428593750003 0.30436507968750004 0.27678571406249997 0.2994047625 0.2738095234375 0.29345238125 0.2738095234375
1 0.302380953125 0.24107142812500001 0.302380953125 0.2490079359375 0.3053571421875 0.2519841265625 0.3132936515625 0.2519841265625 0.3172619046875 0.24404761874999997 0.315277778125 0.2380952375 0.309325396875 0.23611111093749998 0.302380953125 0.24107142812500001
1 0.315277778125 0.2202380953125 0.3103174609375 0.22718253906250002 0.3103174609375 0.23115079375 0.315277778125 0.23611111093749998 0.3232142859375 0.23611111093749998 0.3271825390625 0.2301587296875 0.328174603125 0.2232142859375 0.3251984125 0.2202380953125 0.315277778125 0.2202380953125
1 0.341071428125 0.1765873015625 0.334126984375 0.1855158734375 0.3361111109375 0.1914682546875 0.3390873015625 0.19444444375 0.3450396828125 0.19444444375 0.34801587343749996 0.1914682546875 0.34801587343749996 0.1875 0.352976190625 0.178571428125 0.3539682546875 0.177579365625 0.3509920640625 0.174603175 0.341071428125 0.1765873015625