0 0.5998015875 0.097222221875 0.6196428578125001 0.097222221875 0.63055555625 0.090277778125 0.634523809375 0.0823412703125 0.634523809375 0.07638888906249999 0.63055555625 0.06845238125 0.6236111109375 0.0615079359375 0.6117063484374999 0.055555556250000006 0.59384920625 0.055555556250000006 0.58095238125 0.06646825468749999 0.5799603171875 0.06944444375 0.5789682546875 0.0803571421875 0.5829365078125 0.08630952343750001 0.5998015875 0.097222221875
0 0.640476190625 0.389880953125 0.6533730156249999 0.4047619046875 0.6632936515625001 0.4047619046875 0.6672619046875 0.40674603125 0.6692460312499999 0.4047619046875 0.6751984125 0.4047619046875 0.6821428578125001 0.3998015875 0.6880952375 0.389880953125 0.6880952375 0.37400793593750004 0.6861111109375 0.36805555624999997 0.6732142859375 0.3571428578125 0.6613095234374999 0.3551587296875 0.659325396875 0.3571428578125 0.6533730156249999 0.3571428578125 0.640476190625 0.36805555624999997 0.6394841265625 0.3730158734375 0.6384920640625 0.38194444375000003 0.640476190625 0.38392857187499996 0.640476190625 0.389880953125
0 0.684126984375 0.362103175 0.684126984375 0.36607142812500004 0.6880952375 0.372023809375 0.6880952375 0.389880953125 0.691071428125 0.390873015625 0.6980158734375 0.38392857187499996 0.7 0.377976190625 0.7 0.36805555624999997 0.6960317453125 0.360119046875 0.6890873015625 0.353174603125 0.6791666671875001 0.3492063484375 0.6672619046875 0.353174603125 0.6662698406249999 0.3541666671875 0.6692460312499999 0.3571428578125 0.684126984375 0.362103175
0 0.6821428578125001 0.41964285781250005 0.684126984375 0.42757936562500004 0.6871031750000001 0.43055555625 0.6920634921875 0.4236111109375 0.69404761875 0.4117063484375 0.6960317453125 0.40972222187499996 0.6920634921875 0.3978174609375 0.6890873015625 0.3948412703125 0.6851190468749999 0.3948412703125 0.6791666671875001 0.40277777812500004 0.6672619046875 0.40674603125 0.6672619046875 0.408730159375 0.6712301593750001 0.408730159375 0.6821428578125001 0.41964285781250005
0 0.6573412703125 0.50595238125 0.6732142859375 0.50595238125 0.684126984375 0.497023809375 0.6880952375 0.4890873015625 0.6880952375 0.47718253906249997 0.6861111109375 0.47321428593750003 0.6791666671875001 0.46428571406249997 0.6712301593750001 0.46031746093750003 0.6613095234374999 0.46031746093750003 0.6513888890625 0.46428571406249997 0.64345238125 0.4742063484375 0.6424603171875 0.491071428125 0.6533730156249999 0.5039682546875001 0.6573412703125 0.50595238125
0 0.6880952375 0.47718253906249997 0.6880952375 0.487103175 0.691071428125 0.48809523749999995 0.6980158734375 0.48115079375 0.7019841265625 0.471230159375 0.7019841265625 0.46527777812500004 0.6980158734375 0.45734127031250005 0.69305555625 0.45238095312500004 0.68115079375 0.4484126984375 0.6692460312499999 0.4583333328125 0.6692460312499999 0.46031746093750003 0.6821428578125001 0.4672619046875 0.6880952375 0.47718253906249997
0 0.6424603171875 0.5327380953125 0.6424603171875 0.5486111109375 0.640476190625 0.5545634921875 0.6325396828125001 0.5644841265625 0.64345238125 0.565476190625 0.65634920625 0.5545634921875 0.65634920625 0.5505952375 0.6603174609375 0.546626984375 0.6603174609375 0.5267857140625 0.647420634375 0.5119047625 0.64345238125 0.509920634375 0.627579365625 0.509920634375 0.6265873015625 0.512896825 0.6365079359375 0.5208333328125 0.6424603171875 0.5327380953125
0 0.659325396875 0.5694444437499999 0.66825396875 0.5585317453124999 0.6702380953125 0.552579365625 0.6702380953125 0.5367063484375 0.66825396875 0.53075396875 0.6632936515625001 0.5257936515625 0.6603174609375 0.5267857140625 0.6603174609375 0.546626984375 0.65634920625 0.5545634921875 0.6513888890625 0.5615079359374999 0.6454365078125 0.565476190625 0.6375 0.565476190625 0.6375 0.5694444437499999 0.64345238125 0.5714285718750001 0.659325396875 0.5694444437499999
0 0.6801587296875 0.5545634921875 0.6801587296875 0.5386904765625 0.6732142859375 0.5297619046875 0.6692460312499999 0.527777778125 0.6662698406249999 0.528769840625 0.6662698406249999 0.53075396875 0.6702380953125 0.5367063484375 0.6702380953125 0.552579365625 0.6613095234374999 0.565476190625 0.6613095234374999 0.5674603171875 0.6692460312499999 0.5674603171875 0.6801587296875 0.5545634921875
0 0.6692460312499999 0.6626984125 0.678174603125 0.65575396875 0.6801587296875 0.6517857140625 0.6801587296875 0.637896825 0.6732142859375 0.63095238125 0.6672619046875 0.6289682546875001 0.6573412703125 0.63095238125 0.6543650796875 0.6339285718750001 0.652380953125 0.64384920625 0.647420634375 0.6507936515625 0.646428571875 0.6517857140625 0.6533730156249999 0.658730159375 0.6692460312499999 0.6626984125
1 0.6196428578125001 0.65674603125 0.6335317453125 0.658730159375 0.6394841265625 0.65674603125 0.6484126984375 0.6498015875 0.6543650796875 0.637896825 0.6543650796875 0.6240079359374999 0.650396825 0.6160714281249999 0.6414682546875 0.609126984375 0.6295634921875 0.6071428578125 0.627579365625 0.609126984375 0.621626984375 0.609126984375 0.6087301593750001 0.6180555562500001 0.60575396875 0.625 0.6047619046875 0.639880953125 0.6107142859375 0.6498015875 0.6196428578125001 0.65674603125
1 0.5581349203125 0.690476190625 0.572023809375 0.6964285718750001 0.583928571875 0.6964285718750001 0.5998015875 0.6884920640625001 0.6067460312499999 0.68154761875 0.6126984125 0.6676587296875 0.6126984125 0.653769840625 0.6107142859375 0.6478174609375 0.5998015875 0.6369047625 0.589880953125 0.6329365078125 0.56805555625 0.6329365078125 0.5601190468749999 0.6369047625 0.5511904765625 0.64384920625 0.5462301593750001 0.65674603125 0.5452380953125 0.6736111109375 0.5492063484374999 0.68154761875 0.5581349203125 0.690476190625
1 0.5789682546875 0.709325396875 0.5829365078125 0.7172619046875 0.5829365078125 0.7390873015625 0.5769841265625 0.7490079359374999 0.583928571875 0.75 0.6007936515625001 0.735119046875 0.602777778125 0.7291666671875 0.602777778125 0.7132936515625 0.589880953125 0.6984126984375 0.583928571875 0.6964285718750001 0.56805555625 0.6964285718750001 0.566071428125 0.6984126984375 0.566071428125 0.700396825 0.572023809375 0.702380953125 0.5789682546875 0.709325396875
1 0.5263888890625 0.75595238125 0.540277778125 0.7619047625 0.5521825390624999 0.7619047625 0.5541666671875001 0.759920634375 0.566071428125 0.7579365078125 0.575 0.7509920640625001 0.5789682546875 0.7450396828125 0.58095238125 0.7331349203124999 0.5829365078125 0.73115079375 0.5829365078125 0.721230159375 0.5769841265625 0.709325396875 0.5640873015625 0.6984126984375 0.5541666671875001 0.6984126984375 0.5521825390624999 0.6964285718750001 0.5482142859375 0.6984126984375 0.5382936515625001 0.6984126984375 0.5323412703125 0.702380953125 0.5283730156249999 0.702380953125 0.51944444375 0.7113095234375 0.5144841265625 0.7242063484375 0.5134920640625 0.735119046875 0.51944444375 0.7490079359374999 0.5263888890625 0.75595238125
1 0.64345238125 0.7261904765625 0.6513888890625 0.722222221875 0.6583333328125 0.7132936515625 0.6583333328125 0.7013888890625 0.6533730156249999 0.6944444437499999 0.63154761875 0.6944444437499999 0.6246031750000001 0.6994047625 0.6236111109375 0.702380953125 0.6226190468749999 0.715277778125 0.6355158734375 0.7261904765625 0.64345238125 0.7261904765625
1 0.6632936515625001 0.690476190625 0.6702380953125 0.68154761875 0.6702380953125 0.6696428578125 0.6632936515625001 0.6607142859375 0.6623015875 0.677579365625 0.6553571421875 0.690476190625 0.6553571421875 0.6924603171875 0.6573412703125 0.6924603171875 0.6632936515625001 0.690476190625
1 0.6494047625 0.6944444437499999 0.6543650796875 0.6914682546875001 0.6623015875 0.6755952375 0.6623015875 0.6617063484375 0.6494047625 0.65674603125 0.6394841265625 0.65674603125 0.6265873015625 0.6676587296875 0.6255952375 0.6706349203124999 0.6246031750000001 0.68154761875 0.6355158734375 0.6944444437499999 0.6494047625 0.6944444437499999
1 0.589880953125 0.5694444437499999 0.6037698406249999 0.575396825 0.6196428578125001 0.5734126984375 0.6236111109375 0.5694444437499999 0.6295634921875 0.5674603171875 0.6384920640625 0.5585317453124999 0.6424603171875 0.5486111109375 0.6424603171875 0.5327380953125 0.640476190625 0.5267857140625 0.6295634921875 0.5138888890625 0.6176587296875 0.5079365078125 0.6017857140625 0.5079365078125 0.5918650796875 0.5119047625 0.5789682546875 0.5228174609375 0.5759920640625 0.533730159375 0.575 0.546626984375 0.5829365078125 0.5625 0.589880953125 0.5694444437499999
1 0.6632936515625001 0.5257936515625 0.6672619046875 0.5257936515625 0.6791666671875001 0.5357142859375 0.6880952375 0.53075396875 0.69404761875 0.5208333328125 0.69404761875 0.5089285718750001 0.6871031750000001 0.49801587343750003 0.6831349203125 0.49801587343750003 0.6732142859375 0.50595238125 0.6613095234374999 0.5079365078125 0.6573412703125 0.50595238125 0.6553571421875 0.5079365078125 0.6543650796875 0.5168650796875001 0.65634920625 0.5208333328125 0.6632936515625001 0.5257936515625
1 0.7039682546875 0.552579365625 0.7019841265625 0.540674603125 0.6950396828125001 0.533730159375 0.6851190468749999 0.53174603125 0.6791666671875001 0.5376984125 0.68115079375 0.5515873015625 0.6871031750000001 0.5535714281249999 0.7039682546875 0.552579365625
1 0.6196428578125001 0.46825396875 0.6355158734375 0.4702380953125 0.6414682546875 0.46825396875 0.65634920625 0.45734127031250005 0.6583333328125 0.4513888890625 0.6623015875 0.44742063437499996 0.6623015875 0.43154761875 0.65634920625 0.41964285781250005 0.647420634375 0.41071428593750003 0.6394841265625 0.40674603125 0.6255952375 0.40674603125 0.6196428578125001 0.408730159375 0.6117063484374999 0.4126984125 0.6017857140625 0.42261904687499996 0.6007936515625001 0.44742063437499996 0.602777778125 0.453373015625 0.6196428578125001 0.46825396875
1 0.6623015875 0.43353174531249994 0.6623015875 0.4454365078125 0.65634920625 0.453373015625 0.65634920625 0.45734127031250005 0.6692460312499999 0.4583333328125 0.6801587296875 0.44940476250000005 0.684126984375 0.44345238125 0.6861111109375 0.4295634921875 0.684126984375 0.4236111109375 0.6761904765625 0.4117063484375 0.6712301593750001 0.408730159375 0.6533730156249999 0.408730159375 0.6494047625 0.41071428593750003 0.6484126984375 0.4117063484375 0.65634920625 0.41964285781250005 0.6623015875 0.43353174531249994
1 0.7 0.4375 0.7039682546875 0.4295634921875 0.7019841265625 0.415674603125 0.697023809375 0.408730159375 0.69404761875 0.40972222187499996 0.6920634921875 0.4236111109375 0.6880952375 0.42757936562500004 0.6851190468749999 0.4365079359375 0.684126984375 0.44345238125 0.691071428125 0.44444444375 0.7 0.4375
2 0.5628968249999999 0 0.5581349203125 0.0039682546875000006 0.5571428578125001 0.014880953124999999 0.56805555625 0.0257936515625 0.577976190625 0.0297619046875 0.5978174609375 0.0297619046875 0.6017857140625 0.027777778125000003 0.6087301593750001 0.0208333328125 0.6087301593750001 0.014880953124999999 0.6107142859375 0.012896825 0.6017857140625 0 0.5628968249999999 0