0 0.733251634375 0.362203840625 0.7352941171875 0.358118871875 0.7352941171875 0.3458639703125 0.733251634375 0.3397365203125 0.7240604578125 0.33054534375 0.7056781046875 0.3264603765625 0.6924019609375 0.33769403593749997 0.6903594765625 0.34790645468750003 0.696486928125 0.3642463234375 0.7015931375 0.36935253281249997 0.7107843140625 0.3724162578125 0.71793300625 0.3734375 0.7261029406249999 0.36935253281249997 0.733251634375 0.362203840625
0 0.56168300625 0.3111417484375 0.563725490625 0.2948018796875 0.5565767968750001 0.28356821875 0.5443218953125 0.28152573593749997 0.5422794125 0.2794832515625 0.530024509375 0.28356821875 0.5228758171875 0.2907169125 0.526960784375 0.3029718140625 0.540236928125 0.31012050625 0.5473856203125 0.3193116828125 0.5524918296875 0.320332925 0.5565767968750001 0.318290440625 0.56168300625 0.3111417484375
0 0.571895425 0.298886846875 0.583129084375 0.291738153125 0.5912990203125 0.291738153125 0.5943627453125 0.288674428125 0.5912990203125 0.28561070312500003 0.5790441171875 0.28152573593749997 0.577001634375 0.28356821875 0.5708741828125 0.28356821875 0.563725490625 0.288674428125 0.56168300625 0.2927593953125 0.563725490625 0.3029718140625 0.56168300625 0.305014296875 0.56168300625 0.3111417484375 0.5657679734375 0.31522671562500004 0.5698529406249999 0.31522671562500004 0.5698529406249999 0.3029718140625 0.571895425 0.298886846875
0 0.5014297390625 0.2978656046875 0.49530228750000005 0.2937806375 0.4891748359375 0.291738153125 0.47487745156249994 0.291738153125 0.466707515625 0.2958231203125 0.4595588234375 0.305014296875 0.460580065625 0.31012050625 0.47896241875 0.31012050625 0.49223856250000003 0.31726920000000003 0.4932598046875 0.318290440625 0.5065359484374999 0.305014296875 0.5014297390625 0.2978656046875
0 0.5024509796875 0.3356515515625 0.49632352968750004 0.3213541671875 0.4891748359375 0.3142054734375 0.47896241875 0.31012050625 0.46262254843750006 0.31012050625 0.4544526140625 0.3142054734375 0.447303921875 0.3213541671875 0.447303921875 0.325439134375 0.45241013125 0.3264603765625 0.45649509843749997 0.3244178921875 0.45853758125 0.3264603765625 0.466707515625 0.3264603765625 0.47896241875 0.3325878265625 0.4861111109375 0.3397365203125 0.490196078125 0.34790645468750003 0.490196078125 0.36016135625 0.4932598046875 0.3611825984375 0.5024509796875 0.3499489375 0.5024509796875 0.3356515515625
0 0.3880718953125 0.33360906875 0.3880718953125 0.3213541671875 0.3962418296875 0.3090992640625 0.40032679687500006 0.30705678125 0.3982843140625 0.298886846875 0.3911356203125 0.291738153125 0.3829656859375 0.2876531859375 0.37275326875000003 0.2876531859375 0.360498365625 0.2958231203125 0.3533496734375 0.305014296875 0.3533496734375 0.31318423125 0.3594771234375 0.32339665 0.3615196078125 0.3356515515625 0.367647059375 0.3397365203125 0.37888071874999996 0.3407577609375 0.3860294125 0.33769403593749997 0.3880718953125 0.33360906875
0 0.32577614375 0.3080780234375 0.34007352968750004 0.3080780234375 0.3482434640625 0.31216299062499997 0.35232843125 0.31216299062499997 0.3533496734375 0.3090992640625 0.344158496875 0.2978656046875 0.333946078125 0.2937806375 0.327818628125 0.2937806375 0.31556372499999996 0.2978656046875 0.304330065625 0.3090992640625 0.30228758125 0.31522671562500004 0.304330065625 0.3193116828125 0.307393790625 0.320332925 0.31556372499999996 0.31216299062499997 0.32577614375 0.3080780234375
0 0.2154820265625 0.3407577609375 0.23182189531250003 0.338715278125 0.244076796875 0.344842728125 0.2471405234375 0.33769403593749997 0.2420343140625 0.33054534375 0.2338643796875 0.3244178921875 0.2154820265625 0.3244178921875 0.20016339843750003 0.3356515515625 0.1940359484375 0.3499489375 0.19607843125 0.35403390468749996 0.19709967343749998 0.355055146875 0.20731209218750002 0.344842728125 0.2154820265625 0.3407577609375
0 0.30228758125 0.31522671562500004 0.2930964046875 0.3060355390625 0.2869689546875 0.3060355390625 0.28492647031249996 0.30399305625 0.26858660156249997 0.3080780234375 0.2553104578125 0.32339665 0.2563317 0.3264603765625 0.2583741828125 0.3264603765625 0.26245915000000003 0.32237540781249996 0.26858660156249997 0.320332925 0.28492647031249996 0.320332925 0.2982026140625 0.3274816171875 0.301266340625 0.328502859375 0.304330065625 0.325439134375 0.30228758125 0.31522671562500004
0 0.294117646875 0.46024305625000006 0.294117646875 0.44390318593750006 0.2859477125 0.42347835 0.2747140515625 0.41224468906249995 0.26858660156249997 0.41020220625 0.264501634375 0.40611723906249997 0.2583741828125 0.40611723906249997 0.2563317 0.4040747546875 0.23794934687499997 0.4040747546875 0.2216094765625 0.41224468906249995 0.2103758171875 0.42347835 0.20016339843750003 0.44594567031250004 0.20016339843750003 0.4541156046875 0.2032271234375 0.45717932968749997 0.2154820265625 0.455136846875 0.217524509375 0.4530943625 0.24611928125000002 0.455136846875 0.2604166671875 0.46330678125 0.2716503265625 0.47454044062499995 0.27777777812500004 0.484752859375 0.280841503125 0.4857741015625 0.28799019531250003 0.4786254078125 0.294117646875 0.46024305625000006
0 0.1838235296875 0.47658292500000005 0.20016339843750003 0.46024305625000006 0.20016339843750003 0.44390318593750006 0.20833333281250002 0.42756331718749996 0.20833333281250002 0.4193933828125 0.1950571890625 0.40611723906249997 0.18484477187499998 0.402032271875 0.1685049015625 0.402032271875 0.1521650328125 0.41020220625 0.145016340625 0.4173508984375 0.134803921875 0.4357332515625 0.134803921875 0.46024305625000006 0.137867646875 0.46330678125 0.15625 0.46943423125 0.17361111093749998 0.48679534375 0.1766748359375 0.487816584375 0.1797385625 0.484752859375 0.1838235296875 0.47658292500000005
0 0.0939542484375 0.48679534375 0.1092728765625 0.46943423125 0.1327614375 0.46024305625000006 0.1327614375 0.44594567031250004 0.1307189546875 0.441860703125 0.11948529375000001 0.42858455937500006 0.11131535937499999 0.4244995921875 0.101102940625 0.4224571078125 0.0990604578125 0.4244995921875 0.08680555625 0.42654207499999997 0.071486928125 0.43981821875 0.0674019609375 0.447988153125 0.06331699375 0.46024305625000006 0.06331699375 0.4827103765625 0.0674019609375 0.494965278125 0.0776143796875 0.5072201796875 0.087826796875 0.5072201796875 0.087826796875 0.4990502453125 0.0939542484375 0.48679534375
1 0.028594771875 0.4520731203125 0.028594771875 0.44594567031250004 0.038807189062500004 0.42960580000000004 0.047998365625 0.4224571078125 0.0592320265625 0.4193933828125 0.0592320265625 0.41530841562500004 0.047998365625 0.40611723906249997 0.041870915625 0.40611723906249997 0.039828431250000004 0.4040747546875 0.023488562499999997 0.41224468906249995 0.0122549015625 0.431648284375 0.01021241875 0.44594567031250004 0.0122549015625 0.447988153125 0.0122549015625 0.4561580875 0.01633986875 0.46637050625 0.0224673203125 0.4724979578125 0.0265522875 0.4724979578125 0.0265522875 0.4541156046875 0.028594771875 0.4520731203125
1 0.06944444375 0.4091809640625 0.0776143796875 0.394883578125 0.068423203125 0.38364991875 0.0643382359375 0.381607434375 0.05208333281250001 0.38364991875 0.0459558828125 0.3877348859375 0.03676470625 0.4010110296875 0.039828431250000004 0.40611723906249997 0.041870915625 0.4040747546875 0.05208333281250001 0.408159721875 0.061274509374999994 0.4193933828125 0.06638071875 0.4204146234375 0.06944444375 0.4173508984375 0.06944444375 0.4091809640625
1 0.0970179734375 0.4244995921875 0.10212418281249999 0.4173508984375 0.10620915 0.405095996875 0.11846405156249999 0.3928410953125 0.11846405156249999 0.388756128125 0.1072303921875 0.381607434375 0.0970179734375 0.381607434375 0.08680555625 0.3856924015625 0.0755718953125 0.3969260625 0.0755718953125 0.4010110296875 0.071486928125 0.405095996875 0.0674019609375 0.4173508984375 0.0704656859375 0.4224571078125 0.0776143796875 0.42756331718749996 0.084763071875 0.42858455937500006 0.09089052343750001 0.4244995921875 0.0970179734375 0.4244995921875
1 0.145016340625 0.4173508984375 0.15420751562499999 0.408159721875 0.1633986921875 0.405095996875 0.1633986921875 0.4010110296875 0.15829248437500001 0.39386233593750003 0.148080065625 0.3877348859375 0.14195261406249998 0.3877348859375 0.13991013125 0.3856924015625 0.12765522812500002 0.3877348859375 0.11948529375000001 0.391819853125 0.10620915 0.405095996875 0.10212418281249999 0.41326593125000005 0.10212418281249999 0.421435865625 0.10518790781250001 0.4244995921875 0.1174428109375 0.42654207499999997 0.1307189546875 0.441860703125 0.134803921875 0.441860703125 0.1368464046875 0.42960580000000004 0.145016340625 0.4173508984375
1 0.18995097968750002 0.388756128125 0.18995097968750002 0.368331290625 0.1919934640625 0.3662888078125 0.1940359484375 0.35403390468749996 0.19097222187500001 0.3489276953125 0.1787173203125 0.3428002453125 0.17258986875 0.3428002453125 0.15829248437500001 0.3489276953125 0.1470588234375 0.36016135625 0.14297385625 0.368331290625 0.14297385625 0.38671364375 0.1501225484375 0.3877348859375 0.15625 0.391819853125 0.1633986921875 0.4010110296875 0.1828022875 0.402032271875 0.1919934640625 0.3928410953125 0.18995097968750002 0.388756128125
1 0.2553104578125 0.37445874218749997 0.25326797343749996 0.358118871875 0.24918300625 0.3499489375 0.2420343140625 0.3428002453125 0.23182189531250003 0.338715278125 0.2216094765625 0.338715278125 0.20935457500000001 0.3428002453125 0.1940359484375 0.358118871875 0.1919934640625 0.370373775 0.18995097968750002 0.3724162578125 0.18995097968750002 0.3826286765625 0.19607843125 0.3969260625 0.20731209218750002 0.40611723906249997 0.2205882359375 0.4091809640625 0.23794934687499997 0.4040747546875 0.2471405234375 0.394883578125 0.2553104578125 0.37445874218749997
1 0.27777777812500004 0.3662888078125 0.2798202609375 0.36016135625 0.2900326796875 0.341779003125 0.30024509843749997 0.3356515515625 0.30024509843749997 0.3295241015625 0.2869689546875 0.320332925 0.26858660156249997 0.320332925 0.2563317 0.3264603765625 0.251225490625 0.33156658437500003 0.2450980390625 0.34382148749999997 0.2553104578125 0.3642463234375 0.2553104578125 0.376501225 0.2614379078125 0.3805861921875 0.2767565359375 0.381607434375 0.2798202609375 0.37854370937500004 0.27777777812500004 0.3662888078125
1 0.3615196078125 0.3397365203125 0.3615196078125 0.3295241015625 0.357434640625 0.3193116828125 0.3502859484375 0.31216299062499997 0.34007352968750004 0.3080780234375 0.323733659375 0.3080780234375 0.31556372499999996 0.31216299062499997 0.3063725484375 0.3213541671875 0.30228758125 0.3295241015625 0.3033088234375 0.3325878265625 0.317606209375 0.3325878265625 0.323733659375 0.3346303109375 0.34007352968750004 0.344842728125 0.3513071890625 0.3458639703125 0.35641339843750003 0.34688521250000004 0.3594771234375 0.34382148749999997 0.3615196078125 0.3397365203125
1 0.38194444375000003 0.3969260625 0.383986928125 0.3907986109375 0.383986928125 0.37445874218749997 0.3799019609375 0.3642463234375 0.36254084999999997 0.3489276953125 0.3502859484375 0.34688521250000004 0.3482434640625 0.344842728125 0.333946078125 0.34688521250000004 0.3196486921875 0.355055146875 0.3084150328125 0.368331290625 0.3063725484375 0.3724162578125 0.307393790625 0.37956495156250003 0.317606209375 0.37547998437499996 0.3380310453125 0.37547998437499996 0.35641339843750003 0.38364991875 0.365604575 0.3928410953125 0.37173202656250004 0.4071384796875 0.3747957515625 0.408159721875 0.37785947656249996 0.405095996875 0.38194444375000003 0.3969260625
1 0.3359885625 0.4673917484375 0.354370915625 0.45717932968749997 0.3635620921875 0.447988153125 0.365604575 0.43981821875 0.37173202656250004 0.42960580000000004 0.37173202656250004 0.4071384796875 0.3635620921875 0.3907986109375 0.35641339843750003 0.38364991875 0.3380310453125 0.37547998437499996 0.317606209375 0.37547998437499996 0.3053513078125 0.37956495156250003 0.2900326796875 0.3928410953125 0.2818627453125 0.41122344843749997 0.2818627453125 0.4193933828125 0.2900326796875 0.42960580000000004 0.294117646875 0.441860703125 0.294117646875 0.4500306375 0.2982026140625 0.45820057187499996 0.3135212421875 0.4673917484375 0.3186274515625 0.46841299062499997 0.32577614375 0.46943423125 0.327818628125 0.4673917484375 0.3359885625 0.4673917484375
1 0.4861111109375 0.376501225 0.490196078125 0.368331290625 0.490196078125 0.34790645468750003 0.4861111109375 0.3397365203125 0.47896241875 0.3325878265625 0.466707515625 0.3264603765625 0.4483251640625 0.3244178921875 0.44219771249999995 0.3264603765625 0.42483660156249997 0.341779003125 0.420751634375 0.3499489375 0.420751634375 0.370373775 0.42483660156249997 0.37854370937500004 0.43198529375000005 0.3856924015625 0.44526143749999997 0.3928410953125 0.460580065625 0.39386233593750003 0.47283496718749995 0.38977736875 0.4861111109375 0.376501225
1 0.5198120921875 0.2876531859375 0.51164215625 0.28356821875 0.49530228750000005 0.28356821875 0.4861111109375 0.288674428125 0.4891748359375 0.2937806375 0.49530228750000005 0.2937806375 0.5065359484374999 0.3029718140625 0.5259395421875 0.30399305625 0.526960784375 0.298886846875 0.5198120921875 0.2876531859375
1 0.5095996734375 0.28356821875 0.5177696078125 0.2876531859375 0.51879085 0.28458946093750004 0.51164215625 0.27744076875 0.50551470625 0.27539828437499997 0.4912173203125 0.27539828437499997 0.47998365937500004 0.28458946093750004 0.48202614375 0.2907169125 0.48508986875 0.291738153125 0.49530228750000005 0.28356821875 0.5095996734375 0.28356821875
1 0.550449346875 0.28152573593749997 0.5565767968750001 0.28561070312500003 0.5575980390625 0.2825469765625 0.5524918296875 0.27539828437499997 0.540236928125 0.2713133171875 0.5279820265625 0.27539828437499997 0.5208333328125 0.2825469765625 0.5208333328125 0.288674428125 0.5238970593750001 0.2896956703125 0.5341094765625 0.28152573593749997 0.550449346875 0.28152573593749997
1 0.61478758125 0.3193116828125 0.61478758125 0.30705678125 0.6127450984375 0.3029718140625 0.5994689546874999 0.291738153125 0.5810866015625 0.291738153125 0.571895425 0.298886846875 0.5698529406249999 0.3029718140625 0.5698529406249999 0.3193116828125 0.5810866015625 0.3325878265625 0.5861928109375001 0.33360906875 0.5974264703125 0.3346303109375 0.6055964046875 0.33054534375 0.61478758125 0.3193116828125
2 0.27573529375 0.5419424015625001 0.27777777812500004 0.531729984375 0.2818627453125 0.5256025328125 0.2818627453125 0.494965278125 0.2736928109375 0.4786254078125 0.2665441171875 0.46943423125 0.2563317 0.46126429687500003 0.23590686249999998 0.4530943625 0.211397059375 0.455136846875 0.19709967343749998 0.46330678125 0.1817810453125 0.4827103765625 0.17361111093749998 0.5010927281249999 0.17361111093749998 0.5235600484375 0.1817810453125 0.54602736875 0.1950571890625 0.561345996875 0.20935457500000001 0.56951593125 0.21650326875 0.5705371734375 0.23794934687499997 0.571558415625 0.26245915000000003 0.5593035125 0.27573529375 0.5419424015625001
2 0.148080065625 0.5736008984375001 0.1654411765625 0.5603247546875 0.1756535953125 0.5439848859375 0.17361111093749998 0.4990502453125 0.1756535953125 0.494965278125 0.16952614375 0.4827103765625 0.15829248437500001 0.471476715625 0.13991013125 0.46330678125 0.12357026093750001 0.46330678125 0.1072303921875 0.471476715625 0.0939542484375 0.48679534375 0.0857843140625 0.5092626640625 0.0857843140625 0.527645015625 0.0939542484375 0.5521548203125 0.1072303921875 0.5674734484374999 0.12254902031249999 0.574622140625 0.13991013125 0.5756433828125 0.14195261406249998 0.5736008984375001 0.148080065625 0.5736008984375001
2 0.06331699375 0.484752859375 0.06331699375 0.46024305625000006 0.0674019609375 0.4520731203125 0.0674019609375 0.44594567031250004 0.07965686250000001 0.431648284375 0.06638071875 0.4204146234375 0.0541258171875 0.4204146234375 0.041870915625 0.42654207499999997 0.030637254687499997 0.441860703125 0.0265522875 0.4541156046875 0.028594771875 0.4786254078125 0.034722221875 0.49088031093750006 0.041870915625 0.498029003125 0.0490196078125 0.5010927281249999 0.06025326875 0.5021139703124999 0.0674019609375 0.4970077609375 0.06331699375 0.484752859375
2 0.1327614375 0.37445874218749997 0.12357026093750001 0.36322508125 0.11948529375000001 0.3611825984375 0.10314542499999999 0.3611825984375 0.0990604578125 0.36322508125 0.0857843140625 0.37854370937500004 0.08680555625 0.3856924015625 0.0970179734375 0.381607434375 0.1072303921875 0.381607434375 0.11846405156249999 0.388756128125 0.1256127453125 0.38977736875 0.134803921875 0.38467115937499996 0.1327614375 0.37445874218749997
2 0.3125 0.362203840625 0.3216911765625 0.3530126640625 0.333946078125 0.34688521250000004 0.3380310453125 0.34688521250000004 0.3390522875 0.34382148749999997 0.333946078125 0.338715278125 0.3298611109375 0.338715278125 0.317606209375 0.3325878265625 0.3053513078125 0.3325878265625 0.297181371875 0.33667279375 0.2859477125 0.34790645468750003 0.27777777812500004 0.368331290625 0.28390522812499996 0.38467115937499996 0.28799019531250003 0.388756128125 0.2930964046875 0.38977736875 0.301266340625 0.38364991875 0.3125 0.362203840625
2 0.373774509375 0.28663194375 0.37785947656249996 0.278462009375 0.37581699375 0.26007965624999996 0.36254084999999997 0.248845996875 0.3421160125 0.248845996875 0.3380310453125 0.2508884796875 0.330882353125 0.2580371734375 0.32475490156250003 0.270292075 0.3267973859375 0.28663194375 0.333946078125 0.2937806375 0.3431372546875 0.2968443625 0.35641339843750003 0.2978656046875 0.3645833328125 0.2937806375 0.373774509375 0.28663194375
2 0.420751634375 0.3499489375 0.42483660156249997 0.341779003125 0.44526143749999997 0.32339665 0.447303921875 0.3193116828125 0.44015522812499996 0.3080780234375 0.42994281093750003 0.301950571875 0.407475490625 0.301950571875 0.3901143796875 0.31726920000000003 0.3880718953125 0.3213541671875 0.3880718953125 0.3397365203125 0.3901143796875 0.34382148749999997 0.40134803906250005 0.355055146875 0.41258169999999994 0.358118871875 0.41768790781250004 0.3591401140625 0.420751634375 0.3560763890625 0.420751634375 0.3499489375
2 0.45547385625 0.3090992640625 0.4513888890625 0.3009293296875 0.44015522812499996 0.291738153125 0.41768790781250004 0.291738153125 0.40849673124999997 0.3009293296875 0.42994281093750003 0.301950571875 0.447303921875 0.31726920000000003 0.45241013125 0.31624795781250004 0.45547385625 0.31318423125 0.45547385625 0.3090992640625
2 0.4381127453125 0.291738153125 0.4391339875 0.288674428125 0.42994281093750003 0.28152573593749997 0.41768790781250004 0.2794832515625 0.40543300625 0.28561070312500003 0.3982843140625 0.2927593953125 0.3982843140625 0.3009293296875 0.40032679687500006 0.3029718140625 0.40543300625 0.30399305625 0.4197303921875 0.291738153125 0.4381127453125 0.291738153125
2 0.46160130781250003 0.3009293296875 0.466707515625 0.2958231203125 0.4779411765625 0.2907169125 0.4779411765625 0.28663194375 0.466707515625 0.27744076875 0.45241013125 0.27744076875 0.4391339875 0.28663194375 0.4391339875 0.2907169125 0.4513888890625 0.3009293296875 0.45547385625 0.3090992640625 0.45649509843749997 0.31012050625 0.4595588234375 0.30705678125 0.46160130781250003 0.3009293296875
2 0.5453431375 0.3458639703125 0.5494281046875 0.3356515515625 0.5494281046875 0.32339665 0.5453431375 0.31522671562500004 0.530024509375 0.30399305625 0.51164215625 0.30399305625 0.503472221875 0.3080780234375 0.49632352968750004 0.31522671562500004 0.49632352968750004 0.32339665 0.500408496875 0.3274816171875 0.5024509796875 0.33360906875 0.5024509796875 0.3499489375 0.5095996734375 0.355055146875 0.5147058828125 0.3560763890625 0.5279820265625 0.35709763125 0.5341094765625 0.355055146875 0.5453431375 0.3458639703125
2 0.68831699375 0.34790645468750003 0.6924019609375 0.33769403593749997 0.6924019609375 0.3295241015625 0.686274509375 0.3193116828125 0.67504085 0.31216299062499997 0.6627859484374999 0.31216299062499997 0.6587009796875 0.3142054734375 0.6474673203125 0.3274816171875 0.6474673203125 0.33769403593749997 0.6515522875 0.3458639703125 0.6607434640625 0.355055146875 0.6658496734375 0.3560763890625 0.6770833328125 0.35709763125 0.6811683000000001 0.355055146875 0.68831699375 0.34790645468750003