1 0.5535714281249999 0.46210317500000003 0.54365079375 0.44424603124999995 0.53075396875 0.43134920625 0.51884920625 0.425396825 0.5049603171875 0.4234126984375 0.502976190625 0.42142857187500005 0.48511904687499996 0.42142857187500005 0.4632936515625 0.43134920625 0.4543650796875 0.43829365156250005 0.446428571875 0.4482142859375 0.4365079359375 0.46607142812499996 0.4365079359375 0.489880953125 0.44444444375 0.5117063484375 0.459325396875 0.528571428125 0.47718253906249997 0.5384920640625 0.4831349203125 0.5384920640625 0.48511904687499996 0.540476190625 0.5089285718750001 0.5384920640625 0.528769840625 0.5305555562500001 0.5367063484375 0.524603175 0.5515873015625 0.503769840625 0.5545634921875 0.484920634375 0.5555555562500001 0.4700396828125 0.5535714281249999 0.46805555625000006 0.5535714281249999 0.46210317500000003
1 0.446428571875 0.515674603125 0.440476190625 0.503769840625 0.4365079359375 0.49186507968750004 0.4375 0.4611111109375 0.4236111109375 0.4630952375 0.4136904765625 0.46904761875 0.3948412703125 0.489880953125 0.390873015625 0.49980158750000003 0.390873015625 0.5255952374999999 0.3988095234375 0.5414682546875 0.415674603125 0.55634920625 0.41964285781250005 0.55634920625 0.42559523749999995 0.5603174609375 0.44146825468750006 0.5623015875 0.44345238125 0.5603174609375 0.45734127031250005 0.5583333328125 0.46924603125 0.552380953125 0.47718253906249997 0.54444444375 0.478174603125 0.5394841265625 0.459325396875 0.528571428125 0.446428571875 0.515674603125
1 0.3700396828125 0.47896825468750004 0.3521825390625 0.48095238125 0.34424603125000003 0.484920634375 0.3333333328125 0.49583333281249997 0.3293650796875 0.50575396875 0.3293650796875 0.5236111109375 0.3333333328125 0.5335317453124999 0.346230159375 0.546428571875 0.3581349203125 0.550396825 0.372023809375 0.550396825 0.38392857187499996 0.54444444375 0.3918650796875 0.534523809375 0.390873015625 0.49384920625 0.3799603171875 0.48293650781249997 0.3700396828125 0.47896825468750004
0 0.497023809375 0.6119047625 0.4751984125 0.6 0.4513888890625 0.6 0.4454365078125 0.6039682546875 0.44146825468750006 0.6039682546875 0.42757936562500004 0.6119047625 0.41468253906249997 0.628769840625 0.4126984125 0.6426587296874999 0.41071428593750003 0.6446428578125001 0.41071428593750003 0.6664682546875 0.4206349203125 0.684325396875 0.43154761875 0.6952380953125 0.44742063437499996 0.703174603125 0.46924603125 0.7051587296874999 0.471230159375 0.703174603125 0.48511904687499996 0.7011904765625 0.497023809375 0.6952380953125 0.509920634375 0.6803571421875 0.514880953125 0.6674603171875 0.515873015625 0.646626984375 0.509920634375 0.628769840625 0.497023809375 0.6119047625
0 0.3293650796875 0.521626984375 0.3204365078125 0.5146825390624999 0.3105158734375 0.5146825390624999 0.302579365625 0.51865079375 0.2916666671875 0.53154761875 0.2896825390625 0.5414682546875 0.2916666671875 0.5434523812500001 0.2916666671875 0.5494047625 0.3045634921875 0.5642857140624999 0.3085317453125 0.566269840625 0.3144841265625 0.566269840625 0.3164682546875 0.56825396875 0.328373015625 0.5642857140624999 0.3373015875 0.5553571421875 0.34027777812500004 0.5484126984375 0.341269840625 0.5434523812500001 0.3333333328125 0.5335317453124999 0.3293650796875 0.521626984375
0 0.40575396875 0.14365079375 0.3918650796875 0.14365079375 0.3859126984375 0.1456349203125 0.375 0.1585317453125 0.3769841265625 0.1704365078125 0.38392857187499996 0.177380953125 0.389880953125 0.17936507968749998 0.3978174609375 0.17936507968749998 0.4117063484375 0.1734126984375 0.41765872968749995 0.1634920640625 0.41865079375 0.15654761875 0.4166666671875 0.15257936562500002 0.40575396875 0.14365079375
0 0.51884920625 0.072222221875 0.497023809375 0.072222221875 0.487103175 0.0761904765625 0.4742063484375 0.0890873015625 0.47222222187499996 0.0990079359375 0.4761904765625 0.108928571875 0.4831349203125 0.11388888906250001 0.48809523749999995 0.0990079359375 0.5009920640625001 0.0880952375 0.512896825 0.084126984375 0.5367063484375 0.084126984375 0.5376984125 0.0831349203125 0.5327380953125 0.07817460312499999 0.51884920625 0.072222221875
1 0.5446428578125 0.0880952375 0.540674603125 0.0880952375 0.534722221875 0.084126984375 0.5109126984375 0.084126984375 0.5049603171875 0.0880952375 0.5009920640625001 0.0880952375 0.48809523749999995 0.0990079359375 0.484126984375 0.10694444375 0.484126984375 0.12281746093749998 0.4861111109375 0.1267857140625 0.497023809375 0.13769841249999998 0.5089285718750001 0.14365079375 0.514880953125 0.14365079375 0.5168650796875001 0.1456349203125 0.534722221875 0.1456349203125 0.5367063484375 0.14365079375 0.5426587296875 0.14365079375 0.5505952375 0.1396825390625 0.5605158734375 0.127777778125 0.5615079359374999 0.10694444375 0.559523809375 0.102976190625 0.5446428578125 0.0880952375
1 0.5517857140625 0 0.5545634921875 0.002777778125 0.572420634375 0.0107142859375 0.5922619046875 0.0107142859375 0.5982142859375 0.008730159375000001 0.6041666671875 0.002777778125 0.6044191921875 0 0.5517857140625 0
1 0.43353174531249994 0.072222221875 0.4166666671875 0.08115079375 0.41468253906249997 0.085119046875 0.41468253906249997 0.0950396828125 0.421626984375 0.1019841265625 0.43551587343750003 0.1039682546875 0.44742063437499996 0.1 0.45535714218749995 0.09007936562499999 0.45634920625 0.0831349203125 0.44742063437499996 0.0742063484375 0.43353174531249994 0.072222221875
1 0.3859126984375 0.12976190468749998 0.375 0.1367063484375 0.3710317453125 0.14861111093749999 0.37599206406249996 0.15555555625 0.389880953125 0.14365079375 0.4077380953125 0.14365079375 0.408730159375 0.1367063484375 0.40178571406249997 0.12976190468749998 0.3859126984375 0.12976190468749998
1 0.346230159375 0.20119047656250003 0.34027777812500004 0.203174603125 0.3333333328125 0.210119046875 0.3293650796875 0.22003968281250003 0.3323412703125 0.225 0.34027777812500004 0.215079365625 0.34424603125000003 0.2130952375 0.3581349203125 0.2130952375 0.36607142812500004 0.2170634921875 0.3670634921875 0.21210317500000003 0.3581349203125 0.203174603125 0.346230159375 0.20119047656250003
1 0.3303571421875 0.377777778125 0.3263888890625 0.3757936515625 0.3144841265625 0.3757936515625 0.3015873015625 0.384722221875 0.297619046875 0.39265872968750004 0.297619046875 0.40853174531249997 0.3045634921875 0.4174603171875 0.31845238125 0.42142857187500005 0.3353174609375 0.4125 0.34027777812500004 0.397619046875 0.341269840625 0.39265872968750004 0.3373015875 0.384722221875 0.3303571421875 0.377777778125
1 0.3125 0.566269840625 0.30654761875 0.566269840625 0.299603175 0.5613095234375 0.2946428578125 0.5543650796875 0.290674603125 0.5543650796875 0.28174603125000003 0.5672619046875 0.28174603125000003 0.58115079375 0.283730159375 0.5851190468749999 0.2986111109375 0.5980158734375001 0.3164682546875 0.5960317453124999 0.3263888890625 0.584126984375 0.3263888890625 0.566269840625 0.3144841265625 0.56825396875 0.3125 0.566269840625
1 0.40575396875 0.7289682546875 0.3918650796875 0.7210317453124999 0.3700396828125 0.7210317453124999 0.3640873015625 0.7230158734375001 0.353174603125 0.73194444375 0.34722222187499996 0.7418650796875 0.3452380953125 0.7577380953125 0.34722222187499996 0.7636904765625 0.3511904765625 0.771626984375 0.36805555624999997 0.7865079359375 0.3799603171875 0.790476190625 0.3978174609375 0.7884920640625 0.40575396875 0.784523809375 0.41468253906249997 0.7755952374999999 0.41765872968749995 0.7666666671875 0.41865079375 0.7478174609375 0.4166666671875 0.7418650796875 0.40575396875 0.7289682546875
2 0.34027777812500004 0.7210317453124999 0.3323412703125 0.7210317453124999 0.3303571421875 0.71904761875 0.3263888890625 0.7210317453124999 0.3075396828125 0.74384920625 0.309523809375 0.75575396875 0.3204365078125 0.76865079375 0.3244047625 0.76865079375 0.3303571421875 0.7726190468749999 0.34424603125000003 0.7726190468749999 0.34821428593750003 0.7706349203125 0.3492063484375 0.765674603125 0.3452380953125 0.7597222218749999 0.3452380953125 0.7478174609375 0.3521825390625 0.7329365078125 0.353174603125 0.7299603171875 0.34821428593750003 0.725 0.34027777812500004 0.7210317453124999
2 0.3541666671875 0.4630952375 0.3363095234375 0.4630952375 0.3323412703125 0.465079365625 0.32142857187499996 0.47400793593749996 0.31349206406249996 0.489880953125 0.31349206406249996 0.4978174609375 0.3174603171875 0.5097222218749999 0.3263888890625 0.51865079375 0.3293650796875 0.5136904765625 0.3293650796875 0.503769840625 0.3333333328125 0.49583333281249997 0.34424603125000003 0.484920634375 0.3581349203125 0.47896825468750004 0.3700396828125 0.47896825468750004 0.36904761875 0.47400793593749996 0.362103175 0.4670634921875 0.3541666671875 0.4630952375
2 0.34424603125000003 0.322222221875 0.334325396875 0.31825396875 0.3244047625 0.3202380953125 0.31845238125 0.3242063484375 0.309523809375 0.33710317500000003 0.309523809375 0.3490079359375 0.31349206406249996 0.35694444375 0.3204365078125 0.3619047625 0.3382936515625 0.3619047625 0.3492063484375 0.352976190625 0.3521825390625 0.34404761875 0.353174603125 0.33313492031249997 0.3511904765625 0.3291666671875 0.34424603125000003 0.322222221875
2 0.3422619046875 0.2607142859375 0.328373015625 0.2607142859375 0.3244047625 0.2626984125 0.3174603171875 0.26964285781249997 0.31349206406249996 0.2795634921875 0.315476190625 0.2875 0.322420634375 0.29444444375 0.328373015625 0.296428571875 0.334325396875 0.296428571875 0.3422619046875 0.2924603171875 0.3501984125 0.2825396828125 0.3511904765625 0.26964285781249997 0.346230159375 0.2626984125 0.3422619046875 0.2607142859375
2 0.3581349203125 0.2130952375 0.34424603125000003 0.2130952375 0.3333333328125 0.222023809375 0.33134920625 0.2259920640625 0.33134920625 0.2359126984375 0.3333333328125 0.239880953125 0.3382936515625 0.24484127031249997 0.34424603125000003 0.246825396875 0.35615079375 0.24484127031249997 0.365079365625 0.23789682499999998 0.36607142812500004 0.23492063437500002 0.3670634921875 0.222023809375 0.362103175 0.215079365625 0.3581349203125 0.2130952375
2 0.36607142812500004 0.18531746093749998 0.359126984375 0.17837301562500002 0.3581349203125 0.1734126984375 0.3501984125 0.175396825 0.341269840625 0.1863095234375 0.34325396874999997 0.19821428593749998 0.3521825390625 0.203174603125 0.3581349203125 0.203174603125 0.36805555624999997 0.1992063484375 0.37400793593750004 0.19126984062500002 0.375 0.190277778125 0.372023809375 0.1873015875 0.36607142812500004 0.18531746093749998
2 0.38392857187499996 0.177380953125 0.3769841265625 0.1704365078125 0.375 0.1605158734375 0.3769841265625 0.1585317453125 0.37400793593750004 0.15555555625 0.3611111109375 0.1644841265625 0.359126984375 0.17837301562500002 0.36805555624999997 0.1873015875 0.38194444375000003 0.1873015875 0.387896825 0.18531746093749998 0.3918650796875 0.18134920625 0.3928571421875 0.1803571421875 0.389880953125 0.177380953125 0.38392857187499996 0.177380953125