2 0.9547619046875001 0.6367063484375 0.952777778125 0.6525793656250001 0.9577380953124999 0.659523809375 0.9617063484375 0.6615079359375 0.9696428578124999 0.659523809375 0.9765873015625001 0.6486111109375 0.9765873015625001 0.6347222218749999 0.9706349203125001 0.628769840625 0.9676587296875001 0.627777778125 0.959722221875 0.63174603125 0.9547619046875001 0.6367063484375
2 0.9230158734374999 0.63075396875 0.9210317453125001 0.6446428578125001 0.927976190625 0.6555555562500001 0.9398809531250001 0.6555555562500001 0.9507936515625 0.6426587296874999 0.952777778125 0.63075396875 0.9448412703125 0.6168650796875 0.9359126984374999 0.615873015625 0.93194444375 0.6178571421875 0.9230158734374999 0.63075396875
2 0.7166666671875 0.646626984375 0.7146825390625 0.6505952374999999 0.7146825390625 0.6644841265625 0.7216269843750001 0.675396825 0.7295634921875 0.6793650796875 0.74345238125 0.6793650796875 0.7513888890625 0.675396825 0.7583333328124999 0.6664682546875 0.7623015875 0.6505952374999999 0.75634920625 0.6386904765625 0.7484126984375 0.6327380953125 0.73154761875 0.63174603125 0.7206349203125 0.640674603125 0.7166666671875 0.646626984375
2 0.571825396875 0.7021825390624999 0.5738095234375 0.7140873015625 0.5867063484374999 0.7230158734375001 0.5966269843750001 0.7210317453124999 0.60555555625 0.712103175 0.6075396828125 0.70615079375 0.603571428125 0.69424603125 0.59365079375 0.6882936515625 0.5867063484374999 0.6873015875 0.5827380953125 0.6892857140624999 0.571825396875 0.7021825390624999
2 0.5619047625 0.7299603171875 0.56884920625 0.7369047625 0.5807539687500001 0.7369047625 0.5876984125 0.73194444375 0.5896825390625 0.7240079359375 0.5787698406249999 0.71904761875 0.571825396875 0.712103175 0.56884920625 0.7111111109375 0.5619047625 0.7180555562500001 0.5619047625 0.7299603171875
2 0.49940476250000004 0.7289682546875 0.496428571875 0.73194444375 0.49742063437499995 0.7329365078125 0.5013888890625 0.734920634375 0.5113095234375 0.734920634375 0.5182539687500001 0.727976190625 0.5182539687500001 0.7180555562500001 0.5123015875 0.712103175 0.5103174609375001 0.712103175 0.5083333328124999 0.7240079359375 0.49940476250000004 0.7289682546875
2 0.48253968281250004 0.7200396828125 0.48948412656249995 0.7289682546875 0.49742063437499995 0.7309523812500001 0.5103174609375001 0.722023809375 0.5103174609375001 0.712103175 0.5053571421874999 0.7051587296874999 0.5023809531250001 0.7041666671875 0.49345238125 0.703174603125 0.484523809375 0.7101190468749999 0.48253968281250004 0.7200396828125
2 0.3615079359375 0.696230159375 0.36845238125 0.7051587296874999 0.3803571421875 0.7051587296874999 0.3873015875 0.7001984125 0.3873015875 0.69424603125 0.3892857140625 0.6922619046875 0.3873015875 0.6863095234375 0.377380953125 0.678373015625 0.3704365078125 0.677380953125 0.3615079359375 0.6863095234375 0.3615079359375 0.696230159375
2 0.24642857187499997 0.6267857140624999 0.24642857187499997 0.6327380953125 0.24444444375000002 0.6347222218749999 0.24642857187499997 0.6367063484375 0.24642857187499997 0.6426587296874999 0.2553571421875 0.6515873015625 0.26130952343749997 0.653571428125 0.2732142859375 0.649603175 0.278174603125 0.640674603125 0.2761904765625 0.628769840625 0.26924603125 0.6198412703125 0.2642857140625 0.61884920625 0.2573412703125 0.6178571421875 0.253373015625 0.6198412703125 0.24642857187499997 0.6267857140624999
1 0.5956349203125 0.722023809375 0.5956349203125 0.7259920640625 0.6085317453125 0.7369047625 0.61845238125 0.734920634375 0.6234126984375 0.7299603171875 0.6273809531250001 0.7200396828125 0.6253968249999999 0.712103175 0.6174603171874999 0.7041666671875 0.6105158734375 0.703174603125 0.60555555625 0.712103175 0.5956349203125 0.722023809375
1 0.6164682546875 0.7309523812500001 0.60555555625 0.733928571875 0.6085317453125 0.7369047625 0.622420634375 0.7369047625 0.6293650796875 0.7299603171875 0.6293650796875 0.7180555562500001 0.6273809531250001 0.7140873015625 0.6253968249999999 0.7140873015625 0.6234126984375 0.7240079359375 0.6164682546875 0.7309523812500001
1 0.8357142859375 0.6863095234375 0.8357142859375 0.6982142859375 0.8446428578124999 0.7051587296874999 0.8545634921874999 0.703174603125 0.8615079359375001 0.69424603125 0.8615079359375001 0.6823412703125 0.85555555625 0.6744047625 0.8505952375 0.6734126984375 0.8446428578124999 0.675396825 0.8357142859375 0.6863095234375
1 0.9269841265625001 0.65654761875 0.925 0.6644841265625 0.9299603171875 0.6734126984375 0.9378968249999999 0.675396825 0.9488095234375 0.6664682546875 0.9507936515625 0.6585317453124999 0.946825396875 0.6525793656250001 0.94384920625 0.6515873015625 0.9378968249999999 0.6555555562500001 0.9269841265625001 0.65654761875
1 0.9557539687500001 0.6674603171875 0.9636904765625 0.665476190625 0.9666666671874999 0.6605158734375001 0.9577380953124999 0.659523809375 0.952777778125 0.6525793656250001 0.952777778125 0.6486111109375 0.9507936515625 0.6486111109375 0.9507936515625 0.6644841265625 0.9557539687500001 0.6674603171875
1 0.083730159375 0.587103175 0.083730159375 0.5890873015625 0.08174603124999999 0.591071428125 0.0876984125 0.597023809375 0.0876984125 0.6009920640625 0.0886904765625 0.6019841265625 0.096626984375 0.6019841265625 0.1015873015625 0.597023809375 0.1015873015625 0.587103175 0.097619046875 0.5831349203125 0.096626984375 0.5821428578125001 0.0886904765625 0.5821428578125001 0.083730159375 0.587103175
1 0.051984126562499997 0.5553571421875 0.051984126562499997 0.5573412703125 0.05 0.559325396875 0.05 0.571230159375 0.054960317187499996 0.5761904765625 0.058928571875 0.5761904765625 0.0638888890625 0.571230159375 0.0638888890625 0.56924603125 0.065873015625 0.5672619046875 0.065873015625 0.5613095234375 0.0638888890625 0.559325396875 0.0638888890625 0.5573412703125 0.059920634375000004 0.553373015625 0.058928571875 0.552380953125 0.054960317187499996 0.552380953125 0.051984126562499997 0.5553571421875