1 0.921875 0.484375 0.0484375 0.04375
1 0.5171875 0.5140625 0.0453125 0.046875
1 0.33125 0.4625 0.05 0.04375
1 0.9046875 0.53125 0.053125 0.0515625
2 0.5203125 0.4671875 0.0484375 0.0390625
2 0.71875 0.5203125 0.05 0.046875
2 0.70625 0.475 0.05 0.0453125
2 0.1546875 0.4984375 0.0546875 0.0421875
1 0.35743830625 0.42372781093749995 0.3623829265625 0.4227388875 0.3653497 0.419772115625 0.3653497 0.4118607234375 0.361394003125 0.4019714828125 0.354471534375 0.3950490140625 0.34656014218750003 0.39109331875 0.3307373578125 0.39109331875 0.31985919375 0.399993634375 0.31590349687499997 0.409882875 0.31590349687499997 0.419772115625 0.31985919375 0.42174996406250004 0.31985919375 0.42966135625 0.3248038140625 0.43658382500000004 0.334693053125 0.43658382500000004 0.3366709015625 0.43856167187499995 0.3406265984375 0.43658382500000004 0.34260444687499997 0.43856167187499995 0.34557121875 0.4375727484375 0.35249368593749997 0.4346059765625 0.35743830625 0.42966135625 0.35743830625 0.42372781093749995
1 0.5367831984375 0.4313908609375 0.5496392109375 0.43040193593750004 0.5506281343749999 0.4175459234375 0.5466724390625 0.40963453124999993 0.5397499703124999 0.40271206406250004 0.531838578125 0.39875636718749996 0.5140379453125 0.39875636718749996 0.5081044 0.400734215625 0.50118193125 0.4076566828125 0.4972262359375 0.4155680765625 0.4972262359375 0.42347946875 0.5031597796875 0.4313908609375 0.5031597796875 0.43534655625 0.5081044 0.44029117656250005 0.5140379453125 0.44029117656250005 0.5199714890625 0.44424687343749997 0.5268939578125 0.44325795 0.5397499703124999 0.442269025 0.544694590625 0.43732440468749995 0.543705665625 0.432379784375 0.5367831984375 0.4313908609375
2 0.334375 0.5046875 0.04375 0.0421875
2 0.7312930203125 0.45581579375 0.743160109375 0.44988225000000004 0.7441490328125 0.4449376296875 0.749093653125 0.44394870624999994 0.752060425 0.4409819328125 0.7540382734375 0.433070540625 0.756016121875 0.43109269375 0.7540382734375 0.41922560468750003 0.7451379578124999 0.41032528749999997 0.737226565625 0.4063695921875 0.7312930203125 0.4063695921875 0.729315171875 0.40439174375000003 0.7253594765625 0.4063695921875 0.717448084375 0.4063695921875 0.7154702359375 0.40834744062499995 0.7115145390625 0.40834744062499995 0.7038216890625 0.4181516546875 0.69913065625 0.43222658281250004 0.7038216890625 0.44786539531249997 0.7115145390625 0.45581579375 0.717448084375 0.45581579375 0.71942593125 0.4577936421875 0.7223927046874999 0.45680471875000006 0.7312930203125 0.45581579375
3 0.159375 0.4640625 0.0828125 0.1109375
3 0.334375 0.475 0.084375 0.1203125
3 0.51875 0.48125 0.0671875 0.1203125
3 0.715625 0.4890625 0.0859375 0.1234375
3 0.9109375 0.4921875 0.084375 0.125