0 0.427777778125 0.7248015875 0.4297619046875 0.714880953125 0.427777778125 0.712896825 0.427777778125 0.70694444375 0.41686507968750003 0.6960317453125 0.4109126984375 0.69404761875 0.40396825468750003 0.6950396828125001 0.3990079359375 0.6960317453125 0.390079365625 0.7049603171875 0.3880952375 0.708928571875 0.3880952375 0.7208333328125 0.3990079359375 0.7337301593750001 0.41289682499999997 0.7357142859375 0.41884920625 0.7337301593750001 0.427777778125 0.7248015875
0 0.4446428578125 0.7019841265625 0.440674603125 0.7 0.43174603125 0.7009920640625 0.427777778125 0.702976190625 0.4297619046875 0.7208333328125 0.42579365156250004 0.7267857140625 0.42579365156250004 0.73075396875 0.43075396875000005 0.7357142859375 0.4446428578125 0.7376984125 0.4486111109375 0.7357142859375 0.45555555625000005 0.7267857140625 0.45555555625000005 0.712896825 0.4446428578125 0.7019841265625
0 0.46944444374999994 0.7228174609375 0.47142857187500004 0.708928571875 0.46349206406250004 0.708928571875 0.4575396828125 0.712896825 0.45555555625000005 0.71884920625 0.45555555625000005 0.7287698406249999 0.45357142812499995 0.73075396875 0.45555555625000005 0.734722221875 0.46845238125 0.74365079375 0.4803571421875 0.7416666671875001 0.48333333281249996 0.7367063484374999 0.4763888890625 0.7337301593750001 0.46944444374999994 0.7228174609375
0 0.503174603125 0.708928571875 0.4922619046875 0.7 0.48333333281249996 0.7009920640625 0.478373015625 0.7019841265625 0.46944444374999994 0.7109126984375 0.46944444374999994 0.7248015875 0.47142857187500004 0.7287698406249999 0.4803571421875 0.7357142859375 0.4863095234375 0.7376984125 0.4982142859375 0.7357142859375 0.5051587296875 0.7287698406249999 0.5051587296875 0.714880953125 0.503174603125 0.708928571875
0 0.540873015625 0.7009920640625 0.5299603171875 0.6920634921875 0.5170634921875 0.69305555625 0.5051587296875 0.702976190625 0.503174603125 0.708928571875 0.5051587296875 0.71884920625 0.5071428578125 0.7228174609375 0.516071428125 0.7297619046875 0.522023809375 0.7317460312499999 0.5319444437499999 0.7297619046875 0.5369047625000001 0.7267857140625 0.5428571421874999 0.7168650796875 0.540873015625 0.7009920640625
0 0.516071428125 0.7396825390624999 0.5299603171875 0.7376984125 0.5369047625000001 0.7287698406249999 0.516071428125 0.7297619046875 0.5081349203125 0.7238095234374999 0.5071428578125 0.7248015875 0.5051587296875 0.7267857140625 0.5051587296875 0.7327380953125 0.510119046875 0.7376984125 0.516071428125 0.7396825390624999
0 0.5448412703125001 0.697023809375 0.540873015625 0.6990079359375 0.5428571421874999 0.71884920625 0.5388888890625 0.7248015875 0.54384920625 0.7317460312499999 0.55575396875 0.7317460312499999 0.5666666671875 0.7228174609375 0.56865079375 0.71884920625 0.56865079375 0.70694444375 0.5617063484375 0.6980158734375 0.55575396875 0.6960317453125 0.5448412703125001 0.697023809375
0 0.4198412703125 0.7367063484374999 0.42876984062499995 0.74365079375 0.440674603125 0.74365079375 0.44563492031249996 0.7386904765625 0.434722221875 0.7376984125 0.4248015875 0.7317460312499999 0.4198412703125 0.7327380953125 0.4198412703125 0.7367063484374999
0 0.4674603171875 0.7545634921875 0.46646825468750003 0.7476190468749999 0.4515873015625 0.7486111109375 0.4446428578125 0.7496031750000001 0.44365079375 0.7545634921875 0.452579365625 0.759523809375 0.4674603171875 0.7545634921875
0 0.4119047625 0.752579365625 0.40892857187500004 0.7496031750000001 0.38412698437500004 0.7505952375 0.3861111109375 0.75654761875 0.3950396828125 0.7634920640625 0.40694444374999994 0.759523809375 0.4119047625 0.752579365625
0 0.36825396875 0.75654761875 0.3672619046875 0.7476190468749999 0.3424603171875 0.7486111109375 0.3424603171875 0.7545634921875 0.3513888890625 0.7615079359375 0.3613095234375 0.7615079359375 0.36825396875 0.75654761875
1 0.1480158734375 0.7267857140625 0.137103175 0.7138888890625 0.1301587296875 0.714880953125 0.128174603125 0.7208333328125 0.137103175 0.7297619046875 0.14305555625 0.7297619046875 0.1480158734375 0.7267857140625
1 0.1291666671875 0.7119047625 0.11924603125 0.7079365078125 0.11031746093749999 0.708928571875 0.121230159375 0.7178571421875 0.12718253906250002 0.7178571421875 0.1301587296875 0.714880953125 0.1291666671875 0.7119047625