1 0.5328125 0.4828125 0.04375 0.0421875
1 0.9375 0.5109375 0.04375 0.0390625
1 0.3421875 0.4921875 0.0453125 0.0421875
1 0.5171875 0.53125 0.0453125 0.040625
2 0.7265625 0.475 0.0515625 0.04375
2 0.715625 0.521875 0.046875 0.0390625
2 0.165625 0.4984375 0.05 0.0359375
2 0.159375 0.54375 0.053125 0.0421875
2 0.518668578125 0.561261325 0.518668578125 0.5672902640624999 0.515654109375 0.5703047328124999 0.5106299937500001 0.57130955625 0.5106299937500001 0.5753288484375 0.508620346875 0.5773384953125 0.508620346875 0.5813577875 0.5106299937500001 0.583367434375 0.5106299937500001 0.5873867265625 0.512639640625 0.5893963734375001 0.512639640625 0.59140601875 0.5176637562499999 0.596430134375 0.5236926953125 0.59843978125 0.525702340625 0.600449428125 0.5417795109375 0.600449428125 0.5437891578125 0.59843978125 0.54780845 0.59843978125 0.5518277421875 0.5944204890625 0.5538373890625 0.5944204890625 0.5548422125 0.59140601875 0.5608711515625 0.5853770796875 0.5608711515625 0.569299909375 0.5568518578125 0.5672902640624999 0.5588615046875 0.5652806171875 0.5588615046875 0.5632709703125001 0.5528325656249999 0.5572420328125001 0.5518277421875 0.556237209375 0.5236926953125 0.556237209375 0.518668578125 0.561261325
2 0.7110128625 0.55365755625 0.7110128625 0.5616961421875 0.709003215625 0.5637057875 0.709003215625 0.57375401875 0.7130225078125 0.5817926046874999 0.7200562703125 0.5888263671875 0.7280948546875 0.592845659375 0.7321141484375 0.592845659375 0.73412379375 0.5948553046875 0.7381430875 0.592845659375 0.746181671875 0.592845659375 0.7542202578125 0.5888263671875 0.76125401875 0.5817926046874999 0.763263665625 0.5777733125 0.763263665625 0.5616961421875 0.7572347265625 0.5576768484375 0.7592443734375001 0.55365755625 0.7522106109375 0.54662379375 0.74819131875 0.548633440625 0.744172025 0.5426045015625001 0.74115755625 0.541599678125 0.7280948546875 0.5405948546875 0.7200562703125 0.5446141484375 0.7110128625 0.55365755625
1 0.915625 0.465625 0.0578125 0.05
1 0.9114386812499999 0.5426878671875001 0.9044049203125001 0.549721628125 0.906414565625 0.553740921875 0.9003856265625 0.5577602140625 0.9003856265625 0.573837384375 0.9074193890625001 0.5828807921875 0.9134483281250001 0.5869000859375 0.9275158515624999 0.58890973125 0.933544790625 0.5869000859375 0.9466074921875001 0.57584703125 0.9486171375 0.5718277375 0.950626784375 0.56177950625 0.9486171375 0.5557505671875 0.94560266875 0.5527360984375 0.940578553125 0.5517312750000001 0.9425882 0.5477119828125 0.9395737296875 0.5426878671875001 0.9325399671874999 0.539673396875 0.9275158515624999 0.5386685734375 0.9194772671875 0.5426878671875001 0.9114386812499999 0.5426878671875001
3 0.1640625 0.5296875 0.0828125 0.1171875
3 0.3375 0.5203125 0.0609375 0.11875
3 0.528125 0.5125 0.0703125 0.125
3 0.7234375 0.50625 0.0890625 0.125
3 0.925 0.4984375 0.1046875 0.13125