2 0.4681372546875 0.645292075 0.4701797390625 0.6248672390625 0.46405228750000005 0.6146548203125 0.458946078125 0.6115910953125 0.44464869218749997 0.6115910953125 0.44056372499999996 0.613633578125 0.4364787578125 0.6095486109375 0.43035130781250003 0.6095486109375 0.4170751640625 0.6248672390625 0.4170751640625 0.6412071078125 0.42116013125 0.6493770421875 0.4283088234375 0.6565257359375 0.43443627500000004 0.6585682187499999 0.4364787578125 0.6565257359375 0.439542484375 0.6595894609374999 0.452818628125 0.6606107031249999 0.46609477187500004 0.6493770421875 0.4681372546875 0.645292075
1 0 0.6418248890625 0.00329981875 0.644299753125 0.02678838125 0.6453209953125 0.0421070078125 0.6320448515625 0.0441494921875 0.6259174 0.048234459375 0.6218324328125 0.05027694218749999 0.6054925640625 0.041085765625 0.594258903125 0.034958315625 0.5963013875 0.0339370734375 0.591195178125 0.030873348437499996 0.588131453125 0.0124909953125 0.588131453125 0 0.5943769515625 0 0.6418248890625
1 0.26044562031249996 0.643361184375 0.26044562031249996 0.6311062828125 0.2584031375 0.6290637984375 0.26044562031249996 0.627021315625 0.26044562031249996 0.6127239296875 0.2492119609375 0.603532753125 0.2328720921875 0.6014902703125 0.2308296078125 0.603532753125 0.22470215625 0.603532753125 0.21448973906250002 0.6096602046874999 0.20938352968750001 0.6168088968750001 0.20529856249999998 0.62497883125 0.20734104531250003 0.6311062828125 0.20529856249999998 0.633148765625 0.20529856249999998 0.6392762171874999 0.20938352968750001 0.6474461515625001 0.22163843125 0.6576585703125 0.2410420265625 0.6586798125 0.25125444375 0.6525523609375 0.26044562031249996 0.643361184375
1 0.8859405312499999 0.659399575 0.8879830140625 0.651229640625 0.883898046875 0.6389747390625 0.8665369359374999 0.6236561109375 0.8481545828125 0.621613628125 0.8420271328125001 0.6236561109375 0.8287509890625 0.6328472875 0.8246660218749999 0.641017221875 0.8267085046875 0.6573570921874999 0.8399846484375001 0.67267571875 0.8471333421875 0.6757394437500001 0.8685794203125001 0.6767606859375 0.883898046875 0.6634845421875 0.8859405312499999 0.659399575
2 0.260761565625 0.5895673 0.260761565625 0.5793548828125 0.25871908125 0.5773123984375 0.260761565625 0.5752699156250001 0.260761565625 0.5630150125 0.2495279046875 0.551781353125 0.23727300312500002 0.54973886875 0.23523052031249997 0.5476963859375 0.220933134375 0.551781353125 0.2096994734375 0.565057496875 0.2096994734375 0.58343985 0.220933134375 0.59671599375 0.23012431093750002 0.601822203125 0.2434004546875 0.60284344375 0.2515703890625 0.5987584765625 0.260761565625 0.5895673
1 0.87292235 0.62228160625 0.8800710421875 0.617175396875 0.8800710421875 0.6110479453125001 0.88619849375 0.606962978125 0.8882409765625001 0.59879304375 0.88619849375 0.5967505609375 0.88619849375 0.590623109375 0.8841560093749999 0.5865381421875 0.8749648328124999 0.577346965625 0.8667948984375 0.5732619984375 0.8463700624999999 0.5732619984375 0.838200128125 0.577346965625 0.8310514343750001 0.5844956578125 0.8290089515625001 0.5885806265625 0.8290089515625001 0.5926655937499999 0.8269664671875001 0.5947080765625 0.8269664671875001 0.600835528125 0.8320726765625001 0.6079842203125 0.8371788859375 0.6090054625 0.83309391875 0.6110479453125001 0.83309391875 0.6130904296875 0.8402426109375 0.620239121875 0.8494337875 0.6233028484375 0.8606674484375001 0.6243240906249999 0.8627099312500001 0.62228160625 0.87292235 0.62228160625
2 0.058844568750000006 0.5616203015625 0.05680208437499999 0.557535334375 0.058844568750000006 0.5534503671875 0.0496533921875 0.5422167078125 0.0394409734375 0.538131740625 0.02922855625 0.538131740625 0.0149311703125 0.544259190625 0.0077824765625 0.551407884375 0.0077824765625 0.5554928515625 0.003697509375 0.55957781875 0.003697509375 0.5738752046875 0.0149311703125 0.5871513484374999 0.017994895312500002 0.5881725906249999 0.045568425 0.58919383125 0.05680208437499999 0.5800026546875 0.058844568750000006 0.5616203015625
1 0.476402525 0.59272348125 0.47844460624999996 0.5872770593750001 0.4782177015625 0.5793343656250001 0.47685631875 0.5745687734375 0.4757218265625 0.5686684765625001 0.4718645671875 0.56458366875 0.46823420000000004 0.560952725 0.4641500359375 0.5584564624999999 0.45983898125 0.556867915625 0.452805134375 0.5577756546875 0.4453174921875 0.5577756546875 0.44168713750000005 0.5602719265625 0.43714917968749994 0.5625412625 0.428980853125 0.5686684765625001 0.4258042796875 0.5718455546875 0.4239891015625 0.5772919609375 0.42330840312499995 0.5818306359375 0.4246697859375 0.5895463890625 0.4258042796875 0.5924965249999999 0.4283001546875 0.59748908125 0.43238431874999994 0.6031624296875 0.43533400312500004 0.60656643125 0.43873746718750006 0.6077011046874999 0.4419140265625 0.6088357609374999 0.4457713 0.6097435250000001 0.4503092578125 0.6097435250000001 0.4535695234375 0.6074307390625 0.46120035000000004 0.6040701765625001 0.46959558125 0.6004392171874999 0.47390664843749997 0.5965813328125 0.476402525 0.59272348125
3 0.8515625 0.6140625 0.0875 0.13125
3 0.659375 0.6109375 0.084375 0.125
3 0.4484375 0.6015625 0.0953125 0.1328125
3 0.2375 0.5875 0.0953125 0.121875
3 0.040625 0.5796875 0.0796875 0.128125