2 0.3759765625 0.310546875 0.365234375 0.3232421875 0.365234375 0.3369140625 0.3720703125 0.345703125 0.3798828125 0.349609375 0.392578125 0.3486328125 0.3955078125 0.34765625 0.404296875 0.3369140625 0.404296875 0.3310546875 0.40625 0.3291015625 0.404296875 0.3193359375 0.3974609375 0.3125 0.3876953125 0.30859375 0.3759765625 0.310546875
2 0.416015625 0.3017578125 0.4228515625 0.310546875 0.4267578125 0.3125 0.435546875 0.3115234375 0.4443359375 0.30859375 0.44921875 0.3017578125 0.44921875 0.2900390625 0.4404296875 0.28125 0.4267578125 0.28125 0.419921875 0.2861328125 0.416015625 0.2939453125 0.416015625 0.3017578125
2 0.1611328125 0.421875 0.1474609375 0.421875 0.1416015625 0.42578125 0.13671875 0.4326171875 0.130859375 0.4462890625 0.130859375 0.4521484375 0.1328125 0.4541015625 0.1328125 0.4599609375 0.1396484375 0.470703125 0.1474609375 0.474609375 0.16015625 0.4736328125 0.171875 0.4638671875 0.173828125 0.4521484375 0.17578125 0.4501953125 0.17578125 0.4423828125 0.173828125 0.4404296875 0.173828125 0.4345703125 0.1650390625 0.423828125 0.1611328125 0.421875
2 0.044921875 0.4521484375 0.046875 0.4697265625 0.0517578125 0.474609375 0.0556640625 0.4765625 0.05859375 0.4755859375 0.068359375 0.4677734375 0.068359375 0.4599609375 0.0703125 0.4580078125 0.068359375 0.4462890625 0.0634765625 0.439453125 0.0537109375 0.439453125 0.046875 0.4462890625 0.044921875 0.4521484375
2 0.044921875 0.4443359375 0.048828125 0.4443359375 0.0537109375 0.439453125 0.0615234375 0.439453125 0.064453125 0.4365234375 0.0625 0.4248046875 0.0595703125 0.421875 0.0517578125 0.421875 0.044921875 0.4306640625 0.044921875 0.4443359375
2 0.017578125 0.4775390625 0.01953125 0.4775390625 0.021484375 0.4755859375 0.021484375 0.4599609375 0.0185546875 0.455078125 0.0107421875 0.455078125 0.0078125 0.4580078125 0.0078125 0.4638671875 0.015625 0.4697265625 0.017578125 0.4775390625
2 0 0.4892578125 0.0087890625 0.494140625 0.01171875 0.4931640625 0.015625 0.4892578125 0.017578125 0.4833984375 0.017578125 0.4716796875 0.0126953125 0.466796875 0.0068359375 0.46484375 0 0.4716796875 0 0.4892578125
1 0.064453125 0.4404296875 0.0732421875 0.4453125 0.078125 0.4443359375 0.0810546875 0.443359375 0.0859375 0.4365234375 0.087890625 0.4208984375 0.0810546875 0.412109375 0.0751953125 0.41015625 0.068359375 0.4150390625 0.064453125 0.4228515625 0.064453125 0.4404296875
1 0.0810546875 0.4140625 0.0859375 0.4189453125 0.0859375 0.4228515625 0.0888671875 0.42578125 0.08984375 0.4248046875 0.09375 0.4208984375 0.09375 0.4091796875 0.091796875 0.4052734375 0.0849609375 0.400390625 0.0771484375 0.40234375 0.072265625 0.4072265625 0.072265625 0.4111328125 0.0810546875 0.4140625
1 0.275390625 0.3173828125 0.271484375 0.3291015625 0.2734375 0.3349609375 0.2822265625 0.341796875 0.291015625 0.3408203125 0.2958984375 0.33984375 0.298828125 0.3369140625 0.302734375 0.3291015625 0.302734375 0.3193359375 0.30078125 0.3154296875 0.2939453125 0.310546875 0.2841796875 0.310546875 0.275390625 0.3173828125
1 0.380859375 0.3056640625 0.3837890625 0.30859375 0.3896484375 0.30859375 0.3994140625 0.314453125 0.404296875 0.3134765625 0.408203125 0.3115234375 0.412109375 0.3037109375 0.412109375 0.2939453125 0.41015625 0.2900390625 0.4033203125 0.28515625 0.3896484375 0.28515625 0.380859375 0.2939453125 0.380859375 0.3056640625
1 0.412109375 0.2939453125 0.4140625 0.2978515625 0.416015625 0.2978515625 0.41796875 0.2900390625 0.4248046875 0.283203125 0.4365234375 0.28125 0.4375 0.2783203125 0.4326171875 0.275390625 0.4208984375 0.27734375 0.412109375 0.2880859375 0.412109375 0.2939453125