2 0.496875 0.8390625 0.04375 0.040625
1 0.48125 0.4765625 0.04375 0.046875
2 0.4734375 0.278125 0.05 0.0484375
2 0.51875 0.2921875 0.0421875 0.05
1 0.490625 0.6640625 0.0421875 0.0484375
1 0.465625 0.090625 0.0484375 0.0546875
1 0.5140625 0.0796875 0.04375 0.0546875
1 0.534375 0.675 0.040625 0.05
2 0.5508306968750001 0.2986550640625 0.556764240625 0.2986550640625 0.5587420890625 0.296677215625 0.562697784375 0.3006329109375 0.5646756328125 0.2986550640625 0.572587025 0.2986550640625 0.5854430374999999 0.2877768984375 0.589398734375 0.27986550625 0.589398734375 0.2660205703125 0.5874208859375 0.26008702499999997 0.5785205703125 0.2492088609375 0.5706091765625 0.24525316406250003 0.5607199359374999 0.24525316406250003 0.5547863921875 0.25316455625 0.5508306968750001 0.251186709375 0.546875 0.25316455625 0.5419303796875 0.26008702499999997 0.5439082281250001 0.264042721875 0.53995253125 0.2660205703125 0.5389636078125 0.2689873421875 0.5379746828124999 0.2818433546875 0.5419303796875 0.289754746875 0.5508306968750001 0.2986550640625
2 0.540625 0.8484375 0.0375 0.0515625
2 0.563686709375 0.849485759375 0.5706091765625 0.8583860765625 0.5745648734375 0.8564082281250001 0.5804984171875 0.8643196203124999 0.59236550625 0.8643196203124999 0.6032436703124999 0.8554193031249999 0.6071993671875 0.8475079109375001 0.6071993671875 0.833662975 0.60522151875 0.8277294296875001 0.596321203125 0.816851265625 0.5903876578125 0.8128955703124999 0.5785205703125 0.8128955703124999 0.575553796875 0.8158623421875 0.5745648734375 0.8208069625000001 0.572587025 0.816851265625 0.5706091765625 0.816851265625 0.563686709375 0.8217958859375001 0.562697784375 0.8247626578125 0.5617088609375 0.8415743671874999 0.563686709375 0.843552215625 0.563686709375 0.849485759375
1 0.528125 0.4828125 0.040625 0.046875
3 0.5265625 0.8390625 0.109375 0.084375
3 0.5203125 0.6671875 0.1140625 0.0734375
3 0.5171875 0.4796875 0.115625 0.065625
3 0.5015625 0.2859375 0.125 0.0796875
3 0.496875 0.0859375 0.125 0.0875