1 0.4053217828125 0.502475246875 0.4011963703125 0.506600659375 0.3950082515625 0.508663365625 0.379537953125 0.5241336640625 0.375412540625 0.5323844890625 0.375412540625 0.5385726078124999 0.371287128125 0.5447607265625 0.371287128125 0.5695132015625 0.375412540625 0.5777640265625 0.3908828390625 0.5973597359375 0.4115099015625 0.6076732671875 0.4362623765625 0.6097359734375 0.4548267328125 0.6035478546874999 0.47235973593749997 0.5880775578125 0.4806105609375 0.5715759078125 0.4826732671875 0.5468234328125 0.47442244218749996 0.5241336640625 0.4610148515625 0.508663365625 0.4548267328125 0.504537953125 0.44348184843749994 0.50144389375 0.4135726078125 0.500412540625 0.4115099015625 0.502475246875 0.4053217828125 0.502475246875
1 0.05569306875 0.47256600625 0.04950495 0.48494224375000006 0.04950495 0.511757425 0.05156765625 0.5179455453124999 0.05569306875 0.5261963703125 0.064975246875 0.5354785484375 0.07322607187499999 0.5396039609375001 0.0917904296875 0.5375412546875 0.1072607265625 0.5220709578125 0.1072607265625 0.5179455453124999 0.11138613906249999 0.511757425 0.11138613906249999 0.5035065999999999 0.11344884531249999 0.50144389375 0.11138613906249999 0.48081683125 0.1072607265625 0.4705033 0.09797854843750001 0.461221121875 0.0845709578125 0.4581270625 0.077351484375 0.457095709375 0.064975246875 0.46328382812499996 0.05569306875 0.47256600625
0 0.0371287125 0.5035065999999999 0.0371287125 0.5261963703125 0.03919141875 0.5323844890625 0.052599009375000005 0.5478547859375 0.056724421875 0.5499174921875001 0.071163365625 0.5499174921875001 0.0804455453125 0.5426980203125 0.0804455453125 0.5406353140625 0.064975246875 0.5354785484375 0.05569306875 0.5261963703125 0.04950495 0.5096947187499999 0.04950495 0.48494224375000006 0.048473596875000004 0.483910890625 0.04331683125 0.48906765625000004 0.0371287125 0.5035065999999999
0 0.11138613906249999 0.6210808578125 0.11138613906249999 0.6355198015625 0.11344884531249999 0.6417079203125 0.1227310234375 0.6509900984375 0.1289191421875 0.6530528046875 0.1392326734375 0.6509900984375 0.1485148515625 0.6375825078124999 0.1464521453125 0.6231435640625 0.1423267328125 0.6148927390625001 0.13201320156250002 0.6087046203125 0.1247937296875 0.6076732671875 0.1206683171875 0.6097359734375 0.11138613906249999 0.6210808578125
0 0.1567656765625 0.6540841578125 0.1567656765625 0.6602722765625 0.1547029703125 0.6623349828125 0.1588283828125 0.674711221875 0.16811056093750001 0.6839934000000001 0.17533003281249998 0.682962046875 0.17533003281249998 0.678836634375 0.1712046203125 0.6726485156249999 0.1712046203125 0.6582095703124999 0.1773927390625 0.6478960390624999 0.17533003281249998 0.6458333328125 0.16811056093750001 0.6448019796875 0.1639851484375 0.6468646859375 0.1567656765625 0.6540841578125
0 0.2165841578125 0.6726485156249999 0.2165841578125 0.685024753125 0.2207095703125 0.693275578125 0.2279290421875 0.70049505 0.23411716093749999 0.7025577562499999 0.2423679875 0.7025577562499999 0.2506188125 0.69843234375 0.255775578125 0.689150165625 0.255775578125 0.678836634375 0.249587459375 0.6664603953125 0.243399340625 0.6623349828125 0.2279290421875 0.6613036296875 0.21864686406249997 0.6685231015624999 0.2165841578125 0.6726485156249999
1 0.1712046203125 0.6561468640625 0.1712046203125 0.6726485156249999 0.1763613859375 0.68193069375 0.1866749171875 0.6881188125000001 0.1928630359375 0.6881188125000001 0.20317656718750002 0.6839934000000001 0.20833333281250002 0.676773928125 0.20833333281250002 0.6705858078125 0.2103960390625 0.6685231015624999 0.2103960390625 0.6643976890625 0.2042079203125 0.6520214515625 0.1990511546875 0.6468646859375 0.19183168281250002 0.6458333328125 0.1825495046875 0.6448019796875 0.1784240921875 0.6468646859375 0.1712046203125 0.6561468640625
1 0.0948844890625 0.6293316828125 0.0948844890625 0.6375825078124999 0.0990099015625 0.6478960390624999 0.1124174921875 0.6571782171875 0.1186056109375 0.6551155109375 0.1216996703125 0.6499587453125 0.11344884531249999 0.6417079203125 0.11138613906249999 0.6355198015625 0.11138613906249999 0.6190181515625001 0.1021039609375 0.6179867984375 0.0990099015625 0.6210808578125 0.0948844890625 0.6293316828125
1 0.0371287125 0.5839521453125001 0.03919141875 0.5983910890625 0.04331683125 0.6066419140625 0.050536303125 0.6117986796875 0.062912540625 0.6097359734375 0.0701320125 0.5963283828125 0.0660066 0.5777640265625 0.05569306875 0.5695132015625 0.048473596875000004 0.5684818484374999 0.03919141875 0.5777640265625 0.0371287125 0.5839521453125001
1 0.18048679843749998 0.6963696374999999 0.1846122109375 0.69843234375 0.1959570953125 0.697400990625 0.1887376234375 0.6881188125000001 0.1846122109375 0.6881188125000001 0.1815181515625 0.685024753125 0.1732673265625 0.685024753125 0.1732673265625 0.689150165625 0.18048679843749998 0.6963696374999999
1 0.354785478125 0.699463696875 0.352722771875 0.703589109375 0.352722771875 0.715965346875 0.36200495 0.7293729375 0.370255775 0.73349835 0.386757425 0.73349835 0.3960396046875 0.726278878125 0.4001650171875 0.711839934375 0.3908828390625 0.69430693125 0.377475246875 0.689150165625 0.370255775 0.6881188125000001 0.36200495 0.6922442249999999 0.354785478125 0.699463696875
1 0.48370462031250006 0.6303630359375 0.46410891093749995 0.6478960390624999 0.45998349843749997 0.6561468640625 0.45998349843749997 0.6705858078125 0.4661716171875 0.685024753125 0.4795792078125 0.69843234375 0.49608085781250005 0.70049505 0.49814356406250004 0.7025577562499999 0.5167079203125 0.6963696374999999 0.5301155109375 0.682962046875 0.5342409234375001 0.6705858078125 0.5342409234375001 0.6582095703124999 0.5301155109375 0.6478960390624999 0.5167079203125 0.6344884484375 0.5033003296875 0.6293316828125 0.49608085781250005 0.6283003296875 0.49401815156250006 0.6303630359375 0.48370462031250006 0.6303630359375
1 0.550742575 0.724216171875 0.5414603953125 0.73556105625 0.5383663359375 0.736592409375 0.5383663359375 0.740717821875 0.549711221875 0.75 0.568275578125 0.75 0.5796204625 0.740717821875 0.583745875 0.732466996875 0.583745875 0.720090759375 0.5796204625 0.711839934375 0.56930693125 0.703589109375 0.550742575 0.703589109375 0.5528052812500001 0.7180280531250001 0.550742575 0.724216171875
1 0.7157590765624999 0.6272689765624999 0.7116336640625 0.6355198015625 0.7095709578125 0.6520214515625 0.7116336640625 0.6540841578125 0.7136963703125 0.6664603953125 0.7209158421875 0.675742575 0.7374174921875001 0.6839934000000001 0.7518564359375 0.6839934000000001 0.7662953796875 0.6778052812500001 0.7735148515625 0.6705858078125 0.7817656765625001 0.6561468640625 0.7838283828125 0.6375825078124999 0.7755775578125 0.6190181515625001 0.7704207921874999 0.6138613859375 0.7570132015625 0.6087046203125 0.7374174921875001 0.6076732671875 0.7291666671875 0.6117986796875 0.7157590765624999 0.6272689765624999
0 0.5167079203125 0.6963696374999999 0.5022689765624999 0.7025577562499999 0.4971122109375 0.709777228125 0.4971122109375 0.720090759375 0.5012376234375 0.7283415843750001 0.5105198015625 0.7376237625 0.5208333328125 0.741749175 0.5332095703124999 0.73968646875 0.5435231015624999 0.73349835 0.5528052812500001 0.715965346875 0.5486798687500001 0.701526403125 0.5342409234375001 0.689150165625 0.5270214515625 0.6881188125000001 0.5228960390624999 0.69018151875 0.5167079203125 0.6963696374999999
2 0.13716996718750002 0.6509900984375 0.1268564359375 0.6509900984375 0.1237623765625 0.6540841578125 0.1330445546875 0.6674917484375 0.14542079218749998 0.6695544546875001 0.1526402640625 0.6664603953125 0.1567656765625 0.6561468640625 0.1567656765625 0.6458333328125 0.1526402640625 0.6375825078124999 0.1495462046875 0.6365511546875 0.14438943906249999 0.6458333328125 0.13716996718750002 0.6509900984375
2 0.1423267328125 0.674711221875 0.1474834984375 0.6839934000000001 0.1557343234375 0.6881188125000001 0.1660478546875 0.6881188125000001 0.1691419140625 0.685024753125 0.1588283828125 0.674711221875 0.1567656765625 0.6664603953125 0.1536716171875 0.6654290421875 0.1433580859375 0.6695544546875001 0.1423267328125 0.674711221875
2 0.2011138609375 0.6839934000000001 0.1928630359375 0.68605610625 0.1897689765625 0.689150165625 0.19698844843750002 0.69843234375 0.21349009843750003 0.70049505 0.2207095703125 0.693275578125 0.2165841578125 0.685024753125 0.2165841578125 0.6685231015624999 0.21245874531250003 0.6643976890625 0.2103960390625 0.6643976890625 0.20833333281250002 0.676773928125 0.2011138609375 0.6839934000000001
2 0.2506188125 0.69843234375 0.235148515625 0.703589109375 0.24443069374999998 0.71493399375 0.254744225 0.7169966999999999 0.26093234375 0.71493399375 0.268151815625 0.7077145218750001 0.270214521875 0.693275578125 0.261963696875 0.680899340625 0.255775578125 0.680899340625 0.255775578125 0.689150165625 0.2506188125 0.69843234375
2 0.294966996875 0.689150165625 0.294966996875 0.703589109375 0.304249175 0.7169966999999999 0.3125 0.7211221125 0.32693894375 0.7211221125 0.33622112187500003 0.713902640625 0.340346534375 0.703589109375 0.340346534375 0.697400990625 0.33622112187500003 0.687087459375 0.32900165000000003 0.6798679875 0.319719471875 0.676773928125 0.3083745875 0.675742575 0.297029703125 0.685024753125 0.294966996875 0.689150165625
2 0.44348184843749994 0.674711221875 0.44348184843749994 0.693275578125 0.4476072609375 0.701526403125 0.46307755781250004 0.71493399375 0.4816419140625 0.7169966999999999 0.4919554453125 0.7128712875 0.5012376234375 0.703589109375 0.48576732656250005 0.70049505 0.4682343234375 0.689150165625 0.45998349843749997 0.6726485156249999 0.45998349843749997 0.6582095703124999 0.4548267328125 0.6592409234375001 0.4476072609375 0.6664603953125 0.44348184843749994 0.674711221875
2 0.7363861390625 0.685024753125 0.7322607265625 0.693275578125 0.7322607265625 0.709777228125 0.7436056109375 0.72318481875 0.7477310234375001 0.725247525 0.7601072609374999 0.725247525 0.7662953796875 0.72318481875 0.7776402640625 0.713902640625 0.7838283828125 0.701526403125 0.7838283828125 0.689150165625 0.7797029703125 0.680899340625 0.7735148515625 0.674711221875 0.7704207921874999 0.6736798687500001 0.7539191421875 0.6839934000000001 0.7363861390625 0.685024753125