1 0.6690251578125 0.3920892296875 0.670990565625 0.39012382031250004 0.670990565625 0.37440055 0.6690251578125 0.3685043234375 0.6523191828125 0.349832940625 0.644457546875 0.34590212187499997 0.6306996859375 0.3439367140625 0.6287342765624999 0.34590212187499997 0.6169418234374999 0.34786753125000003 0.6022012578125 0.36064268906249997 0.598270440625 0.3685043234375 0.598270440625 0.376365959375 0.59630503125 0.3783313671875 0.598270440625 0.3920892296875 0.6022012578125 0.3999508640625 0.61301100625 0.4107606125 0.62283805 0.41665683906249995 0.6287342765624999 0.41862224843750007 0.651336478125 0.41763954375 0.6690251578125 0.39798545625 0.6690251578125 0.3920892296875
1 0.9264937109375 0.44122445 0.9205974843750001 0.4274665875 0.9097877359375 0.41665683906249995 0.9019261000000001 0.412726021875 0.8842374218750001 0.412726021875 0.8763757859375 0.41665683906249995 0.8636006296875 0.43139740625 0.8616352203125001 0.4372936328125 0.8616352203125001 0.46284394687499997 0.8675314468750001 0.47660180781249994 0.8783411953125 0.489376965625 0.8901336484375 0.49527319218750004 0.9048742140625 0.4942904875 0.9117531453125001 0.4913423734375 0.9245283015625001 0.47660180781249994 0.9245283015625001 0.47070558125 0.9264937109375 0.4687401734375 0.9264937109375 0.44122445
1 0.8478773578125001 0.36457350625 0.8478773578125001 0.3822621859375 0.8606525156249999 0.40093356875 0.8704795593749999 0.4048643875 0.8832547171874999 0.40388168281250003 0.8901336484375 0.40093356875 0.8930817609374999 0.39602004687500003 0.8950471703125 0.39012382031250004 0.8950471703125 0.3685043234375 0.880306603125 0.3517983484375 0.8704795593749999 0.34786753125000003 0.85868710625 0.349832940625 0.8518081765625001 0.35671187031249996 0.8478773578125001 0.36457350625
1 0.829205975 0.33017885156250004 0.8213443390625 0.3341096703125 0.8144654093750001 0.342954009375 0.8144654093750001 0.362608096875 0.8252751578125 0.379314071875 0.8370676093749999 0.383244890625 0.84591195 0.3822621859375 0.8478773578125001 0.3802967765625 0.8478773578125001 0.36457350625 0.8498427671875 0.3586772796875 0.8577044031250001 0.3508156453125 0.8577044031250001 0.3468848265625 0.85573899375 0.342954009375 0.8429638359375 0.3321442609375 0.829205975 0.33017885156250004
1 0.774174528125 0.3773486640625 0.78596698125 0.383244890625 0.8007075468749999 0.3822621859375 0.8144654093750001 0.36653891562499996 0.8144654093750001 0.3508156453125 0.8125 0.34491941875 0.8016902515625001 0.3321442609375 0.7938286156250001 0.32821344375 0.7761399375 0.32821344375 0.7653301890625 0.3370577828125 0.7633647796874999 0.342954009375 0.7633647796874999 0.36064268906249997 0.774174528125 0.3773486640625
1 0.670990565625 0.323299921875 0.6749213843749999 0.33116155625 0.6818003140625 0.3380404875 0.6916273578125 0.34197130468750003 0.70243710625 0.34098860000000003 0.714229559375 0.3291961484375 0.714229559375 0.323299921875 0.71619496875 0.3213345125 0.714229559375 0.309542059375 0.7053852203125001 0.30069772031249997 0.6975235843750001 0.296766903125 0.6818003140625 0.296766903125 0.670990565625 0.309542059375 0.670990565625 0.323299921875
1 0.6690251578125 0.3056112421875 0.6768867921874999 0.2957841984375 0.6749213843749999 0.280060928125 0.6621462265625 0.2712165875 0.6523191828125 0.2712165875 0.6483883640625 0.273181996875 0.641509434375 0.2839917453125 0.641509434375 0.28792256250000003 0.64642295625 0.292836084375 0.6523191828125 0.292836084375 0.66607704375 0.30659394687499997 0.6690251578125 0.3056112421875
1 0.601218553125 0.2712165875 0.5874606921875001 0.2692511796875 0.574685534375 0.27809551875 0.574685534375 0.29185338125000004 0.5874606921875001 0.30266312968750003 0.59630503125 0.301680425 0.601218553125 0.30069772031249997 0.606132075 0.2957841984375 0.608097484375 0.280060928125 0.601218553125 0.2712165875
1 0.5520833328125 0.2692511796875 0.54323899375 0.280060928125 0.54323899375 0.28792256250000003 0.5520833328125 0.2987323109375 0.5560141515625 0.30069772031249997 0.564858490625 0.299715015625 0.574685534375 0.29185338125000004 0.574685534375 0.27809551875 0.5658411953125 0.2692511796875 0.5520833328125 0.2692511796875
1 0.444968553125 0.3036458328125 0.444968553125 0.29185338125000004 0.43415880468749996 0.283009040625 0.42433176093749997 0.283009040625 0.415487421875 0.289887971875 0.41155660312500003 0.29774960625 0.4135220125 0.3056112421875 0.42236635156249996 0.31445558125 0.435141509375 0.313472878125 0.438089621875 0.31249017343749996 0.444968553125 0.3036458328125
1 0.327044025 0.34098860000000003 0.327044025 0.3272307390625 0.3162342765625 0.31838639999999996 0.302476415625 0.3203518078125 0.293632075 0.33116155625 0.293632075 0.34491941875 0.295597484375 0.3488502359375 0.302476415625 0.3537637578125 0.3113207546875 0.35474646249999997 0.3162342765625 0.3537637578125 0.327044025 0.34098860000000003
0 0.368317609375 0.3390231921875 0.37814465468749997 0.33116155625 0.3801100625 0.3272307390625 0.3801100625 0.3154382859375 0.37323113281250003 0.30659394687499997 0.3614386796875 0.3046285375 0.355542453125 0.30659394687499997 0.34669811250000004 0.3154382859375 0.3447327046875 0.3272307390625 0.35357704375 0.3380404875 0.35750786093750003 0.340005896875 0.368317609375 0.3390231921875
0 0.6287342765624999 0.296766903125 0.6218553453125 0.3056112421875 0.6218553453125 0.3213345125 0.6238207546875 0.3252653296875 0.634630503125 0.3341096703125 0.64642295625 0.3380404875 0.6493710687500001 0.3370577828125 0.654284590625 0.33607507812500004 0.6631289312499999 0.3272307390625 0.6670597484375 0.3174036953125 0.6670597484375 0.31150746875 0.6631289312499999 0.301680425 0.6523191828125 0.292836084375 0.634630503125 0.292836084375 0.6287342765624999 0.296766903125
0 0.608097484375 0.280060928125 0.608097484375 0.2859571546875 0.606132075 0.28792256250000003 0.608097484375 0.2957841984375 0.6149764156249999 0.30266312968750003 0.6189072328125 0.3046285375 0.6218553453125 0.3036458328125 0.6306996859375 0.29480149375 0.6385613203125 0.292836084375 0.641509434375 0.289887971875 0.639544025 0.280060928125 0.63266509375 0.273181996875 0.6267688671875 0.2712165875 0.6149764156249999 0.273181996875 0.608097484375 0.280060928125
0 0.670990565625 0.2721992921875 0.670990565625 0.270233884375 0.668042453125 0.2672857703125 0.66607704375 0.2672857703125 0.6641116359375 0.2653203609375 0.6523191828125 0.2653203609375 0.6454402515625 0.2721992921875 0.6454402515625 0.2741647015625 0.64642295625 0.27514740625 0.6483883640625 0.27514740625 0.6503537734375 0.273181996875 0.6523191828125 0.273181996875 0.654284590625 0.2712165875 0.6601808171875 0.2712165875 0.6621462265625 0.273181996875 0.66607704375 0.273181996875 0.6700078609375 0.2771128140625 0.6719732703125 0.2771128140625 0.672955975 0.27613010937500004 0.672955975 0.2741647015625 0.670990565625 0.2721992921875