2 0.159375 0.5609375 0.05 0.0421875
2 0.328125 0.56875 0.05 0.0515625
2 0.50625 0.578125 0.0453125 0.04375
2 0.7078125 0.5875 0.05 0.04375
1 0.69375 0.5390625 0.05 0.0421875
1 0.153125 0.5171875 0.0484375 0.0421875
2 0.8921875 0.5953125 0.05625 0.046875
1 0.9 0.546875 0.0578125 0.0453125
1 0.5125 0.5328125 0.0484375 0.046875
1 0.9033203125 0.4765625 0.8876953125 0.4765625 0.8798828125 0.48046875 0.869140625 0.4912109375 0.8671875 0.4951171875 0.8671875 0.5048828125 0.8701171875 0.509765625 0.875 0.5107421875 0.873046875 0.5166015625 0.8779296875 0.521484375 0.8837890625 0.51953125 0.8876953125 0.52734375 0.8984375 0.5263671875 0.9072265625 0.525390625 0.919921875 0.5166015625 0.919921875 0.5126953125 0.92578125 0.5068359375 0.92578125 0.4951171875 0.923828125 0.4912109375 0.9091796875 0.478515625 0.9033203125 0.4765625
2 0.31875 0.5265625 0.0453125 0.04375
3 0.159375 0.5296875 0.08125 0.1234375
3 0.3328125 0.546875 0.0734375 0.134375
3 0.509375 0.55 0.071875 0.1265625
3 0.7078125 0.5609375 0.0796875 0.1265625
3 0.896875 0.55625 0.0890625 0.1234375