1 0.35983606562500003 0.49070184375 0.3680327875 0.47021004062499994 0.3680327875 0.45176741875 0.35983606562500003 0.4312756140625 0.3444672125 0.41590676249999997 0.326024590625 0.409759221875 0.30963114687500004 0.409759221875 0.28913934375 0.42000512343749996 0.275819671875 0.4333247953125 0.26967213125 0.4456198765625 0.26967213125 0.45381659843750005 0.26762295156250004 0.455865778125 0.27172131093749996 0.48250512343749996 0.2819672125 0.49889856562499996 0.3014344265625 0.5122182375000001 0.3106557375 0.513242828125 0.32397540937499997 0.51426741875 0.340368853125 0.5081198765625 0.35983606562500003 0.49070184375
1 0.6323770484375 0.45791495937500004 0.638524590625 0.441521515625 0.638524590625 0.429226434375 0.6323770484375 0.4128329921875 0.6190573765625 0.3995133203125 0.6006147546875 0.3913165984375 0.588319671875 0.3913165984375 0.5719262296875 0.3974641390625 0.5606557375000001 0.40668545156249997 0.552459015625 0.42102971250000004 0.552459015625 0.4312756140625 0.5504098359375 0.43537397499999997 0.552459015625 0.43742315625000006 0.552459015625 0.4456198765625 0.5565573765625 0.455865778125 0.56782786875 0.47123463125000004 0.5852459015625 0.47840676249999997 0.5985655734375 0.479431353125 0.617008196875 0.4732838109375 0.6323770484375 0.45791495937500004
1 0.8065573765625 0.4456198765625 0.8127049187500001 0.429226434375 0.8106557375 0.414882171875 0.8045081968750001 0.40463627031250005 0.7993852453125 0.3995133203125 0.7850409843749999 0.393365778125 0.7788934421875 0.393365778125 0.768647540625 0.3974641390625 0.7594262296875 0.40668545156249997 0.75532786875 0.414882171875 0.75532786875 0.4312756140625 0.761475409375 0.443570696875 0.761475409375 0.44971823750000006 0.768647540625 0.45484118906250004 0.7737704921875 0.455865778125 0.7891393437499999 0.45689036875 0.7993852453125 0.45279200781249995 0.8065573765625 0.4456198765625
1 0.540163934375 0.3636526640625 0.540163934375 0.3431608609375 0.5381147546875 0.3390625 0.5268442624999999 0.3277920078125 0.518647540625 0.323693646875 0.504303278125 0.323693646875 0.49815573750000003 0.325742828125 0.484836065625 0.3349641390625 0.4827868859375 0.3411116796875 0.4807377046875 0.3698002046875 0.48586065625 0.3769723359375 0.5012295078125 0.3820952875 0.518647540625 0.3831198765625 0.5288934421875 0.3769723359375 0.540163934375 0.3636526640625
1 0.5586065578125 0.3554559421875 0.56270491875 0.347259221875 0.56270491875 0.3390625 0.5586065578125 0.3288165984375 0.5473360656249999 0.31754610625 0.541188525 0.3154969265625 0.52479508125 0.3154969265625 0.5176229515624999 0.3206198765625 0.5176229515624999 0.3226690578125 0.532991803125 0.33189036875 0.5381147546875 0.3390625 0.540163934375 0.3431608609375 0.540163934375 0.36570184375000003 0.5452868859375 0.36672643437499997 0.5493852453125 0.3646772546875 0.5586065578125 0.3554559421875
1 0.6282786890625001 0.367751025 0.63032786875 0.3534067625 0.6282786890625001 0.347259221875 0.614959015625 0.33189036875 0.6108606562500001 0.32984118906250004 0.590368853125 0.32984118906250004 0.5790983609375 0.3390625 0.575 0.345210040625 0.5729508203125 0.3575051234375 0.575 0.35955430312500003 0.575 0.367751025 0.5862704921875 0.381070696875 0.5893442624999999 0.3820952875 0.6108606562500001 0.3831198765625 0.6190573765625 0.37902151562499997 0.6282786890625001 0.367751025
1 0.6754098359375 0.3493084015625 0.6754098359375 0.332914959375 0.6733606562500001 0.3288165984375 0.6692622953125 0.32676741875 0.6682377046875 0.323693646875 0.6538934421875 0.31754610625 0.643647540625 0.3195952875 0.6323770484375 0.332914959375 0.6323770484375 0.345210040625 0.638524590625 0.3575051234375 0.6487704921875 0.361603484375 0.6600409843749999 0.3626280734375 0.6682377046875 0.3585297125 0.6754098359375 0.3493084015625
1 0.9356557375 0.416931353125 0.9315573765625 0.40668545156249997 0.9223360656249999 0.4015625 0.9161885249999999 0.40361167968749995 0.9110655734374999 0.40873463125000004 0.90901639375 0.414882171875 0.9110655734374999 0.42512807343750003 0.9172131140625 0.4333247953125 0.92848360625 0.4343493859375 0.9356557375 0.42512807343750003 0.9356557375 0.416931353125
1 0.8434426234375 0.35955430312500003 0.8301229515624999 0.3482838109375 0.8239754093749999 0.35033299218749997 0.816803278125 0.3575051234375 0.818852459375 0.3718493859375 0.8270491796874999 0.3779969265625 0.8362704921875 0.37902151562499997 0.8434426234375 0.3718493859375 0.8434426234375 0.35955430312500003
1 0.64979508125 0.31754610625 0.6600409843749999 0.31754610625 0.6610655734375 0.3083247953125 0.65901639375 0.30422643437499997 0.64979508125 0.29705430312500003 0.6375 0.29705430312500003 0.6334016390625 0.299103484375 0.6282786890625001 0.3062756140625 0.6282786890625001 0.318570696875 0.6323770484375 0.3247182375 0.6375 0.325742828125 0.643647540625 0.3195952875 0.64979508125 0.31754610625
1 0.7389344265625 0.3226690578125 0.7368852453125 0.318570696875 0.7256147546875 0.311398565625 0.7163934421875 0.3144723359375 0.7163934421875 0.330865778125 0.7143442624999999 0.3370133203125 0.7184426234375 0.3411116796875 0.7297131140625 0.3421362703125 0.7389344265625 0.3349641390625 0.7389344265625 0.3226690578125
0 0.7163934421875 0.3534067625 0.7143442624999999 0.3370133203125 0.698975409375 0.325742828125 0.6846311468749999 0.3277920078125 0.677459015625 0.3349641390625 0.6754098359375 0.3534067625 0.686680328125 0.36672643437499997 0.6897540984375 0.367751025 0.698975409375 0.3687756140625 0.7092213109375 0.3646772546875 0.7163934421875 0.3534067625
0 0.686680328125 0.3073002046875 0.67848360625 0.30320184375000003 0.6682377046875 0.30320184375000003 0.6610655734375 0.31037397499999997 0.6610655734375 0.318570696875 0.6733606562500001 0.3288165984375 0.6754098359375 0.332914959375 0.686680328125 0.3277920078125 0.691803278125 0.3206198765625 0.686680328125 0.3073002046875
0 0.900819671875 0.39439036875 0.8936475406250001 0.3851690578125 0.8834016390625001 0.3831198765625 0.8762295078125 0.3902920078125 0.8762295078125 0.40463627031250005 0.8834016390625001 0.41385758125 0.8864754093749999 0.414882171875 0.8915983609374999 0.41590676249999997 0.900819671875 0.40873463125000004 0.900819671875 0.39439036875
0 0.63032786875 0.3021772546875 0.6405737703125001 0.2960297125 0.6405737703125001 0.29193135312499996 0.6375 0.28885758125 0.6334016390625 0.2868084015625 0.6231557375000001 0.2868084015625 0.6139344265625 0.2939805328125 0.6118852453125 0.3021772546875 0.6200819671875 0.3144723359375 0.62520491875 0.3154969265625 0.6282786890625001 0.31242315625 0.63032786875 0.3021772546875