2 0.1671875 0.503125 0.0484375 0.040625
2 0.3390625 0.5078125 0.046875 0.0421875
2 0.3265625 0.459375 0.0453125 0.04375
2 0.5140625 0.4703125 0.0484375 0.0484375
2 0.9046875 0.4859375 0.053125 0.046875
1 0.9046875 0.5328125 0.0515625 0.05
1 0.7046875 0.4765625 0.0484375 0.046875
1 0.7125 0.5265625 0.05 0.0484375
1 0.521875 0.5171875 0.04375 0.0453125
1 0.153125 0.4578125 0.053125 0.04375
3 0.1546875 0.4765625 0.08125 0.1
3 0.3375 0.48125 0.0578125 0.115625
3 0.515625 0.4828125 0.0546875 0.121875
3 0.7125 0.4859375 0.0765625 0.1046875
3 0.9015625 0.49375 0.059375 0.115625