2 0.41068481874999996 0.5457920796875 0.4168729375 0.5437293734375 0.4251237625 0.5334158421875 0.428217821875 0.5323844890625 0.43853135312499997 0.5096947187499999 0.44059405937499996 0.48494224375000006 0.43234323437500005 0.462252475 0.41893564375 0.446782178125 0.396245875 0.43440594062500004 0.37355610625 0.43234323437500005 0.3549917484375 0.43853135312499997 0.33745874531250003 0.45193894375 0.3312706265625 0.46018976875 0.32508250781250003 0.47462871250000005 0.3209570953125 0.50144389375 0.3230198015625 0.5035065999999999 0.3271452140625 0.5220709578125 0.3488036296875 0.5457920796875 0.364273928125 0.5530115515625 0.39418316875000003 0.5540429046875001 0.40655940625 0.5499174921875001 0.41068481874999996 0.5457920796875
2 0.3013613859375 0.510726071875 0.3096122109375 0.506600659375 0.3168316828125 0.49938118749999993 0.3209570953125 0.49319306875 0.3209570953125 0.4828795375 0.3271452140625 0.46431518125000004 0.33745874531250003 0.4498762375 0.33745874531250003 0.43956270625 0.3271452140625 0.42099834999999997 0.3116749171875 0.407590759375 0.2931105609375 0.40140264062500003 0.2766089109375 0.40140264062500003 0.2559818484375 0.41171617187500004 0.24051155156249998 0.429249175 0.2322607265625 0.45193894375 0.23432343281249998 0.47462871250000005 0.2466996703125 0.49525577500000006 0.2580445546875 0.504537953125 0.27042079218750004 0.510726071875 0.27764026406250003 0.511757425 0.28692244218749996 0.512788778125 0.2889851484375 0.510726071875 0.3013613859375 0.510726071875
2 0.384900990625 0.379744225 0.391089109375 0.3673679875 0.391089109375 0.34674092343749996 0.386963696875 0.3364273921875 0.37768151875 0.32508250781250003 0.36530528125 0.3188943890625 0.34674092343749996 0.3168316828125 0.34055280468750004 0.3188943890625 0.3281765671875 0.32508250781250003 0.3188943890625 0.3343646859375 0.3147689765625 0.3426155109375 0.3127062703125 0.3488036296875 0.3127062703125 0.36943069375 0.3147689765625 0.3756188125 0.3281765671875 0.391089109375 0.33539603906250004 0.39418316875000003 0.36117986874999997 0.395214521875 0.3673679875 0.393151815625 0.384900990625 0.379744225
2 0.3591171609375 0.3168316828125 0.364273928125 0.3116749171875 0.368399340625 0.3034240921875 0.368399340625 0.28692244218749996 0.3591171609375 0.2735148515625 0.34674092343749996 0.2673267328125 0.3343646859375 0.2673267328125 0.3240511546875 0.2714521453125 0.3127062703125 0.2827970296875 0.3085808578125 0.2910478546875 0.3085808578125 0.3075495046875 0.3178630359375 0.3209570953125 0.32508250781250003 0.3240511546875 0.3281765671875 0.32508250781250003 0.34467821718749997 0.3168316828125 0.3591171609375 0.3168316828125
2 0.368399340625 0.24566831718749998 0.370462046875 0.2332920796875 0.36633663437499997 0.22504125468749997 0.3591171609375 0.21988448906250002 0.34467821718749997 0.21988448906250002 0.3364273921875 0.22400990156249997 0.3312706265625 0.2312293734375 0.3333333328125 0.2497937296875 0.3384900984375 0.2549504953125 0.3436468640625 0.2559818484375 0.3508663359375 0.2570132015625 0.35705445468749997 0.2549504953125 0.368399340625 0.24566831718749998
2 0.33539603906250004 0.22297854843749998 0.33023927343750004 0.2157590765625 0.3219884484375 0.2116336640625 0.3096122109375 0.21369637031250002 0.30239273906249997 0.2209158421875 0.3034240921875 0.2260726078125 0.3075495046875 0.22400990156249997 0.31992574218750003 0.22400990156249997 0.3292079203125 0.2312293734375 0.33023927343750004 0.2322607265625 0.3333333328125 0.22916666718749998 0.33539603906250004 0.22297854843749998
2 0.2827970296875 0.2260726078125 0.2889851484375 0.23019802031249997 0.2900165015625 0.22297854843749998 0.28073432343750004 0.2157590765625 0.2683580859375 0.2157590765625 0.2570132015625 0.22504125468749997 0.2549504953125 0.2312293734375 0.2580445546875 0.2322607265625 0.2662953796875 0.2260726078125 0.2827970296875 0.2260726078125
2 0.4498762375 0.2487623765625 0.457095709375 0.23948019843749999 0.45503300312499995 0.2312293734375 0.44368811875 0.22400990156249997 0.4333745875 0.22400990156249997 0.4251237625 0.22813531406249998 0.417904290625 0.2374174921875 0.417904290625 0.2477310234375 0.426155115625 0.2580445546875 0.43131188125 0.2590759078125 0.43956270625 0.2508250828125 0.4498762375 0.2487623765625
2 0.5375412546875 0.2415429046875 0.5334158421875 0.2332920796875 0.5241336640625 0.2260726078125 0.511757425 0.2260726078125 0.502475246875 0.2332920796875 0.500412540625 0.2374174921875 0.500412540625 0.2477310234375 0.5076320125 0.2570132015625 0.510726071875 0.2580445546875 0.5261963703125 0.2590759078125 0.5354785484375 0.2518564359375 0.5375412546875 0.2415429046875
2 0.5726072609374999 0.23948019843749999 0.5633250828125 0.2322607265625 0.5488861390625 0.2322607265625 0.5416666671875 0.2415429046875 0.5416666671875 0.2518564359375 0.5437293734375 0.2559818484375 0.5488861390625 0.2611386140625 0.5540429046875001 0.2621699671875 0.5633250828125 0.2632013203125 0.5746699671875 0.2497937296875 0.5726072609374999 0.23948019843749999
2 0.8923267328125 0.43956270625 0.8923267328125 0.42306105625 0.8882013203125 0.41481023125 0.8747937296874999 0.403465346875 0.8624174921875 0.405528053125 0.8531353140625001 0.41481023125 0.8531353140625001 0.42306105625 0.8510726078124999 0.4251237625 0.8551980203125 0.44368811875 0.8624174921875 0.45090759062499997 0.8696369640625001 0.45400165000000003 0.8747937296874999 0.45503300312499995 0.8851072609375 0.45090759062499997 0.8923267328125 0.43956270625
2 0.9356435640624999 0.43543729375 0.9356435640624999 0.42718646875 0.9315181515625 0.4168729375 0.9222359734375001 0.40965346562500005 0.9170792078125001 0.41068481874999996 0.9170792078125001 0.429249175 0.9108910890624999 0.4375 0.9108910890624999 0.44368811875 0.9170792078125001 0.44781353125 0.9263613859375001 0.448844884375 0.9335808578125 0.4416254125 0.9356435640624999 0.43543729375
1 0.19822607187500002 0.5787953796875 0.2064768984375 0.5746699671875 0.2106023109375 0.5684818484374999 0.22400990156249997 0.5571369640625 0.22400990156249997 0.5530115515625 0.23019802031249997 0.5447607265625 0.23432343281249998 0.5323844890625 0.23432343281249998 0.50556930625 0.22813531406249998 0.48906765625000004 0.2044141921875 0.46328382812499996 0.189975246875 0.457095709375 0.17141089062499998 0.45503300312499995 0.154909240625 0.461221121875 0.13531353125 0.47875412500000003 0.125 0.50144389375 0.12293729375 0.5200082515625 0.125 0.5220709578125 0.125 0.5344471953125 0.1291254125 0.5468234328125 0.13531353125 0.5571369640625 0.154909240625 0.5746699671875 0.16316006562500002 0.5787953796875 0.17656765624999998 0.5798267328125 0.189975246875 0.5808580859375 0.192037953125 0.5787953796875 0.19822607187500002 0.5787953796875
1 0.20338283906250001 0.39830858125 0.2095709578125 0.38799505 0.2095709578125 0.38180693125 0.2116336640625 0.379744225 0.2116336640625 0.36530528125 0.2054455453125 0.3488036296875 0.196163365625 0.3395214515625 0.185849834375 0.33539603906250004 0.167285478125 0.33539603906250004 0.154909240625 0.3415841578125 0.1456270625 0.3508663359375 0.13943894375000002 0.36530528125 0.1373762375 0.38180693125 0.14356435625 0.40037128749999995 0.152846534375 0.40965346562500005 0.166254125 0.41481023125 0.181724421875 0.415841584375 0.189975246875 0.41171617187500004 0.20338283906250001 0.39830858125
1 0.0796204625 0.41893564375 0.08787128749999999 0.4044967 0.08787128749999999 0.39830858125 0.08993399375 0.396245875 0.08993399375 0.379744225 0.08580858125 0.3673679875 0.076526403125 0.3580858078125 0.068275578125 0.3539603953125 0.053836634375000005 0.3560231015625 0.0404290421875 0.3673679875 0.032178217187500004 0.38180693125 0.032178217187500004 0.39005775625 0.0301155109375 0.3921204625 0.0301155109375 0.40655940625 0.0342409234375 0.4168729375 0.0435231015625 0.426155115625 0.05486798750000001 0.43131188125 0.060024753125 0.43234323437500005 0.070338284375 0.428217821875 0.0796204625 0.41893564375
1 0.2693894390625 0.3591171609375 0.2735148515625 0.3488036296875 0.2735148515625 0.33023927343750004 0.2693894390625 0.31992574218750003 0.2621699671875 0.3127062703125 0.2497937296875 0.3065181515625 0.23535478593749998 0.3065181515625 0.22504125468749997 0.3106435640625 0.21369637031250002 0.31992574218750003 0.2054455453125 0.3343646859375 0.2054455453125 0.3508663359375 0.2095709578125 0.35705445468749997 0.2095709578125 0.363242575 0.21369637031250002 0.3714934 0.21885313593750003 0.376650165625 0.23019802031249997 0.379744225 0.2415429046875 0.380775578125 0.2559818484375 0.374587459375 0.2693894390625 0.3591171609375
1 0.510726071875 0.379744225 0.504537953125 0.36530528125 0.48700495000000005 0.3498349828125 0.47462871250000005 0.3477722765625 0.47256600625 0.3457095703125 0.45400165000000003 0.3477722765625 0.44368811875 0.35189768906249996 0.43028052812500006 0.36530528125 0.42409240937500003 0.37768151875 0.42409240937500003 0.39418316875000003 0.429249175 0.395214521875 0.43956270625 0.391089109375 0.46431518125000004 0.393151815625 0.48081683125 0.40140264062500003 0.496287128125 0.42099834999999997 0.502475246875 0.41893564375 0.510726071875 0.40243399375 0.510726071875 0.379744225
1 0.2580445546875 0.26526402656250003 0.2766089109375 0.2673267328125 0.27764026406250003 0.2580445546875 0.27557755781250004 0.2539191421875 0.2642326734375 0.2466996703125 0.2497937296875 0.2466996703125 0.2415429046875 0.2508250828125 0.23432343281249998 0.2580445546875 0.23019802031249997 0.2662953796875 0.23019802031249997 0.2786716171875 0.23432343281249998 0.28692244218749996 0.2374174921875 0.2879537953125 0.2446369640625 0.2745462046875 0.2580445546875 0.26526402656250003
1 0.492161715625 0.2621699671875 0.496287128125 0.2539191421875 0.496287128125 0.2477310234375 0.48700495000000005 0.23432343281249998 0.4828795375 0.2322607265625 0.46637788750000003 0.2322607265625 0.457095709375 0.23948019843749999 0.45503300312499995 0.2477310234375 0.46844059375 0.2528877890625 0.47566006562499996 0.26010726093750003 0.477722771875 0.27042079218750004 0.48081683125 0.2714521453125 0.48494224375000006 0.2693894390625 0.492161715625 0.2621699671875
1 0.500412540625 0.2374174921875 0.502475246875 0.23535478593749998 0.500412540625 0.2271039609375 0.49525577500000006 0.22194719531249998 0.49113036250000003 0.21988448906250002 0.47669141875000004 0.21988448906250002 0.469471946875 0.22504125468749997 0.467409240625 0.22916666718749998 0.46844059375 0.2322607265625 0.4828795375 0.2322607265625 0.48700495000000005 0.23432343281249998 0.492161715625 0.23948019843749999 0.494224421875 0.24566831718749998 0.49731848125000006 0.2466996703125 0.500412540625 0.2436056109375 0.500412540625 0.2374174921875
1 0.166254125 0.2724834984375 0.17037953749999998 0.2642326734375 0.17037953749999998 0.2539191421875 0.16831683125000002 0.2497937296875 0.156971946875 0.2425742578125 0.14665841562499998 0.2446369640625 0.1373762375 0.2539191421875 0.13325082500000002 0.2642326734375 0.13531353125 0.2745462046875 0.1456270625 0.2827970296875 0.148721121875 0.2838283828125 0.159034653125 0.2797029703125 0.166254125 0.2724834984375
1 0.1786303625 0.23948019843749999 0.17141089062499998 0.2322607265625 0.159034653125 0.2322607265625 0.154909240625 0.23432343281249998 0.15181518125 0.2374174921875 0.15181518125 0.2415429046875 0.161097359375 0.2446369640625 0.17037953749999998 0.2539191421875 0.17037953749999998 0.2580445546875 0.173473596875 0.2590759078125 0.18069306875 0.2497937296875 0.1786303625 0.23948019843749999
1 0.29207920781249996 0.2477310234375 0.29207920781249996 0.2332920796875 0.28073432343750004 0.22400990156249997 0.27042079218750004 0.22400990156249997 0.2549504953125 0.2332920796875 0.2528877890625 0.24566831718749998 0.2683580859375 0.2487623765625 0.27764026406250003 0.26010726093750003 0.28073432343750004 0.2611386140625 0.2900165015625 0.2518564359375 0.29207920781249996 0.2477310234375
1 0.730404290625 0.2962046203125 0.732466996875 0.2962046203125 0.73556105625 0.2931105609375 0.73556105625 0.2910478546875 0.7376237625 0.2889851484375 0.7376237625 0.2786716171875 0.730404290625 0.2714521453125 0.7283415843750001 0.2714521453125 0.726278878125 0.2693894390625 0.7180280531250001 0.2693894390625 0.715965346875 0.2714521453125 0.713902640625 0.2714521453125 0.71080858125 0.2745462046875 0.71080858125 0.28692244218749996 0.7128712875 0.2889851484375 0.7128712875 0.2910478546875 0.7180280531250001 0.2962046203125 0.720090759375 0.2962046203125 0.7211221125 0.29723597343749997 0.722153465625 0.2982673265625 0.7283415843750001 0.2982673265625 0.730404290625 0.2962046203125
1 0.71080858125 0.2786716171875 0.71080858125 0.2724834984375 0.71066088125 0.2687375328125 0.7105006140625 0.2662628296875 0.708745875 0.2642326734375 0.708745875 0.2621699671875 0.705651815625 0.2590759078125 0.7027792453124999 0.2581006171875 0.699572584375 0.257384025 0.6971215921875 0.25692298125 0.6950100171875 0.256247665625 0.693275578125 0.2570132015625 0.689150165625 0.2570132015625 0.68605610625 0.26010726093750003 0.68605610625 0.2621699671875 0.6858431687500001 0.264596490625 0.6859788484375 0.2765436453125 0.68605610625 0.2786716171875 0.6876882171875 0.2815189546875 0.689150165625 0.2838283828125 0.691212871875 0.2838283828125 0.6922442249999999 0.28485973593749997 0.693275578125 0.2858910890625 0.703589109375 0.2858910890625 0.71080858125 0.2786716171875
1 0.6926087328125 0.2562758421875 0.6946714390625 0.2562758421875 0.702797246875 0.257968890625 0.70936513125 0.2614758890625 0.707686496875 0.2599829890625 0.7040824609375 0.2565638078125 0.700948246875 0.2543916390625 0.6983637734375 0.2540860328125 0.6948984890625 0.25423751875 0.6939184421875 0.2545273171875 0.6926687968749999 0.25478198750000003 0.6895146734375001 0.25524448906249997 0.69052868125 0.25541471250000003 0.6890072390624999 0.257063490625 0.6884833203125 0.2583385484375 0.6905460265625 0.2583385484375 0.6926087328125 0.2562758421875
1 0.9160478546874999 0.38902640312500003 0.9077970296875 0.38902640312500003 0.9005775578125 0.39830858125 0.9119224421875 0.407590759375 0.9232673265625 0.41068481874999996 0.9253300328125 0.41068481874999996 0.9253300328125 0.39830858125 0.9160478546874999 0.38902640312500003
1 0.8304455453124999 0.3261138609375 0.8252887781249999 0.3188943890625 0.819100659375 0.3147689765625 0.812912540625 0.3147689765625 0.8056930687499999 0.31992574218750003 0.8036303625000001 0.3281765671875 0.8077557750000001 0.3384900984375 0.8160066 0.34467821718749997 0.8252887781249999 0.3436468640625 0.8304455453124999 0.3384900984375 0.8304455453124999 0.3261138609375
0 0.494224421875 0.46844059375 0.500412540625 0.4498762375 0.500412540625 0.43543729375 0.496287128125 0.42306105625 0.48597359687499997 0.40655940625 0.47462871250000005 0.397277228125 0.4705033 0.397277228125 0.46431518125000004 0.393151815625 0.45606435625 0.393151815625 0.45400165000000003 0.391089109375 0.4375 0.391089109375 0.4251237625 0.395214521875 0.403465346875 0.41481023125 0.397277228125 0.42718646875 0.397277228125 0.4333745875 0.40037128749999995 0.43646864687500003 0.41481023125 0.44265676562499995 0.43028052812500006 0.4581270625 0.43853135312499997 0.47462871250000005 0.44059405937499996 0.48700495000000005 0.44471947187499994 0.49113036250000003 0.46018976875 0.492161715625 0.48081683125 0.481848184375 0.494224421875 0.46844059375
0 0.29207920781249996 0.29723597343749997 0.29207920781249996 0.28692244218749996 0.2879537953125 0.2766089109375 0.2786716171875 0.2673267328125 0.2559818484375 0.26526402656250003 0.2446369640625 0.2745462046875 0.24051155156249998 0.28073432343750004 0.2384488453125 0.28485973593749997 0.2384488453125 0.2951732671875 0.2363861390625 0.29723597343749997 0.2415429046875 0.3065181515625 0.2559818484375 0.3085808578125 0.2673267328125 0.3178630359375 0.2745462046875 0.3188943890625 0.2858910890625 0.3096122109375 0.29207920781249996 0.29723597343749997
0 0.2508250828125 0.24566831718749998 0.2508250828125 0.23948019843749999 0.2528877890625 0.2374174921875 0.2508250828125 0.2312293734375 0.2436056109375 0.22400990156249997 0.22916666718749998 0.22400990156249997 0.21782178281250003 0.2332920796875 0.2157590765625 0.2374174921875 0.2157590765625 0.2477310234375 0.22297854843749998 0.2570132015625 0.2260726078125 0.2580445546875 0.2332920796875 0.2590759078125 0.2415429046875 0.2508250828125 0.2508250828125 0.24566831718749998
0 0.31992574218750003 0.2611386140625 0.3312706265625 0.2497937296875 0.3333333328125 0.23948019843749999 0.3261138609375 0.2260726078125 0.3116749171875 0.22194719531249998 0.3096122109375 0.22400990156249997 0.3034240921875 0.22400990156249997 0.2941419140625 0.2332920796875 0.29207920781249996 0.2374174921875 0.29207920781249996 0.2477310234375 0.2962046203125 0.2559818484375 0.3044554453125 0.2621699671875 0.3116749171875 0.2632013203125 0.3137376234375 0.2611386140625 0.31992574218750003 0.2611386140625
0 0.386963696875 0.2209158421875 0.384900990625 0.2167904296875 0.3756188125 0.2116336640625 0.36530528125 0.2116336640625 0.3560231015625 0.21885313593750003 0.368399340625 0.22916666718749998 0.370462046875 0.2332920796875 0.368399340625 0.2436056109375 0.3756188125 0.2446369640625 0.386963696875 0.2332920796875 0.386963696875 0.2209158421875
0 0.42409240937500003 0.2662953796875 0.42409240937500003 0.2580445546875 0.41996699687500005 0.2497937296875 0.40655940625 0.24051155156249998 0.396245875 0.24051155156249998 0.38593234375 0.2446369640625 0.374587459375 0.2580445546875 0.376650165625 0.2766089109375 0.3838696375 0.2838283828125 0.391089109375 0.28692244218749996 0.4044967 0.2879537953125 0.42202970312500004 0.2724834984375 0.42409240937500003 0.2662953796875
0 0.477722771875 0.2642326734375 0.46844059375 0.2528877890625 0.4581270625 0.2487623765625 0.445750825 0.2487623765625 0.43956270625 0.2508250828125 0.428217821875 0.2621699671875 0.428217821875 0.2786716171875 0.43440594062500004 0.2889851484375 0.44265676562499995 0.2951732671875 0.46018976875 0.2962046203125 0.47566006562499996 0.2827970296875 0.477722771875 0.2642326734375
0 0.6097359734375 0.2786716171875 0.6097359734375 0.2662953796875 0.6076732671875 0.2621699671875 0.5963283828125 0.2528877890625 0.5798267328125 0.2528877890625 0.5705445546875 0.2621699671875 0.5705445546875 0.2766089109375 0.5798267328125 0.2879537953125 0.5829207921874999 0.2889851484375 0.5983910890625 0.2900165015625 0.6076732671875 0.2827970296875 0.6097359734375 0.2786716171875
0 0.675742575 0.2539191421875 0.6705858078125 0.2466996703125 0.6664603953125 0.2446369640625 0.6561468640625 0.2446369640625 0.6509900984375 0.2477310234375 0.6489273921875001 0.2518564359375 0.6489273921875001 0.2621699671875 0.6520214515625 0.2673267328125 0.6571782171875 0.27042079218750004 0.6664603953125 0.2714521453125 0.675742575 0.2642326734375 0.675742575 0.2539191421875
0 0.8882013203125 0.37768151875 0.8830445546875 0.370462046875 0.8747937296874999 0.36633663437499997 0.8686056109375 0.36633663437499997 0.8593234328125 0.37768151875 0.8593234328125 0.38799505 0.8634488453125 0.396245875 0.8696369640625001 0.40243399375 0.8768564359375001 0.403465346875 0.8882013203125 0.39418316875000003 0.8882013203125 0.37768151875
0 0.9170792078125001 0.412747525 0.8995462046875 0.39933993437500004 0.8882013203125 0.40862211249999997 0.8882013203125 0.4168729375 0.8923267328125 0.42306105625 0.8923267328125 0.4375 0.8943894390624999 0.43956270625 0.9077970296875 0.44059405937499996 0.9170792078125001 0.429249175 0.9170792078125001 0.412747525
0 0.9542079203125 0.42306105625 0.9521452140625 0.4168729375 0.9449257421875 0.41171617187500004 0.9408003296875 0.41171617187500004 0.9335808578125 0.4168729375 0.9356435640624999 0.43543729375 0.9335808578125 0.43956270625 0.9418316828125001 0.445750825 0.9490511546875 0.44471947187499994 0.9542079203125 0.4375 0.9542079203125 0.42306105625