0 0.3581189703125 0.5311495171875 0.354099678125 0.549236334375 0.3520900328125 0.55124598125 0.3520900328125 0.5673231515625 0.3601286171875 0.5854099671874999 0.37319131875 0.59847266875 0.3892684890625 0.6045016078125001 0.415393890625 0.6045016078125001 0.43850482343749997 0.583400321875 0.44252411562500005 0.5753617359375001 0.44051446875 0.5673231515625 0.4304662375 0.55124598125 0.4304662375 0.5452170421875 0.4284565921875 0.5432073953125001 0.4284565921875 0.525120578125 0.42142282968749994 0.5180868171874999 0.408360128125 0.5130627015625 0.385249196875 0.512057878125 0.371181671875 0.5180868171874999 0.3581189703125 0.5311495171875
0 0.44252411562500005 0.6115353703124999 0.43649517656250003 0.62560289375 0.43649517656250003 0.635651125 0.44252411562500005 0.6517282953125 0.4555868171875 0.66278135 0.46764469531249997 0.66680064375 0.4776929265625 0.66680064375 0.489750803125 0.66278135 0.5048231515625 0.64971865 0.50884244375 0.6416800640625 0.50884244375 0.6215836015625 0.506832796875 0.617564309375 0.49979903593749997 0.6085209 0.4877411578125 0.59847266875 0.476688103125 0.5954582 0.4636254015625 0.5944533765625 0.45357717031250006 0.600482315625 0.44252411562500005 0.6115353703124999
0 0.6645900328125001 0.522106109375 0.653536978125 0.5311495171875 0.653536978125 0.53717845625 0.6615755625 0.5472266875 0.6676045015625001 0.5633038578125 0.6967443734375001 0.57837620625 0.70578778125 0.5874196140625 0.707797428125 0.5954582 0.71282154375 0.6024919609375 0.7198553046875 0.5974678453125 0.72588424375 0.5854099671874999 0.72588424375 0.5793810296874999 0.727893890625 0.5773713828125 0.727893890625 0.5552652734375 0.7198553046875 0.539188103125 0.7088022515625 0.5281350484375 0.6967443734375001 0.522106109375 0.6897106109375 0.5211012859374999 0.680667203125 0.5200964625 0.67865755625 0.522106109375 0.6645900328125001 0.522106109375
0 1 0.45176848906249994 0.99819131875 0.45176848906249994 0.989147909375 0.460811896875 0.981109325 0.484927653125 0.981109325 0.5070337625 0.9851286171875 0.519091640625 0.99819131875 0.5341639875 1 0.535068328125 1 0.45176848906249994
1 0.89971865 0.4176045015625 0.8926848875 0.42865755625 0.8846463015625 0.4527733125 0.8866559484375 0.4788987140625 0.890675240625 0.48693729843750005 0.890675240625 0.4929662375 0.894694534375 0.49698553125 0.8967041796874999 0.50301446875 0.9077572343750001 0.5140675234375001 0.9157958203125001 0.5180868171874999 0.9338826359375 0.5180868171874999 0.9539791 0.5080385859375001 0.9630225078124999 0.49698553125 0.9730707390625 0.46684083593750003 0.97106109375 0.4648311890625 0.9690514468750001 0.4467443734375 0.95699356875 0.42262861718750006 0.9459405140625 0.41157556250000005 0.9348874593750001 0.406551446875 0.9198151125 0.40554662343750003 0.90976688125 0.409565915625 0.89971865 0.4176045015625
1 0.43850482343749997 0.50301446875 0.43247588437499995 0.515072346875 0.4304662375 0.529139871875 0.4284565921875 0.5311495171875 0.4304662375 0.549236334375 0.44051446875 0.5673231515625 0.459606109375 0.5823954984374999 0.4756832796875 0.5884244375 0.49377009687499995 0.5884244375 0.4957797421875 0.586414790625 0.50180868125 0.586414790625 0.506832796875 0.5793810296874999 0.5008038578125 0.5673231515625 0.5008038578125 0.559284565625 0.4907556265625 0.5411977484375 0.4847266875 0.5211012859374999 0.46864951718750003 0.484927653125 0.46161575624999995 0.48392282968749994 0.4575964625 0.4859324765625 0.43850482343749997 0.50301446875
1 0.49176045 0.6808681671875 0.4877411578125 0.6808681671875 0.48171221875 0.684887459375 0.46764469531249997 0.68689710625 0.4555868171875 0.6808681671875 0.45458199375 0.6838826359375 0.4636254015625 0.694935690625 0.47166398750000005 0.698954984375 0.48573151093750006 0.7009646296875001 0.4877411578125 0.698954984375 0.49377009687499995 0.698954984375 0.506832796875 0.6879019296875 0.50884244375 0.6838826359375 0.510852090625 0.6738344046875 0.506832796875 0.6637861734375 0.5028135046875 0.6637861734375 0.5028135046875 0.667805465625 0.49176045 0.6808681671875
1 0.4445337625 0.6698151125 0.4575964625 0.6828778140625 0.46764469531249997 0.68689710625 0.4756832796875 0.68689710625 0.489750803125 0.6808681671875 0.5048231515625 0.6657958203125001 0.5048231515625 0.6557475890625 0.50180868125 0.65273311875 0.48573151093750006 0.664790996875 0.46764469531249997 0.66680064375 0.45357717031250006 0.6607717046875 0.4445337625 0.6537379421875 0.4445337625 0.6517282953125 0.44051446875 0.6517282953125 0.44051446875 0.6617765265625 0.4445337625 0.6698151125
1 0.75 0.6738344046875 0.752009646875 0.6758440515624999 0.747990353125 0.6879019296875 0.73995176875 0.69393086875 0.73995176875 0.6999598078125 0.7489951765625 0.70699356875 0.7630627015625 0.7049839234374999 0.77411575625 0.6959405140625 0.7761254015625 0.6698151125 0.7731109328125 0.66278135 0.7640675234375001 0.657757234375 0.75301446875 0.6567524109375 0.747990353125 0.65976688125 0.75 0.6738344046875
1 0.84847266875 0.617564309375 0.8444533765625 0.627612540625 0.8524919609375001 0.64569935625 0.8545016078125001 0.6617765265625 0.8595257234375 0.66680064375 0.87560289375 0.664790996875 0.8886655953125 0.64971865 0.8926848875 0.637660771875 0.8926848875 0.6296221859375 0.8866559484375 0.6155546625 0.8766077171875001 0.6095257234375 0.8615353703125 0.6085209 0.853496784375 0.6125401921875 0.84847266875 0.617564309375
1 1 0.574557878125 0.9931672031250001 0.581390675 0.989147909375 0.5894292609375 0.9871382640625 0.5954582 0.9871382640625 0.6115353703124999 0.9961816718750001 0.622588425 1 0.622588425 1 0.574557878125
2 0.924839228125 0.623593246875 0.9208199359375 0.6316318328125 0.9208199359375 0.647709003125 0.9298633437499999 0.6587620578125 0.9379019296875001 0.6607717046875 0.9459405140625 0.6567524109375 0.9529742765625 0.64971865 0.95699356875 0.6416800640625 0.959003215625 0.627612540625 0.9549839234374999 0.617564309375 0.948954984375 0.613545015625 0.9379019296875001 0.6125401921875 0.9338826359375 0.6145498390624999 0.924839228125 0.623593246875
2 0.8806270093749999 0.6617765265625 0.8806270093749999 0.6738344046875 0.887660771875 0.6828778140625 0.8916800640625 0.684887459375 0.897709003125 0.684887459375 0.9057475890625 0.6808681671875 0.91680064375 0.6657958203125001 0.91680064375 0.6537379421875 0.91278135 0.64569935625 0.9047427656249999 0.6416800640625 0.89971865 0.640675240625 0.8916800640625 0.644694534375 0.8806270093749999 0.6617765265625
2 0.9529742765625 0.64971865 0.9449356906249999 0.657757234375 0.9479501609375 0.6607717046875 0.9600080390624999 0.6607717046875 0.97106109375 0.647709003125 0.9730707390625 0.6296221859375 0.9650321546875 0.6195739546875 0.95699356875 0.6195739546875 0.959003215625 0.6336414796875001 0.9529742765625 0.64971865
2 0.3400321546875 0.583400321875 0.3420418 0.6014871375 0.3480707390625 0.613545015625 0.35912379375 0.6245980703125 0.371181671875 0.630627009375 0.39328778125 0.630627009375 0.40735530468750003 0.622588425 0.418408359375 0.6075160765625001 0.418408359375 0.603496784375 0.3892684890625 0.6045016078125001 0.371181671875 0.596463021875 0.3581189703125 0.581390675 0.354099678125 0.573352090625 0.354099678125 0.5673231515625 0.3490755625 0.566318328125 0.344051446875 0.57134244375 0.3400321546875 0.583400321875
2 0.510852090625 0.6316318328125 0.50884244375 0.647709003125 0.510852090625 0.64971865 0.510852090625 0.6557475890625 0.5259244375 0.67282958125 0.53597266875 0.676848875 0.548030546875 0.676848875 0.5490353703124999 0.671824759375 0.540996784375 0.6557475890625 0.5389871375 0.6436897109374999 0.52893890625 0.6316318328125 0.5229099671874999 0.6195739546875 0.5198954984374999 0.61856913125 0.5148713828125 0.623593246875 0.510852090625 0.6316318328125
1 0.8545016078125001 0.667805465625 0.8545016078125001 0.6738344046875 0.8595257234375 0.688906753125 0.8695739546875 0.684887459375 0.8745980703124999 0.67986334375 0.8786173640625 0.6738344046875 0.8786173640625 0.6657958203125001 0.8655546624999999 0.664790996875 0.863545015625 0.66680064375 0.8545016078125001 0.667805465625