1 0.525 0.51875 0.04375 0.0453125
1 0.4953125 0.9375 0.040625 0.0453125
1 0.4765625 0.5234375 0.04375 0.046875
2 0.5328125 0.7234375 0.0453125 0.053125
2 0.4859375 0.7125 0.040625 0.0484375
2 0.509375 0.153125 0.0375 0.0515625
2 0.4640625 0.146875 0.04375 0.0546875
1 0.54375 0.9171875 0.0515625 0.0578125
1 0.46875 0.3328125 0.04375 0.046875
1 0.44512867656250005 0.499591503125 0.43695874218749997 0.499591503125 0.4349162578125 0.49550653593750005 0.420618871875 0.49550653593750005 0.407342728125 0.5067401953124999 0.4032577609375 0.51491013125 0.4032577609375 0.5251225484375001 0.4053002453125 0.53125 0.4165339046875 0.542483659375 0.420618871875 0.54452614375 0.43695874218749997 0.54452614375 0.441043709375 0.5383986921874999 0.44308619218749995 0.5404411765625 0.4502348859375 0.533292484375 0.4532986109375 0.51797385625 0.454319853125 0.512867646875 0.45227736875 0.5067401953124999 0.44512867656250005 0.499591503125
2 0.4679256453125 0.9111519609375 0.46588316250000006 0.90706699375 0.45873446875 0.8999183000000001 0.4566919859375 0.901960784375 0.45056453437500005 0.8958333328125001 0.44239459999999997 0.8958333328125001 0.43218218124999996 0.8999183000000001 0.4229910046875 0.9091094765625 0.41890603750000005 0.9193218953125 0.41890603750000005 0.9356617640625 0.4229910046875 0.9458741828124999 0.4301396984375 0.9530228765625001 0.4383096328125 0.95710784375 0.44852204999999995 0.95710784375 0.45567074375 0.952001634375 0.4566919859375 0.9489379078125 0.460776953125 0.9489379078125 0.4679256453125 0.93974673125 0.4689468875 0.9305555562500001 0.4699681296875 0.9193218953125 0.46384067812499996 0.9152369281249999 0.4679256453125 0.9111519609375
2 0.515625 0.325 0.04375 0.0453125
3 0.478125 0.1484375 0.1140625 0.0796875
3 0.4859375 0.328125 0.1234375 0.071875
3 0.490625 0.5203125 0.1265625 0.0796875
3 0.4984375 0.725 0.1265625 0.0796875
3 0.515625 0.921875 0.1375 0.1015625