0 0.64760008125 0.7120098046875001 0.6516850484375001 0.7140522875 0.6639399515625 0.7140522875 0.6700674015625 0.7120098046875001 0.679258578125 0.702818628125 0.6833435453125001 0.684436275 0.6721098859375 0.67116013125 0.6618974671875 0.669117646875 0.6455575984374999 0.6752450984375 0.6404513890625 0.6803513078125001 0.6373876640625 0.689542484375 0.636366421875 0.6966911765625 0.6404513890625 0.7048611109375 0.64760008125 0.7120098046875001
0 0.6986621734375 0.5404411765625 0.7150020421875001 0.542483659375 0.726235703125 0.5353349671875 0.7282781859375 0.523080065625 0.7303206703125 0.52103758125 0.726235703125 0.5087826796875 0.719087009375 0.5016339875 0.7068321078124999 0.5057189546874999 0.699683415625 0.5189950984375 0.6904922390625 0.526143790625 0.689470996875 0.53125 0.6915134796875 0.5353349671875 0.6986621734375 0.5404411765625
0 0.710917075 0.5506535953125 0.71806576875 0.5618872546875 0.71806576875 0.5700571890624999 0.72112949375 0.573120915625 0.72419321875 0.5700571890624999 0.7282781859375 0.5578022875 0.726235703125 0.5557598046875001 0.726235703125 0.549632353125 0.72112949375 0.542483659375 0.7170445265625001 0.5404411765625 0.7068321078124999 0.542483659375 0.7047896234375 0.5404411765625 0.6986621734375 0.5404411765625 0.69457720625 0.54452614375 0.69457720625 0.5486111109375 0.7068321078124999 0.5486111109375 0.710917075 0.5506535953125
0 0.7119383171875 0.48018790781250004 0.7160232843750001 0.47406045781249995 0.71806576875 0.46793300625 0.71806576875 0.4536356203125 0.7139808000000001 0.4454656859375 0.7047896234375 0.43831699375 0.699683415625 0.4393382359375 0.699683415625 0.4577205875 0.692534721875 0.47099673124999997 0.6915134796875 0.47201797343749996 0.7047896234375 0.4852941171875 0.7119383171875 0.48018790781250004
0 0.67415236875 0.48120915000000003 0.6884497546875 0.47508169999999994 0.6955984484375 0.46793300625 0.699683415625 0.4577205875 0.699683415625 0.44138071874999996 0.6955984484375 0.43321078437500005 0.6884497546875 0.42606209218749996 0.6843647875000001 0.42606209218749996 0.6833435453125001 0.43116830000000006 0.6853860296875001 0.43525326875000003 0.6833435453125001 0.4372957515625 0.6833435453125001 0.4454656859375 0.6772160953124999 0.4577205875 0.6700674015625 0.46486928125000004 0.6618974671875 0.4689542484375 0.649642565625 0.4689542484375 0.6486213234375 0.47201797343749996 0.659854984375 0.48120915000000003 0.67415236875 0.48120915000000003
0 0.6761948531249999 0.366830065625 0.6884497546875 0.366830065625 0.70070465625 0.375 0.702747140625 0.3790849671875 0.710917075 0.377042484375 0.71806576875 0.369893790625 0.7221507359375 0.36172385625 0.7221507359375 0.3515114375 0.7139808000000001 0.3392565359375 0.7047896234375 0.33210784375 0.6966196890624999 0.33210784375 0.6864072718750001 0.33823529375 0.67415236875 0.34027777812500004 0.6700674015625 0.34640522812499996 0.669046159375 0.3576388890625 0.6721098859375 0.36478758125 0.6761948531249999 0.366830065625
0 0.7017258984375 0.3045343140625 0.7017258984375 0.3188317 0.69764093125 0.327001634375 0.69764093125 0.33108660156249997 0.70070465625 0.33210784375 0.7119383171875 0.3229166671875 0.7160232843750001 0.3127042484375 0.7160232843750001 0.306576796875 0.7119383171875 0.2943218953125 0.70070465625 0.2830882359375 0.69457720625 0.2810457515625 0.6904922390625 0.2830882359375 0.689470996875 0.2861519609375 0.69764093125 0.2943218953125 0.7017258984375 0.3045343140625
0 0.669046159375 0.1942401953125 0.67108864375 0.210580065625 0.6649611921874999 0.2228349671875 0.6721098859375 0.2258986921875 0.679258578125 0.220792484375 0.6853860296875001 0.2126225484375 0.6853860296875001 0.1942401953125 0.67415236875 0.17892156875 0.659854984375 0.17279411718749998 0.655770015625 0.1748366015625 0.6547487750000001 0.17585784375 0.6649611921874999 0.1860702609375 0.669046159375 0.1942401953125
0 0.69457720625 0.2810457515625 0.7037683828125 0.271854575 0.7037683828125 0.2657271234375 0.705810865625 0.263684640625 0.7017258984375 0.247344771875 0.6864072718750001 0.234068628125 0.6833435453125001 0.23508986875 0.6833435453125001 0.23713235312499997 0.6874285125 0.2412173203125 0.689470996875 0.247344771875 0.689470996875 0.263684640625 0.6823223046875 0.276960784375 0.6813010625 0.280024509375 0.6843647875000001 0.2830882359375 0.69457720625 0.2810457515625
0 0.549560865625 0.2728758171875 0.5659007359375 0.2728758171875 0.586325571875 0.2647058828125 0.59755923125 0.25347222187499996 0.599601715625 0.247344771875 0.6036866828125 0.2432598046875 0.6036866828125 0.23713235312499997 0.6057291671875 0.23508986875 0.6057291671875 0.216707515625 0.59755923125 0.20036764687500003 0.586325571875 0.1891339875 0.5638582515625 0.17892156875 0.5556883171875 0.17892156875 0.5526245921874999 0.18198529375 0.554667075 0.1942401953125 0.556709559375 0.1962826796875 0.554667075 0.2248774515625 0.546497140625 0.23917483593750002 0.5352634796875 0.250408496875 0.5250510625 0.2565359484375 0.5240298203125 0.2595996734375 0.5311785125 0.266748365625 0.549560865625 0.2728758171875
0 0.533220996875 0.1625817 0.549560865625 0.17892156875 0.5659007359375 0.17892156875 0.5822406046874999 0.187091503125 0.5904105390625001 0.187091503125 0.6036866828125 0.17381535937499998 0.60777165 0.163602940625 0.60777165 0.147263071875 0.599601715625 0.130923203125 0.5924530234375001 0.12377450937500001 0.5740706703125 0.11356209218749999 0.549560865625 0.11356209218749999 0.546497140625 0.11662581718750001 0.5403696890624999 0.1350081703125 0.523008578125 0.15236928125 0.5219873359375 0.15543300625 0.5250510625 0.15849673125 0.533220996875 0.1625817
0 0.523008578125 0.07271241875 0.5403696890624999 0.0880310453125 0.549560865625 0.1115196078125 0.5638582515625 0.1115196078125 0.56794321875 0.1094771234375 0.5812193625 0.0982434640625 0.5853043296875 0.0900735296875 0.5873468140625 0.07986111093750001 0.5853043296875 0.077818628125 0.5832618468749999 0.06556372499999999 0.569985703125 0.0502450984375 0.56181576875 0.04616013125 0.549560865625 0.042075164062499996 0.5270935453125001 0.042075164062499996 0.51483864375 0.04616013125 0.5025837421875 0.0563725484375 0.5025837421875 0.0665849671875 0.5107536765625 0.0665849671875 0.523008578125 0.07271241875
1 0.5385314546875 0 0.5373059640625 0.001225490625 0.5373059640625 0.005310457812500001 0.5556883171875 0.005310457812500001 0.5577308000000001 0.007352940625 0.5638582515625 0.007352940625 0.5801981203125 0.017565359375 0.5873468140625 0.0267565359375 0.5904105390625001 0.0379901953125 0.59449550625 0.0379901953125 0.6036866828125 0.0267565359375 0.6036866828125 0.020629084375000002 0.6057291671875 0.0185866015625 0.59755923125 0.00224673125 0.5936785125 0 0.5385314546875 0
1 0.6006229578125 0.048202614062499996 0.6149203437499999 0.0563725484375 0.626154003125 0.047181371875 0.6281964875 0.0430964046875 0.626154003125 0.030841503125000003 0.6220690359375001 0.0247140515625 0.6087928921875 0.0155228765625 0.6036866828125 0.0185866015625 0.6057291671875 0.020629084375000002 0.6016442 0.030841503125000003 0.5904105390625001 0.0400326796875 0.5893892968750001 0.0451388890625 0.5924530234375001 0.048202614062499996 0.6006229578125 0.048202614062499996
1 0.5853043296875 0.07577614375 0.5924530234375001 0.080882353125 0.604707925 0.08496732031250001 0.6169628265625 0.097222221875 0.6210477937500001 0.097222221875 0.6281964875 0.0859885625 0.6281964875 0.07577614375 0.6241115203125001 0.06556372499999999 0.612877859375 0.054330065625 0.6087928921875 0.054330065625 0.604707925 0.0502450984375 0.5924530234375001 0.04616013125 0.5873468140625 0.049223856249999996 0.5822406046874999 0.0563725484375 0.5812193625 0.06352124218750001 0.5853043296875 0.0696486921875 0.5853043296875 0.07577614375
1 0.5924530234375001 0.12377450937500001 0.6016442 0.1329656859375 0.604707925 0.14215686249999998 0.6087928921875 0.14215686249999998 0.615941584375 0.137050653125 0.6220690359375001 0.12683823593750002 0.6220690359375001 0.120710784375 0.6241115203125001 0.11866829999999999 0.6220690359375001 0.1064133984375 0.61798406875 0.0982434640625 0.604707925 0.08496732031250001 0.596537990625 0.080882353125 0.58836805625 0.080882353125 0.5853043296875 0.083946078125 0.5832618468749999 0.0962009796875 0.56794321875 0.1094771234375 0.56794321875 0.11356209218749999 0.5801981203125 0.11560457500000001 0.5924530234375001 0.12377450937500001
1 0.6210477937500001 0.16870915 0.64147263125 0.16870915 0.6435151140625 0.17075163437500002 0.655770015625 0.17279411718749998 0.660876225 0.1697303921875 0.6670036765625 0.157475490625 0.6670036765625 0.1513480390625 0.660876225 0.137050653125 0.649642565625 0.12581699375 0.64147263125 0.1217320265625 0.6230902781250001 0.1217320265625 0.6220690359375001 0.12888071875 0.61798406875 0.1350081703125 0.6087928921875 0.14215686249999998 0.60777165 0.1615604578125 0.6169628265625 0.17075163437500002 0.6210477937500001 0.16870915
1 0.6353451796875 0.234068628125 0.6516850484375001 0.23202614375000002 0.659854984375 0.2279411765625 0.6670036765625 0.220792484375 0.67108864375 0.210580065625 0.67108864375 0.20036764687500003 0.6670036765625 0.1881127453125 0.6516850484375001 0.17279411718749998 0.639430146875 0.17075163437500002 0.6373876640625 0.16870915 0.6271752453125 0.16870915 0.612877859375 0.1748366015625 0.6036866828125 0.1860702609375 0.6006229578125 0.1993464046875 0.6057291671875 0.216707515625 0.6149203437499999 0.2258986921875 0.6353451796875 0.234068628125
1 0.6435151140625 0.2565359484375 0.649642565625 0.25857843125 0.66802491875 0.26879084999999997 0.67415236875 0.27900326875000003 0.6802798203125 0.27900326875000003 0.689470996875 0.2657271234375 0.689470996875 0.247344771875 0.6833435453125001 0.23508986875 0.6782373359375 0.22998365937499998 0.665982434375 0.223856209375 0.6455575984374999 0.234068628125 0.6333026953124999 0.234068628125 0.629217728125 0.24019607812500002 0.6281964875 0.25551470625 0.6312602125 0.25857843125 0.6435151140625 0.2565359484375
1 0.6700674015625 0.34027777812500004 0.6802798203125 0.34027777812500004 0.6904922390625 0.3361928109375 0.69764093125 0.3290441171875 0.7017258984375 0.3188317 0.7017258984375 0.3024918296875 0.69764093125 0.2943218953125 0.6884497546875 0.28513071874999996 0.6802798203125 0.2810457515625 0.6772160953124999 0.28206699375 0.6772160953124999 0.2963643796875 0.6751736109375 0.3024918296875 0.6649611921874999 0.3188317 0.6639399515625 0.330065359375 0.662918709375 0.33517156875 0.665982434375 0.33823529375 0.6700674015625 0.34027777812500004
1 0.612877859375 0.3607026140625 0.6190053109375 0.36274509843749997 0.6353451796875 0.36274509843749997 0.6455575984374999 0.35866013125 0.660876225 0.34129902031250003 0.662918709375 0.3290441171875 0.6649611921874999 0.327001634375 0.662918709375 0.3127042484375 0.6547487750000001 0.2984068625 0.64147263125 0.287173203125 0.6373876640625 0.28513071874999996 0.6302389703125 0.2861519609375 0.6343239374999999 0.2963643796875 0.6343239374999999 0.316789215625 0.626154003125 0.33517156875 0.6169628265625 0.3443627453125 0.6026654406249999 0.35049019531250003 0.6016442 0.353553921875 0.604707925 0.356617646875 0.612877859375 0.3607026140625
1 0.5424121734375 0.31474673124999997 0.5526245921874999 0.333129084375 0.56181576875 0.3423202609375 0.569985703125 0.3443627453125 0.5801981203125 0.35049019531250003 0.6026654406249999 0.35049019531250003 0.6190053109375 0.3423202609375 0.626154003125 0.33517156875 0.6343239374999999 0.316789215625 0.6343239374999999 0.2963643796875 0.6302389703125 0.28410947656249996 0.6169628265625 0.26879084999999997 0.5985804734375 0.260620915625 0.5904105390625001 0.260620915625 0.5801981203125 0.26879084999999997 0.56794321875 0.2728758171875 0.5597732843750001 0.2728758171875 0.5516033499999999 0.276960784375 0.5424121734375 0.2922794125 0.54139093125 0.2973856203125 0.5403696890624999 0.3045343140625 0.5424121734375 0.306576796875 0.5424121734375 0.31474673124999997
1 0.6333026953124999 0.46486928125000004 0.64147263125 0.4689542484375 0.6618974671875 0.4689542484375 0.6700674015625 0.46486928125000004 0.6772160953124999 0.4577205875 0.6833435453125001 0.4454656859375 0.6853860296875001 0.4270833328125 0.6833435453125001 0.4209558828125 0.66802491875 0.40359477187500004 0.659854984375 0.39950980468749997 0.639430146875 0.39950980468749997 0.6312602125 0.40359477187500004 0.6241115203125001 0.41074346406249995 0.6169628265625 0.4240196078125 0.615941584375 0.4393382359375 0.6200265515625001 0.4515931375 0.6333026953124999 0.46486928125000004
1 0.7221507359375 0.4985702609375 0.726235703125 0.4904003265625 0.726235703125 0.47406045781249995 0.72112949375 0.46486928125000004 0.7160232843750001 0.46793300625 0.7160232843750001 0.47406045781249995 0.7068321078124999 0.4852941171875 0.705810865625 0.5046977125 0.710917075 0.5057189546874999 0.7221507359375 0.4985702609375
1 0.726235703125 0.48835784374999996 0.7221507359375 0.49652777812500004 0.7252144609375 0.49754902031250003 0.732363153125 0.4904003265625 0.7344056375 0.4842728765625 0.7344056375 0.469975490625 0.7252144609375 0.4587418296875 0.719087009375 0.4607843140625 0.71806576875 0.46384803906250005 0.726235703125 0.47406045781249995 0.726235703125 0.48835784374999996
1 0.7282781859375 0.529207515625 0.72419321875 0.5353349671875 0.7272569437499999 0.536356209375 0.7344056375 0.53125 0.7384906046874999 0.5189950984375 0.7344056375 0.5067401953124999 0.7272569437499999 0.499591503125 0.72112949375 0.499591503125 0.7201082515625 0.502655228125 0.7282781859375 0.512867646875 0.7282781859375 0.529207515625
1 0.6904922390625 0.5935457515625 0.702747140625 0.5935457515625 0.7068321078124999 0.59150326875 0.71806576875 0.5782271234375 0.71806576875 0.559844771875 0.710917075 0.5506535953125 0.7068321078124999 0.5486111109375 0.6904922390625 0.5486111109375 0.6772160953124999 0.559844771875 0.6761948531249999 0.5649509796875 0.6751736109375 0.576184640625 0.679258578125 0.584354575 0.6904922390625 0.5935457515625
2 0.4678615203125 0.2544934640625 0.47807393749999993 0.2565359484375 0.4842013890625 0.260620915625 0.51483864375 0.260620915625 0.5311785125 0.25245097968749997 0.5403696890624999 0.2453022875 0.5485396234375 0.23508986875 0.556709559375 0.2146650328125 0.554667075 0.19015522812500002 0.546497140625 0.17585784375 0.5270935453125001 0.160539215625 0.5087111921874999 0.15236928125 0.486243871875 0.15236928125 0.46377655156250003 0.160539215625 0.44845792500000003 0.17381535937499998 0.440287990625 0.1881127453125 0.4392667484375 0.1952614375 0.43824550625 0.216707515625 0.4505004078125 0.2412173203125 0.4678615203125 0.2544934640625
2 0.4362030234375 0.12683823593750002 0.44947916718750003 0.144199346875 0.4658190359375 0.15441176406249998 0.5107536765625 0.15236928125 0.51483864375 0.15441176406249998 0.5270935453125001 0.1482843140625 0.53832720625 0.137050653125 0.546497140625 0.11866829999999999 0.546497140625 0.10232843124999999 0.53832720625 0.0859885625 0.523008578125 0.07271241875 0.5005412578125 0.064542484375 0.4821589046875 0.064542484375 0.4576491015625 0.07271241875 0.4423304734375 0.0859885625 0.43518178125 0.1013071890625 0.4341605390625 0.11866829999999999 0.4362030234375 0.120710784375 0.4362030234375 0.12683823593750002
2 0.5250510625 0.042075164062499996 0.549560865625 0.042075164062499996 0.5577308000000001 0.04616013125 0.5638582515625 0.04616013125 0.5781556375 0.0584150328125 0.5893892968750001 0.0451388890625 0.5893892968750001 0.0328839875 0.5832618468749999 0.020629084375000002 0.56794321875 0.009395425 0.5556883171875 0.005310457812500001 0.5311785125 0.007352940625 0.5189236109375 0.0134803921875 0.51177491875 0.020629084375000002 0.5087111921874999 0.027777778125000003 0.5076899515625 0.0390114375 0.512796159375 0.04616013125 0.5250510625 0.042075164062499996
2 0.6353451796875 0.1115196078125 0.6465788406249999 0.10232843124999999 0.6486213234375 0.0982434640625 0.6486213234375 0.0819035953125 0.6465788406249999 0.077818628125 0.6312602125 0.064542484375 0.6241115203125001 0.06556372499999999 0.6281964875 0.07577614375 0.6281964875 0.0859885625 0.6210477937500001 0.097222221875 0.6200265515625001 0.104370915625 0.6251327609375 0.11356209218749999 0.6353451796875 0.1115196078125
2 0.64760008125 0.2912581703125 0.6567912578125 0.30044934687499997 0.662918709375 0.3127042484375 0.662918709375 0.316789215625 0.665982434375 0.3178104578125 0.67108864375 0.3127042484375 0.67108864375 0.30861928125000004 0.6772160953124999 0.2963643796875 0.6772160953124999 0.28410947656249996 0.673131128125 0.2759395421875 0.6618974671875 0.2647058828125 0.64147263125 0.2565359484375 0.6251327609375 0.26266339843750003 0.6210477937500001 0.266748365625 0.6200265515625001 0.271854575 0.626154003125 0.280024509375 0.64760008125 0.2912581703125
2 0.7231719765625 0.3525326796875 0.7313419125 0.356617646875 0.7497242640625 0.3545751640625 0.760957925 0.34129902031250003 0.760957925 0.3208741828125 0.7589154406249999 0.316789215625 0.7517667484375 0.30964052343750004 0.7395118468749999 0.303513071875 0.7231719765625 0.30555555624999997 0.7160232843750001 0.3127042484375 0.712959559375 0.321895425 0.7119383171875 0.33517156875 0.7160232843750001 0.343341503125 0.7231719765625 0.3525326796875
2 0.659854984375 0.39950980468749997 0.66802491875 0.40359477187500004 0.6864072718750001 0.4240196078125 0.6904922390625 0.42606209218749996 0.7017258984375 0.41891339843750003 0.7078533499999999 0.40870097968749997 0.7078533499999999 0.386233659375 0.692534721875 0.3688725484375 0.6884497546875 0.366830065625 0.6700674015625 0.366830065625 0.665982434375 0.3688725484375 0.6547487750000001 0.380106209375 0.6516850484375001 0.39133986875 0.6506638078125 0.396446078125 0.6537275328125001 0.39950980468749997 0.659854984375 0.39950980468749997
2 0.70070465625 0.43423202656250004 0.7088745921874999 0.43014705937500003 0.71806576875 0.41891339843750003 0.71806576875 0.396446078125 0.7088745921874999 0.38725490156250003 0.7078533499999999 0.40870097968749997 0.692534721875 0.42606209218749996 0.6935559640625 0.43116830000000006 0.6966196890624999 0.43423202656250004 0.70070465625 0.43423202656250004
2 0.71806576875 0.416870915625 0.72112949375 0.41789215625000004 0.7282781859375 0.40870097968749997 0.7303206703125 0.396446078125 0.72419321875 0.3841911765625 0.7170445265625001 0.377042484375 0.7088745921874999 0.377042484375 0.7068321078124999 0.3790849671875 0.705810865625 0.3841911765625 0.71806576875 0.3984885625 0.71806576875 0.416870915625
2 0.7088745921874999 0.44035947656249996 0.7139808000000001 0.4454656859375 0.719087009375 0.45669934687499997 0.7231719765625 0.45669934687499997 0.732363153125 0.4454656859375 0.732363153125 0.43116830000000006 0.7231719765625 0.41789215625000004 0.719087009375 0.41789215625000004 0.7088745921874999 0.43014705937500003 0.70070465625 0.43423202656250004 0.699683415625 0.43525326875000003 0.702747140625 0.43831699375 0.7088745921874999 0.44035947656249996
2 0.6639399515625 0.5241013078125001 0.67415236875 0.528186275 0.6864072718750001 0.528186275 0.69457720625 0.5241013078125001 0.705810865625 0.5087826796875 0.705810865625 0.4904003265625 0.7017258984375 0.4822303921875 0.69457720625 0.47508169999999994 0.6864072718750001 0.47508169999999994 0.6823223046875 0.4791666671875 0.6761948531249999 0.48120915000000003 0.659854984375 0.48120915000000003 0.6547487750000001 0.48835784374999996 0.6537275328125001 0.49346405156250006 0.6527062906250001 0.5067401953124999 0.6547487750000001 0.512867646875 0.6639399515625 0.5241013078125001
2 0.6618974671875 0.6670751640625 0.6721098859375 0.67116013125 0.6802798203125 0.67116013125 0.6904922390625 0.6650326796875 0.69764093125 0.6537990203125 0.69764093125 0.6415441171875 0.6955984484375 0.63745915 0.6823223046875 0.626225490625 0.6721098859375 0.626225490625 0.6639399515625 0.6303104578125 0.6547487750000001 0.639501634375 0.6537275328125001 0.64460784375 0.6527062906250001 0.655841503125 0.6547487750000001 0.6599264703125 0.6618974671875 0.6670751640625