1 0.952579365625 0.478174603125 0.9634920640625 0.46527777812500004 0.9674603171875 0.4454365078125 0.965476190625 0.44345238125 0.9634920640625 0.42757936562500004 0.9605158734374999 0.424603175 0.959523809375 0.42559523749999995 0.947619046875 0.459325396875 0.9396825390625001 0.4751984125 0.940674603125 0.48015872968749995 0.952579365625 0.478174603125
1 0.9873015875 0.4632936515625 0.9853174609375 0.45734127031250005 0.978373015625 0.4484126984375 0.9744047625000001 0.446428571875 0.9674603171875 0.44742063437499996 0.9634920640625 0.46527777812500004 0.953571428125 0.47718253906249997 0.953571428125 0.48511904687499996 0.9625 0.49801587343750003 0.9744047625000001 0.5 0.978373015625 0.49801587343750003 0.9853174609375 0.4890873015625 0.9853174609375 0.4831349203125 0.9873015875 0.48115079375 0.9873015875 0.4632936515625
1 1 0.38962842656249996 0.99424603125 0.384920634375 0.9902777781250001 0.3829365078125 0.9873015875 0.38392857187499996 0.9823412703125 0.390873015625 0.9744047625000001 0.3928571421875 0.9694444437499999 0.3978174609375 0.9674603171875 0.40178571406249997 0.9674603171875 0.415674603125 0.9734126984374999 0.4295634921875 0.9803571421875 0.4384920640625 0.9863095234375001 0.4424603171875 0.996230159375 0.4424603171875 1 0.4380050515625 1 0.38962842656249996
1 0.9376984125 0.48115079375 0.933730159375 0.49305555625 0.9198412703125 0.51884920625 0.9198412703125 0.5248015875 0.928769840625 0.5297619046875 0.934722221875 0.5297619046875 0.9456349203125001 0.5228174609375 0.949603175 0.5168650796875001 0.949603175 0.5109126984375 0.953571428125 0.502976190625 0.949603175 0.4831349203125 0.946626984375 0.48015872968749995 0.9376984125 0.48115079375
2 0.9853174609375 0.387896825 0.991269840625 0.377976190625 0.991269840625 0.372023809375 0.99325396875 0.3700396828125 0.99325396875 0.3501984125 0.991269840625 0.34821428593750003 0.9892857140625001 0.334325396875 0.9873015875 0.3303571421875 0.9853174609375 0.3303571421875 0.9833333328125 0.3323412703125 0.9833333328125 0.34027777812500004 0.9773809531250001 0.3581349203125 0.9773809531250001 0.36805555624999997 0.971428571875 0.3859126984375 0.9724206343749999 0.3928571421875 0.978373015625 0.3928571421875 0.9853174609375 0.387896825
2 1 0.347909034375 0.9982142859375 0.34722222187499996 0.99325396875 0.34821428593750003 0.991269840625 0.38194444375000003 1 0.390674603125 1 0.347909034375
2 1 0.3036375671875 0.9992063484375 0.302579365625 0.9902777781250001 0.29365079375 0.9892857140625001 0.2946428578125 0.9892857140625001 0.3005952375 0.9873015875 0.302579365625 0.9873015875 0.322420634375 0.9853174609375 0.3244047625 0.991269840625 0.3422619046875 1 0.34905202812499997 1 0.3036375671875
2 1 0.2084788359375 0.9873015875 0.209325396875 0.9892857140625001 0.2132936515625 0.9892857140625001 0.24503968281250002 0.9952380953125 0.25694444375000003 1 0.2632936515625 1 0.2084788359375
0 0.2759920640625 0.45634920625 0.2630952375 0.45734127031250005 0.2521825390625 0.4623015875 0.240277778125 0.46428571406249997 0.2303571421875 0.4702380953125 0.21746031718749997 0.48511904687499996 0.21746031718749997 0.4890873015625 0.2115079359375 0.5009920640625001 0.2115079359375 0.528769840625 0.21944444375 0.546626984375 0.22837301562499998 0.5575396828125 0.234325396875 0.559523809375 0.240277778125 0.565476190625 0.2521825390625 0.5694444437499999 0.2700396828125 0.5694444437499999 0.272023809375 0.5674603171875 0.2799603171875 0.5674603171875 0.29186507968750003 0.5615079359374999 0.3047619046875 0.5505952375 0.31269841249999997 0.5367063484375 0.3166666671875 0.5248015875 0.3166666671875 0.5049603171875 0.31269841249999997 0.49305555625 0.3047619046875 0.48115079375 0.28194444375 0.4583333328125 0.2759920640625 0.45634920625
0 0.55674603125 0.346230159375 0.55674603125 0.3521825390625 0.5478174609375001 0.3571428578125 0.516071428125 0.359126984375 0.5140873015625 0.3611111109375 0.5041666671875 0.3611111109375 0.4952380953125 0.3640873015625 0.4952380953125 0.372023809375 0.49920634843749995 0.377976190625 0.5011904765625 0.39384920625 0.503174603125 0.3958333328125 0.503174603125 0.415674603125 0.5081349203125 0.424603175 0.5319444437499999 0.4206349203125 0.5478174609375001 0.4126984125 0.5666666671875 0.3978174609375 0.574603175 0.3859126984375 0.584523809375 0.35615079375 0.584523809375 0.3422619046875 0.5815476187499999 0.33928571406249997 0.5765873015625 0.34027777812500004 0.5617063484375 0.341269840625 0.55674603125 0.346230159375
0 0.5388888890625 0.5109126984375 0.5349206343749999 0.5208333328125 0.5369047625000001 0.5367063484375 0.5448412703125001 0.5545634921875 0.55575396875 0.565476190625 0.5676587296875 0.5734126984375 0.5736111109375 0.575396825 0.5974206343749999 0.575396825 0.6152777781250001 0.5674603171875 0.6232142859375001 0.5615079359374999 0.6321428578125 0.5505952375 0.6380952375 0.534722221875 0.6380952375 0.514880953125 0.628174603125 0.49305555625 0.6152777781250001 0.48214285781250005 0.6013888890625 0.4761904765625 0.5706349203125 0.47718253906249997 0.5577380953125 0.48214285781250005 0.546825396875 0.49305555625 0.5388888890625 0.5049603171875 0.5388888890625 0.5109126984375
0 0.46646825468750003 0.45634920625 0.45456349218750003 0.450396825 0.44365079375 0.4513888890625 0.42876984062499995 0.46031746093750003 0.415873015625 0.47321428593750003 0.409920634375 0.4831349203125 0.4079365078125 0.4950396828125 0.40595238125 0.497023809375 0.40595238125 0.5168650796875001 0.4079365078125 0.51884920625 0.4079365078125 0.5248015875 0.4178571421875 0.5446428578125 0.4327380953125 0.5575396828125 0.452579365625 0.565476190625 0.478373015625 0.565476190625 0.4982142859375 0.5555555562500001 0.5130952375 0.5386904765625 0.5190476187499999 0.5267857140625 0.5190476187499999 0.51884920625 0.5210317453125 0.5168650796875001 0.5210317453125 0.497023809375 0.5190476187499999 0.4950396828125 0.5190476187499999 0.4890873015625 0.509126984375 0.471230159375 0.49623015937500004 0.4583333328125 0.48829365156250004 0.4543650796875 0.46646825468750003 0.45634920625
0 0.3424603171875 0.5386904765625 0.3365079359375 0.5505952375 0.3365079359375 0.56845238125 0.34444444375 0.5882936515625 0.35734127031249996 0.6011904765625 0.3771825390625 0.609126984375 0.3990079359375 0.6071428578125 0.41488095312500006 0.5992063484375 0.42579365156250004 0.5882936515625 0.43373015937500004 0.5744047625 0.43373015937500004 0.5605158734375 0.42579365156250004 0.5545634921875 0.4119047625 0.5367063484375 0.40396825468750003 0.5168650796875001 0.40396825468750003 0.5109126984375 0.3950396828125 0.50595238125 0.38412698437500004 0.5069444437499999 0.3732142859375 0.509920634375 0.353373015625 0.521825396875 0.3424603171875 0.534722221875 0.3424603171875 0.5386904765625
0 0.4625 0.565476190625 0.4486111109375 0.565476190625 0.440674603125 0.5615079359374999 0.434722221875 0.5615079359374999 0.43373015937500004 0.5763888890625 0.421825396875 0.59424603125 0.42579365156250004 0.60615079375 0.43869047656250004 0.61904761875 0.45059523749999997 0.625 0.472420634375 0.625 0.48829365156250004 0.61904761875 0.503174603125 0.6041666671875 0.509126984375 0.5882936515625 0.509126984375 0.5704365078125 0.5071428578125 0.5644841265625 0.5001984125 0.5555555562500001 0.497222221875 0.55654761875 0.4863095234375 0.5634920640625001 0.4704365078125 0.565476190625 0.46845238125 0.5674603171875 0.4625 0.565476190625