2 0.5673828125 0.248046875 0.560546875 0.2529296875 0.5546875 0.2626953125 0.5546875 0.2744140625 0.55859375 0.2783203125 0.560546875 0.2841796875 0.5712890625 0.291015625 0.58984375 0.2900390625 0.5966796875 0.287109375 0.603515625 0.2802734375 0.60546875 0.2744140625 0.603515625 0.2607421875 0.5986328125 0.25390625 0.5888671875 0.248046875 0.5830078125 0.24609375 0.5673828125 0.248046875
2 0.4833984375 0.29296875 0.4619140625 0.29296875 0.4541015625 0.296875 0.44140625 0.3095703125 0.4375 0.3212890625 0.4375 0.3310546875 0.443359375 0.3447265625 0.4501953125 0.3515625 0.4599609375 0.357421875 0.4658203125 0.357421875 0.4677734375 0.359375 0.4765625 0.3583984375 0.4833984375 0.357421875 0.4951171875 0.3515625 0.501953125 0.3447265625 0.5078125 0.3291015625 0.5078125 0.3212890625 0.501953125 0.3076171875 0.4873046875 0.294921875 0.4833984375 0.29296875
2 0.07421875 0.4775390625 0.068359375 0.4892578125 0.06640625 0.5068359375 0.068359375 0.5087890625 0.0703125 0.5205078125 0.0791015625 0.533203125 0.0869140625 0.537109375 0.1015625 0.5361328125 0.11328125 0.5263671875 0.119140625 0.5146484375 0.119140625 0.4892578125 0.11328125 0.4775390625 0.1044921875 0.46875 0.1005859375 0.466796875 0.0869140625 0.466796875 0.07421875 0.4775390625
2 0.05078125 0.4462890625 0.0556640625 0.455078125 0.0595703125 0.45703125 0.068359375 0.4560546875 0.072265625 0.4541015625 0.078125 0.4443359375 0.078125 0.4248046875 0.0693359375 0.416015625 0.0634765625 0.416015625 0.0546875 0.4228515625 0.05078125 0.4306640625 0.05078125 0.4462890625
2 0.041015625 0.4482421875 0.048828125 0.4384765625 0.05078125 0.4267578125 0.0439453125 0.41796875 0.0361328125 0.41796875 0.029296875 0.4267578125 0.029296875 0.4443359375 0.0341796875 0.44921875 0.041015625 0.4482421875
2 0.05078125 0.4267578125 0.060546875 0.4169921875 0.060546875 0.4111328125 0.0537109375 0.40234375 0.0458984375 0.404296875 0.041015625 0.4111328125 0.041015625 0.4169921875 0.048828125 0.4267578125 0.05078125 0.4267578125
2 0.0849609375 0.40625 0.08984375 0.4052734375 0.087890625 0.3916015625 0.091796875 0.3818359375 0.095703125 0.3779296875 0.0927734375 0.373046875 0.0869140625 0.375 0.078125 0.3857421875 0.078125 0.3994140625 0.0849609375 0.40625
1 0.109375 0.3740234375 0.115234375 0.3798828125 0.1162109375 0.38671875 0.125 0.3857421875 0.1279296875 0.384765625 0.134765625 0.3759765625 0.134765625 0.3623046875 0.1298828125 0.35546875 0.1240234375 0.353515625 0.111328125 0.3603515625 0.109375 0.3642578125 0.109375 0.3740234375
1 0.087890625 0.3994140625 0.0927734375 0.408203125 0.0986328125 0.41015625 0.10546875 0.4091796875 0.1083984375 0.408203125 0.115234375 0.3994140625 0.115234375 0.3798828125 0.1083984375 0.373046875 0.1005859375 0.373046875 0.0966796875 0.375 0.08984375 0.3837890625 0.087890625 0.3994140625
1 0.3583984375 0.267578125 0.349609375 0.2763671875 0.34765625 0.2919921875 0.3564453125 0.302734375 0.3642578125 0.306640625 0.375 0.3056640625 0.3798828125 0.3046875 0.38671875 0.2998046875 0.390625 0.2919921875 0.390625 0.2763671875 0.3837890625 0.267578125 0.3759765625 0.263671875 0.3681640625 0.263671875 0.3583984375 0.267578125
1 0.5185546875 0.244140625 0.5107421875 0.248046875 0.50390625 0.2548828125 0.501953125 0.2587890625 0.501953125 0.2724609375 0.5107421875 0.283203125 0.5224609375 0.2890625 0.533203125 0.2880859375 0.5400390625 0.287109375 0.54296875 0.2841796875 0.548828125 0.2744140625 0.55078125 0.2646484375 0.546875 0.2548828125 0.5380859375 0.24609375 0.5341796875 0.244140625 0.5185546875 0.244140625
1 0.5810546875 0.236328125 0.5732421875 0.236328125 0.5634765625 0.240234375 0.55859375 0.2451171875 0.5546875 0.2529296875 0.5546875 0.2587890625 0.556640625 0.2587890625 0.5654296875 0.25 0.5751953125 0.24609375 0.5888671875 0.248046875 0.5966796875 0.25390625 0.5986328125 0.25390625 0.599609375 0.2509765625 0.5908203125 0.240234375 0.5810546875 0.236328125