2 0.7129536296875 0.45302419374999997 0.7109375 0.44092741875 0.70186491875 0.4318548390625 0.687752015625 0.4318548390625 0.6786794359375 0.44294354843750006 0.6796875 0.458064515625 0.6917842734375 0.4661290328125 0.70186491875 0.4661290328125 0.7109375 0.45907258124999994 0.7129536296875 0.45302419374999997
2 0.722026209375 0.6415322578125 0.7321068546875 0.6415322578125 0.7411794359375 0.6304435484375001 0.7411794359375 0.620362903125 0.73916330625 0.6163306453125 0.7321068546875 0.611290321875 0.722026209375 0.6133064515625 0.7129536296875 0.6223790328125001 0.71396169375 0.6334677421875 0.7149697578125 0.6364919359375001 0.722026209375 0.6415322578125
2 0.7484968078125 0.675689934375 0.750980815625 0.6701724734375001 0.7504288125 0.66649416875 0.748818809375 0.663137715625 0.7441195046875 0.6634338015625 0.740087246875 0.6634338015625 0.740087246875 0.6674660593749999 0.7484968078125 0.675689934375
1 0.7260584671875 0.7 0.7351310484375 0.688911290625 0.7351310484375 0.6788306453125 0.73311491875 0.6747983875 0.7260584671875 0.6697580640624999 0.7179939515625 0.6697580640624999 0.7119455640625 0.673790321875 0.7069052421875 0.6808467734375 0.70791330625 0.6939516125 0.7159778218749999 0.7 0.7260584671875 0.7
1 0.7351310484375 0.688911290625 0.73311491875 0.6929435484375001 0.7260584671875 0.7 0.722026209375 0.7 0.722026209375 0.7020161296875 0.7321068546875 0.7040322578125 0.7411794359375 0.69697580625 0.74521169375 0.688911290625 0.74521169375 0.682862903125 0.7421875 0.6818548390625 0.7381552421875 0.6758064515625 0.73311491875 0.6747983875 0.7351310484375 0.6788306453125 0.7351310484375 0.688911290625
1 0.749627521875 0.6803506687499999 0.74761139375 0.6722861531250001 0.7425710703124999 0.66724583125 0.730474296875 0.66724583125 0.727450103125 0.6702700234375001 0.7284581671875 0.6712780890625 0.74156300625 0.6823667984374999 0.74156300625 0.6884151859375 0.7445872 0.68942325 0.749627521875 0.6803506687499999
1 0.7492439515625 0.64657258125 0.7472278218749999 0.642540321875 0.7421875 0.6395161296875 0.7300907265625 0.6415322578125 0.725050403125 0.64657258125 0.7260584671875 0.6616935484375001 0.734122984375 0.66572580625 0.7462197578125 0.6616935484375001 0.7492439515625 0.6566532265625 0.7492439515625 0.64657258125
1 0.7462197578125 0.6415322578125 0.750252015625 0.6475806453125 0.7552923390624999 0.6405241937499999 0.753276209375 0.63447580625 0.7462197578125 0.6274193546875 0.7411794359375 0.6284274187500001 0.7381552421875 0.6375 0.7462197578125 0.6415322578125
1 0.7169858875 0.57197580625 0.7129536296875 0.580040321875 0.71396169375 0.5850806453125 0.7149697578125 0.5901209671875 0.7179939515625 0.5931451609375 0.722026209375 0.595161290625 0.734122984375 0.595161290625 0.7411794359375 0.5881048390625 0.7431955640625 0.580040321875 0.7411794359375 0.5739919359375001 0.734122984375 0.566935484375 0.7240423390624999 0.566935484375 0.7169858875 0.57197580625
1 0.74521169375 0.49536290312500003 0.7361391125 0.48427419374999997 0.7300907265625 0.48427419374999997 0.7260584671875 0.486290321875 0.7210181453125 0.4933467734375 0.722026209375 0.5024193546875 0.7260584671875 0.5084677421875 0.7381552421875 0.5104838703125 0.74521169375 0.501411290625 0.74521169375 0.49536290312500003
1 0.7119455640625 0.3693548390625 0.7048891125 0.376411290625 0.7058971781250001 0.3834677421875 0.7119455640625 0.3915322578125 0.722026209375 0.3915322578125 0.7270665328125 0.38447580625 0.7270665328125 0.37842741874999997 0.72001008125 0.3693548390625 0.7119455640625 0.3693548390625
1 0.719002015625 0.35625 0.7149697578125 0.3461693546875 0.7099294359375 0.34314516093749997 0.699848790625 0.34314516093749997 0.6948084671875 0.3502016125 0.6958165328125 0.361290321875 0.70186491875 0.367338709375 0.7119455640625 0.367338709375 0.7169858875 0.3622983875 0.719002015625 0.35625
1 0.7038810484375 0.3189516125 0.7089213703125 0.31189516093749997 0.7089213703125 0.3058467734375 0.7058971781250001 0.3008064515625 0.699848790625 0.29677419375 0.6958165328125 0.29677419375 0.68876008125 0.301814515625 0.6867439515625 0.3058467734375 0.687752015625 0.310887096875 0.693800403125 0.3189516125 0.7038810484375 0.3189516125
1 0.6857358875 0.28467741874999997 0.6917842734375 0.28467741874999997 0.6988407265625 0.27762096718749996 0.6988407265625 0.2695564515625 0.696824596875 0.26552419375 0.6917842734375 0.2625 0.6837197578125 0.2625 0.67666330625 0.2695564515625 0.6776713703125 0.27258064531250004 0.6786794359375 0.27762096718749996 0.6857358875 0.28467741874999997
1 0.6776713703125 0.22822580625 0.6665826609375001 0.2352822578125 0.6675907265625 0.24032258125 0.6736391125 0.25040322656249997 0.6796875 0.25040322656249997 0.6867439515625 0.24334677343750002 0.68876008125 0.2352822578125 0.6857358875 0.2302419359375 0.6776713703125 0.22822580625
1 0.625252015625 0.1838709671875 0.61416330625 0.1929435484375 0.6151713703125 0.2020161296875 0.625252015625 0.2100806453125 0.637348790625 0.2100806453125 0.6444052421875 0.20302419375 0.6444052421875 0.19495967812499998 0.6353326609375001 0.185887096875 0.625252015625 0.1838709671875
1 0.59501008125 0.16572580625 0.6111391125 0.1677419359375 0.6161794359375 0.1586693546875 0.6161794359375 0.148588709375 0.6111391125 0.1435483875 0.597026209375 0.1395161296875 0.5859375 0.14657258125 0.5839213703125 0.1506048390625 0.5849294359375 0.1556451609375 0.5859375 0.1586693546875 0.59501008125 0.16572580625
1 0.6222278218749999 0.16270161249999998 0.6222278218749999 0.1526209671875 0.6171875 0.14758064531249998 0.6111391125 0.16572580625 0.6151713703125 0.1677419359375 0.6222278218749999 0.16270161249999998