2 0.2591911765625 0.45963031093750006 0.26327614375 0.45758782656249997 0.2724673203125 0.44839665 0.2724673203125 0.4422692 0.2704248359375 0.440226715625 0.27450980468749997 0.43818423125 0.27450980468749997 0.43001429687500003 0.2724673203125 0.42797181406249996 0.2724673203125 0.423886846875 0.261233659375 0.41265318593750006 0.25306372499999996 0.40856821875 0.23672385624999998 0.40856821875 0.23263888906250002 0.410610703125 0.2234477125 0.4177593953125 0.2234477125 0.4198018796875 0.2193627453125 0.423886846875 0.2193627453125 0.43001429687500003 0.2173202609375 0.43205678125 0.2173202609375 0.43818423125 0.2234477125 0.44431168281250005 0.221405228125 0.44635416718750004 0.2234477125 0.450439134375 0.23059640468749998 0.45554534375 0.23672385624999998 0.453502859375 0.23774509843749997 0.45860906874999996 0.241830065625 0.46065155156250004 0.25306372499999996 0.46167279375000003 0.255106209375 0.45963031093750006 0.2591911765625 0.45963031093750006
1 0.06515522812499999 0.45758782656249997 0.06719771249999999 0.46167279375000003 0.0702614375 0.46065155156250004 0.0702614375 0.4545241015625 0.06719771249999999 0.4514603765625 0.06515522812499999 0.453502859375 0.062091503125 0.4524816171875 0.06515522812499999 0.4494178921875 0.07128267968749999 0.4494178921875 0.0743464046875 0.44635416718750004 0.0743464046875 0.43818423125 0.072303921875 0.4361417484375 0.072303921875 0.43205678125 0.0682189546875 0.423886846875 0.059027778125 0.416738153125 0.054942810937499996 0.416738153125 0.0529003265625 0.41469567031250004 0.0345179734375 0.41469567031250004 0.032475490625 0.416738153125 0.0283905234375 0.416738153125 0.02430555625 0.4187806375 0.015114379687500002 0.42797181406249996 0.013071895312500002 0.43205678125 0.013071895312500002 0.44839665 0.019199346875000002 0.4524816171875 0.0171568625 0.4545241015625 0.026348039062500002 0.463715278125 0.035539215624999995 0.466779003125 0.05698529375 0.4678002453125 0.062091503125 0.4647365203125 0.06515522812499999 0.45758782656249997
2 0.0609375 0.4890625 0.05625 0.04375
1 0.0515625 0.5390625 0.05625 0.0515625
1 0.4578125 0.5203125 0.0453125 0.0484375
1 0.4625 0.471875 0.0484375 0.0453125
1 0.8359375 0.5046875 0.0546875 0.05
1 0.834375 0.4578125 0.0484375 0.0453125
2 0.6515625 0.5125 0.0484375 0.053125
2 0.6546875 0.4640625 0.0453125 0.04375
2 0.253125 0.528125 0.0546875 0.05
2 0.26875 0.48125 0.05 0.0421875
3 0.8328125 0.46875 0.084375 0.1125
3 0.65 0.478125 0.0703125 0.1125
3 0.4625 0.484375 0.065625 0.125
3 0.25625 0.496875 0.09375 0.1328125
3 0.0578125 0.503125 0.0890625 0.121875