1 0.38015872968750003 0.11805555625 0.38412698437500004 0.127976190625 0.39305555625 0.13888888906250002 0.40892857187500004 0.1448412703125 0.42281746093750006 0.1448412703125 0.43869047656250004 0.13888888906250002 0.4515873015625 0.127976190625 0.4575396828125 0.112103175 0.45654761875 0.10119047656249999 0.45456349218750003 0.097222221875 0.43075396875000005 0.08333333281250001 0.41289682499999997 0.08333333281250001 0.3990079359375 0.0892857140625 0.3861111109375 0.10019841249999999 0.3821428578125 0.10615079375 0.38015872968750003 0.11805555625
1 0.3424603171875 0.302579365625 0.3384920640625 0.3125 0.3384920640625 0.3263888890625 0.34444444375 0.34027777812500004 0.353373015625 0.3492063484375 0.359325396875 0.353174603125 0.3732142859375 0.3551587296875 0.391071428125 0.3492063484375 0.40396825468750003 0.3363095234375 0.409920634375 0.3204365078125 0.40892857187500004 0.309523809375 0.40595238125 0.3005952375 0.397023809375 0.2916666671875 0.385119046875 0.28571428593750003 0.371230159375 0.283730159375 0.35535714218750003 0.2896825390625 0.3424603171875 0.302579365625
1 0.3077380953125 0.315476190625 0.3196428578125 0.31944444375000003 0.3355158734375 0.315476190625 0.3484126984375 0.2946428578125 0.34742063437500004 0.2797619046875 0.34345238125 0.2738095234375 0.32956349218750003 0.2678571421875 0.32162698437500004 0.2678571421875 0.309722221875 0.2738095234375 0.302777778125 0.28075396874999997 0.2988095234375 0.290674603125 0.2988095234375 0.3045634921875 0.3007936515625 0.3085317453125 0.3077380953125 0.315476190625
1 0.315674603125 0.3452380953125 0.32162698437500004 0.34325396874999997 0.3325396828125 0.3323412703125 0.3365079359375 0.322420634375 0.3355158734375 0.3174603171875 0.3335317453125 0.315476190625 0.33154761875 0.3174603171875 0.3117063484375 0.3174603171875 0.2978174609375 0.30555555624999997 0.29285714218750003 0.3105158734375 0.290873015625 0.3164682546875 0.290873015625 0.3323412703125 0.2998015875 0.34325396874999997 0.315674603125 0.3452380953125
1 0.29285714218750003 0.36805555624999997 0.29285714218750003 0.38392857187499996 0.296825396875 0.3918650796875 0.303769840625 0.3988095234375 0.309722221875 0.4007936515625 0.3236111109375 0.3988095234375 0.3365079359375 0.387896825 0.340476190625 0.377976190625 0.33948412656250004 0.3670634921875 0.3384920640625 0.362103175 0.33154761875 0.3551587296875 0.3236111109375 0.3511904765625 0.3117063484375 0.3511904765625 0.303769840625 0.3551587296875 0.29484127031249996 0.3640873015625 0.29285714218750003 0.36805555624999997
1 0.3017857140625 0.466269840625 0.309722221875 0.4623015875 0.3166666671875 0.453373015625 0.31865079375 0.44940476250000005 0.31765872968750003 0.4384920640625 0.3166666671875 0.43353174531249994 0.3077380953125 0.4265873015625 0.29384920625 0.424603175 0.2859126984375 0.428571428125 0.2789682546875 0.4375 0.2789682546875 0.4513888890625 0.2859126984375 0.4623015875 0.29384920625 0.466269840625 0.3017857140625 0.466269840625
1 0.32956349218750003 0.5555555562500001 0.3454365078125 0.5634920640625001 0.353373015625 0.5634920640625001 0.3672619046875 0.5575396828125 0.372222221875 0.552579365625 0.378174603125 0.5386904765625 0.3771825390625 0.5178571421875 0.35535714218750003 0.5039682546875001 0.3414682546875 0.5039682546875001 0.3335317453125 0.5079365078125 0.324603175 0.5168650796875001 0.32063492031249996 0.5267857140625 0.32063492031249996 0.5367063484375 0.324603175 0.5486111109375 0.32956349218750003 0.5555555562500001
1 0.309722221875 0.640873015625 0.2998015875 0.640873015625 0.29285714218750003 0.6478174609375 0.290873015625 0.6577380953125 0.2958333328125 0.6646825390625 0.303769840625 0.66865079375 0.3117063484375 0.66865079375 0.31865079375 0.659722221875 0.31765872968750003 0.6488095234375 0.3166666671875 0.6458333328125 0.309722221875 0.640873015625
1 0.34742063437500004 0.740079365625 0.33948412656250004 0.740079365625 0.33055555625 0.747023809375 0.33055555625 0.7589285718750001 0.3375 0.765873015625 0.34940476249999997 0.7698412703125 0.3583333328125 0.764880953125 0.3603174609375 0.7609126984375 0.359325396875 0.75 0.35535714218750003 0.74404761875 0.34742063437500004 0.740079365625
0 0.3375 0.7261904765625 0.34444444375 0.71924603125 0.3454365078125 0.7123015875 0.34444444375 0.7073412703125 0.3355158734375 0.6984126984375 0.32956349218750003 0.6984126984375 0.327579365625 0.6964285718750001 0.32162698437500004 0.6984126984375 0.3146825390625 0.7073412703125 0.3146825390625 0.7132936515625 0.31865079375 0.721230159375 0.3255952375 0.7261904765625 0.3375 0.7261904765625
0 0.31765872968750003 0.478174603125 0.30575396875 0.46825396875 0.29384920625 0.46825396875 0.2829365078125 0.47718253906249997 0.28095238125 0.48115079375 0.28095238125 0.49305555625 0.29186507968750003 0.50595238125 0.2958333328125 0.5079365078125 0.30575396875 0.5079365078125 0.31269841249999997 0.502976190625 0.31865079375 0.49305555625 0.31765872968750003 0.478174603125
0 0.28095238125 0.49305555625 0.28095238125 0.4831349203125 0.283928571875 0.4742063484375 0.28194444375 0.47222222187499996 0.2759920640625 0.47222222187499996 0.272023809375 0.4742063484375 0.265079365625 0.4831349203125 0.265079365625 0.49305555625 0.26706349218750003 0.4990079359375 0.272023809375 0.5039682546875001 0.28194444375 0.5039682546875001 0.28492063437500004 0.5009920640625001 0.28095238125 0.49305555625
1 0.289880953125 0.46428571406249997 0.2859126984375 0.4623015875 0.28095238125 0.45535714218749995 0.277976190625 0.440476190625 0.2740079359375 0.440476190625 0.265079365625 0.4454365078125 0.2611111109375 0.459325396875 0.26805555625 0.4702380953125 0.272023809375 0.47222222187499996 0.283928571875 0.47222222187499996 0.290873015625 0.46527777812500004 0.289880953125 0.46428571406249997
1 0.2958333328125 0.5138888890625 0.29484127031249996 0.5089285718750001 0.283928571875 0.5019841265625 0.28194444375 0.5039682546875001 0.272023809375 0.5039682546875001 0.26706349218750003 0.5109126984375 0.26706349218750003 0.51884920625 0.26904761875 0.5248015875 0.2740079359375 0.5297619046875 0.283928571875 0.53174603125 0.29484127031249996 0.5248015875 0.2958333328125 0.5138888890625
1 0.28789682499999997 0.5297619046875 0.2759920640625 0.5297619046875 0.26904761875 0.5367063484375 0.26904761875 0.546626984375 0.2759920640625 0.5555555562500001 0.2859126984375 0.5575396828125 0.29484127031249996 0.5505952375 0.296825396875 0.546626984375 0.2958333328125 0.5376984125 0.29484127031249996 0.534722221875 0.28789682499999997 0.5297619046875
0 0.265079365625 0.44742063437499996 0.2789682546875 0.43948412656249997 0.277976190625 0.4325396828125 0.266071428125 0.434523809375 0.2571428578125 0.44345238125 0.25515872968750003 0.4513888890625 0.260119046875 0.4583333328125 0.2630952375 0.45734127031250005 0.265079365625 0.44742063437499996