2 0.14375 0.453125 0.05 0.0421875
2 0.3125 0.446875 0.0453125 0.0421875
2 0.5015625 0.4390625 0.0453125 0.040625
2 0.7109375 0.428125 0.05 0.04375
2 0.134375 0.5 0.0453125 0.0375
1 0.328125 0.49375 0.0421875 0.040625
1 0.5078125 0.4875 0.05 0.0421875
1 0.696875 0.4796875 0.05 0.0421875
1 0.9046875 0.4203125 0.0578125 0.05
1 0.694935690625 0.5078376203125 0.694935690625 0.51587620625 0.688906753125 0.5198954984374999 0.688906753125 0.5299437296875 0.694935690625 0.5399919609375 0.7039791 0.5470257234375 0.7100080390625 0.5490353703124999 0.7240755625 0.5490353703124999 0.7301045015625001 0.5470257234375 0.739147909375 0.5399919609375 0.7451768484375 0.527934084375 0.743167203125 0.51587620625 0.7371382640624999 0.5118569125 0.739147909375 0.5098472671875001 0.7321141484375 0.5028135046875 0.726085209375 0.5028135046875 0.7230707390625 0.49979903593749997 0.7079983921874999 0.4987942125 0.701969453125 0.5008038578125 0.694935690625 0.5078376203125
3 0.14375 0.484375 0.0796875 0.1234375
3 0.31875 0.4765625 0.0640625 0.1203125
3 0.509375 0.4671875 0.071875 0.1171875
3 0.7046875 0.4578125 0.0796875 0.125
3 0.90625 0.4484375 0.0953125 0.1265625