2 0.1203125 0.5078125 0.05 0.0453125
2 0.125 0.5546875 0.0515625 0.046875
2 0.3 0.5625 0.05 0.0484375
2 0.4921875 0.5703125 0.0484375 0.046875
2 0.7046875 0.5828125 0.05625 0.05
1 0.690625 0.53125 0.053125 0.0484375
1 0.6899590156250001 0.5019723359375 0.692008196875 0.506070696875 0.70020491875 0.5101690578125 0.7165983609375 0.5101690578125 0.7176229515625 0.5091444671875001 0.7227459015625 0.506070696875 0.7268442625 0.506070696875 0.7340163937499999 0.49889856562499996 0.7367278546875 0.496512003125 0.7381147546875 0.492751025 0.7381147546875 0.4886526640625 0.7390712875000001 0.4855145546875 0.739368040625 0.48163923750000004 0.7381147546875 0.47840676249999997 0.7381147546875 0.4743084015625 0.72479508125 0.4609887296875 0.720696721875 0.4609887296875 0.7186475406249999 0.4589395484375 0.704303278125 0.4589395484375 0.692008196875 0.465087090625 0.684836065625 0.4743084015625 0.6827868859375 0.47840676249999997 0.6827868859375 0.49070184375 0.6832912296875 0.4937837265625 0.684830609375 0.49771652031249997 0.6858620703125 0.499813175 0.6899590156250001 0.5019723359375
1 0.5 0.525 0.05 0.05
1 0.3140625 0.51875 0.046875 0.05
1 0.9015625 0.590625 0.059375 0.05
3 0.1296875 0.5265625 0.0890625 0.1140625
3 0.3015625 0.528125 0.075 0.1265625
3 0.4953125 0.5421875 0.06875 0.1265625
3 0.7046875 0.5484375 0.084375 0.1375
3 0.9015625 0.5609375 0.08125 0.1359375