2 0.6677419359375001 0.3400705640625 0.663709678125 0.3320060484375 0.64657258125 0.318901209375 0.6405241937499999 0.318901209375 0.6385080640624999 0.31688508125000003 0.6223790328125001 0.318901209375 0.6052419359375001 0.3320060484375 0.601209678125 0.34208669375 0.601209678125 0.35619959687499997 0.6092741937499999 0.3723286296875 0.6183467734375 0.37938508125000003 0.6284274187500001 0.38341733906250003 0.6475806453125 0.38240927343750003 0.6586693546875 0.3773689515625 0.6677419359375001 0.3662802421875 0.6697580640624999 0.36023185468749996 0.6697580640624999 0.3461189515625 0.6677419359375001 0.3400705640625
2 0.5366935484375001 0.5013608875 0.5427419359375001 0.4832157265625 0.5427419359375001 0.46103830625000003 0.5346774187500001 0.4428931453125 0.5286290328125001 0.4348286296875 0.5114919359375001 0.42172379062500004 0.4993951609375 0.41769153281250004 0.4772177421875 0.41769153281250004 0.4752016125 0.4197076609375 0.46915322656249997 0.4197076609375 0.45907258124999994 0.42575604843750003 0.44697580625000005 0.43583669374999995 0.44193548437499997 0.4428931453125 0.43387096718749996 0.46708669374999995 0.435887096875 0.4892641125 0.4459677421875 0.5074092734375 0.46108870937499996 0.5205141125 0.4852822578125 0.5285786296875 0.498387096875 0.5275705640624999 0.5256048390625 0.5144657265625 0.5366935484375001 0.5013608875
2 0 0.5557515671875 0.007459678124999999 0.5648689515624999 0.0145161296875 0.5638608875 0.0185483875 0.5618447578125 0.0245967734375 0.5517641125 0.0245967734375 0.537651209375 0.0185483875 0.521522178125 0.0135080640625 0.5164818546875 0.007459678124999999 0.5144657265625 0 0.520267696875 0 0.5557515671875
2 0 0.5195060484375 0.0004032265625 0.5195060484375 0.0084677421875 0.5134576609375 0.0084677421875 0.5053931453125 0.001411290625 0.49228830625000003 0 0.4927587375 0 0.5195060484375
2 0.020564515624999998 0.4892641125 0.0185483875 0.487247984375 0.0185483875 0.48119959687499997 0.0135080640625 0.47615927343750003 0.007459678124999999 0.47615927343750003 0.0024193546875 0.48119959687499997 0.0004032265625 0.4912802421875 0.0084677421875 0.5074092734375 0.0145161296875 0.5074092734375 0.0185483875 0.503377015625 0.020564515624999998 0.4892641125
2 0.04072580625 0.46507056406249997 0.045766129687500004 0.4600302421875 0.05282258125 0.45700604843750003 0.0477822578125 0.44994959687499997 0.0417338703125 0.44994959687499997 0.032661290625 0.459022178125 0.0306451609375 0.47313508125 0.032661290625 0.4791834671875 0.0366935484375 0.4791834671875 0.0366935484375 0.47313508125 0.04072580625 0.46507056406249997
1 0.060887096875000005 0.4428931453125 0.0588709671875 0.459022178125 0.06592741875 0.4701108875 0.06995967812500001 0.47212701562500003 0.0770161296875 0.47111895156249994 0.0870967734375 0.46305443593750006 0.089112903125 0.459022178125 0.089112903125 0.446925403125 0.0870967734375 0.44490927343750003 0.0870967734375 0.4368447578125 0.08407258125 0.43382056406249997 0.080040321875 0.43180443593750006 0.06995967812500001 0.43180443593750006 0.060887096875000005 0.4428931453125
1 0.0649193546875 0.46910282187499996 0.057862903125 0.4600302421875 0.0477822578125 0.4580141125 0.038709678125 0.46507056406249997 0.03467741875 0.4771673390625 0.03467741875 0.48523185468749996 0.038709678125 0.4953125 0.045766129687500004 0.5023689515624999 0.056854839062499996 0.5013608875 0.0649193546875 0.4912802421875 0.0649193546875 0.46910282187499996
1 0.336088709375 0.3410786296875 0.3229838703125 0.3541834671875 0.3209677421875 0.36023185468749996 0.3209677421875 0.3763608875 0.3229838703125 0.3803931453125 0.34012096718749996 0.3955141125 0.35927419375 0.3945060484375 0.3683467734375 0.39148185468749996 0.37540322656249997 0.384425403125 0.3774193546875 0.37837701562500003 0.3774193546875 0.3541834671875 0.36633064531250004 0.3410786296875 0.3582661296875 0.3370463703125 0.34415322656249997 0.3370463703125 0.336088709375 0.3410786296875
1 0.5760080640624999 0.3148689515625 0.569959678125 0.312852821875 0.5497983875 0.312852821875 0.54375 0.3148689515625 0.532661290625 0.32394153281250004 0.526612903125 0.33603830625 0.526612903125 0.35216733906250003 0.5306451609375 0.36023185468749996 0.5417338703125 0.3713205640625 0.5538306453125 0.3773689515625 0.5729838703125 0.3763608875 0.5820564515625 0.37333669375 0.5870967734375 0.3662802421875 0.5870967734375 0.362247984375 0.5931451609375 0.350151209375 0.5911290328125001 0.3320060484375 0.5760080640624999 0.3148689515625
2 0.042741935937499996 0.6969254031250001 0.042741935937499996 0.6868447578125 0.032661290625 0.6666834671874999 0.02157258125 0.6535786296875 0.007459678124999999 0.6475302421875 0.004435484375 0.6505544359375001 0.004435484375 0.65458669375 0.0145161296875 0.6646673390625 0.0306451609375 0.6868447578125 0.0336693546875 0.687852821875 0.0417338703125 0.6979334671874999 0.042741935937499996 0.6969254031250001
2 0 0.6739415328125 0.0024193546875 0.6787802421875 0.038709678125 0.725151209375 0.042741935937499996 0.725151209375 0.04677419375 0.71708669375 0.042741935937499996 0.7070060484375 0.0225806453125 0.6868447578125 0.0084677421875 0.6646673390625 0 0.656199596875 0 0.6739415328125
1 0.6506048390625 0.3229334671875 0.6566532265625 0.3229334671875 0.6556451609375 0.31587701562500003 0.6445564515625 0.30478830625 0.6364919359375001 0.3007560484375 0.6143145156250001 0.302772178125 0.60322580625 0.3118447578125 0.5971774187500001 0.3259576609375 0.5991935484375001 0.33603830625 0.6022177421875 0.3390625 0.60322580625 0.3380544359375 0.6052419359375001 0.3320060484375 0.6183467734375 0.32091733906250003 0.6364919359375001 0.31688508125000003 0.6385080640624999 0.318901209375 0.64657258125 0.318901209375 0.6506048390625 0.3229334671875