0 0.3220514953125 0.4734219265625 0.3075166109375 0.4734219265625 0.2940199328125 0.4848421921875 0.291943521875 0.5014534890625 0.2960963453125 0.5097591359375 0.3054402 0.5170265781250001 0.3199750828125 0.5170265781250001 0.3303571421875 0.5107973421875001 0.3345099671875 0.50456810625 0.3355481734375 0.491071428125 0.32931893749999996 0.47861295625 0.3220514953125 0.4734219265625
0 0.291943521875 0.491071428125 0.2960963453125 0.47861295625 0.2867524921875 0.47757475156250007 0.28467607968749997 0.4796511625 0.27844684375 0.4796511625 0.2732558140625 0.48899501718750005 0.2732558140625 0.5014534890625 0.2867524921875 0.5128737546875 0.2950581390625 0.5107973421875001 0.2960963453125 0.507682725 0.291943521875 0.5014534890625 0.291943521875 0.491071428125
0 0.2753322265625 0.46615448437499996 0.2722176078125 0.4651162796875 0.269102990625 0.4723837203125 0.269102990625 0.47861295625 0.2742940203125 0.4858803984375 0.27844684375 0.4796511625 0.27948505 0.4765365453125 0.2753322265625 0.470307309375 0.2753322265625 0.46615448437499996
0 0.27637043125 0.5440199328124999 0.27117940156250003 0.538828903125 0.269102990625 0.5284468437500001 0.265988371875 0.5274086375 0.2628737546875 0.5325996671875 0.2628737546875 0.542981728125 0.264950165625 0.5471345515625 0.2742940203125 0.55440199375 0.28467607968749997 0.55440199375 0.2867524921875 0.5523255812500001 0.2877906984375 0.5492109640625 0.28467607968749997 0.5460963453125001 0.27637043125 0.5440199328124999
1 0.34904484999999996 0.60008305625 0.340739203125 0.5959302328125 0.32412790625 0.5959302328125 0.312707640625 0.603197675 0.3064784046875 0.6177325578125 0.3064784046875 0.6281146171875001 0.3106312296875 0.638496678125 0.3199750828125 0.64784053125 0.32828073125 0.65199335625 0.3428156140625 0.65199335625 0.35112126250000003 0.64784053125 0.3583887046875 0.6405730890625 0.361503321875 0.6333056484374999 0.362541528125 0.6198089703125 0.360465115625 0.613579734375 0.34904484999999996 0.60008305625
1 0.43417774062500003 0.660299003125 0.41964285781250005 0.6540697671875 0.40303156093750003 0.65199335625 0.38434385312499997 0.660299003125 0.375 0.6696428578125 0.3687707640625 0.684177740625 0.3687707640625 0.7028654484375 0.375 0.7174003328125 0.3905730890625 0.730897009375 0.40095515 0.735049834375 0.42379568125 0.735049834375 0.436254153125 0.7288205984375 0.44455980000000006 0.72051495 0.45078903593749997 0.7184385375 0.4528654484375 0.7142857140625 0.4539036546875 0.6862541531249999 0.44767441874999997 0.67379568125 0.43417774062500003 0.660299003125
1 0.4881644515625 0.901162790625 0.47570597968749995 0.8970099671874999 0.4528654484375 0.8970099671874999 0.44663621249999996 0.899086378125 0.43833056406250004 0.903239203125 0.4248338875 0.9167358796875 0.42275747499999994 0.922965115625 0.42275747499999994 0.9375 0.42691029843750006 0.9458056484374999 0.4424833890625 0.959302325 0.46117109687499996 0.9655315609375 0.47570597968749995 0.9655315609375 0.4943936875 0.959302325 0.507890365625 0.9458056484374999 0.5089285718750001 0.9406146171875 0.509966778125 0.9271179406250001 0.5037375421875 0.91465946875 0.4881644515625 0.901162790625
1 0.361503321875 0.69559800625 0.34696843906249997 0.6893687703125 0.336586378125 0.6893687703125 0.31893687656249997 0.698712625 0.314784053125 0.7174003328125 0.31893687656249997 0.7298588046875001 0.32828073125 0.7412790703125001 0.3448920265625 0.7475083062500001 0.353197675 0.7475083062500001 0.363579734375 0.74335548125 0.3718853828125 0.735049834375 0.3729235875 0.7132475078125 0.3687707640625 0.7028654484375 0.361503321875 0.69559800625
1 0.3428156140625 0.662375415625 0.3345099671875 0.658222590625 0.3199750828125 0.658222590625 0.315822259375 0.660299003125 0.3064784046875 0.6696428578125 0.30232558125 0.6800249171875 0.30440199375 0.6924833890625 0.31374584687499996 0.7039036546874999 0.31893687656249997 0.7007890359375 0.3220514953125 0.69559800625 0.3303571421875 0.6914451828125 0.34904484999999996 0.6893687703125 0.353197675 0.6914451828125 0.3552740859375 0.6893687703125 0.3563122921875 0.6779485046875 0.3542358796875 0.67379568125 0.3428156140625 0.662375415625
1 0.396802325 0.41112956875 0.3801910296875 0.4049003328125 0.361503321875 0.40905315625 0.3552740859375 0.41320597968749995 0.34800664375 0.422549834375 0.3438538203125 0.43293189375 0.3438538203125 0.4495431890625 0.35008305625 0.4620016609375 0.3573504984375 0.469269103125 0.37396179375 0.4754983390625 0.388496678125 0.4734219265625 0.40510797343749994 0.46303986718749995 0.410299003125 0.4578488375 0.41133720937499996 0.44850498281249995 0.412375415625 0.43708471718749997 0.4061461796875 0.420473421875 0.396802325 0.41112956875
1 0.315822259375 0.2969269109375 0.30440199375 0.3062707640625 0.30440199375 0.32080564843750004 0.3095930234375 0.325996678125 0.3199750828125 0.3280730890625 0.33347176093750003 0.3187292359375 0.3345099671875 0.31353820625 0.33347176093750003 0.30419435156249996 0.32828073125 0.299003321875 0.315822259375 0.2969269109375
1 0.3718853828125 0.18687707656250002 0.361503321875 0.18687707656250002 0.35008305625 0.1962209296875 0.34800664375 0.20867940156250003 0.353197675 0.21594684375 0.3677325578125 0.21802325625000002 0.3812292359375 0.20867940156250003 0.3822674421875 0.20348837187500002 0.3812292359375 0.19414451875 0.37603820625 0.1889534890625 0.3718853828125 0.18687707656250002
1 0.3199750828125 0.5211794015625 0.3095930234375 0.519102990625 0.3075166109375 0.5211794015625 0.30128737499999997 0.5211794015625 0.289867109375 0.5346760796875001 0.289867109375 0.551287375 0.2992109640625 0.562707640625 0.30336378750000004 0.564784053125 0.31374584687499996 0.566860465625 0.3199750828125 0.564784053125 0.3303571421875 0.5585548171875 0.3324335546875 0.55440199375 0.33347176093750003 0.5367524921875 0.32931893749999996 0.5284468437500001 0.3199750828125 0.5211794015625
1 0.292981728125 0.5128737546875 0.28052325625 0.5128737546875 0.2732558140625 0.518064784375 0.269102990625 0.5263704312499999 0.269102990625 0.5346760796875001 0.27844684375 0.5460963453125001 0.288828903125 0.5481727578125 0.291943521875 0.53052325625 0.2992109640625 0.5232558140625 0.30024916875 0.518064784375 0.2971345515625 0.514950165625 0.292981728125 0.5128737546875
1 0.2971345515625 0.44850498281249995 0.28467607968749997 0.44850498281249995 0.2774086375 0.455772425 0.2753322265625 0.470307309375 0.28052325625 0.47757475156250007 0.2992109640625 0.47757475156250007 0.3064784046875 0.4723837203125 0.3075166109375 0.4651162796875 0.3064784046875 0.455772425 0.30128737499999997 0.4505813953125 0.2971345515625 0.44850498281249995
1 0.2971345515625 0.41943521562499997 0.28467607968749997 0.42151162812500004 0.2774086375 0.43085548124999995 0.2774086375 0.4412375421875 0.2825996671875 0.44850498281249995 0.30128737499999997 0.44850498281249995 0.3075166109375 0.44227574687500004 0.3085548171875 0.43085548124999995 0.30128737499999997 0.42151162812500004 0.2971345515625 0.41943521562499997
0 0.3428156140625 0.230481728125 0.33139534843749996 0.24397840468749998 0.33347176093750003 0.25643687656249997 0.340739203125 0.26162790625 0.35112126250000003 0.26162790625 0.3594269109375 0.2574750828125 0.363579734375 0.25124584687499996 0.36461794062499997 0.23982558125 0.3573504984375 0.230481728125 0.3428156140625 0.230481728125