0 0.6372549015625 0.6594464875 0.63521241875 0.6819138078125 0.6372549015625 0.6880412578125 0.646446078125 0.697232434375 0.6546160125 0.7013174015625 0.6709558828125 0.7013174015625 0.6791258171875 0.697232434375 0.6903594765625 0.6859987750000001 0.6944444437499999 0.6757863562499999 0.6944444437499999 0.6655739374999999 0.6903594765625 0.6553615203125001 0.6811683000000001 0.6461703437499999 0.6740196078125 0.6431066171875 0.656658496875 0.6420853765625 0.6444035953125 0.6502553109375 0.6372549015625 0.6594464875
0 0.5943627453125 0.6819138078125 0.5923202609375 0.6962111921874999 0.596405228125 0.704381128125 0.6055964046875 0.7135723046875 0.621936275 0.7156147875000001 0.6239787578125 0.7135723046875 0.630106209375 0.7135723046875 0.643382353125 0.70233864375 0.643382353125 0.694168709375 0.63521241875 0.6839562906250001 0.63521241875 0.6696589046875 0.6290849671875 0.6655739374999999 0.61172385625 0.6645526953124999 0.596405228125 0.6778288406249999 0.5943627453125 0.6819138078125
0 0.5371732031249999 0.6982536765625 0.5463643796875 0.7094873359375 0.550449346875 0.7115298203125 0.56474673125 0.7135723046875 0.5708741828125 0.7115298203125 0.5861928109375001 0.6982536765625 0.58823529375 0.694168709375 0.5861928109375001 0.6798713234375 0.58210784375 0.6717013890625 0.5729166671875 0.6625102125 0.5678104578125 0.6614889703125 0.5524918296875 0.660467728125 0.5392156859375 0.6717013890625 0.5371732031249999 0.6982536765625
0 0.484068628125 0.6859987750000001 0.49734477187500004 0.7013174015625 0.503472221875 0.7033598859375 0.5198120921875 0.7033598859375 0.5279820265625 0.69927491875 0.5371732031249999 0.6880412578125 0.5392156859375 0.6696589046875 0.5330882359375 0.6614889703125 0.5330882359375 0.657404003125 0.5259395421875 0.6502553109375 0.51879085 0.64923406875 0.503472221875 0.6482128265625 0.484068628125 0.6655739374999999 0.484068628125 0.6859987750000001
0 0.5075571890624999 0.7033598859375 0.50551470625 0.7013174015625 0.49632352968750004 0.70233864375 0.4993872546875 0.7074448531249999 0.50551470625 0.7115298203125 0.513684640625 0.7156147875000001 0.521854575 0.7156147875000001 0.53206699375 0.7115298203125 0.5392156859375 0.704381128125 0.5371732031249999 0.694168709375 0.5341094765625 0.6931474671875 0.5177696078125 0.7033598859375 0.5075571890624999 0.7033598859375
0 0.577001634375 0.7074448531249999 0.5688316999999999 0.7115298203125 0.5524918296875 0.7115298203125 0.5463643796875 0.7094873359375 0.5453431375 0.7125510625 0.5524918296875 0.7196997546875 0.55861928125 0.7217422390625 0.5729166671875 0.7217422390625 0.58823529375 0.7084660953124999 0.58823529375 0.6962111921874999 0.5872140515625001 0.6951899515625 0.58210784375 0.700296159375 0.577001634375 0.7074448531249999
0 0.58823529375 0.7064236109375 0.5861928109375001 0.7084660953124999 0.590277778125 0.7166360296875001 0.5974264703125 0.723784721875 0.61172385625 0.7278696890624999 0.6239787578125 0.723784721875 0.6311274515624999 0.7166360296875001 0.630106209375 0.7135723046875 0.613766340625 0.7156147875000001 0.603553921875 0.7115298203125 0.5923202609375 0.6962111921874999 0.5912990203125 0.6951899515625 0.58823529375 0.6982536765625 0.58823529375 0.7064236109375
0 0.640318628125 0.7217422390625 0.656658496875 0.723784721875 0.66482843125 0.7196997546875 0.6760620921875 0.7084660953124999 0.67504085 0.69927491875 0.6709558828125 0.7013174015625 0.6546160125 0.7013174015625 0.6495098046875001 0.6982536765625 0.646446078125 0.697232434375 0.633169934375 0.7125510625 0.640318628125 0.7217422390625
0 0.672998365625 0.7278696890624999 0.6658496734375 0.730933415625 0.6658496734375 0.7350183828125 0.67504085 0.7462520421875001 0.6872957515625 0.7462520421875001 0.6985294125 0.7391033499999999 0.7026143796875 0.7268484484375 0.6893382359375 0.72582720625 0.6872957515625 0.7278696890624999 0.672998365625 0.7278696890624999
0 0.7587826796875 0.7156147875000001 0.7567401953124999 0.7176572718750001 0.74448529375 0.7196997546875 0.74142156875 0.7268484484375 0.7434640515625001 0.737060865625 0.752655228125 0.744209559375 0.7587826796875 0.744209559375 0.7669526140625 0.7401245921874999 0.7741013078125001 0.7329758984375 0.776143790625 0.7268484484375 0.7720588234375 0.7145935453125001 0.7689950984375 0.7135723046875 0.7669526140625 0.7156147875000001 0.7587826796875 0.7156147875000001
0 0.799632353125 0.7074448531249999 0.79452614375 0.7125510625 0.79452614375 0.7248059640625 0.796568628125 0.72889093125 0.799632353125 0.73195465625 0.8057598046875001 0.73195465625 0.8078022875 0.733997140625 0.81801470625 0.7299121734375 0.8272058828125 0.7186785125 0.8272058828125 0.7084660953124999 0.8251633984375 0.704381128125 0.815972221875 0.7033598859375 0.8057598046875001 0.7074448531249999 0.799632353125 0.7074448531249999
2 1 0.658220996875 0.995710784375 0.6625102125 0.9865196078125 0.6655739374999999 0.98754085 0.670680146875 0.99775326875 0.67272263125 1 0.6709751734375 1 0.658220996875
2 1 0.6400720703125 0.9997957515625 0.6400428921875 0.9936683000000001 0.644127859375 0.9834558828125 0.6563827609375 0.9763071890624999 0.6594464875 0.9763071890624999 0.6614889703125 0.9814133984375 0.6645526953124999 0.9916258171875001 0.6625102125 1 0.6541360296875001 1 0.6400720703125
2 0.9712009796875 0.6584252453125 0.9834558828125 0.6563827609375 0.9906045750000001 0.647191584375 0.985498365625 0.6461703437499999 0.9681372546875 0.6553615203125001 0.9712009796875 0.6584252453125
2 0.9579248359375001 0.6655739374999999 0.9456699343749999 0.6778288406249999 0.95077614375 0.687020015625 0.9609885625000001 0.6890625 0.97426470625 0.6778288406249999 0.9763071890624999 0.6614889703125 0.9701797390625 0.657404003125 0.9650735296875 0.6563827609375 0.9609885625000001 0.6584252453125 0.9579248359375001 0.6655739374999999
2 0.9303513078125001 0.6686376640625 0.9293300656250001 0.6717013890625 0.934436275 0.6768075984374999 0.9446486921874999 0.6768075984374999 0.9579248359375001 0.6655739374999999 0.9599673203125001 0.6594464875 0.9569035953125 0.6584252453125 0.95077614375 0.6625102125 0.9303513078125001 0.6686376640625
2 0.9170751640624999 0.6880412578125 0.92422385625 0.697232434375 0.9364787578125 0.697232434375 0.9456699343749999 0.6859987750000001 0.9446486921874999 0.6768075984374999 0.934436275 0.6768075984374999 0.9313725484375001 0.673743871875 0.922181371875 0.67272263125 0.9170751640624999 0.6778288406249999 0.9170751640624999 0.6880412578125