0 0.621287128125 0.41068481874999996 0.619224421875 0.3921204625 0.615099009375 0.38593234375 0.615099009375 0.38180693125 0.608910890625 0.37355610625 0.5955033000000001 0.364273928125 0.5831270625 0.362211221875 0.58106435625 0.360148515625 0.56043729375 0.362211221875 0.54806105625 0.368399340625 0.534653465625 0.3838696375 0.532590759375 0.40037128749999995 0.5305280531250001 0.40243399375 0.532590759375 0.41893564375 0.5501237625 0.44265676562499995 0.5666254125 0.448844884375 0.588283828125 0.44781353125 0.5996287125 0.44471947187499994 0.613036303125 0.43131188125 0.621287128125 0.41068481874999996
0 0.20462046250000002 0.6602722765625 0.22112211249999997 0.687087459375 0.234529703125 0.70049505 0.257219471875 0.708745875 0.28919141875 0.7077145218750001 0.312912540625 0.6963696374999999 0.32219471875 0.687087459375 0.3345709578125 0.6643976890625 0.3345709578125 0.6293316828125 0.3325082515625 0.6272689765624999 0.33044554531250003 0.6148927390625001 0.3201320125 0.5963283828125 0.302599009375 0.5787953796875 0.28609735937499997 0.5705445546875 0.27165841562500004 0.5684818484374999 0.269595709375 0.5664191421875 0.240717821875 0.5705445546875 0.23040429062499998 0.5787953796875 0.22421617187499998 0.5808580859375 0.20874587500000003 0.5963283828125 0.20462046250000002 0.6045792078125001 0.20462046250000002 0.6087046203125 0.20049505 0.6148927390625001 0.20049505 0.6272689765624999 0.19843234375000002 0.6293316828125 0.20049505 0.6478960390624999 0.20462046250000002 0.6602722765625
0 0.32219471875 0.3714934 0.31806930625 0.363242575 0.302599009375 0.35189768906249996 0.281971946875 0.35189768906249996 0.27372112187500003 0.3560231015625 0.26443894375 0.36530528125 0.26031353125 0.3756188125 0.277846534375 0.378712871875 0.284034653125 0.382838284375 0.29331683124999997 0.3921204625 0.29950495 0.40655940625 0.29950495 0.412747525 0.30569306875 0.412747525 0.31394389375 0.40655940625 0.3201320125 0.396245875 0.32219471875 0.38180693125 0.324257425 0.379744225 0.32219471875 0.3714934
0 0.4717409234375 0.378712871875 0.4727722765625 0.3714934 0.4707095703125 0.3673679875 0.4593646859375 0.3560231015625 0.4387376234375 0.3477722765625 0.4242986796875 0.3498349828125 0.4160478546875 0.3539603953125 0.4047029703125 0.363242575 0.3964521453125 0.38180693125 0.3964521453125 0.40037128749999995 0.3985148515625 0.40655940625 0.4057343234375 0.413778878125 0.4067656765625 0.412747525 0.41295379531250004 0.39830858125 0.42223597343749997 0.386963696875 0.4428630359375 0.376650165625 0.46761551093750003 0.376650165625 0.4717409234375 0.378712871875
0 0.503712871875 0.3013613859375 0.514026403125 0.3137376234375 0.516089109375 0.3323019796875 0.52330858125 0.3395214515625 0.526402640625 0.3384900984375 0.524339934375 0.3343646859375 0.524339934375 0.3137376234375 0.53568481875 0.3003300328125 0.542904290625 0.29723597343749997 0.537747525 0.2900165015625 0.53155940625 0.2900165015625 0.5294966999999999 0.2879537953125 0.51093234375 0.29207920781249996 0.503712871875 0.3013613859375
1 0.29331683124999997 0.3921204625 0.284034653125 0.382838284375 0.275783828125 0.378712871875 0.26134488437500003 0.376650165625 0.248968646875 0.380775578125 0.23556105624999998 0.3921204625 0.22937293749999998 0.4044967 0.22937293749999998 0.4251237625 0.23349835 0.43543729375 0.244843234375 0.446782178125 0.248968646875 0.446782178125 0.253094059375 0.45090759062499997 0.26856435625 0.4498762375 0.279909240625 0.446782178125 0.28919141875 0.4375 0.2953795375 0.42718646875 0.29950495 0.40862211249999997 0.29331683124999997 0.3921204625
1 0.21596534687500002 0.36633663437499997 0.211839934375 0.368399340625 0.19843234375000002 0.38180693125 0.1963696375 0.38799505 0.1963696375 0.4044967 0.199463696875 0.407590759375 0.20358910937500002 0.407590759375 0.22009075937499997 0.426155115625 0.22524752499999998 0.4251237625 0.22937293749999998 0.42099834999999997 0.22937293749999998 0.40655940625 0.23556105624999998 0.3921204625 0.24793729375 0.38180693125 0.2458745875 0.3756188125 0.234529703125 0.36633663437499997 0.21596534687500002 0.36633663437499997
1 0.23556105624999998 0.3529290421875 0.23349835 0.36530528125 0.238655115625 0.368399340625 0.248968646875 0.380775578125 0.2541254125 0.379744225 0.2623762375 0.37355610625 0.26443894375 0.36530528125 0.27887788750000003 0.3529290421875 0.27887788750000003 0.34674092343749996 0.27165841562500004 0.3395214515625 0.265470296875 0.33745874531250003 0.251031353125 0.3395214515625 0.240717821875 0.3457095703125 0.23556105624999998 0.3529290421875
1 0.3747937296875 0.33539603906250004 0.3665429046875 0.3312706265625 0.35210396093749996 0.3312706265625 0.3376650171875 0.33745874531250003 0.33044554531250003 0.34467821718749997 0.324257425 0.36117986874999997 0.324257425 0.3714934 0.3283828390625 0.379744225 0.3325082515625 0.379744225 0.3345709578125 0.36943069375 0.3479785484375 0.3539603953125 0.3603547859375 0.3477722765625 0.3830445546875 0.3498349828125 0.3840759078125 0.34674092343749996 0.3820132015625 0.3426155109375 0.3747937296875 0.33539603906250004
1 0.325288778125 0.3065181515625 0.3160066 0.3178630359375 0.3160066 0.3281765671875 0.325288778125 0.3333333328125 0.32632013125000003 0.3364273921875 0.3314768984375 0.3415841578125 0.3325082515625 0.34055280468750004 0.3397277234375 0.33539603906250004 0.3582920796875 0.3312706265625 0.3613861390625 0.3281765671875 0.3613861390625 0.31992574218750003 0.35726072656249996 0.3116749171875 0.3438531359375 0.30239273906249997 0.33560231093750004 0.30239273906249997 0.325288778125 0.3065181515625
1 0.56043729375 0.2962046203125 0.54393564375 0.2962046203125 0.53568481875 0.3003300328125 0.524339934375 0.3137376234375 0.524339934375 0.3343646859375 0.526402640625 0.3384900984375 0.5418729375 0.35189768906249996 0.54806105625 0.3539603953125 0.5635313531249999 0.3529290421875 0.570750825 0.3498349828125 0.580033003125 0.34055280468750004 0.5841584156249999 0.33023927343750004 0.582095709375 0.3158003296875 0.575907590625 0.3054867984375 0.56456270625 0.2982673265625 0.56043729375 0.2962046203125
1 0.528465346875 0.34674092343749996 0.5150577562499999 0.3333333328125 0.50680693125 0.3292079203125 0.5006188125000001 0.3292079203125 0.49855610625 0.3271452140625 0.4820544546875 0.3292079203125 0.4624587453125 0.34674092343749996 0.4603960390625 0.35705445468749997 0.4707095703125 0.3673679875 0.4727722765625 0.37768151875 0.488242575 0.38902640312500003 0.49855610625 0.40140264062500003 0.501650165625 0.40037128749999995 0.51299505 0.397277228125 0.526402640625 0.3838696375 0.532590759375 0.36943069375 0.5305280531250001 0.3529290421875 0.528465346875 0.34674092343749996
1 0.4841171609375 0.5396039609375001 0.501650165625 0.5241336640625 0.509900990625 0.5035065999999999 0.509900990625 0.47669141875000004 0.503712871875 0.46018976875 0.493399340625 0.44781353125 0.4820544546875 0.43853135312499997 0.46761551093750003 0.43234323437500005 0.44492574218750003 0.43028052812500006 0.4428630359375 0.43234323437500005 0.4242986796875 0.43646864687500003 0.4067656765625 0.45193894375 0.3964521453125 0.47256600625 0.3964521453125 0.47875412500000003 0.3943894390625 0.48081683125 0.3943894390625 0.49938118749999993 0.3964521453125 0.50144389375 0.40057755781250004 0.5200082515625 0.4160478546875 0.5375412546875 0.4428630359375 0.5499174921875001 0.4624587453125 0.5488861390625 0.4841171609375 0.5396039609375001
1 0.46761551093750003 0.376650165625 0.4428630359375 0.376650165625 0.4284240921875 0.382838284375 0.4191419140625 0.39005775625 0.4088283828125 0.40655940625 0.4067656765625 0.412747525 0.4067656765625 0.42718646875 0.4139851484375 0.44059405937499996 0.44492574218750003 0.43028052812500006 0.4593646859375 0.43028052812500006 0.4614273921875 0.43234323437500005 0.4738036296875 0.43440594062500004 0.4820544546875 0.43853135312499997 0.488242575 0.44471947187499994 0.495462046875 0.44368811875 0.501650165625 0.429249175 0.497524753125 0.40243399375 0.4820544546875 0.384900990625 0.46761551093750003 0.376650165625
1 0.7048267328125 0.446782178125 0.7110148515625 0.44265676562499995 0.7192656765625001 0.43646864687500003 0.7244224421875 0.429249175 0.7285478546874999 0.42099834999999997 0.7285478546874999 0.41068481874999996 0.7306105609375 0.40862211249999997 0.7285478546874999 0.4044967 0.7285478546874999 0.39418316875000003 0.7223597359375 0.38180693125 0.7048267328125 0.36633663437499997 0.6924504953125 0.362211221875 0.6738861390625 0.362211221875 0.6635726078124999 0.36633663437499997 0.6481023109375 0.38180693125 0.6439768984375001 0.39418316875000003 0.6439768984375001 0.41481023125 0.6522277234375 0.43131188125 0.6697607265625 0.446782178125 0.6759488453125 0.448844884375 0.6976072609374999 0.44781353125 0.7048267328125 0.446782178125
1 0.7739273921875001 0.36943069375 0.7584570953124999 0.3560231015625 0.7481435640625 0.35189768906249996 0.7316419140625 0.35189768906249996 0.7254537953125 0.3539603953125 0.7172029703125 0.360148515625 0.7099834984375 0.36943069375 0.7264851484375 0.38799505 0.7285478546874999 0.40037128749999995 0.7306105609375 0.40243399375 0.7285478546874999 0.4251237625 0.7357673265625 0.43028052812500006 0.7553630359375 0.429249175 0.7646452140625 0.426155115625 0.7759900984375 0.41481023125 0.7801155109375 0.40655940625 0.7801155109375 0.38180693125 0.7739273921875001 0.36943069375
2 0.4273927390625 0.34467821718749997 0.4284240921875 0.3477722765625 0.4387376234375 0.3477722765625 0.4408003296875 0.3498349828125 0.4469884484375 0.3498349828125 0.4573019796875 0.3560231015625 0.4603960390625 0.3549917484375 0.4624587453125 0.34674092343749996 0.47792904218750004 0.3312706265625 0.485148515625 0.3281765671875 0.47999174843750003 0.3209570953125 0.4634900984375 0.3147689765625 0.4511138609375 0.3168316828125 0.4346122109375 0.3271452140625 0.4273927390625 0.34467821718749997
2 0.39542079218750004 0.3127062703125 0.3861386140625 0.31992574218750003 0.3778877890625 0.3364273921875 0.3840759078125 0.34467821718749997 0.3840759078125 0.3488036296875 0.40160891093749995 0.364273928125 0.4047029703125 0.363242575 0.40985973593749997 0.3580858078125 0.4294554453125 0.34674092343749996 0.4294554453125 0.3364273921875 0.43358085781250005 0.3323019796875 0.43151815156250006 0.31992574218750003 0.4263613859375 0.3147689765625 0.4160478546875 0.3106435640625 0.39542079218750004 0.3127062703125
2 0.3964521453125 0.4044967 0.3964521453125 0.39418316875000003 0.3943894390625 0.39005775625 0.3964521453125 0.38799505 0.3964521453125 0.37768151875 0.40057755781250004 0.3714934 0.40057755781250004 0.36530528125 0.3912953796875 0.3539603953125 0.3830445546875 0.3498349828125 0.3603547859375 0.3477722765625 0.3479785484375 0.3539603953125 0.3386963703125 0.363242575 0.3325082515625 0.3756188125 0.3325082515625 0.39418316875000003 0.3459158421875 0.413778878125 0.3603547859375 0.41996699687500005 0.3737623765625 0.41893564375 0.3809818484375 0.417904290625 0.3943894390625 0.40862211249999997 0.3964521453125 0.4044967
2 0.4717409234375 0.3168316828125 0.47999174843750003 0.3209570953125 0.48617986875 0.3271452140625 0.5006188125000001 0.3271452140625 0.514026403125 0.3323019796875 0.516089109375 0.33023927343750004 0.514026403125 0.3137376234375 0.50268151875 0.3003300328125 0.49030528125000006 0.2962046203125 0.47586633593750005 0.2982673265625 0.4696782171875 0.30239273906249997 0.4603960390625 0.3137376234375 0.4634900984375 0.3168316828125 0.4717409234375 0.3168316828125
2 0.6532590765624999 0.3230198015625 0.6388201312499999 0.3168316828125 0.6243811874999999 0.3168316828125 0.61200495 0.3230198015625 0.602722771875 0.3343646859375 0.600660065625 0.34055280468750004 0.600660065625 0.35705445468749997 0.606848184375 0.36943069375 0.61406765625 0.376650165625 0.6243811874999999 0.382838284375 0.635726071875 0.3838696375 0.6470709578125 0.382838284375 0.6542904296875001 0.37355610625 0.6666666671875 0.363242575 0.6666666671875 0.34055280468750004 0.6625412546875 0.3323019796875 0.6532590765624999 0.3230198015625
2 0.33044554531250003 0.34055280468750004 0.319100659375 0.3292079203125 0.300536303125 0.3271452140625 0.294348184375 0.3292079203125 0.28300329999999996 0.34055280468750004 0.27887788750000003 0.3488036296875 0.279909240625 0.35189768906249996 0.290222771875 0.35189768906249996 0.292285478125 0.3498349828125 0.302599009375 0.35189768906249996 0.312912540625 0.3580858078125 0.32116336562500003 0.368399340625 0.324257425 0.3673679875 0.324257425 0.3591171609375 0.32632013125000003 0.35705445468749997 0.32632013125000003 0.3508663359375 0.33044554531250003 0.34674092343749996 0.33044554531250003 0.34055280468750004
2 0.22112211249999997 0.43131188125 0.21699670000000001 0.42099834999999997 0.205651815625 0.40965346562500005 0.195338284375 0.405528053125 0.185024753125 0.405528053125 0.172648515625 0.41171617187500004 0.15924092343750001 0.42718646875 0.1571782171875 0.43956270625 0.1551155109375 0.4416254125 0.1551155109375 0.45193894375 0.1571782171875 0.45400165000000003 0.1571782171875 0.46018976875 0.1705858078125 0.47566006562499996 0.182962046875 0.479785478125 0.192244225 0.47875412500000003 0.207714521875 0.471534653125 0.21493399375000002 0.462252475 0.22112211249999997 0.44781353125 0.22112211249999997 0.43131188125