1 0.550041528125 0.42275747499999994 0.5625 0.42898671093749996 0.5801495015625 0.44455980000000006 0.5884551499999999 0.46117109687499996 0.5905315609375 0.47362956875 0.5936461796875 0.4767441859375 0.6019518265625 0.4767441859375 0.6164867109375 0.47051495 0.6279069765624999 0.459094684375 0.6341362125 0.44871262500000003 0.636212625 0.43417774062500003 0.6382890359375 0.432101328125 0.6382890359375 0.41964285781250005 0.636212625 0.4175664453125 0.6341362125 0.40510797343749994 0.621677740625 0.386420265625 0.6081810625 0.3770764125 0.595722590625 0.3729235875 0.572882059375 0.3729235875 0.5666528234375 0.375 0.5448504984375 0.3926495015625 0.5365448500000001 0.4071843859375 0.53550664375 0.4144518265625 0.5344684390625 0.4175664453125 0.53758305625 0.42068106250000004 0.550041528125 0.42275747499999994
1 0.4700996671875 0.504775746875 0.478405315625 0.51931063125 0.4981312296875 0.5369601328125 0.5147425250000001 0.54318936875 0.5438122921875 0.54318936875 0.5666528234375 0.532807309375 0.584302325 0.5130813953125 0.5926079734374999 0.4881644515625 0.5905315609375 0.4674003328125 0.5801495015625 0.44455980000000006 0.5625 0.42898671093749996 0.53965946875 0.42068106250000004 0.5209717609375 0.42068106250000004 0.5188953484375001 0.42275747499999994 0.5126661125 0.42275747499999994 0.48982558125000003 0.435215946875 0.47632890312500004 0.45078903593749997 0.4690614625 0.47259136249999995 0.46802325624999996 0.49647009999999997 0.4700996671875 0.4985465109375 0.4700996671875 0.504775746875
1 0.5791112953125 0.7549833890625 0.58741694375 0.7591362125 0.5936461796875 0.761212625 0.6102574749999999 0.761212625 0.6164867109375 0.7591362125 0.6310215953125 0.7508305640625 0.6382890359375 0.7394102984375001 0.6403654484375 0.720722590625 0.6382890359375 0.71449335625 0.6289451828125 0.700996678125 0.620639534375 0.6968438531250001 0.6144102984375001 0.6947674421875 0.5936461796875 0.6947674421875 0.5832641203125 0.700996678125 0.5791112953125 0.700996678125 0.5718438531250001 0.7082641203125 0.5687292359375 0.7155315609375 0.5676910296875 0.7394102984375001 0.5718438531250001 0.747715946875 0.5791112953125 0.7549833890625
1 0.624792359375 0.8027408640625 0.6351744187499999 0.798588040625 0.644518271875 0.7913205984375 0.6507475078125 0.7788621265625 0.6507475078125 0.7705564781249999 0.6434800671875001 0.7591362125 0.6289451828125 0.761212625 0.6268687703125 0.7632890359375 0.599875415625 0.761212625 0.5946843859375 0.7684800671875001 0.5936461796875 0.7757475078125 0.5946843859375 0.7892441859375 0.6061046515624999 0.8006644515625 0.624792359375 0.8027408640625
1 0.4482973421875 0.9605481734374999 0.4607558140625 0.964700996875 0.4815199328125 0.964700996875 0.48774916875 0.9626245843750001 0.4981312296875 0.9563953484375001 0.503322259375 0.94912790625 0.503322259375 0.9345930234375001 0.49190199375 0.9231727578125 0.47944352187500006 0.916943521875 0.4482973421875 0.916943521875 0.4389534890625 0.9221345515625 0.4337624578125 0.9314784046875 0.43272425312499996 0.9449750828125 0.4348006640625 0.94912790625 0.4482973421875 0.9605481734374999
1 0.679817275 0.7082641203125 0.679817275 0.71449335625 0.68293189375 0.7196843859375 0.6912375421875 0.7196843859375 0.6995431890625 0.7155315609375 0.70888704375 0.7041112953125 0.70888704375 0.6895764125 0.7016196015625 0.6802325578125 0.697466778125 0.6781561468749999 0.6787790703125001 0.6802325578125 0.668397009375 0.6926910296875 0.6673588046875001 0.6958056484374999 0.6756644515625 0.702034884375 0.679817275 0.7082641203125
1 0.68085548125 0.578488371875 0.6912375421875 0.5826411953124999 0.7016196015625 0.5826411953124999 0.7120016609375 0.578488371875 0.721345515625 0.56914451875 0.7234219265624999 0.554609634375 0.7254983390625 0.552533221875 0.721345515625 0.5400747515625001 0.716154484375 0.5348837203125 0.7130398671875 0.5421511625 0.7016196015625 0.5535714281249999 0.693313953125 0.557724253125 0.6746262453125 0.557724253125 0.668397009375 0.5556478406250001 0.6673588046875001 0.5587624578125 0.673588040625 0.5712209296874999 0.68085548125 0.578488371875
1 0.7099252484374999 0.5950996671875 0.7120016609375 0.5971760796875001 0.7244601328125 0.59302325625 0.7358803984375 0.5795265781250001 0.7358803984375 0.5608388703125 0.7338039859375 0.556686046875 0.7265365453125 0.5514950171875 0.7234219265624999 0.554609634375 0.721345515625 0.56914451875 0.7120016609375 0.578488371875 0.7036960140625 0.5826411953124999 0.695390365625 0.5826411953124999 0.6943521593749999 0.5857558140625 0.7036960140625 0.5950996671875 0.7099252484374999 0.5950996671875
1 0.6538621265625 0.4684385375 0.6663205984375 0.4746677734375 0.6746262453125 0.482973421875 0.68293189375 0.482973421875 0.6964285718750001 0.47155315625 0.7005813953125 0.4653239203125 0.70473421875 0.44455980000000006 0.7005813953125 0.432101328125 0.6891611296875 0.4186046515625 0.6787790703125001 0.412375415625 0.6642441859375 0.410299003125 0.647632890625 0.4165282390625 0.6382890359375 0.42587209374999996 0.636212625 0.44455980000000006 0.6310215953125 0.4559800671875 0.6299833890625 0.46117109687499996 0.63725083125 0.4684385375 0.6538621265625 0.4684385375
1 0.7223837203125 0.412375415625 0.7348421921875 0.412375415625 0.7431478406250001 0.408222590625 0.7524916937499999 0.3947259140625 0.7524916937499999 0.3801910296875 0.7504152828125 0.37603820625 0.7348421921875 0.362541528125 0.7223837203125 0.362541528125 0.7140780734375001 0.36669435156249996 0.7057724249999999 0.3770764125 0.70473421875 0.396802325 0.7120016609375 0.4061461796875 0.7223837203125 0.412375415625
1 0.6268687703125 0.2275747515625 0.6393272421875 0.2338039859375 0.6600913625 0.2338039859375 0.668397009375 0.2296511625 0.6818936875 0.21615448437499998 0.6860465109375 0.205772425 0.6860465109375 0.1912375421875 0.6777408640625 0.1767026578125 0.6642441859375 0.16528239218750002 0.6538621265625 0.16112956875 0.6351744187499999 0.16112956875 0.622715946875 0.1673588046875 0.61337209375 0.1767026578125 0.6102574749999999 0.1860465109375 0.60921926875 0.2078488375 0.61129568125 0.2120016609375 0.6268687703125 0.2275747515625
0 0.5095514953125 0.3220514953125 0.5313538203125 0.34800664375 0.5562707640625 0.3583887046875 0.5708056484374999 0.3583887046875 0.5936461796875 0.35008305625 0.61129568125 0.3324335546875 0.6175249171875 0.317898671875 0.6175249171875 0.288828903125 0.61129568125 0.2742940203125 0.599875415625 0.2607973421875 0.5936461796875 0.25664451875 0.5708056484374999 0.24833887031250002 0.5541943515625001 0.24833887031250002 0.5458887046875 0.25249169375 0.53965946875 0.25249169375 0.53550664375 0.25664451875 0.5313538203125 0.25664451875 0.525124584375 0.2607973421875 0.51578073125 0.2701411953125 0.5095514953125 0.2825996671875 0.5085132890625 0.289867109375 0.5074750828125 0.3095930234375 0.5095514953125 0.31166943593749996 0.5095514953125 0.3220514953125
0 0.6164867109375 0.5390365453125 0.63725083125 0.5494186046875 0.6621677734375 0.54526578125 0.6777408640625 0.529692690625 0.6839701 0.5151578078125 0.6839701 0.5006229234374999 0.6777408640625 0.486088040625 0.6663205984375 0.4746677734375 0.6517857140625 0.4684385375 0.6393272421875 0.4684385375 0.620639534375 0.4767441859375 0.61129568125 0.486088040625 0.6061046515624999 0.49958471718749997 0.6050664453125 0.51723421875 0.61129568125 0.531769103125 0.6164867109375 0.5390365453125
0 0.6497093015625001 0.7549833890625 0.6590531562499999 0.745639534375 0.6632059796875 0.7373338875 0.6632059796875 0.7269518265625 0.6590531562499999 0.7165697671875 0.6517857140625 0.709302325 0.6393272421875 0.7051495015625 0.6341362125 0.7061877078125 0.6403654484375 0.722799003125 0.636212625 0.7435631234375 0.624792359375 0.7549833890625 0.6164867109375 0.7591362125 0.6164867109375 0.7632890359375 0.6351744187499999 0.761212625 0.6497093015625001 0.7549833890625
0 0.3413621265625 0.8141611296875 0.3517441859375 0.8328488374999999 0.3631644515625 0.842192690625 0.39431063125 0.8546511625000001 0.4233803984375 0.8546511625000001 0.4337624578125 0.8484219265625 0.43791528281250003 0.8484219265625 0.4493355484375 0.8390780734375 0.45764119531249997 0.8286960140625 0.46179402031250005 0.8183139531249999 0.46179402031250005 0.7996262453125 0.451411959375 0.7788621265625 0.4337624578125 0.761212625 0.40884551562500004 0.7508305640625 0.3776993359375 0.7508305640625 0.359011628125 0.7570598000000001 0.34343853750000003 0.7788621265625 0.34032392031250003 0.7923588046875001 0.33928571406249997 0.8058554812500001 0.3413621265625 0.80793189375 0.3413621265625 0.8141611296875
0 0.73276578125 0.49543189375 0.7462624578125 0.486088040625 0.7504152828125 0.47570597968749995 0.7504152828125 0.46947674375000004 0.7410714281249999 0.45182724218750003 0.73276578125 0.44767441874999997 0.7223837203125 0.44767441874999997 0.717192690625 0.45078903593749997 0.719269103125 0.47362956875 0.7140780734375001 0.485049834375 0.7130398671875 0.4881644515625 0.720307309375 0.49543189375 0.73276578125 0.49543189375
2 0.693313953125 0.557724253125 0.7016196015625 0.5535714281249999 0.7130398671875 0.5421511625 0.717192690625 0.531769103125 0.717192690625 0.52138704375 0.7130398671875 0.5089285718750001 0.7016196015625 0.49958471718749997 0.6850083062500001 0.49958471718749997 0.6839701 0.5130813953125 0.679817275 0.5255398671875 0.6642441859375 0.54318936875 0.6632059796875 0.5483803984375 0.6746262453125 0.557724253125 0.693313953125 0.557724253125
2 0.695390365625 0.49958471718749997 0.7057724249999999 0.49335548124999995 0.717192690625 0.47985880468750003 0.719269103125 0.47362956875 0.719269103125 0.459094684375 0.7151162796875 0.44871262500000003 0.7057724249999999 0.4393687703125 0.7026578078125 0.4424833890625 0.70473421875 0.44455980000000006 0.70473421875 0.45078903593749997 0.7026578078125 0.4528654484375 0.7005813953125 0.4653239203125 0.6891611296875 0.47882059843749997 0.6787790703125001 0.482973421875 0.6777408640625 0.4881644515625 0.6850083062500001 0.49958471718749997 0.695390365625 0.49958471718749997
2 0.717192690625 0.5359219265624999 0.7244601328125 0.54526578125 0.73276578125 0.54318936875 0.7379568109375 0.5379983390625 0.742109634375 0.5276162796875 0.740033221875 0.5110049828125 0.73276578125 0.5016611296875 0.7244601328125 0.49750830625000003 0.7120016609375 0.49750830625000003 0.7078488375 0.5016611296875 0.70681063125 0.5026993359375 0.7151162796875 0.5130813953125 0.717192690625 0.5359219265624999
2 0.7036960140625 0.6449335546875 0.7140780734375001 0.6449335546875 0.7223837203125 0.64078073125 0.7317275750000001 0.6314368765625 0.7338039859375 0.6210548171875 0.72861295625 0.6075581390625 0.716154484375 0.601328903125 0.7099252484374999 0.601328903125 0.7036960140625 0.603405315625 0.6943521593749999 0.61274916875 0.6912375421875 0.6220930234375001 0.6901993359375 0.6314368765625 0.697466778125 0.64078073125 0.7036960140625 0.6449335546875
2 0.6590531562499999 0.7165697671875 0.6632059796875 0.7269518265625 0.6611295687500001 0.7394102984375001 0.6642441859375 0.7425249171875 0.6777408640625 0.7311046515624999 0.679817275 0.724875415625 0.679817275 0.7082641203125 0.672549834375 0.698920265625 0.6642441859375 0.6947674421875 0.647632890625 0.6947674421875 0.6351744187499999 0.700996678125 0.6351744187499999 0.7051495015625 0.647632890625 0.7072259140625 0.6590531562499999 0.7165697671875
2 0.6912375421875 0.7425249171875 0.7016196015625 0.73629568125 0.70681063125 0.7269518265625 0.70473421875 0.71449335625 0.7016196015625 0.7134551499999999 0.6891611296875 0.7196843859375 0.68293189375 0.7176079734374999 0.672549834375 0.73629568125 0.671511628125 0.7394102984375001 0.6767026578124999 0.7425249171875 0.6912375421875 0.7425249171875
2 0.693313953125 0.2338039859375 0.7078488375 0.2338039859375 0.716154484375 0.2296511625 0.7254983390625 0.220307309375 0.7275747515625001 0.2140780734375 0.7234219265624999 0.195390365625 0.7120016609375 0.1839701 0.7036960140625 0.179817275 0.6870847171875 0.179817275 0.68293189375 0.18189368749999998 0.6818936875 0.18500830625 0.6860465109375 0.1912375421875 0.6860465109375 0.2078488375 0.6787790703125001 0.22134551562500002 0.6777408640625 0.2223837203125 0.6870847171875 0.231727575 0.693313953125 0.2338039859375