2 0.5788306453125001 0.21577620937500003 0.576814515625 0.21376008125 0.5586693546875 0.21376008125 0.5566532265624999 0.21577620937500003 0.5364919359375 0.21577620937500003 0.53447580625 0.21376008125 0.4901209671875 0.21376008125 0.483064515625 0.224848790625 0.4810483875 0.2369455640625 0.47903225781250003 0.23896169375 0.47903225781250003 0.2651713703125 0.4810483875 0.2671875 0.483064515625 0.2792842734375 0.4991935484375 0.30751008125 0.514314515625 0.3226310484375 0.5385080640625 0.33674395156250003 0.5586693546875 0.340776209375 0.560685484375 0.3427923390625 0.6010080640625 0.3427923390625 0.6030241937499999 0.340776209375 0.617137096875 0.33876008125 0.6332661296875 0.3306955640625 0.6524193546875 0.31355846718749997 0.6665322578125 0.28936491875 0.670564515625 0.2772681453125 0.6725806453125001 0.24702620937500003 0.670564515625 0.24501008125 0.670564515625 0.2369455640625 0.6665322578125 0.224848790625 0.6625 0.2167842734375 0.6584677421875 0.21476814531250002 0.6332661296875 0.21376008125 0.6292338703125 0.21577620937500003 0.6272177421875 0.21376008125 0.6010080640625 0.21376008125 0.59697580625 0.21577620937500003 0.5949596781250001 0.21376008125 0.5848790328125 0.21376008125 0.5788306453125001 0.21577620937500003
2 0.4225806453125 0.571622984375 0.4185483875 0.5776713703125 0.41653225781250003 0.5978326609375 0.4245967734375 0.6179939515624999 0.4336693546875 0.6270665328125 0.451814515625 0.6351310484375 0.46391129062500003 0.6351310484375 0.48407258124999997 0.6270665328125 0.49112903281250003 0.62001008125 0.4991935484375 0.6038810484375 0.4991935484375 0.5857358875 0.49112903281250003 0.5696068546874999 0.48004032187499995 0.5585181453125 0.46592741875000004 0.5524697578125 0.454838709375 0.55146169375 0.4457661296875 0.5524697578125 0.4377016125 0.556502015625 0.4225806453125 0.571622984375
2 0.4991935484375 0.5958165328125 0.49717741875000004 0.6099294359375 0.49314516093750005 0.6179939515624999 0.4870967734375 0.6240423390625 0.489112903125 0.6361391125 0.49516129062500003 0.6462197578125 0.50625 0.6552923390625 0.5163306453125001 0.659324596875 0.5364919359375 0.6573084671875 0.5445564515625 0.653276209375 0.5556451609375 0.6442036296875 0.5616935484375001 0.6321068546874999 0.5616935484375001 0.6119455640625 0.557661290625 0.6038810484375 0.54657258125 0.590776209375 0.5375 0.5857358875 0.5122983875 0.5847278218749999 0.5042338703125 0.58876008125 0.4991935484375 0.5958165328125
2 0.670564515625 0.6744455640625 0.6685483875 0.6804939515624999 0.6685483875 0.696622984375 0.6776209671875 0.70771169375 0.6816532265624999 0.7097278218749999 0.6997983875 0.7097278218749999 0.7129032265624999 0.6986391125 0.7149193546875 0.6946068546874999 0.716935484375 0.6804939515624999 0.7129032265624999 0.6704133062500001 0.7038306453125001 0.6633568546874999 0.698790321875 0.6623487906250001 0.6897177421875 0.6613407265625 0.6836693546875 0.6633568546874999 0.670564515625 0.6744455640625
1 0.5556451609375 0.6442036296875 0.5485887093749999 0.65126008125 0.5364919359375 0.6573084671875 0.5173387093749999 0.6603326609375 0.52842741875 0.6734375 0.5405241937499999 0.6794858875 0.5566532265624999 0.6794858875 0.5627016125 0.6754536296875 0.5667338703125 0.6754536296875 0.5798387093749999 0.6623487906250001 0.5838709671875 0.6542842734375001 0.5838709671875 0.6361391125 0.5798387093749999 0.628074596875 0.5697580640625 0.6179939515624999 0.5616935484375001 0.6179939515624999 0.5616935484375001 0.6321068546874999 0.5556451609375 0.6442036296875
1 0.6443548390625 0.684526209375 0.64032258125 0.6925907265625 0.64032258125 0.7046875 0.6493951609375 0.715776209375 0.6614919359375 0.7238407265625 0.6776209671875 0.7258568546874999 0.685685484375 0.721824596875 0.6927419359375 0.712752015625 0.6897177421875 0.7097278218749999 0.6776209671875 0.70771169375 0.670564515625 0.7006552421875 0.6685483875 0.696622984375 0.6685483875 0.6804939515624999 0.670564515625 0.6744455640625 0.65947580625 0.6734375 0.65342741875 0.6754536296875 0.6443548390625 0.684526209375
1 0.8479838703125001 0.60186491875 0.8479838703125001 0.605897178125 0.8439516125000001 0.6099294359375 0.8399193546875001 0.62001008125 0.8399193546875001 0.6381552421875 0.84697580625 0.6492439515624999 0.8570564515625 0.6552923390625 0.8691532265624999 0.6552923390625 0.88125 0.6492439515624999 0.8883064515625 0.6421875 0.8943548390625 0.628074596875 0.8943548390625 0.6119455640625 0.8923387093749999 0.605897178125 0.8832661296875 0.596824596875 0.876209678125 0.593800403125 0.8610887093749999 0.5927923390625 0.8530241937499999 0.596824596875 0.8479838703125001 0.60186491875
1 0.7995967734375 0.6542842734375001 0.795564515625 0.6583165328125 0.7935483875 0.67646169375 0.795564515625 0.68251008125 0.8026209671875 0.6895665328125 0.81875 0.6915826609375 0.8247983874999999 0.6895665328125 0.8358870968750001 0.6784778218749999 0.8399193546875001 0.668397178125 0.8399193546875001 0.6603326609375 0.8338709671875 0.6482358875 0.8278225812500001 0.6442036296875 0.810685484375 0.6431955640625 0.8016129031249999 0.6482358875 0.7995967734375 0.6542842734375001
1 0.9185483874999999 0.6240423390625 0.9125 0.6361391125 0.9145161296875 0.6583165328125 0.9195564515625 0.6633568546874999 0.9296370968750001 0.665372984375 0.9377016125000001 0.6613407265625 0.948790321875 0.6482358875 0.9508064515625 0.6321068546874999 0.948790321875 0.6260584671875 0.94072580625 0.6179939515624999 0.9276209671875 0.6169858875 0.9235887093749999 0.619002015625 0.9185483874999999 0.6240423390625
1 0.8883064515625 0.6462197578125 0.8903225812500001 0.6482358875 0.8903225812500001 0.6663810484375 0.8842741937499999 0.6744455640625 0.8842741937499999 0.6784778218749999 0.889314515625 0.681502015625 0.901411290625 0.6794858875 0.9125 0.668397178125 0.9145161296875 0.6522681453125 0.9125 0.650252015625 0.9125 0.6421875 0.9064516125000001 0.6361391125 0.8933467734375 0.6351310484375 0.8883064515625 0.6401713703125 0.8883064515625 0.6462197578125
1 0.8691532265624999 0.6552923390625 0.8489919359375 0.653276209375 0.8459677421875 0.6603326609375 0.8459677421875 0.6663810484375 0.85 0.67646169375 0.8590725812500001 0.6835181453125 0.873185484375 0.6835181453125 0.8832661296875 0.6774697578125 0.8883064515625 0.6724294359375 0.8903225812500001 0.6603326609375 0.8923387093749999 0.6583165328125 0.8883064515625 0.6442036296875 0.8872983874999999 0.6431955640625 0.8792338703125001 0.65126008125 0.8691532265624999 0.6552923390625
1 0.8399193546875001 0.6704133062500001 0.8338709671875 0.684526209375 0.84092741875 0.6935987906250001 0.8530241937499999 0.69561491875 0.8590725812500001 0.6935987906250001 0.8661290328125 0.684526209375 0.855040321875 0.6794858875 0.8479838703125001 0.6724294359375 0.8479838703125001 0.6542842734375001 0.844959678125 0.653276209375 0.8399193546875001 0.6583165328125 0.8399193546875001 0.6704133062500001
2 0.779435484375 0.668397178125 0.7754032265624999 0.67646169375 0.7754032265624999 0.6925907265625 0.7804435484375001 0.699647178125 0.7864919359375 0.7036794359375 0.8006048390625 0.7036794359375 0.8116935484375001 0.6946068546874999 0.810685484375 0.6915826609375 0.8026209671875 0.6895665328125 0.795564515625 0.68251008125 0.7935483875 0.6663810484375 0.795564515625 0.6603326609375 0.7905241937499999 0.659324596875 0.7864919359375 0.6613407265625 0.779435484375 0.668397178125
1 0.795564515625 0.7046875 0.8026209671875 0.7097278218749999 0.8127016125000001 0.7097278218749999 0.8167338703125001 0.70771169375 0.8258064515625 0.6986391125 0.8278225812500001 0.6885584671875 0.8127016125000001 0.6915826609375 0.8066532265624999 0.699647178125 0.795564515625 0.7046875