2 0.66875 0.415625 0.04375 0.04375
2 0.6796875 0.4609375 0.0484375 0.046875
2 0.490625 0.409375 0.05 0.05
2 0.2859375 0.3984375 0.053125 0.05
1 0.3015625 0.4484375 0.05 0.0484375
1 0.484375 0.4546875 0.046875 0.05
2 0.6467563296875001 0.48991297500000003 0.6487341765625 0.49584651874999996 0.64378955625 0.49683544375000005 0.6388449359374999 0.5017800640625001 0.6388449359374999 0.505735759375 0.6428006328125 0.5176028484375 0.6517009500000001 0.5265031640625 0.6556566453125 0.5284810125 0.673457278125 0.5284810125 0.686313290625 0.5176028484375 0.6882911390625 0.5136471515625 0.6882911390625 0.5017800640625001 0.6853243671875 0.49881329062499996 0.653678796875 0.49881329062499996 0.653678796875 0.49683544375000005 0.686313290625 0.49584651874999996 0.677412975 0.4849683546875 0.667523734375 0.48101265781249997 0.6625791140625 0.48200158281250005 0.6517009500000001 0.4849683546875 0.6467563296875001 0.48991297500000003
2 0.2551424046875 0.4879351265625 0.2551424046875 0.49980221562500005 0.2590981015625 0.5077136078125 0.27195411406250003 0.5166139234375 0.27986550625 0.5166139234375 0.2818433546875 0.5185917718749999 0.2917325953125 0.5166139234375 0.30656645625 0.5037579109375 0.30854430312500003 0.49980221562500005 0.30854430312500003 0.4879351265625 0.3045886078125 0.485957278125 0.3045886078125 0.47804588593749997 0.295688290625 0.47112341718749995 0.289754746875 0.46914557031250004 0.27492088593749997 0.47013449375 0.27492088593749997 0.480023734375 0.276898734375 0.48200158281250005 0.2581091765625 0.48299050625 0.2551424046875 0.4879351265625
1 0.6467563296875001 0.48991297500000003 0.6487341765625 0.49584651874999996 0.64378955625 0.49683544375000005 0.6388449359374999 0.5017800640625001 0.6388449359374999 0.505735759375 0.6428006328125 0.5176028484375 0.6517009500000001 0.5265031640625 0.6556566453125 0.5284810125 0.673457278125 0.5284810125 0.686313290625 0.5176028484375 0.6882911390625 0.505735759375 0.6902689875 0.5037579109375 0.6853243671875 0.49881329062499996 0.653678796875 0.49881329062499996 0.653678796875 0.49683544375000005 0.686313290625 0.49584651874999996 0.677412975 0.4849683546875 0.667523734375 0.48101265781249997 0.6625791140625 0.48200158281250005 0.6517009500000001 0.4849683546875 0.6467563296875001 0.48991297500000003
1 0.6823575953125001 0.4978243671875 0.6853243671875 0.49683544375000005 0.686313290625 0.4938686703125 0.677412975 0.4849683546875 0.6754351265625 0.4849683546875 0.673457278125 0.48299050625 0.6695015828125 0.48299050625 0.667523734375 0.48101265781249997 0.6625791140625 0.48200158281250005 0.661590190625 0.48299050625 0.6556566453125 0.48299050625 0.6487341765625 0.4879351265625 0.6487341765625 0.48991297500000003 0.6467563296875001 0.4918908234375 0.6487341765625 0.4938686703125 0.6487341765625 0.4978243671875 0.640822784375 0.49980221562500005 0.640822784375 0.5136471515625 0.6428006328125 0.515625 0.6428006328125 0.5176028484375 0.6517009500000001 0.5265031640625 0.653678796875 0.5265031640625 0.6556566453125 0.5284810125 0.673457278125 0.5284810125 0.6754351265625 0.5265031640625 0.677412975 0.5265031640625 0.686313290625 0.5176028484375 0.686313290625 0.515625 0.6882911390625 0.5136471515625 0.6882911390625 0.5017800640625001 0.6823575953125001 0.4978243671875
1 0.6853243671875 0.49881329062499996 0.687333903125 0.49860900625 0.6818497359375 0.498475246875 0.685862540625 0.49713764375 0.6853243671875 0.49683544375000005 0.686313290625 0.4938686703125 0.677412975 0.4849683546875 0.6754351265625 0.4849683546875 0.673457278125 0.48299050625 0.6695015828125 0.48299050625 0.667523734375 0.48101265781249997 0.660601265625 0.48200158281250005 0.6517009500000001 0.4849683546875 0.6467563296875001 0.48991297500000003 0.6467563296875001 0.4938686703125 0.6487341765625 0.49584651874999996 0.641811709375 0.49881329062499996 0.6388449359374999 0.5017800640625001 0.6388449359374999 0.505735759375 0.640822784375 0.5077136078125 0.640822784375 0.5136471515625 0.6428006328125 0.515625 0.6428006328125 0.5176028484375 0.6517009500000001 0.5265031640625 0.653678796875 0.5265031640625 0.6556566453125 0.5284810125 0.673457278125 0.5284810125 0.6754351265625 0.5265031640625 0.677412975 0.5265031640625 0.686313290625 0.5176028484375 0.686313290625 0.515625 0.6882911390625 0.5136471515625 0.6882911390625 0.5017800640625001 0.6853243671875 0.49881329062499996
1 0.1015625 0.3921875 0.059375 0.046875
2 0.0890625 0.440625 0.05625 0.04375
3 0.8453125 0.446875 0.0828125 0.1265625
3 0.675 0.4453125 0.0796875 0.121875
3 0.4921875 0.440625 0.0703125 0.128125
3 0.2890625 0.4234375 0.0890625 0.1484375
3 0.0921875 0.4171875 0.0890625 0.128125