2 0.33866279062500004 0.40863787343749997 0.317898671875 0.40863787343749997 0.30440199375 0.42005813906249995 0.30024916875 0.42836378750000004 0.30024916875 0.4449750828125 0.30232558125 0.45120431875 0.31166943593749996 0.4605481734375 0.3199750828125 0.464700996875 0.3345099671875 0.464700996875 0.3428156140625 0.4605481734375 0.35215946875 0.45328073125 0.3552740859375 0.44393687656249997 0.3563122921875 0.43044019999999994 0.35008305625 0.417981728125 0.33866279062500004 0.40863787343749997
2 0.31374584687499996 0.271594684375 0.2992109640625 0.273671096875 0.289867109375 0.2850913625 0.289867109375 0.297549834375 0.2971345515625 0.3068936875 0.30128737499999997 0.30897009999999997 0.315822259375 0.3068936875 0.32620431875 0.29443521562499997 0.327242525 0.2850913625 0.3230897015625 0.27678571406249997 0.31374584687499996 0.271594684375
2 0.3095930234375 0.1947674421875 0.30024916875 0.2061877078125 0.30440199375 0.21864617968750003 0.3095930234375 0.221760796875 0.317898671875 0.221760796875 0.32828073125 0.21345515 0.32931893749999996 0.202034884375 0.32412790625 0.1947674421875 0.3095930234375 0.1947674421875
2 0.30232558125 0.21034053125000002 0.2992109640625 0.2072259140625 0.291943521875 0.21449335625 0.291943521875 0.222799003125 0.2950581390625 0.22799003281250002 0.2992109640625 0.2300664453125 0.3095930234375 0.2300664453125 0.317898671875 0.22383720937499998 0.317898671875 0.221760796875 0.3054402 0.2196843859375 0.30232558125 0.21034053125000002
2 0.2867524921875 0.269518271875 0.28052325625 0.271594684375 0.27117940156250003 0.28301495 0.2732558140625 0.29547342187500003 0.2825996671875 0.3006644515625 0.288828903125 0.298588040625 0.289867109375 0.28301495 0.2950581390625 0.27782392031250003 0.2950581390625 0.271594684375 0.288828903125 0.271594684375 0.2867524921875 0.269518271875
2 0.3822674421875 0.0847176078125 0.3677325578125 0.0847176078125 0.360465115625 0.09198505 0.3583887046875 0.0982142859375 0.361503321875 0.10548172812500001 0.3698089703125 0.10963455156249999 0.37603820625 0.10963455156249999 0.388496678125 0.10132890312500001 0.389534884375 0.09198505 0.386420265625 0.0867940203125 0.3822674421875 0.0847176078125
2 0.449993078125 0 0.45182724218750003 0.0110049828125 0.4632475078125 0.0161960140625 0.4777823921875 0.0141196015625 0.486088040625 0.007890365625 0.486964746875 0 0.449993078125 0
1 0.290905315625 0.3006644515625 0.2825996671875 0.3006644515625 0.27117940156250003 0.30793189375 0.269102990625 0.31208471718749997 0.269102990625 0.3266196015625 0.27844684375 0.33388704375 0.2867524921875 0.33388704375 0.292981728125 0.33181063125 0.30024916875 0.3245431890625 0.30128737499999997 0.319352159375 0.30232558125 0.3141611296875 0.30024916875 0.31000830625 0.290905315625 0.3006644515625
1 0.269102990625 0.3266196015625 0.26702657812499997 0.322466778125 0.269102990625 0.318313953125 0.26806478437500003 0.3151993359375 0.2628737546875 0.318313953125 0.2587209296875 0.3266196015625 0.2607973421875 0.32869601406250004 0.2607973421875 0.3349252484375 0.265988371875 0.3401162796875 0.2701411953125 0.342192690625 0.28052325625 0.342192690625 0.2867524921875 0.3359634546875 0.2867524921875 0.33388704375 0.28052325625 0.33388704375 0.269102990625 0.3266196015625
1 0.2473006640625 0.5768272421875 0.24107142812500001 0.5768272421875 0.23588039843750003 0.5799418609375 0.2296511625 0.5903239203124999 0.2296511625 0.5986295687500001 0.23691860468749998 0.610049834375 0.2493770765625 0.6121262453125 0.2556063125 0.610049834375 0.2618355484375 0.6038205984375 0.2628737546875 0.5882475078125 0.2556063125 0.5809800671875001 0.2473006640625 0.5768272421875
1 0.2587209296875 0.702450165625 0.25352990000000003 0.6972591359375 0.24107142812500001 0.6993355484375 0.23588039843750003 0.706602990625 0.23588039843750003 0.71698505 0.2379568109375 0.7211378734375 0.2493770765625 0.730481728125 0.257682725 0.730481728125 0.263911959375 0.726328903125 0.264950165625 0.7211378734375 0.2587209296875 0.7128322265625 0.2587209296875 0.702450165625
1 0.243147840625 0.730481728125 0.2379568109375 0.73774916875 0.2379568109375 0.750207640625 0.243147840625 0.753322259375 0.24418604687499998 0.7439784046875 0.2514534890625 0.7367109640625 0.2597591359375 0.7346345515625 0.2607973421875 0.7335963453125001 0.257682725 0.730481728125 0.243147840625 0.730481728125
2 0.2867524921875 0.6889534890625 0.2742940203125 0.6868770765625001 0.265988371875 0.6910299 0.2587209296875 0.7003737546875 0.2587209296875 0.7128322265625 0.264950165625 0.7232142859375 0.2722176078125 0.728405315625 0.28467607968749997 0.730481728125 0.290905315625 0.728405315625 0.30024916875 0.7211378734375 0.30128737499999997 0.71802325625 0.30232558125 0.706602990625 0.2981727578125 0.6982973421875001 0.2867524921875 0.6889534890625
2 0.2597591359375 0.7346345515625 0.2556063125 0.7346345515625 0.24418604687499998 0.7439784046875 0.24418604687499998 0.7564368765625 0.2514534890625 0.76578073125 0.263911959375 0.7699335546875 0.2701411953125 0.7678571421875 0.27637043125 0.76162790625 0.2774086375 0.750207640625 0.2722176078125 0.7408637875 0.2597591359375 0.7346345515625