1 0.424720446875 0.902955271875 0.44868210937499997 0.9109424921875 0.46465655000000006 0.9089456874999999 0.48063099062500003 0.9009584671875001 0.485623003125 0.895966453125 0.49161341875 0.8799920125 0.48761980781250003 0.8660143765624999 0.474640575 0.85303514375 0.4606629390625 0.847044728125 0.4506789140625 0.847044728125 0.44868210937499997 0.8450479234375001 0.44668530312500004 0.847044728125 0.4347044734375 0.847044728125 0.4207268375 0.85303514375 0.41373801875 0.8600239609375 0.41074281093750004 0.8670127796875 0.409744409375 0.885982428125 0.4117412140625 0.8899760390625 0.424720446875 0.902955271875
1 0.5085862624999999 0.7971246 0.5185702875 0.8011182109374999 0.5325479234375 0.8011182109374999 0.534544728125 0.79912140625 0.546525559375 0.7971246 0.563498403125 0.7821485625 0.563498403125 0.7781549515624999 0.5674920125 0.7721645374999999 0.5674920125 0.7621805109374999 0.561501596875 0.7482028749999999 0.552515975 0.739217253125 0.5425319484375 0.7352236421875 0.5185702875 0.7352236421875 0.5085862624999999 0.739217253125 0.49361022343750005 0.754193290625 0.490615015625 0.7631789140625 0.48961661406249996 0.77016773125 0.497603834375 0.788138978125 0.5085862624999999 0.7971246
1 0.5185702875 0.8370607031249999 0.5265575078125 0.8410543125000001 0.5485223640625 0.8410543125000001 0.556509584375 0.8370607031249999 0.563498403125 0.832068690625 0.5714856234375 0.8180910546875 0.5714856234375 0.810103834375 0.5674920125 0.8021166140625 0.5625 0.7951277953125 0.5545127796875 0.7911341859375 0.5325479234375 0.8011182109374999 0.5185702875 0.8011182109374999 0.5145766765625 0.79912140625 0.5085862624999999 0.8071086265625 0.507587859375 0.8220846640625 0.5115814703125 0.8300718843749999 0.5185702875 0.8370607031249999
1 0.6194089453125 0.117212459375 0.6263977640625 0.1222044734375 0.6323881796874999 0.1222044734375 0.6373801921875 0.117212459375 0.639376996875 0.11122204531249999 0.6373801921875 0.10922523906249999 0.6373801921875 0.097244409375 0.6263977640625 0.08626198125 0.612420128125 0.0822683703125 0.611421725 0.08526357812499999 0.6194089453125 0.097244409375 0.6194089453125 0.117212459375
1 0.5964456874999999 0.07428114999999999 0.6104233234375 0.0822683703125 0.617412140625 0.0772763578125 0.6214057515625 0.07128594218749999 0.6214057515625 0.0613019171875 0.6104233234375 0.046325878125 0.5944488812500001 0.0403354625 0.5974440890625 0.04732428125 0.5974440890625 0.0553115015625 0.590455271875 0.068290734375 0.5894568687499999 0.07128594218749999 0.5924520765625 0.07428114999999999 0.5964456874999999 0.07428114999999999
1 0.5285543125000001 0.048322684375 0.552515975 0.048322684375 0.5644968046875001 0.05231629375 0.5754792328125 0.0593051125 0.58446485625 0.0722843453125 0.5934504796875 0.0652955265625 0.5974440890625 0.0553115015625 0.5974440890625 0.049321085937499995 0.5934504796875 0.041333865625 0.5824680515625 0.0303514375 0.568490415625 0.024361021875 0.546525559375 0.024361021875 0.534544728125 0.0303514375 0.5255591046875 0.0393370609375 0.5245607031249999 0.046325878125 0.5235623 0.04732428125 0.5265575078125 0.0503194890625 0.5285543125000001 0.048322684375
1 0.5824680515625 0.11222044687499999 0.590455271875 0.11621405781250001 0.6024361015624999 0.1261980828125 0.6144169328125 0.1202076671875 0.6194089453125 0.11321885000000001 0.6194089453125 0.097244409375 0.617412140625 0.0932507984375 0.6064297125 0.080271565625 0.5944488812500001 0.07428114999999999 0.585463259375 0.075279553125 0.583466453125 0.0932507984375 0.57448083125 0.102236421875 0.5734824281249999 0.10922523906249999 0.5764776359375 0.11222044687499999 0.5824680515625 0.11222044687499999
1 0.5485223640625 0.0822683703125 0.552515975 0.0822683703125 0.5694888171875 0.097244409375 0.572484025 0.1042332265625 0.583466453125 0.0932507984375 0.585463259375 0.075279553125 0.57947284375 0.0652955265625 0.568490415625 0.0543130984375 0.552515975 0.048322684375 0.5305511187499999 0.048322684375 0.5245607031249999 0.0503194890625 0.5165734828125 0.0543130984375 0.507587859375 0.06329872187499999 0.5045926515625 0.070287540625 0.5045926515625 0.07627795468750001 0.534544728125 0.07428114999999999 0.5485223640625 0.0822683703125
1 0.55051916875 0.17212460000000002 0.5625 0.1761182109375 0.5704872203125 0.1761182109375 0.572484025 0.178115015625 0.5804712453125 0.178115015625 0.5824680515625 0.1761182109375 0.5884584671875001 0.1761182109375 0.6034345046875 0.163138978125 0.607428115625 0.1571485625 0.6094249203125 0.141174121875 0.605431309375 0.1311900953125 0.5964456874999999 0.1202076671875 0.5824680515625 0.11222044687499999 0.57448083125 0.11222044687499999 0.5714856234375 0.11521565468749999 0.5714856234375 0.1212060703125 0.5674920125 0.129193290625 0.5605031953124999 0.1381789140625 0.5485223640625 0.14616613437499998 0.534544728125 0.1481629390625 0.5325479234375 0.15015974375000002 0.5315495203125 0.1531549515625 0.5335463265625 0.1571485625 0.55051916875 0.17212460000000002
1 0.6094249203125 0.1491613421875 0.6034345046875 0.16513578281250002 0.6164137375000001 0.1661341859375 0.61841054375 0.168130990625 0.6303913734375 0.1701277953125 0.6413738015625 0.1591453671875 0.64337060625 0.1531549515625 0.64337060625 0.1431709265625 0.639376996875 0.13518370625 0.6303913734375 0.124201278125 0.6244009578124999 0.1222044734375 0.6204073484375 0.11821086249999999 0.6164137375000001 0.11821086249999999 0.6104233234375 0.124201278125 0.6044329078125 0.1261980828125 0.6034345046875 0.129193290625 0.6094249203125 0.141174121875 0.6094249203125 0.1491613421875
1 0.6603434499999999 0.1821086265625 0.6633386578125 0.17911341875 0.6653354625000001 0.1751198078125 0.6653354625000001 0.163138978125 0.6613418531249999 0.15515175781249999 0.6543530343749999 0.1481629390625 0.644369009375 0.14416932968750001 0.6403754 0.1601437703125 0.639376996875 0.163138978125 0.6483626203124999 0.168130990625 0.6603434499999999 0.1821086265625
1 0.6613418531249999 0.227036740625 0.666333865625 0.2460063890625 0.673322684375 0.239017571875 0.6753194890625001 0.23302715625 0.673322684375 0.2150559109375 0.66234025625 0.2040734828125 0.6583466453125 0.2040734828125 0.6463658140625 0.2140575078125 0.6463658140625 0.21605431249999998 0.6523562296875001 0.21805111875 0.6613418531249999 0.227036740625
1 0.6244009578124999 0.385782746875 0.6303913734375 0.387779553125 0.644369009375 0.387779553125 0.6523562296875001 0.3837859421875 0.6613418531249999 0.37480031875 0.6613418531249999 0.370806709375 0.6653354625000001 0.3668130984375 0.6653354625000001 0.348841853125 0.6543530343749999 0.33186900937499997 0.63837859375 0.3238817890625 0.6353833859375 0.326876996875 0.6373801921875 0.33087060625000003 0.6373801921875 0.3408546328125 0.629392971875 0.358825878125 0.6084265171875 0.37180511250000003 0.607428115625 0.3728035140625 0.6164137375000001 0.3817891375 0.6244009578124999 0.385782746875
1 0.676317890625 0.32587859375 0.68230830625 0.32587859375 0.68730031875 0.32088658125 0.6912939296875 0.31090255624999996 0.6912939296875 0.304912140625 0.6892971250000001 0.3029153359375 0.6892971250000001 0.2969249203125 0.68230830625 0.287939296875 0.67731629375 0.2909345046875 0.67731629375 0.2969249203125 0.673322684375 0.304912140625 0.666333865625 0.3119009578125 0.6653354625000001 0.314896165625 0.673322684375 0.32088658125 0.676317890625 0.32587859375
1 0.6942891375 0.429712459375 0.698282746875 0.4277156546875 0.705271565625 0.4207268375 0.709265175 0.41273961718749996 0.7072683703125 0.39876198125 0.700279553125 0.39376996875 0.6972843453124999 0.40674920156249994 0.6902955265624999 0.41373801875 0.68230830625 0.41773162968750005 0.678314696875 0.41573482500000003 0.67232428125 0.41972843437499996 0.6743210859375 0.42571885 0.68230830625 0.429712459375 0.6942891375 0.429712459375
1 0.245107828125 1 0.240015975 0.98981629375 0.227036740625 0.9768370609374999 0.21305910468749997 0.968849840625 0.21216910000000003 1 0.245107828125 1
0 0.5674920125 0.7621805109374999 0.5674920125 0.77016773125 0.561501596875 0.7841453671874999 0.5644968046875001 0.787140575 0.568490415625 0.787140575 0.5864616609375 0.781150159375 0.5954472843749999 0.7721645374999999 0.5994408953125 0.7621805109374999 0.5994408953125 0.7521964859375 0.5934504796875 0.7402156546875001 0.578474440625 0.73123003125 0.5644968046875001 0.73123003125 0.552515975 0.7352236421875 0.5515175718750001 0.7402156546875001 0.5595047921875 0.7462060703125 0.5674920125 0.7621805109374999
0 0.6323881796874999 0.7192492015624999 0.6403754 0.715255590625 0.649361021875 0.7042731625 0.651357828125 0.6942891375 0.649361021875 0.6882987218750001 0.644369009375 0.6853035140625 0.6303913734375 0.7012779546875 0.61841054375 0.7032747609375 0.612420128125 0.709265175 0.611421725 0.7142571890625 0.61841054375 0.7192492015624999 0.6323881796874999 0.7192492015624999
0 0.6194089453125 0.6803115015625 0.6214057515625 0.6922923328125 0.6194089453125 0.6942891375 0.6194089453125 0.7022763578125 0.62839456875 0.7032747609375 0.634384984375 0.69928115 0.6453674125 0.6843051124999999 0.6453674125 0.6683306703125 0.6413738015625 0.66234025625 0.6363817890625 0.6573482421875 0.6263977640625 0.6533546328125001 0.612420128125 0.6553514375 0.6044329078125 0.6613418531249999 0.6034345046875 0.6643370609375 0.617412140625 0.676317890625 0.6194089453125 0.6803115015625
0 0.644369009375 0.6253993609374999 0.66234025625 0.6234025562500001 0.6753194890625001 0.6084265171875 0.6753194890625001 0.5944488812500001 0.673322684375 0.590455271875 0.6683306703125 0.583466453125 0.6603434499999999 0.57947284375 0.6483626203124999 0.57947284375 0.6403754 0.583466453125 0.63338658125 0.590455271875 0.6303913734375 0.5974440890625 0.629392971875 0.6084265171875 0.63338658125 0.6164137375000001 0.644369009375 0.6253993609374999
0 0.6164137375000001 0.473642171875 0.622404153125 0.475638978125 0.6363817890625 0.475638978125 0.6423722046875 0.473642171875 0.6573482421875 0.4606629390625 0.6593450484375001 0.4566693296875 0.6613418531249999 0.4506789140625 0.6613418531249999 0.4347044734375 0.6593450484375001 0.42871405781250005 0.6523562296875001 0.41972843437499996 0.634384984375 0.409744409375 0.622404153125 0.409744409375 0.612420128125 0.41373801875 0.6034345046875 0.4207268375 0.5964456874999999 0.431709265625 0.5954472843749999 0.4506789140625 0.6034345046875 0.46465655000000006 0.6164137375000001 0.473642171875
0 0.68230830625 0.3837859421875 0.6863019171875 0.3837859421875 0.693290734375 0.37480031875 0.693290734375 0.35682907343750003 0.6843051124999999 0.343849840625 0.6793130984375 0.3448482421875 0.67731629375 0.35483226874999996 0.666333865625 0.363817890625 0.6653354625000001 0.3668130984375 0.6793130984375 0.376797125 0.68230830625 0.3837859421875
0 0.572484025 0.35982428125 0.5924520765625 0.36980830625 0.612420128125 0.36980830625 0.61841054375 0.3678115015625 0.627396165625 0.360822684375 0.6313897765625 0.35483226874999996 0.6373801921875 0.338857828125 0.6353833859375 0.3228833859375 0.63338658125 0.316892971875 0.629392971875 0.31289936093750004 0.629392971875 0.3089057515625 0.612420128125 0.29592651718749996 0.6064297125 0.2939297125 0.5884584671875001 0.2939297125 0.578474440625 0.2979233234375 0.5654952078125 0.31090255624999996 0.5605031953124999 0.3238817890625 0.5595047921875 0.34285143749999997 0.561501596875 0.34684504843749997 0.572484025 0.35982428125
0 0.6064297125 0.2939297125 0.6164137375000001 0.2979233234375 0.6303913734375 0.3079073484375 0.63837859375 0.3039137375 0.6453674125 0.294928115625 0.6473642171875 0.2889377 0.6473642171875 0.2749600640625 0.6453674125 0.272963259375 0.6453674125 0.26697284374999997 0.6303913734375 0.25 0.622404153125 0.2460063890625 0.6064297125 0.244009584375 0.5944488812500001 0.2480031953125 0.5814696484375 0.2589856234375 0.578474440625 0.26597444062500003 0.5774760390625 0.2869408953125 0.5824680515625 0.2939297125 0.6064297125 0.2939297125
0 0.6164137375000001 0.244009584375 0.6303913734375 0.25 0.644369009375 0.26597444062500003 0.650359425 0.26597444062500003 0.6603434499999999 0.259984025 0.6653354625000001 0.250998403125 0.6653354625000001 0.239017571875 0.6613418531249999 0.227036740625 0.6543530343749999 0.2200479234375 0.6463658140625 0.21605431249999998 0.63837859375 0.21805111875 0.6323881796874999 0.2240415328125 0.6263977640625 0.22603833906249998 0.6084265171875 0.22603833906249998 0.6064297125 0.23003194843750002 0.605431309375 0.2410143765625 0.6084265171875 0.244009584375 0.6164137375000001 0.244009584375
0 0.6453674125 0.1910942484375 0.6453674125 0.21106229999999998 0.650359425 0.212060703125 0.6593450484375001 0.20107827500000003 0.6613418531249999 0.18909744374999998 0.6593450484375001 0.18710063906250002 0.6593450484375001 0.1811102234375 0.6483626203124999 0.168130990625 0.6403754 0.1641373796875 0.6323881796874999 0.168130990625 0.6313897765625 0.173123003125 0.639376996875 0.17911341875 0.6453674125 0.1910942484375
0 0.49660543125 0.14017571874999998 0.5085862624999999 0.14616613437499998 0.5245607031249999 0.1481629390625 0.5265575078125 0.15015974375000002 0.5485223640625 0.14616613437499998 0.5654952078125 0.1311900953125 0.5714856234375 0.1212060703125 0.5714856234375 0.103234825 0.5694888171875 0.097244409375 0.55051916875 0.0822683703125 0.534544728125 0.07428114999999999 0.5145766765625 0.07428114999999999 0.4986022359375 0.080271565625 0.4836261984375 0.0992412140625 0.48262779531250005 0.10623003125 0.48162939375 0.1212060703125 0.4836261984375 0.1271964859375 0.49660543125 0.14017571874999998
2 0.6463658140625 0.14017571874999998 0.651357828125 0.13518370625 0.6553514375 0.12519968125 0.651357828125 0.10922523906249999 0.6423722046875 0.102236421875 0.6373801921875 0.1052316296875 0.639376996875 0.11122204531249999 0.6373801921875 0.117212459375 0.6323881796874999 0.1222044734375 0.6313897765625 0.12519968125 0.6423722046875 0.14017571874999998 0.6463658140625 0.14017571874999998
2 0.6583466453125 0.1381789140625 0.6653354625000001 0.1271964859375 0.6613418531249999 0.11521565468749999 0.6483626203124999 0.1042332265625 0.6473642171875 0.107228434375 0.6533546328125001 0.11321885000000001 0.6553514375 0.12519968125 0.6533546328125001 0.1311900953125 0.6463658140625 0.1381789140625 0.6463658140625 0.1421725234375 0.650359425 0.1421725234375 0.6583466453125 0.1381789140625
2 0.6653354625000001 0.163138978125 0.6653354625000001 0.1771166140625 0.6613418531249999 0.1811102234375 0.66234025625 0.1861022359375 0.673322684375 0.1771166140625 0.6753194890625001 0.173123003125 0.6753194890625001 0.161142171875 0.673322684375 0.15515175781249999 0.666333865625 0.1481629390625 0.656349840625 0.14616613437499998 0.6553514375 0.1491613421875 0.6613418531249999 0.15515175781249999 0.6653354625000001 0.163138978125
2 0.6024361015624999 0.2240415328125 0.6084265171875 0.22603833906249998 0.6263977640625 0.22603833906249998 0.634384984375 0.22204472812499998 0.6453674125 0.20906549531250002 0.6453674125 0.18909744374999998 0.64337060625 0.185103834375 0.6363817890625 0.1761182109375 0.6244009578124999 0.168130990625 0.6024361015624999 0.1661341859375 0.590455271875 0.17412140625 0.5824680515625 0.18410543125 0.5814696484375 0.2030750796875 0.583466453125 0.20706869062500002 0.6024361015624999 0.2240415328125
2 0.644369009375 0.3138977640625 0.66234025625 0.3138977640625 0.6753194890625001 0.3029153359375 0.67731629375 0.2969249203125 0.67731629375 0.28095047968750003 0.673322684375 0.272963259375 0.6643370609375 0.2639776359375 0.6583466453125 0.26198083125 0.6453674125 0.26896964843750004 0.6473642171875 0.272963259375 0.6473642171875 0.2909345046875 0.64337060625 0.29892172499999997 0.6363817890625 0.30591054375 0.6353833859375 0.3069089453125 0.6403754 0.3119009578125 0.644369009375 0.3138977640625
2 0.6613418531249999 0.3408546328125 0.6653354625000001 0.348841853125 0.6653354625000001 0.360822684375 0.6683306703125 0.3618210859375 0.67232428125 0.35982428125 0.67731629375 0.35483226874999996 0.6793130984375 0.348841853125 0.67731629375 0.326876996875 0.66234025625 0.3138977640625 0.644369009375 0.31589456875 0.63837859375 0.3198881796875 0.63837859375 0.3238817890625 0.6543530343749999 0.33186900937499997 0.6613418531249999 0.3408546328125
2 0.67731629375 0.2849440890625 0.6853035140625 0.2909345046875 0.6922923328125 0.3079073484375 0.6972843453124999 0.3029153359375 0.69928115 0.2969249203125 0.69928115 0.2889377 0.695287540625 0.28095047968750003 0.6902955265624999 0.2739616609375 0.6843051124999999 0.2699680515625 0.67232428125 0.2679712453125 0.671325878125 0.270966453125 0.67731629375 0.28095047968750003 0.67731629375 0.2849440890625
2 0.6793130984375 0.3408546328125 0.68730031875 0.34684504843749997 0.6922923328125 0.3558306703125 0.6942891375 0.3558306703125 0.7012779546875 0.34285143749999997 0.6972843453124999 0.3288738015625 0.6922923328125 0.321884984375 0.6882987218750001 0.3198881796875 0.678314696875 0.32787540000000004 0.67731629375 0.3328674125 0.6793130984375 0.3348642171875 0.6793130984375 0.3408546328125
2 0.6882987218750001 0.41573482500000003 0.69928115 0.402755590625 0.69928115 0.38678115 0.6922923328125 0.37779552656250004 0.683306709375 0.3847843453125 0.683306709375 0.40475239687500003 0.676317890625 0.41373801875 0.6753194890625001 0.414736421875 0.678314696875 0.41773162968750005 0.6882987218750001 0.41573482500000003
2 0.6543530343749999 0.42172523906250003 0.6643370609375 0.42172523906250003 0.6743210859375 0.41773162968750005 0.683306709375 0.40475239687500003 0.683306709375 0.3847843453125 0.676317890625 0.3738019171875 0.666333865625 0.3678115015625 0.6633386578125 0.3688099046875 0.6613418531249999 0.37480031875 0.6523562296875001 0.3837859421875 0.644369009375 0.387779553125 0.6323881796874999 0.387779553125 0.6303913734375 0.38977635781250003 0.629392971875 0.39876198125 0.63338658125 0.40674920156249994 0.6543530343749999 0.42172523906250003
2 0.6583466453125 0.64337060625 0.6703274765625 0.6413738015625 0.67731629375 0.6363817890625 0.6813099046875 0.6303913734375 0.683306709375 0.6164137375000001 0.676317890625 0.607428115625 0.6693290734375 0.61841054375 0.66234025625 0.6234025562500001 0.644369009375 0.6253993609374999 0.64337060625 0.62839456875 0.650359425 0.639376996875 0.6583466453125 0.64337060625
2 0.572484025 0.717252396875 0.5884584671875001 0.72124600625 0.590455271875 0.7192492015624999 0.6044329078125 0.717252396875 0.6154153359375 0.70626996875 0.6194089453125 0.698282746875 0.6194089453125 0.6803115015625 0.6064297125 0.6653354625000001 0.5964456874999999 0.6613418531249999 0.58446485625 0.6613418531249999 0.57448083125 0.6653354625000001 0.563498403125 0.6743210859375 0.5585063890625 0.6892971250000001 0.5575079875 0.6962859421875 0.561501596875 0.70626996875 0.572484025 0.717252396875