1 0.6698971515625 0.5245253171875001 0.655063290625 0.5393591765625 0.6471518984375 0.557159809375 0.6471518984375 0.5789161390625 0.6511075953125001 0.5888053796875 0.6639636078125 0.603639240625 0.681764240625 0.6115506328125 0.697587025 0.6115506328125 0.7153876578125 0.603639240625 0.7282436703124999 0.5888053796875 0.734177215625 0.5729825953125001 0.734177215625 0.5551819625000001 0.73022151875 0.5433148734375 0.7114319625000001 0.5205696203125 0.70450949375 0.5195806968750001 0.6896756328125 0.5185917718749999 0.687697784375 0.5205696203125 0.6698971515625 0.5245253171875001
1 0.90031645625 0.4978243671875 0.8943829109375001 0.515625 0.8943829109375001 0.531447784375 0.90031645625 0.5472705703125 0.9111946203124999 0.5601265828125 0.9191060125 0.564082278125 0.934928796875 0.564082278125 0.942840190625 0.5601265828125 0.955696203125 0.545292721875 0.961629746875 0.5294699359374999 0.961629746875 0.5136471515625 0.9596518984375001 0.5116693031249999 0.9576740499999999 0.4978243671875 0.95174050625 0.4879351265625 0.9378955703124999 0.4760680375 0.928995253125 0.47507911406250003 0.9111946203124999 0.48299050625 0.90031645625 0.4978243671875
1 0.376186709375 0.5729825953125001 0.37025316406250003 0.5848496828124999 0.37025316406250003 0.6046281640625 0.3742088609375 0.6145174046874999 0.38508702499999997 0.6253955703125 0.39695411406250003 0.6313291140625 0.4167325953125 0.6313291140625 0.42859968281249994 0.6253955703125 0.441455696875 0.610561709375 0.44343354375 0.6046281640625 0.44343354375 0.5888053796875 0.441455696875 0.5828718359375 0.43156645625 0.565071203125 0.4266218359375 0.5601265828125 0.42167721562500005 0.5591376578125 0.40288765781249997 0.558148734375 0.38508702499999997 0.564082278125 0.376186709375 0.5729825953125001
1 0.564082278125 0.6481408234375 0.564082278125 0.661985759375 0.5660601265625 0.6679193031249999 0.57496044375 0.6768196203125 0.5828718359375 0.6807753171875001 0.5947389234375 0.6827531640625 0.5967167718749999 0.6807753171875001 0.6085838609375 0.67879746875 0.619462025 0.6679193031249999 0.623417721875 0.6580300640625001 0.623417721875 0.646162975 0.619462025 0.636273734375 0.609572784375 0.62638449375 0.5848496828124999 0.6253955703125 0.5700158234375 0.636273734375 0.564082278125 0.6481408234375
1 0.6313291140625 0.6481408234375 0.6273734171875 0.656052215625 0.6273734171875 0.6698971515625 0.6313291140625 0.67780854375 0.6382515828125 0.6847310125 0.646162975 0.688686709375 0.6600079109375 0.688686709375 0.6679193031249999 0.6847310125 0.6768196203125 0.6758306968750001 0.6758306968750001 0.6728639234375 0.6669303796875 0.66594145625 0.66495253125 0.6540743671875 0.6629746828124999 0.65209651875 0.66495253125 0.6382515828125 0.6609968359375 0.6342958859375 0.646162975 0.6333069625000001 0.642207278125 0.635284809375 0.6313291140625 0.6481408234375
1 0.6669303796875 0.6323180374999999 0.6629746828124999 0.642207278125 0.6629746828124999 0.656052215625 0.6689082281250001 0.6679193031249999 0.6738528484375 0.6728639234375 0.6857199359374999 0.6768196203125 0.701542721875 0.6748417718749999 0.7183544296875 0.6600079109375 0.7223101265625 0.6481408234375 0.7223101265625 0.6323180374999999 0.713409809375 0.6214398734375 0.708465190625 0.6184731015625 0.687697784375 0.6174841765625 0.681764240625 0.619462025 0.6669303796875 0.6323180374999999
1 0.48101265781249997 0.66594145625 0.479034809375 0.67780854375 0.48101265781249997 0.6837420890625 0.4918908234375 0.6965981015625 0.5077136078125 0.6985759500000001 0.5195806968750001 0.6926424046874999 0.5245253171875001 0.687697784375 0.5265031640625 0.6837420890625 0.5265031640625 0.6679193031249999 0.5146360765625 0.6540743671875 0.49584651874999996 0.65308544375 0.4879351265625 0.6570411390625 0.48101265781249997 0.66594145625
1 0.251582278125 0.6540743671875 0.2535601265625 0.66594145625 0.264438290625 0.6748417718749999 0.2763053796875 0.6728639234375 0.28125 0.66594145625 0.28125 0.656052215625 0.27729430312500003 0.6481408234375 0.271360759375 0.6441851265625 0.26246044375 0.643196203125 0.258504746875 0.6451740499999999 0.251582278125 0.6540743671875
1 0.14477848124999998 0.60067246875 0.14477848124999998 0.6066060125 0.14873417656250001 0.6145174046874999 0.1556566453125 0.6214398734375 0.161590190625 0.623417721875 0.1695015828125 0.6214398734375 0.1724683546875 0.6184731015625 0.17642405 0.6085838609375 0.1724683546875 0.5947389234375 0.16455696250000001 0.5888053796875 0.153678796875 0.58781645625 0.14675632968750002 0.5947389234375 0.14477848124999998 0.60067246875
0 0.43552215156249996 0.656052215625 0.43156645625 0.661985759375 0.43156645625 0.67780854375 0.4424446203125 0.69066455625 0.44640031718750006 0.6926424046874999 0.45628955624999995 0.694620253125 0.4582674046875 0.6926424046874999 0.46420095000000006 0.6926424046874999 0.47507911406250003 0.6837420890625 0.4770569625 0.6679193031249999 0.47507911406250003 0.661985759375 0.46617879687499997 0.6511075953125001 0.46321202499999997 0.6501186703124999 0.4483781640625 0.649129746875 0.4424446203125 0.6511075953125001 0.43552215156249996 0.656052215625
0 0.43156645625 0.701542721875 0.43651107656250004 0.7104430374999999 0.44442246875 0.714398734375 0.45431170937500004 0.714398734375 0.4651898734375 0.7054984171875 0.467167721875 0.6956091765625 0.46420095000000006 0.6926424046874999 0.45431170937500004 0.694620253125 0.4523338609375 0.6926424046874999 0.44640031718750006 0.6926424046874999 0.43552215156249996 0.6857199359374999 0.433544303125 0.6857199359374999 0.43156645625 0.69165348125 0.43156645625 0.701542721875
0 0.41772151874999996 0.7114319625000001 0.4226661390625 0.7163765828125 0.434533228125 0.7163765828125 0.4375 0.713409809375 0.4375 0.7094541140625 0.433544303125 0.7054984171875 0.42859968281249994 0.7064873421875 0.4246439875 0.7104430374999999 0.41772151874999996 0.7114319625000001
0 0.5007911390625 0.7094541140625 0.4938686703125 0.7163765828125 0.4770569625 0.7193433546875 0.485957278125 0.7262658234375 0.4978243671875 0.7262658234375 0.50870253125 0.713409809375 0.50870253125 0.7054984171875 0.5067246828124999 0.7035205703125 0.5037579109375 0.7025316453125 0.5007911390625 0.7054984171875 0.5007911390625 0.7094541140625
1 0.467167721875 0.6956091765625 0.467167721875 0.707476265625 0.47013449375 0.7124208859375 0.47804588593749997 0.7183544296875 0.4938686703125 0.7183544296875 0.5027689875 0.7054984171875 0.5027689875 0.6995648734375 0.4918908234375 0.6965981015625 0.48200158281250005 0.6847310125 0.479034809375 0.6837420890625 0.47804588593749997 0.6827531640625 0.46914557031250004 0.69165348125 0.467167721875 0.6956091765625
1 0.401898734375 0.687697784375 0.401898734375 0.701542721875 0.40882120312500003 0.708465190625 0.4246439875 0.7104430374999999 0.43156645625 0.7054984171875 0.43156645625 0.6837420890625 0.4246439875 0.67879746875 0.4196993671875 0.67780854375 0.41079904999999994 0.67879746875 0.40387658281250005 0.6837420890625 0.401898734375 0.687697784375
1 0.3722310125 0.6857199359374999 0.3742088609375 0.6995648734375 0.37915348125000004 0.70450949375 0.389042721875 0.708465190625 0.401898734375 0.701542721875 0.401898734375 0.6837420890625 0.39893196249999996 0.67879746875 0.39200949375 0.6758306968750001 0.38508702499999997 0.6748417718749999 0.3771756328125 0.67879746875 0.3722310125 0.6857199359374999
0 0.1882911390625 0.6145174046874999 0.186313290625 0.6204509500000001 0.1882911390625 0.6323180374999999 0.19719145625 0.6412183546875 0.21103639218749998 0.6412183546875 0.2179588609375 0.630340190625 0.21598101249999999 0.616495253125 0.21103639218749998 0.609572784375 0.2080696203125 0.6085838609375 0.19719145625 0.6075949359374999 0.19323575937499998 0.609572784375 0.1882911390625 0.6145174046874999