0 0.364273928125 0.39995874531250003 0.3539603953125 0.4164603953125 0.35189768906249996 0.430899340625 0.3539603953125 0.432962046875 0.3539603953125 0.441212871875 0.360148515625 0.453589109375 0.3756188125 0.46493399375 0.39005775625 0.46905940625 0.3921204625 0.4669967 0.4044967 0.4669967 0.42099834999999997 0.45668316875 0.43440594062500004 0.439150165625 0.43543729375 0.42367986875 0.43234323437500005 0.4123349828125 0.4168729375 0.3948019796875 0.4044967 0.3886138609375 0.3838696375 0.3886138609375 0.37355610625 0.39273927343750004 0.364273928125 0.39995874531250003
0 0.37768151875 0.4669967 0.363242575 0.45668316875 0.3549917484375 0.45668316875 0.3457095703125 0.465965346875 0.3457095703125 0.470090759375 0.3395214515625 0.48246699687500005 0.3395214515625 0.49690594062500004 0.3415841578125 0.503094059375 0.3477722765625 0.513407590625 0.35705445468749997 0.5206270625 0.363242575 0.5226897687500001 0.3838696375 0.5226897687500001 0.39005775625 0.5206270625 0.40037128749999995 0.51443894375 0.40965346562500005 0.503094059375 0.413778878125 0.49484323437500005 0.412747525 0.475247525 0.40243399375 0.4669967 0.39830858125 0.46905940625 0.3838696375 0.46905940625 0.37768151875 0.4669967
0 0.396245875 0.5536303625000001 0.38180693125 0.5474422437500001 0.36943069375 0.5474422437500001 0.35705445468749997 0.5536303625000001 0.3477722765625 0.564975246875 0.3457095703125 0.5773514843750001 0.3436468640625 0.5794141921875 0.3457095703125 0.5959158421875 0.35705445468749997 0.6134488453125 0.363242575 0.6175742578125 0.37355610625 0.6196369640625 0.3838696375 0.6134488453125 0.40037128749999995 0.6093234328125 0.40965346562500005 0.6000412546875 0.40965346562500005 0.5959158421875 0.413778878125 0.5897277234375 0.412747525 0.5721947187499999 0.40965346562500005 0.562912540625 0.4044967 0.5577557750000001 0.40037128749999995 0.5577557750000001 0.396245875 0.5536303625000001
0 0.379744225 0.6175742578125 0.370462046875 0.6247937296875 0.36633663437499997 0.6330445546875 0.36633663437499997 0.6454207921874999 0.364273928125 0.6474834984375 0.36633663437499997 0.6495462046875 0.36633663437499997 0.6598597359375 0.372524753125 0.6701732671875 0.3838696375 0.6794554453125 0.3921204625 0.6835808578125 0.41068481874999996 0.6835808578125 0.42306105625 0.6773927390625001 0.43646864687500003 0.6639851484375 0.44059405937499996 0.6557343234374999 0.43956270625 0.6382013203125 0.43646864687500003 0.6289191421875 0.42306105625 0.6175742578125 0.41481023125 0.6134488453125 0.39418316875000003 0.6113861390625 0.379744225 0.6175742578125
0 0.396245875 0.7207095703124999 0.4044967 0.7165841578125 0.417904290625 0.6990511546875 0.41996699687500005 0.6928630359375 0.41893564375 0.6856435640625 0.4168729375 0.6835808578125 0.39005775625 0.6835808578125 0.38180693125 0.6794554453125 0.3673679875 0.6650165015625 0.3560231015625 0.6784240921875 0.3560231015625 0.6969884484375 0.3580858078125 0.7031765671875 0.36943069375 0.7145214515625 0.37768151875 0.7186468640625 0.396245875 0.7207095703124999
0 0.36633663437499997 0.6495462046875 0.364273928125 0.6454207921874999 0.36633663437499997 0.6433580859375 0.36633663437499997 0.6330445546875 0.3714934 0.6216996703125 0.36117986874999997 0.6175742578125 0.3549917484375 0.6113861390625 0.3488036296875 0.6113861390625 0.3395214515625 0.6206683171875 0.33745874531250003 0.6247937296875 0.33745874531250003 0.6474834984375 0.3508663359375 0.6629537953125 0.363242575 0.6650165015625 0.36633663437499997 0.6619224421875 0.36633663437499997 0.6495462046875
0 0.36117986874999997 0.5226897687500001 0.3426155109375 0.524752475 0.3364273921875 0.5288778875 0.3271452140625 0.540222771875 0.32508250781250003 0.546410890625 0.3271452140625 0.564975246875 0.3384900984375 0.5783828390625 0.3426155109375 0.5783828390625 0.3457095703125 0.575288778125 0.3477722765625 0.562912540625 0.35705445468749997 0.5536303625000001 0.363242575 0.55156765625 0.3673679875 0.5474422437500001 0.39005775625 0.5474422437500001 0.39005775625 0.5433168312500001 0.386963696875 0.536097359375 0.38180693125 0.53094059375 0.37768151875 0.53094059375 0.3673679875 0.524752475 0.36117986874999997 0.5226897687500001
0 0.3477722765625 0.515470296875 0.3477722765625 0.5113448843749999 0.3415841578125 0.503094059375 0.3395214515625 0.48452970312500004 0.3457095703125 0.465965346875 0.3539603953125 0.457714521875 0.3529290421875 0.4546204625 0.3426155109375 0.4546204625 0.3384900984375 0.45668316875 0.3292079203125 0.465965346875 0.3230198015625 0.478341584375 0.3230198015625 0.49690594062500004 0.32508250781250003 0.5010313531249999 0.3364273921875 0.5123762375 0.34467821718749997 0.51650165 0.3477722765625 0.515470296875
0 0.2879537953125 0.517533003125 0.2838283828125 0.525783828125 0.2858910890625 0.540222771875 0.2992986796875 0.54950495 0.3096122109375 0.54950495 0.3127062703125 0.546410890625 0.3116749171875 0.53506600625 0.3106435640625 0.5113448843749999 0.3054867984375 0.508250825 0.2951732671875 0.51031353125 0.2879537953125 0.517533003125
0 0.2714521453125 0.453589109375 0.2786716171875 0.46080858124999996 0.28485973593749997 0.46080858124999996 0.28692244218749996 0.46287128749999995 0.29723597343749997 0.46080858124999996 0.3085808578125 0.449463696875 0.3075495046875 0.42986798750000005 0.2910478546875 0.42367986875 0.2766089109375 0.42986798750000005 0.2714521453125 0.437087459375 0.2714521453125 0.453589109375
0 0.2714521453125 0.3772689765625 0.2735148515625 0.3896452140625 0.2827970296875 0.3968646859375 0.2951732671875 0.3968646859375 0.2992986796875 0.3948019796875 0.3106435640625 0.3834570953125 0.3096122109375 0.3659240921875 0.3054867984375 0.3617986796875 0.2931105609375 0.3576732671875 0.2786716171875 0.3638613859375 0.2714521453125 0.3772689765625
1 0.34467821718749997 0.0688943890625 0.3426155109375 0.0668316828125 0.3271452140625 0.0740511546875 0.3230198015625 0.08023927343750001 0.3230198015625 0.0926155109375 0.3261138609375 0.0957095703125 0.33023927343750004 0.09777227656250001 0.3343646859375 0.0957095703125 0.3364273921875 0.09777227656250001 0.3436468640625 0.0926155109375 0.3415841578125 0.08023927343750001 0.3457095703125 0.07198844843749999 0.34467821718749997 0.0688943890625
1 0.3539603953125 0.0431105609375 0.3539603953125 0.051361385937500004 0.363242575 0.0585808578125 0.370462046875 0.05342409218750001 0.37768151875 0.027640264062499996 0.36943069375 0.027640264062499996 0.363242575 0.0317656765625 0.3539603953125 0.0431105609375
1 0.3710808578125 0 0.36530528125 0.0008250828125 0.3560231015625 0.0080445546875 0.3539603953125 0.0162953796875 0.36117986874999997 0.0214521453125 0.379744225 0.0193894390625 0.384900990625 0.014232673437500001 0.386963696875 0.0080445546875 0.38593234375 0.0028877890625 0.381600659375 0 0.3710808578125 0
2 0.3488036296875 0.0874587453125 0.3580858078125 0.08436468593749999 0.364273928125 0.0699257421875 0.36530528125 0.0585808578125 0.3591171609375 0.0585808578125 0.3457095703125 0.0699257421875 0.3415841578125 0.0781765671875 0.3415841578125 0.0864273921875 0.34467821718749997 0.0915841578125 0.3488036296875 0.0874587453125
2 0.3260340359375 0.1602384984375 0.3281765671875 0.16584158437500002 0.3364273921875 0.163778878125 0.3395214515625 0.1586221125 0.3415841578125 0.14418316874999998 0.3457095703125 0.13593234375000002 0.34467821718749997 0.124587459375 0.3343646859375 0.126650165625 0.323480859375 0.1452911234375 0.3220219171875 0.15476994375 0.3260340359375 0.1602384984375
2 0.3075495046875 0.163778878125 0.3147689765625 0.162747525 0.3127062703125 0.1586221125 0.31363290625 0.1544053796875 0.3168316828125 0.14830858125 0.3209570953125 0.14418316874999998 0.3240511546875 0.132838284375 0.3116749171875 0.134900990625 0.3044554453125 0.14418316874999998 0.30239273906249997 0.1586221125 0.3075495046875 0.163778878125
2 0.32508250781250003 0.1503712875 0.3230198015625 0.14830858125 0.3230198015625 0.14418316874999998 0.3292079203125 0.13180693125 0.3240511546875 0.130775578125 0.3147689765625 0.14418316874999998 0.3147689765625 0.162747525 0.3178630359375 0.16584158437500002 0.33023927343750004 0.16584158437500002 0.33023927343750004 0.163778878125 0.32508250781250003 0.15655940625 0.32508250781250003 0.1503712875
2 0.3364273921875 0.167904290625 0.3343646859375 0.16584158437500002 0.3281765671875 0.169966996875 0.3168316828125 0.18543729375 0.3168316828125 0.20400165 0.3219884484375 0.209158415625 0.3261138609375 0.209158415625 0.3312706265625 0.20193894375000002 0.3364273921875 0.167904290625
2 0.2962046203125 0.18543729375 0.29207920781249996 0.19781353125 0.2941419140625 0.1998762375 0.2941419140625 0.20606435625000002 0.29723597343749997 0.209158415625 0.3075495046875 0.202970296875 0.3168316828125 0.20193894375000002 0.3168316828125 0.1875 0.3230198015625 0.17718646875 0.3219884484375 0.17409240937499998 0.3054867984375 0.176155115625 0.2962046203125 0.18543729375
2 0.3188943890625 0.2246287125 0.3230198015625 0.21431518125000001 0.3219884484375 0.21122112187500003 0.3158003296875 0.202970296875 0.3034240921875 0.205033003125 0.29207920781249996 0.21637788750000003 0.2879537953125 0.22875412499999997 0.2900165015625 0.23494224375 0.29723597343749997 0.242161715625 0.3034240921875 0.242161715625 0.3054867984375 0.244224421875 0.3178630359375 0.240099009375 0.3209570953125 0.23700495 0.3188943890625 0.2246287125
2 0.3219884484375 0.238036303125 0.32508250781250003 0.23700495 0.32508250781250003 0.23081683125 0.3271452140625 0.22875412499999997 0.3271452140625 0.21844059374999997 0.3292079203125 0.21637788750000003 0.3281765671875 0.209158415625 0.3230198015625 0.21225247500000002 0.3188943890625 0.2246287125 0.3188943890625 0.23287953749999998 0.3219884484375 0.238036303125