1 0.6560436328125 0.5084512578125 0.6619398578125 0.51631289375 0.688472878125 0.540880503125 0.7140231921875 0.550707546875 0.7356426890625001 0.55267295625 0.7376080968750001 0.550707546875 0.7572621859375 0.5487421390625 0.7818297953125 0.53596698125 0.7837952046875001 0.5300707546875 0.7837952046875001 0.5202437109375 0.7818297953125 0.5182783015625 0.7818297953125 0.49665880468749996 0.7837952046875001 0.49469339687499997 0.7837952046875001 0.48486635156249996 0.7818297953125 0.48290094375 0.7818297953125 0.471108490625 0.7837952046875001 0.46914308125000004 0.7837952046875001 0.43966194999999997 0.7818297953125 0.437696540625 0.7818297953125 0.42983490625 0.7837952046875001 0.427869496875 0.7828125 0.38561320781249997 0.7769162734374999 0.377751571875 0.75922759375 0.36595911875 0.751365959375 0.36595911875 0.73957350625 0.3620283015625 0.7238502359375001 0.3620283015625 0.698299921875 0.3698899375 0.6904382859375 0.3757861640625 0.6806112421875 0.37971698125 0.65997445 0.4023191828125 0.65014740625 0.4200078609375 0.6442511796875 0.437696540625 0.6442511796875 0.44948899375 0.6422857703125 0.45145440312499996 0.6442511796875 0.4573506296875 0.6442511796875 0.4750393078125 0.65014740625 0.490762578125 0.65014740625 0.49665880468749996 0.6560436328125 0.5084512578125
1 0.5223958328125 0.5654481125 0.5214131296875 0.5428459125 0.5125687890624999 0.5261399375 0.491931996875 0.5094339625 0.48013954375 0.5055031453125001 0.46048545625 0.5055031453125001 0.45852004687500003 0.507468553125 0.4526238203125 0.507468553125 0.438865959375 0.5133647796874999 0.42609080156249995 0.5261399375 0.41626375781249997 0.5497248421875 0.41822916718750003 0.5733097484375 0.43002161875 0.5929638359375 0.44279677656249994 0.6037735843750001 0.4526238203125 0.607704403125 0.46441627343749997 0.607704403125 0.46638168281250003 0.6096698109375 0.4703125 0.607704403125 0.47424331718749996 0.6096698109375 0.4762087265625 0.607704403125 0.48603577031249995 0.607704403125 0.491931996875 0.6037735843750001 0.4958628140625 0.6037735843750001 0.5056898578125 0.59591195 0.5145341984375 0.5851022015625 0.5223958328125 0.5654481125
1 0.359266903125 0.49665880468749996 0.3514052671875 0.512382075 0.3514052671875 0.5281053453125 0.359266903125 0.5438286156250001 0.375972878125 0.5585691828125 0.381869103125 0.560534590625 0.40152319218750004 0.560534590625 0.41135023593750003 0.5566037734375 0.41626375781249997 0.5516902515625 0.420194575 0.53596698125 0.42412539374999997 0.5281053453125 0.43002161875 0.52220911875 0.42903891562499996 0.5094339625 0.422159984375 0.49665880468749996 0.41135023593750003 0.48781446562499997 0.3975923734375 0.48191823906250003 0.381869103125 0.48191823906250003 0.37007665156249997 0.48584905625 0.359266903125 0.49665880468749996
1 0.33764740625 0.437696540625 0.335681996875 0.44359276718749996 0.33764740625 0.46521226406249994 0.3484571546875 0.47995282968749997 0.364180425 0.48781446562499997 0.37400746875 0.48584905625 0.3799036953125 0.48191823906250003 0.39366155625 0.48191823906250003 0.4044713046875 0.471108490625 0.408402121875 0.4632468546875 0.408402121875 0.4573506296875 0.41036753125000003 0.45538522031250006 0.40938482656249997 0.4406446546875 0.402505896875 0.42590408750000003 0.3916961484375 0.41705974843750004 0.381869103125 0.41312893125 0.362215015625 0.41312893125 0.3464917453125 0.422955975 0.33764740625 0.437696540625
1 0.576444575 0.9791666671874999 0.564652121875 0.9752358484375 0.554825078125 0.9752358484375 0.5528596703125 0.9732704406250001 0.525343946875 0.9693396218749999 0.520430425 0.9742531453125001 0.520430425 0.98801100625 0.525343946875 0.9929245281249999 0.5371364 0.9988207546875 0.5528596703125 0.9988207546875 0.568582940625 0.9929245281249999 0.5754618703125 0.9860455968749999 0.576444575 0.9791666671874999
1 0.5233785375 0.9673742140625 0.4880011796875 0.9555817609374999 0.485053065625 0.9565644656250001 0.485053065625 0.9644261000000001 0.491931996875 0.97130503125 0.4997936328125 0.9752358484375 0.5194477203125001 0.9752358484375 0.5243612421875 0.9703223265625001 0.5233785375 0.9673742140625
1 0.30718356875 0.31878930781250003 0.31504520468749997 0.314858490625 0.32388954375 0.3040487421875 0.325854953125 0.300117925 0.3248722484375 0.28930817656249996 0.32192413593749997 0.2824292453125 0.3170106125 0.2775157234375 0.3052181609375 0.27358490625 0.3032527515625 0.2755503140625 0.297356525 0.2755503140625 0.2845813671875 0.2863600625 0.28065055 0.2942216984375 0.28065055 0.3040487421875 0.289494890625 0.3168239 0.30718356875 0.31878930781250003
1 0.34452633593750004 0.0397012578125 0.35730149375 0.03085691875 0.359266903125 0.026926099999999998 0.3582841984375 0.0239779875 0.35435338125000004 0.0180817609375 0.34059551875 0.0180817609375 0.3278203609375 0.028891509375000003 0.3278203609375 0.0328223265625 0.3366647015625 0.0397012578125 0.34452633593750004 0.0397012578125
1 0.3505297671875 0 0.3396128140625 0.009237421875 0.3396128140625 0.0131682390625 0.342560928125 0.0180817609375 0.36024960625 0.0180817609375 0.3671285375 0.0131682390625 0.37007665156249997 0.0043239 0.36719405156249996 0 0.3505297671875 0
2 0.68139740625 1 0.68650746875 0.9948899375 0.694369103125 0.99095911875 0.6973172171875001 0.98801100625 0.6963345125 0.9870283015625001 0.694369103125 0.98506289375 0.6393376578125001 0.98506289375 0.638354953125 0.9939072328125 0.643268475 0.9988207546875 0.645626965625 1 0.68139740625 1
2 0.7620577828124999 1 0.7621757078125 0.999803459375 0.7621757078125 0.9919418234374999 0.768071934375 0.9840801890625 0.7670892296875 0.9791666671874999 0.7552967765624999 0.9791666671874999 0.73957350625 0.9870283015625001 0.7218848265625 0.9988207546875 0.7211772796875 1 0.7620577828124999 1
2 0.7836664359375 1 0.7828125 0.9752358484375 0.7749508640625 0.9752358484375 0.766106525 0.9840801890625 0.7602102984375 0.999803459375 0.76024960625 1 0.7836664359375 1