0 0.6339003171875001 0.36075949375 0.6457674046874999 0.36669303750000004 0.65763449375 0.36867088593749997 0.6596123421875 0.36669303750000004 0.667523734375 0.36669303750000004 0.6823575953125001 0.35383702499999997 0.68433544375 0.34988132968749996 0.686313290625 0.33405854375 0.68433544375 0.328125 0.680379746875 0.3202136078125 0.6655458859375 0.3073575953125 0.6596123421875 0.305379746875 0.641811709375 0.305379746875 0.63093354375 0.312302215625 0.6220332281250001 0.3271360765625 0.6210443031249999 0.3459256328125 0.6230221515625 0.34988132968749996 0.6339003171875001 0.36075949375
0 0.653678796875 0.40822784843750004 0.6635680374999999 0.41218354375 0.6754351265625 0.41218354375 0.6853243671875 0.40822784843750004 0.6942246828124999 0.39932753125 0.69620253125 0.38746044375 0.6981803796875 0.3854825953125 0.6922468359375 0.36768196249999996 0.68334651875 0.3587816453125 0.677412975 0.3587816453125 0.667523734375 0.36669303750000004 0.6497231015625 0.36867088593749997 0.6457674046874999 0.36669303750000004 0.6388449359374999 0.37361550625 0.6378560125 0.3785601265625 0.6368670890625 0.38746044375 0.6388449359374999 0.3933939875 0.653678796875 0.40822784843750004
0 0.6556566453125 0.48338607656250004 0.667523734375 0.48338607656250004 0.677412975 0.4893196203125 0.6813686703124999 0.4893196203125 0.6942246828124999 0.47844145625 0.6981803796875 0.47053006406250003 0.6981803796875 0.45272942968749996 0.6922468359375 0.44086234218750003 0.68334651875 0.4339398734375 0.677412975 0.43196202499999997 0.6655458859375 0.43196202499999997 0.6556566453125 0.435917721875 0.6467563296875001 0.4448180375 0.64378955625 0.4537183546875 0.6428006328125 0.4665743671875 0.6467563296875001 0.474485759375 0.6556566453125 0.48338607656250004
0 0.647745253125 0.54272151875 0.653678796875 0.54272151875 0.6556566453125 0.5446993671875 0.673457278125 0.5407436703124999 0.68433544375 0.52986550625 0.6882911390625 0.519976265625 0.6882911390625 0.5061313296875001 0.68433544375 0.4962420890625 0.677412975 0.4893196203125 0.6655458859375 0.48338607656250004 0.6517009500000001 0.48338607656250004 0.6457674046874999 0.48536392343749996 0.63093354375 0.500197784375 0.6279667718749999 0.5110759500000001 0.6269778484375 0.5219541140625 0.6368670890625 0.5357990499999999 0.647745253125 0.54272151875
0 0.6754351265625 0.578322784375 0.68334651875 0.5743670890625 0.6902689875 0.56942246875 0.69620253125 0.5595332281250001 0.69620253125 0.54371044375 0.6922468359375 0.5357990499999999 0.6853243671875 0.5308544296875 0.673457278125 0.5407436703124999 0.661590190625 0.5446993671875 0.647745253125 0.54272151875 0.6457674046874999 0.5446993671875 0.64477848125 0.5595332281250001 0.661590190625 0.578322784375 0.6754351265625 0.578322784375
0 0.6882911390625 0.5061313296875001 0.6882911390625 0.519976265625 0.68433544375 0.52986550625 0.693235759375 0.5308544296875 0.7021360765625 0.5239319625000001 0.7060917718749999 0.5160205703125 0.7060917718749999 0.49821993593749997 0.693235759375 0.48338607656250004 0.6892800640625001 0.48338607656250004 0.6813686703124999 0.4893196203125 0.680379746875 0.4922863921875 0.68433544375 0.4962420890625 0.6882911390625 0.5061313296875001
0 0.677412975 0.43196202499999997 0.68334651875 0.4339398734375 0.6942246828124999 0.4448180375 0.6991693031249999 0.45767404999999994 0.7041139234375 0.454707278125 0.7080696203125 0.448773734375 0.71004746875 0.4309731015625 0.7080696203125 0.42503955624999995 0.7011471515625 0.416139240625 0.6952136078125 0.41218354375 0.6813686703124999 0.410205696875 0.6754351265625 0.41218354375 0.661590190625 0.42009493593749997 0.6596123421875 0.4240506328125 0.6596123421875 0.4339398734375 0.6635680374999999 0.43196202499999997 0.677412975 0.43196202499999997
0 0.69620253125 0.377571203125 0.69620253125 0.3914161390625 0.6882911390625 0.40526107656250004 0.693235759375 0.40625 0.7060917718749999 0.39537183593749997 0.7080696203125 0.3914161390625 0.7080696203125 0.3755933546875 0.7060917718749999 0.369659809375 0.6991693031249999 0.36075949375 0.6892800640625001 0.35482595 0.68334651875 0.35482595 0.6823575953125001 0.357792721875 0.6902689875 0.36570411406250003 0.69620253125 0.377571203125
0 0.7248813296875001 0.3627373421875 0.7367484171875 0.36075949375 0.7436708859375 0.3518591765625 0.7436708859375 0.3419699359375 0.7377373421875 0.33208069687499997 0.732792721875 0.3291139234375 0.7169699359374999 0.3291139234375 0.7149920890625 0.3330696203125 0.7159810125 0.3558148734375 0.7179588609375 0.3597705703125 0.7248813296875001 0.3627373421875
0 0.71004746875 0.2964794296875 0.7120253171875001 0.30241297500000003 0.718947784375 0.3073575953125 0.728837025 0.3073575953125 0.7377373421875 0.298457278125 0.7377373421875 0.286590190625 0.73575949375 0.28263449375 0.7268591765625 0.2737341765625 0.7209256328125 0.2737341765625 0.718947784375 0.27175632968749996 0.70905854375 0.27571202499999997 0.7080696203125 0.2806566453125 0.71004746875 0.28263449375 0.71004746875 0.2964794296875
0 0.719936709375 0.4369066453125 0.7268591765625 0.43789557031250004 0.73575949375 0.4309731015625 0.7377373421875 0.4270174046875 0.7377373421875 0.4111946203125 0.7268591765625 0.40031645625 0.718947784375 0.40031645625 0.7179588609375 0.41515031718750006 0.719936709375 0.4171281640625 0.719936709375 0.4369066453125
2 0.6922468359375 0.10660601249999999 0.6902689875 0.10858386093750001 0.693235759375 0.109572784375 0.6981803796875 0.10265031718749999 0.69620253125 0.0947389234375 0.687302215625 0.0858386078125 0.6754351265625 0.08386075937500001 0.6754351265625 0.0858386078125 0.6922468359375 0.10067246875 0.6922468359375 0.10660601249999999
2 0.6823575953125001 0.090783228125 0.686313290625 0.10265031718749999 0.68433544375 0.10858386093750001 0.680379746875 0.11253955625 0.687302215625 0.11352848125 0.6922468359375 0.10858386093750001 0.6922468359375 0.10067246875 0.6882911390625 0.0947389234375 0.686296921875 0.0894635171875 0.6853243671875 0.0858386078125 0.6754351265625 0.08386075937500001 0.674446203125 0.08484968281250001 0.677412975 0.08781645625 0.6823575953125001 0.090783228125
2 0.666534809375 0.08880537968749999 0.666534809375 0.0927610765625 0.6685126578125 0.0947389234375 0.6685126578125 0.09869462031250001 0.67049050625 0.10067246875 0.67049050625 0.10660601249999999 0.6724683546875 0.10858386093750001 0.6724683546875 0.11056170937500001 0.674446203125 0.11253955625 0.674446203125 0.1145174046875 0.6754351265625 0.1155063296875 0.677412975 0.1155063296875 0.680379746875 0.11253955625 0.680379746875 0.11056170937500001 0.6823575953125001 0.10858386093750001 0.6823575953125001 0.0947389234375 0.680379746875 0.0927610765625 0.680379746875 0.090783228125 0.677412975 0.08781645625 0.6754351265625 0.08781645625 0.6714794296875 0.08386075937500001 0.6655458859375 0.08386075937500001 0.6645569625000001 0.08484968281250001 0.6645569625000001 0.08682753125 0.666534809375 0.08880537968749999
2 0.6823575953125001 0.146162975 0.68433544375 0.15209651875000002 0.687302215625 0.15308544375 0.6922468359375 0.146162975 0.6922468359375 0.136273734375 0.6793908234375 0.1214398734375 0.6784018984375 0.130340190625 0.6823575953125001 0.14022942968750002 0.6823575953125001 0.146162975
2 0.6922468359375 0.14814082343749999 0.703125 0.149129746875 0.71004746875 0.14022942968750002 0.7060917718749999 0.1283623421875 0.69719145625 0.1214398734375 0.6912579109375 0.119462025 0.68334651875 0.119462025 0.6813686703124999 0.1214398734375 0.680379746875 0.122428796875 0.6922468359375 0.136273734375 0.6922468359375 0.14814082343749999
2 0.693235759375 0.1768196203125 0.7070806968750001 0.1768196203125 0.7140031640625 0.16989715156250002 0.7140031640625 0.1580300640625 0.7051028484375 0.149129746875 0.693235759375 0.149129746875 0.6892800640625001 0.15308544375 0.6882911390625 0.1580300640625 0.6922468359375 0.1639636078125 0.693235759375 0.1768196203125
2 0.6882911390625 0.17385284843749998 0.6912579109375 0.1768196203125 0.6942246828124999 0.16989715156250002 0.6922468359375 0.167919303125 0.6922468359375 0.16198575937499998 0.687302215625 0.155063290625 0.686313290625 0.16594145625 0.6882911390625 0.167919303125 0.6882911390625 0.17385284843749998
2 0.6586234171875 0.071004746875 0.661590190625 0.0759493671875 0.6635680374999999 0.0759493671875 0.6685126578125 0.0690268984375 0.6685126578125 0.065071203125 0.661590190625 0.0541930375 0.653678796875 0.052215190625 0.6526898734375 0.0551819625 0.6566455703125 0.06111550624999999 0.6586234171875 0.071004746875
2 0.650712025 0.0492484171875 0.653678796875 0.052215190625 0.6596123421875 0.052215190625 0.6625791140625 0.0433148734375 0.6586234171875 0.03540348125 0.6497231015625 0.028481012500000003 0.64378955625 0.028481012500000003 0.6428006328125 0.031447784374999996 0.6487341765625 0.041337025 0.650712025 0.0492484171875
1 0.660601265625 0.053204114062499995 0.6695015828125 0.0541930375 0.673457278125 0.052215190625 0.6764240499999999 0.0433148734375 0.6724683546875 0.03540348125 0.6596123421875 0.028481012500000003 0.6556566453125 0.0304588609375 0.654667721875 0.0334256328125 0.660601265625 0.0393591765625 0.660601265625 0.053204114062499995
1 0.650712025 0.0176028484375 0.6487341765625 0.00969145625 0.641811709375 0.0027689875 0.6299446203125 0.0007911390625 0.6388449359374999 0.02155854375 0.64378955625 0.0245253171875 0.650712025 0.0176028484375