2 0.50625 0.14375 0.0484375 0.0546875
1 0.5515625 0.153125 0.0484375 0.053125
1 0.4890625 0.521875 0.0484375 0.046875
1 0.5390625 0.51875 0.04375 0.05
1 0.546875 0.31875 0.04375 0.0484375
1 0.4734375 0.925 0.0515625 0.05625
2 0.4828125 0.7296875 0.0515625 0.053125
2 0.53125 0.7140625 0.05 0.0515625
2 0.5015625 0.3375 0.0421875 0.0484375
1 0.6222079921875 0.1256147546875 0.6181096312500001 0.1174180328125 0.6068391390625 0.108196721875 0.5965932375 0.108196721875 0.58429815625 0.1143442625 0.5791752046875 0.12151639375 0.5812243859375 0.127663934375 0.57507684375 0.1297131140625 0.576101434375 0.14918032812499998 0.577126025 0.15225409843749999 0.5863473359375 0.1594262296875 0.5883965156250001 0.14918032812499998 0.590445696875 0.163524590625 0.6088883203125001 0.161475409375 0.6181096312500001 0.15225409843749999 0.6222079921875 0.142008196875 0.6222079921875 0.1256147546875
2 0.611962090625 0.517008196875 0.609912909375 0.51086065625 0.59864241875 0.4995901640625 0.5924948765625 0.49754098437499994 0.58429815625 0.49754098437499994 0.5812243859375 0.5006147546874999 0.5801997953125 0.5077868859375 0.5781506140625 0.50163934375 0.5720030734375 0.50163934375 0.5627817625 0.5129098359375 0.563806353125 0.5344262296875 0.5720030734375 0.54467213125 0.576101434375 0.5426229515625 0.582248975 0.5487704921875001 0.59864241875 0.5467213109375 0.6058145484375 0.5415983609375 0.611962090625 0.5313524593750001 0.611962090625 0.517008196875
2 0.556634221875 0.7444672125 0.5545850406249999 0.7506147546874999 0.5597079921875 0.7557377046875 0.5658555328125 0.759836065625 0.5679047125000001 0.7557377046875 0.5740522546875 0.7639344265625 0.58429815625 0.7639344265625 0.590445696875 0.7618852453125 0.5996670078124999 0.752663934375 0.60376536875 0.7444672125 0.60376536875 0.7280737703125 0.597617828125 0.7178278687499999 0.5863473359375 0.7086065578125 0.5781506140625 0.7086065578125 0.576101434375 0.7065573765625001 0.5720030734375 0.7106557375 0.5699538937499999 0.7086065578125 0.563806353125 0.7086065578125 0.5545850406249999 0.7178278687499999 0.5504866796875 0.726024590625 0.5515112703125 0.7393442625 0.5525358609375 0.7424180328125 0.556634221875 0.7444672125
3 0.5390625 0.1484375 0.1125 0.0828125
3 0.5328125 0.33125 0.1125 0.071875
3 0.51875 0.5171875 0.128125 0.0671875
3 0.515625 0.715625 0.1265625 0.0859375
3 0.5125 0.9265625 0.1265625 0.0953125