2 1 0.3821473328125 0.973340734375 0.3845183296875 0.9659155890625 0.3932819515625 0.96129259375 0.40434878750000003 0.9611434671874999 0.413073746875 0.9662653984375 0.4237337015625 0.9816238328125 0.4344083828125 0.9968736406250001 0.4374756515625 1 0.4366262734375 1 0.3821473328125
1 1 0.317628240625 0.9935062734375 0.3148014984375 0.981852128125 0.31601662343750003 0.9677677328125001 0.3203082203125 0.9570709578125 0.3265900453125 0.9500011453124999 0.336491465625 0.945379990625 0.349395715625 0.948099290625 0.35872455625 0.9526652125 0.368027621875 0.9595067296875 0.3731882171875 0.9719286140625 0.3779198375 0.9858914953125 0.38030590000000003 0.995702703125 0.3745487875 1 0.3724185203125 1 0.317628240625
1 1 0.4385320046875 0.9949658093749999 0.43854214843749995 0.9875106562499999 0.43627009218749996 0.9800940984375 0.4336918390625 0.9724092125 0.4356235296875 0.967662553125 0.43628810468749996 0.96153598125 0.4398715875 0.9540345109375 0.44487714218749996 0.951842221875 0.4490961828125 0.9470956953125 0.456074453125 0.9460038390625 0.4620723703125 0.946846959375 0.47322508125 0.9516964140624999 0.48252686875000006 0.9590074734374999 0.48998802656249996 0.9696985218749999 0.4939289578125 0.9780689125 0.4968034015625 0.9970145015625 0.49552700781250003 1 0.49424818281249994 1 0.4385320046875
2 0.28616868125 0.39873095 0.2928766890625 0.3921113984375 0.2960486625 0.3855313234375 0.29784409375 0.37803233125 0.2980370875 0.3739472875 0.2974939265625 0.36842356249999997 0.29690397812499997 0.3654877125 0.2940397703125 0.359797309375 0.29062874375000003 0.352837825 0.28392658437499996 0.3480253984375 0.2780914359375 0.3447342640625 0.27008364218750003 0.3425002109375 0.26265702343749997 0.3422392296875 0.2564958328125 0.3442408125 0.24989016875 0.34972725625 0.24300451875 0.3545659984375 0.239397575 0.3634057140625 0.23737990937500003 0.3699901765625 0.23766866874999998 0.37772602499999997 0.23906495312499998 0.38500205 0.2428707390625 0.39189135625 0.24809985625 0.396671615625 0.253250021875 0.4022128859375 0.2599763046875 0.4031895546875 0.2654422796875 0.40313984375 0.272485103125 0.402911028125 0.2794197328125 0.40229110625000003 0.28616868125 0.39873095
2 0.0199875421875 0.46033828750000005 0.023834265625 0.463476634375 0.029292928125 0.467216628125 0.034889759375 0.46989807656249993 0.0379381890625 0.4712760828125 0.039460940625 0.4715392578125 0.044947384374999996 0.4730006015625 0.053678174999999995 0.47255832499999995 0.058788865625 0.4719873828125 0.067081765625 0.4703491265625 0.0742371671875 0.46545409375 0.078755715625 0.46238958124999996 0.0822500796875 0.4556545234375 0.08344825312500001 0.4537048453125 0.0846902859375 0.44999043906249997 0.0846902859375 0.4444440515625 0.0840732890625 0.43698453437499996 0.0792901046875 0.43015590625 0.0759251359375 0.42406050781250004 0.0724695171875 0.42213422187500005 0.055711924999999995 0.4211019953125 0.048680067187499995 0.42089365 0.0288835484375 0.41994183749999997 0.0222720375 0.42493702187500004 0.016675937499999998 0.431975459375 0.013171340625 0.440268359375 0.0125192546875 0.44706994062499994 0.0151195578125 0.450869146875 0.0169508078125 0.45661657031249997 0.0199875421875 0.46033828750000005
1 0 0.39552017031250003 0.0049800546875 0.40232527500000004 0.01082031875 0.4077086421875 0.0160282375 0.4117885671875 0.0230929921875 0.4151666953125 0.0307557359375 0.416511075 0.0402804359375 0.41499416875 0.0485031546875 0.41465350624999997 0.05438728281250001 0.4137645640625 0.060501689062499996 0.40920873125 0.0660429578125 0.4035702328125 0.069580453125 0.3968702671875 0.070340003125 0.39031797031250004 0.0701616296875 0.38510493437500004 0.06976686875 0.38285479843750003 0.06720604218750001 0.37666071093750003 0.0627927625 0.3716158140625 0.0587296515625 0.36713528125 0.051850579687499995 0.364225746875 0.0440489375 0.3608965984375 0.0379454984375 0.35915014843750004 0.028583090625 0.3578342796875 0.0222588765625 0.3582743640625 0.015687573437499998 0.360021546875 0.0079188296875 0.3638178296875 0.0023483156250000002 0.36825669375 0 0.3717585140625 0 0.39552017031250003
1 0.0135289140625 0.5096310734375 0.017739968749999998 0.5159778312500001 0.021083634375 0.5192564015625 0.025855557812500003 0.5229389171875 0.0316897296875 0.52624981875 0.0393030796875 0.5282286 0.047131984375000005 0.528350171875 0.0567051484375 0.5286088375 0.0658351328125 0.5251996421875 0.07251427499999999 0.5211187828125 0.0773413796875 0.516477053125 0.0800194171875 0.5110058734375 0.083227715625 0.5054256234375 0.08319322812499999 0.49926510312500005 0.0830289765625 0.4950790546875 0.082172365625 0.4918737734375 0.081269196875 0.48811710625 0.0765890984375 0.483104625 0.074898296875 0.4811443796875 0.07277681875 0.478587915625 0.0702759671875 0.47722389375 0.0672034671875 0.47503343750000004 0.0637636640625 0.47368622812499994 0.060839896875 0.473348240625 0.0585645125 0.4736633796875 0.0534149390625 0.47337410625 0.0520560890625 0.47353016718749996 0.0475721453125 0.47360345625000005 0.0438723828125 0.47388583124999994 0.040070018750000005 0.4721385546875 0.0364198375 0.47219545937499996 0.03291019375 0.4738108171875 0.027717078125 0.47726010468749996 0.023100784375 0.47933114374999997 0.0187151328125 0.4827787078125 0.01518824375 0.48634956718750005 0.012366218750000001 0.492237196875 0.011374240625 0.4975751640625 0.011961840625000001 0.5036089375 0.0135289140625 0.5096310734375
3 0.9703125 0.38125 0.059375 0.1359375
3 0.753125 0.396875 0.09375 0.153125
3 0.515625 0.4046875 0.0765625 0.14375
3 0.2625 0.4046875 0.090625 0.1515625
3 0.0515625 0.4234375 0.103125 0.14375