2 0.50969145625 0.8627373421875 0.5027689875 0.87361550625 0.5007911390625 0.8854825953125 0.50870253125 0.9013053796875001 0.5195806968750001 0.9102056968750001 0.5294699359374999 0.9141613921875 0.5551819625000001 0.9141613921875 0.5690268984375 0.9082278484374999 0.5799050640625001 0.89932753125 0.58781645625 0.8854825953125 0.58682753125 0.8746044296875001 0.5818829109375 0.863726265625 0.571004746875 0.8528481015624999 0.5551819625000001 0.84691455625 0.541337025 0.84691455625 0.5393591765625 0.8488924046875 0.5274920890625 0.850870253125 0.50969145625 0.8627373421875
2 0.359375 0.775712025 0.3732199359375 0.775712025 0.38607595 0.7648338609375 0.388053796875 0.7608781640625 0.3870648734375 0.7480221515625 0.375197784375 0.734177215625 0.36333069687499997 0.73022151875 0.35541930312500003 0.73022151875 0.349485759375 0.7321993671875 0.34058544375 0.7410996828124999 0.3386075953125 0.7450553796875 0.3386075953125 0.7549446203125 0.34058544375 0.7608781640625 0.3514636078125 0.7717563296875001 0.359375 0.775712025
2 0.3415743671875 0.7262658234375 0.35245253125 0.713409809375 0.3514636078125 0.7025316453125 0.34849683593749997 0.697587025 0.33761867031250004 0.688686709375 0.3316851265625 0.688686709375 0.329707278125 0.69066455625 0.31981803750000004 0.688686709375 0.3158623421875 0.69066455625 0.310917721875 0.697587025 0.310917721875 0.7114319625000001 0.316851265625 0.721321203125 0.323773734375 0.7262658234375 0.3415743671875 0.7262658234375
2 0.31981803750000004 0.5502373421875 0.3316851265625 0.5561708859375 0.343552215625 0.558148734375 0.35344145625 0.5541930374999999 0.362341771875 0.545292721875 0.36629746875 0.5373813296875001 0.36530854375 0.532436709375 0.3514636078125 0.532436709375 0.3356408234375 0.5245253171875001 0.3247626578125 0.5116693031249999 0.32179588593749997 0.5007911390625 0.3148734171875 0.5037579109375 0.3089398734375 0.515625 0.30696202499999997 0.531447784375 0.310917721875 0.541337025 0.31981803750000004 0.5502373421875
2 0.31388449375 0.5007911390625 0.3020174046875 0.49881329062499996 0.2950949359375 0.505735759375 0.2891613921875 0.5176028484375 0.2891613921875 0.531447784375 0.2950949359375 0.5433148734375 0.309928796875 0.552215190625 0.3148734171875 0.5492484171875 0.3148734171875 0.545292721875 0.3089398734375 0.5373813296875001 0.3089398734375 0.515625 0.3148734171875 0.505735759375 0.31388449375 0.5007911390625
2 0.284216771875 0.4849683546875 0.27531645625 0.4938686703125 0.271360759375 0.5037579109375 0.271360759375 0.50969145625 0.2802610765625 0.5265031640625 0.2891613921875 0.5294699359374999 0.2891613921875 0.5176028484375 0.2950949359375 0.505735759375 0.30300632968749996 0.4978243671875 0.3020174046875 0.49683544375000005 0.2901503171875 0.48299050625 0.284216771875 0.4849683546875
2 0.28817246875 0.57397151875 0.2891613921875 0.557159809375 0.297072784375 0.545292721875 0.2960838609375 0.5423259500000001 0.2901503171875 0.53441455625 0.2861946203125 0.5363924046874999 0.27927215156249996 0.545292721875 0.27729430312500003 0.557159809375 0.28125 0.5670490499999999 0.28817246875 0.57397151875
2 0.3020174046875 0.447389240625 0.3158623421875 0.441455696875 0.323773734375 0.441455696875 0.3257515828125 0.44343354375 0.3257515828125 0.43552215156249996 0.3119066453125 0.42365506406250003 0.298061709375 0.42365506406250003 0.2901503171875 0.427610759375 0.27927215156249996 0.440466771875 0.27927215156249996 0.4582674046875 0.28125 0.46420095000000006 0.2901503171875 0.47112341718749995 0.2931170890625 0.4582674046875 0.297072784375 0.4523338609375 0.3020174046875 0.447389240625
2 0.309928796875 0.3583860765625 0.3158623421875 0.3544303796875 0.3247626578125 0.343552215625 0.32674050625 0.33761867031250004 0.3257515828125 0.322784809375 0.3158623421875 0.310917721875 0.3059731015625 0.30696202499999997 0.2861946203125 0.3128955703125 0.27927215156249996 0.31981803750000004 0.27729430312500003 0.3257515828125 0.27729430312500003 0.343552215625 0.28125 0.3514636078125 0.2901503171875 0.3583860765625 0.2960838609375 0.3603639234375 0.309928796875 0.3583860765625
2 0.303995253125 0.3089398734375 0.30696202499999997 0.3059731015625 0.3059731015625 0.30300632968749996 0.30003955625 0.297072784375 0.29212816406250003 0.2931170890625 0.27432753125 0.2990506328125 0.265427215625 0.3119066453125 0.265427215625 0.323773734375 0.2693829109375 0.3316851265625 0.2723496828125 0.3346518984375 0.2763053796875 0.3346518984375 0.27927215156249996 0.31981803750000004 0.2901503171875 0.310917721875 0.303995253125 0.3089398734375
2 0.284216771875 0.27729430312500003 0.28322784843750004 0.2565268984375 0.2763053796875 0.2476265828125 0.2693829109375 0.258504746875 0.2693829109375 0.2723496828125 0.2733386078125 0.278283228125 0.2802610765625 0.28322784843750004 0.28520569687499997 0.2822389234375 0.284216771875 0.27729430312500003
2 0.3277294296875 0.154667721875 0.32179588593749997 0.14675632968750002 0.303995253125 0.1428006328125 0.2960838609375 0.14675632968750002 0.2891613921875 0.153678796875 0.28520569687499997 0.16356803749999999 0.28718354375 0.173457278125 0.29212816406250003 0.1784018984375 0.3020174046875 0.1823575953125 0.3119066453125 0.180379746875 0.3247626578125 0.17147942968750002 0.3287183546875 0.161590190625 0.3277294296875 0.154667721875
0 0.4503560125 0.7025316453125 0.434533228125 0.7104430374999999 0.4256329109375 0.7193433546875 0.4196993671875 0.733188290625 0.4196993671875 0.7509889234375 0.4256329109375 0.7628560125 0.4424446203125 0.7776898734375 0.45431170937500004 0.7816455703125 0.4760680375 0.7816455703125 0.485957278125 0.7776898734375 0.4938686703125 0.7717563296875001 0.5047468359375 0.7589003171875001 0.5047468359375 0.7529667718749999 0.5067246828124999 0.7509889234375 0.505735759375 0.7321993671875 0.5047468359375 0.727254746875 0.49683544375000005 0.71736550625 0.48397942968749996 0.7064873421875 0.474090190625 0.7025316453125 0.4503560125 0.7025316453125
0 0.2990506328125 0.6046281640625 0.297072784375 0.616495253125 0.30300632968749996 0.630340190625 0.30795095 0.635284809375 0.3158623421875 0.63924050625 0.3316851265625 0.63924050625 0.3445411390625 0.6283623421875 0.34849683593749997 0.6204509500000001 0.3475079109375 0.609572784375 0.3465189875 0.6046281640625 0.343552215625 0.6016613921875 0.329707278125 0.603639240625 0.3277294296875 0.6016613921875 0.32179588593749997 0.6016613921875 0.31388449375 0.5957278484375 0.30795095 0.5957278484375 0.2990506328125 0.6046281640625
0 0.3455300640625 0.558148734375 0.3415743671875 0.558148734375 0.33959651874999996 0.5561708859375 0.3257515828125 0.5541930374999999 0.32179588593749997 0.5502373421875 0.3158623421875 0.5502373421875 0.3089398734375 0.557159809375 0.30300632968749996 0.571004746875 0.30300632968749996 0.57496044375 0.30696202499999997 0.5808939875 0.30696202499999997 0.58682753125 0.310917721875 0.5927610765625 0.323773734375 0.6016613921875 0.343552215625 0.6016613921875 0.3475079109375 0.59968354375 0.356408228125 0.5907832281250001 0.36135284843750004 0.5759493671875 0.3603639234375 0.5630933546875 0.35739715156249996 0.5561708859375 0.3514636078125 0.5541930374999999 0.3455300640625 0.558148734375
0 0.2960838609375 0.583860759375 0.2891613921875 0.5888053796875 0.28718354375 0.5927610765625 0.28718354375 0.6085838609375 0.2960838609375 0.619462025 0.2990506328125 0.6184731015625 0.2990506328125 0.6066060125 0.30102848125000004 0.6026503171875001 0.310917721875 0.5947389234375 0.309928796875 0.5917721515625 0.30003955625 0.58781645625 0.2960838609375 0.583860759375
0 0.32674050625 0.474090190625 0.322784809375 0.48397942968749996 0.322784809375 0.4918908234375 0.32080696249999996 0.4938686703125 0.322784809375 0.505735759375 0.3287183546875 0.5176028484375 0.3415743671875 0.5284810125 0.3514636078125 0.532436709375 0.3712420890625 0.5304588609375 0.388053796875 0.515625 0.389042721875 0.5106803796875 0.3801424046875 0.4918908234375 0.3801424046875 0.4681566453125 0.375197784375 0.46321202499999997 0.3672863921875 0.4592563296875 0.3475079109375 0.4592563296875 0.33761867031250004 0.46321202499999997 0.32674050625 0.474090190625
0 0.3158623421875 0.42365506406250003 0.31882911406250003 0.41871044375000005 0.317840190625 0.39794303750000004 0.309928796875 0.3900316453125 0.3020174046875 0.38607595 0.2901503171875 0.38607595 0.2861946203125 0.388053796875 0.2733386078125 0.40288765781249997 0.271360759375 0.40882120312500003 0.2733386078125 0.4226661390625 0.2802610765625 0.43156645625 0.2861946203125 0.43156645625 0.298061709375 0.42365506406250003 0.3158623421875 0.42365506406250003
0 0.2674050640625 0.3732199359375 0.278283228125 0.382120253125 0.29212816406250003 0.382120253125 0.30003955625 0.37816455625 0.3089398734375 0.369264240625 0.310917721875 0.36530854375 0.309928796875 0.3603639234375 0.30795095 0.3583860765625 0.3020174046875 0.3603639234375 0.2901503171875 0.3583860765625 0.2861946203125 0.356408228125 0.27729430312500003 0.343552215625 0.27432753125 0.342563290625 0.2674050640625 0.3514636078125 0.265427215625 0.369264240625 0.2674050640625 0.3732199359375
0 0.30795095 0.291139240625 0.31981803750000004 0.28718354375 0.33267405 0.2723496828125 0.3346518984375 0.2664161390625 0.33366297500000003 0.25553797500000003 0.33267405 0.252571203125 0.31981803750000004 0.2416930375 0.31388449375 0.239715190625 0.3020174046875 0.2416930375 0.28520569687499997 0.2565268984375 0.28322784843750004 0.2604825953125 0.28322784843750004 0.2763053796875 0.29212816406250003 0.28718354375 0.30003955625 0.291139240625 0.30795095 0.291139240625
0 0.31388449375 0.23773734218749998 0.33366297500000003 0.23773734218749998 0.3504746828125 0.2248813296875 0.3544303796875 0.21499208906249997 0.35344145625 0.206091771875 0.3504746828125 0.19719145625 0.3455300640625 0.1922468359375 0.33761867031250004 0.1882911390625 0.32179588593749997 0.1882911390625 0.309928796875 0.1942246828125 0.3049841765625 0.199169303125 0.2990506328125 0.21103639218749998 0.2990506328125 0.2209256328125 0.30300632968749996 0.22883702499999997 0.31388449375 0.23773734218749998
0 0.27531645625 0.22685917656250001 0.2802610765625 0.23378164531249998 0.2901503171875 0.2238924046875 0.2990506328125 0.218947784375 0.2990506328125 0.21103639218749998 0.30300632968749996 0.203125 0.3020174046875 0.200158228125 0.29212816406250003 0.200158228125 0.2861946203125 0.2041139234375 0.27729430312500003 0.21499208906249997 0.27531645625 0.22685917656250001
0 0.5037579109375 0.0913765828125 0.4918908234375 0.0854430375 0.46617879687499997 0.08346519062499999 0.46420095000000006 0.0854430375 0.44640031718750006 0.089398734375 0.4295886078125 0.1042325953125 0.42167721562500005 0.12005537968749999 0.42167721562500005 0.1299446203125 0.42365506406250003 0.13192246875 0.4256329109375 0.14378955625 0.44442246875 0.160601265625 0.4582674046875 0.160601265625 0.460245253125 0.1586234171875 0.48991297500000003 0.1586234171875 0.4918908234375 0.160601265625 0.4978243671875 0.160601265625 0.505735759375 0.15664557031249998 0.5166139234375 0.14378955625 0.5185917718749999 0.13192246875 0.5205696203125 0.1299446203125 0.5195806968750001 0.1111550640625 0.5166139234375 0.1042325953125 0.5037579109375 0.0913765828125
0 0.3742088609375 0.0706091765625 0.3742088609375 0.07852057031250001 0.37816455625 0.08840980937500001 0.3831091765625 0.09335442968749999 0.3910205703125 0.0973101265625 0.41079904999999994 0.099287975 0.4127768984375 0.0973101265625 0.42068829062499996 0.0973101265625 0.43651107656250004 0.089398734375 0.4454113921875 0.076542721875 0.44442246875 0.0676424046875 0.4375 0.052808543750000006 0.43057753125 0.0478639234375 0.4246439875 0.0458860765625 0.400909809375 0.0458860765625 0.3870648734375 0.0518196203125 0.37816455625 0.060719935937500004 0.3742088609375 0.0706091765625
1 0.5205696203125 0.177412975 0.5077136078125 0.166534809375 0.49980221562500005 0.16455696250000001 0.49584651874999996 0.160601265625 0.4879351265625 0.160601265625 0.485957278125 0.1586234171875 0.46420095000000006 0.1586234171875 0.44442246875 0.166534809375 0.4295886078125 0.17939082343749999 0.4196993671875 0.199169303125 0.4196993671875 0.218947784375 0.4256329109375 0.23477057031249998 0.44442246875 0.251582278125 0.46617879687499997 0.25949367031250004 0.48397942968749996 0.25949367031250004 0.505735759375 0.251582278125 0.5205696203125 0.2367484171875 0.5304588609375 0.218947784375 0.531447784375 0.2080696203125 0.5304588609375 0.19719145625 0.5265031640625 0.1853243671875 0.5205696203125 0.177412975
1 0.4918908234375 0.27729430312500003 0.47013449375 0.2674050640625 0.4483781640625 0.2674050640625 0.4266218359375 0.27729430312500003 0.41178797500000003 0.29212816406250003 0.40387658281250005 0.3119066453125 0.40387658281250005 0.33366297500000003 0.40585442968749996 0.3356408234375 0.40585442968749996 0.3415743671875 0.41178797500000003 0.3514636078125 0.43057753125 0.3682753171875 0.4424446203125 0.3742088609375 0.47211234218750003 0.3742088609375 0.4879351265625 0.36629746875 0.50870253125 0.343552215625 0.5126582281250001 0.3316851265625 0.5116693031249999 0.310917721875 0.50870253125 0.298061709375 0.5047468359375 0.2941060125 0.5027689875 0.28817246875 0.4918908234375 0.27729430312500003
1 0.3801424046875 0.48991297500000003 0.388053796875 0.5077136078125 0.40288765781249997 0.52254746875 0.4167325953125 0.5284810125 0.4424446203125 0.5284810125 0.4582674046875 0.5205696203125 0.47112341718749995 0.505735759375 0.479034809375 0.4879351265625 0.47804588593749997 0.467167721875 0.46914557031250004 0.4483781640625 0.45431170937500004 0.433544303125 0.43651107656250004 0.427610759375 0.414754746875 0.4295886078125 0.39695411406250003 0.43947784843750004 0.388053796875 0.4503560125 0.3801424046875 0.4681566453125 0.3801424046875 0.48991297500000003
1 0.3742088609375 0.630340190625 0.3682753171875 0.6441851265625 0.3682753171875 0.656052215625 0.376186709375 0.6738528484375 0.38508702499999997 0.6827531640625 0.400909809375 0.69066455625 0.41871044375000005 0.69066455625 0.4325553796875 0.6847310125 0.44343354375 0.6738528484375 0.4493670890625 0.6580300640625001 0.4483781640625 0.643196203125 0.44343354375 0.630340190625 0.434533228125 0.6214398734375 0.42068829062499996 0.61352848125 0.40486550625 0.6115506328125 0.40288765781249997 0.61352848125 0.3910205703125 0.6155063296875001 0.3742088609375 0.630340190625
1 0.40882120312500003 0.75593354375 0.41079904999999994 0.7579113921875 0.42068829062499996 0.75593354375 0.4196993671875 0.733188290625 0.4256329109375 0.7193433546875 0.43947784843750004 0.7054984171875 0.43848892343749996 0.700553796875 0.4167325953125 0.69066455625 0.39695411406250003 0.69066455625 0.389042721875 0.694620253125 0.37816455625 0.7054984171875 0.3742088609375 0.7153876578125 0.376186709375 0.733188290625 0.382120253125 0.74307753125 0.39695411406250003 0.7539556968750001 0.40882120312500003 0.75593354375
1 0.3049841765625 0.65209651875 0.3049841765625 0.6639636078125 0.30696202499999997 0.6698971515625 0.317840190625 0.6807753171875001 0.3257515828125 0.6847310125 0.33761867031250004 0.6847310125 0.35245253125 0.671875 0.3544303796875 0.6679193031249999 0.35344145625 0.6570411390625 0.35245253125 0.65209651875 0.343552215625 0.6412183546875 0.33959651874999996 0.63924050625 0.32179588593749997 0.63924050625 0.31981803750000004 0.6412183546875 0.317840190625 0.63924050625 0.31388449375 0.6412183546875 0.3049841765625 0.65209651875
1 0.33366297500000003 0.688686709375 0.33761867031250004 0.6867088609375 0.33761867031250004 0.6847310125 0.3257515828125 0.6847310125 0.317840190625 0.6807753171875001 0.3089398734375 0.671875 0.3049841765625 0.661985759375 0.3049841765625 0.656052215625 0.30300632968749996 0.656052215625 0.2990506328125 0.6679193031249999 0.30102848125000004 0.6738528484375 0.309928796875 0.6847310125 0.323773734375 0.69066455625 0.33366297500000003 0.688686709375
1 0.2891613921875 0.5729825953125001 0.2950949359375 0.5828718359375 0.303995253125 0.5897943031249999 0.3089398734375 0.5888053796875 0.30300632968749996 0.571004746875 0.310917721875 0.5551819625000001 0.309928796875 0.552215190625 0.30003955625 0.5462816453125 0.2960838609375 0.5462816453125 0.2891613921875 0.557159809375 0.2891613921875 0.5729825953125001
1 0.2950949359375 0.4879351265625 0.303995253125 0.49683544375000005 0.317840190625 0.5007911390625 0.32080696249999996 0.4978243671875 0.322784809375 0.48200158281250005 0.32674050625 0.474090190625 0.33761867031250004 0.46321202499999997 0.3445411390625 0.460245253125 0.343552215625 0.4553006328125 0.329707278125 0.44343354375 0.323773734375 0.441455696875 0.3158623421875 0.441455696875 0.3020174046875 0.447389240625 0.2931170890625 0.4582674046875 0.291139240625 0.46420095000000006 0.291139240625 0.480023734375 0.2950949359375 0.4879351265625
1 0.2733386078125 0.47211234218750003 0.284216771875 0.48101265781249997 0.291139240625 0.480023734375 0.2901503171875 0.473101265625 0.27927215156249996 0.460245253125 0.278283228125 0.43947784843750004 0.2733386078125 0.44442246875 0.2693829109375 0.45431170937500004 0.271360759375 0.4681566453125 0.2733386078125 0.47211234218750003
1 0.2960838609375 0.245648734375 0.309928796875 0.239715190625 0.3158623421875 0.2416930375 0.31981803750000004 0.2416930375 0.31981803750000004 0.239715190625 0.309928796875 0.23575949375 0.30300632968749996 0.22883702499999997 0.30102848125000004 0.22290348125 0.2960838609375 0.21993670937499998 0.28125 0.2308148734375 0.27927215156249996 0.244659809375 0.27729430312500003 0.24663765781250002 0.27927215156249996 0.252571203125 0.284216771875 0.2575158234375 0.2960838609375 0.245648734375
1 0.3020174046875 0.140822784375 0.284216771875 0.1526898734375 0.28125 0.15763449375 0.28125 0.167523734375 0.2861946203125 0.174446203125 0.28718354375 0.1596123421875 0.2891613921875 0.1556566453125 0.30300632968749996 0.14378955625 0.3020174046875 0.140822784375
1 0.3415743671875 0.121044303125 0.3277294296875 0.11906645625000001 0.317840190625 0.109177215625 0.31388449375 0.109177215625 0.3049841765625 0.11609968281250001 0.2990506328125 0.12598892343749998 0.2990506328125 0.1299446203125 0.303995253125 0.140822784375 0.31388449375 0.14477848124999998 0.32179588593749997 0.14477848124999998 0.33366297500000003 0.1388449359375 0.342563290625 0.1299446203125 0.3415743671875 0.121044303125
1 0.31882911406250003 0.10818829062499999 0.3277294296875 0.11906645625000001 0.3415743671875 0.121044303125 0.343552215625 0.11906645625000001 0.349485759375 0.11906645625000001 0.36333069687499997 0.1111550640625 0.3672863921875 0.10126582343749999 0.35541930312500003 0.0973101265625 0.3504746828125 0.09236550624999999 0.34849683593749997 0.0844541140625 0.3455300640625 0.0814873421875 0.33761867031250004 0.0814873421875 0.3316851265625 0.08346519062499999 0.32080696249999996 0.0943433546875 0.31882911406250003 0.09829905 0.31882911406250003 0.10818829062499999
1 0.359375 0.099287975 0.36530854375 0.10126582343749999 0.3831091765625 0.099287975 0.38607595 0.096321203125 0.38508702499999997 0.09335442968749999 0.37816455625 0.08840980937500001 0.3742088609375 0.07852057031250001 0.3742088609375 0.0706091765625 0.382120253125 0.0547863921875 0.3732199359375 0.05379746875 0.359375 0.0597310125 0.35245253125 0.06665348125000001 0.3465189875 0.07852057031250001 0.3504746828125 0.09236550624999999 0.359375 0.099287975
1 0.3475079109375 0.0775316453125 0.34849683593749997 0.072587025 0.35739715156249996 0.0617088609375 0.3672863921875 0.05577531718749999 0.3732199359375 0.05577531718749999 0.375197784375 0.05379746875 0.38113132968749996 0.05577531718749999 0.38607595 0.052808543750000006 0.38508702499999997 0.0478639234375 0.375197784375 0.041930379687500005 0.36135284843750004 0.041930379687500005 0.3514636078125 0.0458860765625 0.3386075953125 0.060719935937500004 0.3386075953125 0.0706091765625 0.34058544375 0.0745648734375 0.343552215625 0.0775316453125 0.3475079109375 0.0775316453125