1 0.459606109375 0.22990353749999998 0.449557878125 0.22588424375 0.4314710609375 0.22588424375 0.4194131828125 0.2319131828125 0.415393890625 0.2319131828125 0.408360128125 0.2389469453125 0.40434083593750003 0.24899517656249998 0.40434083593750003 0.269091640625 0.40635048281249997 0.275120578125 0.415393890625 0.2841639875 0.425442121875 0.2901929265625 0.44754823125 0.2901929265625 0.4575964625 0.2861736328125 0.466639871875 0.279139871875 0.47367363281249997 0.2640675234375 0.47467845625000005 0.25301446875 0.47065916406249997 0.2409565921875 0.459606109375 0.22990353749999998
1 0.3993167203125 0.2359324765625 0.388263665625 0.24698553125 0.38625401875 0.25301446875 0.38625401875 0.269091640625 0.39328778125 0.2801446953125 0.40132636718750003 0.2801446953125 0.408360128125 0.277130225 0.40434083593750003 0.269091640625 0.40434083593750003 0.2510048234375 0.408360128125 0.2389469453125 0.41338424375000005 0.2339228296875 0.41338424375000005 0.2319131828125 0.40936495156249997 0.2319131828125 0.3993167203125 0.2359324765625
1 0.4174035375 0.2861736328125 0.40735530468750003 0.2781350484375 0.39328778125 0.282154340625 0.3802250796875 0.2952170421875 0.3762057875 0.3032556265625 0.3762057875 0.319332796875 0.3802250796875 0.3273713828125 0.3892684890625 0.336414790625 0.3993167203125 0.340434084375 0.4174035375 0.340434084375 0.43348070781250003 0.3323954984375 0.43850482343749997 0.3253617359375 0.44151929218749997 0.3122990359375 0.44252411562500005 0.3032556265625 0.43549035312499995 0.292202571875 0.4174035375 0.2861736328125
1 0.4143890671875 0.373593246875 0.405345659375 0.3625401921875 0.395297428125 0.3565112546875 0.3752009640625 0.3565112546875 0.3671623796875 0.360530546875 0.356109325 0.3715836015625 0.3520900328125 0.3816318328125 0.3520900328125 0.39569935625 0.356109325 0.40574758906249997 0.37319131875 0.4188102890625 0.391278134375 0.4188102890625 0.40735530468750003 0.4107717046875 0.4143890671875 0.4017282953125 0.415393890625 0.3926848875 0.4163987140625 0.385651125 0.4143890671875 0.3836414796875 0.4143890671875 0.373593246875
1 0.381229903125 0.424839228125 0.3752009640625 0.42282958125 0.35912379375 0.42282958125 0.3530948546875 0.424839228125 0.3420418 0.4338826359375 0.3360128625 0.44393086875 0.3360128625 0.46402733124999995 0.3380225078125 0.47005627031249997 0.341036978125 0.4750803859375 0.3551045015625 0.48512861718750006 0.369172025 0.4871382640625 0.371181671875 0.48512861718750006 0.3772106109375 0.48512861718750006 0.3942926046875 0.472065915625 0.3973070734375 0.46101286249999995 0.398311896875 0.44995980781249995 0.3922829578125 0.43589228281250003 0.381229903125 0.424839228125
1 0.3571141484375 0.3424437296875 0.3430466234375 0.3424437296875 0.3350080390625 0.346463021875 0.3259646296875 0.3575160765625 0.3259646296875 0.37560289375 0.337017684375 0.3886655953125 0.3490755625 0.390675240625 0.3520900328125 0.387660771875 0.3520900328125 0.3796221859375 0.3601286171875 0.3655546625 0.369172025 0.360530546875 0.3701768484375 0.353496784375 0.361133440625 0.3444533765625 0.3571141484375 0.3424437296875
1 0.3490755625 0.2901929265625 0.3309887453125 0.292202571875 0.3229501609375 0.296221865625 0.3179260453125 0.3032556265625 0.3179260453125 0.3153135046875 0.319935690625 0.319332796875 0.33902733125 0.3303858515625 0.351085209375 0.32837620625 0.3571141484375 0.3243569125 0.3621382640625 0.3173231515625 0.3631430875 0.3122990359375 0.364147909375 0.3072749203125 0.3621382640625 0.30124598125 0.3490755625 0.2901929265625
1 0.3450562703125 0.2580385859375 0.337017684375 0.262057878125 0.3299839234375 0.2711012859375 0.3299839234375 0.2831591640625 0.3350080390625 0.2901929265625 0.3490755625 0.2901929265625 0.3530948546875 0.292202571875 0.361133440625 0.2881832796875 0.3651527328125 0.282154340625 0.36615755625 0.269091640625 0.3530948546875 0.2580385859375 0.3450562703125 0.2580385859375
0 0.3329983921875 0.32837620625 0.3289791 0.3243569125 0.3229501609375 0.3223472671875 0.314911575 0.3243569125 0.3078778140625 0.333400321875 0.3078778140625 0.3474678453125 0.31893086875 0.3565112546875 0.326969453125 0.3565112546875 0.3350080390625 0.346463021875 0.341036978125 0.3424437296875 0.3420418 0.333400321875 0.337017684375 0.32837620625 0.3329983921875 0.32837620625
0 0.3108922828125 0.372588425 0.299839228125 0.385651125 0.299839228125 0.397709003125 0.301848875 0.4017282953125 0.306872990625 0.40675241093750003 0.3108922828125 0.40675241093750003 0.3159163984375 0.38967041875 0.3229501609375 0.3846463015625 0.326969453125 0.3846463015625 0.3279742765625 0.377612540625 0.3249598078125 0.372588425 0.3108922828125 0.372588425
0 0.337017684375 0.3886655953125 0.3289791 0.38263665625 0.3159163984375 0.38967041875 0.31189710625 0.39971865 0.31189710625 0.40976688125000005 0.3159163984375 0.417805465625 0.326969453125 0.426848875 0.341036978125 0.426848875 0.3450562703125 0.424839228125 0.354099678125 0.417805465625 0.3571141484375 0.4107717046875 0.3520900328125 0.3936897109375 0.3490755625 0.390675240625 0.337017684375 0.3886655953125
0 0.3309887453125 0.4288585203125 0.3289791 0.426848875 0.316921221875 0.426848875 0.3129019296875 0.4288585203125 0.3058681671875 0.43589228281250003 0.301848875 0.4459405140625 0.3058681671875 0.4600080390625 0.3129019296875 0.46704179999999995 0.3209405140625 0.47106109375000005 0.334003215625 0.4600080390625 0.3380225078125 0.44192122187500005 0.3450562703125 0.4308681671875 0.3450562703125 0.4288585203125 0.33902733125 0.426848875 0.3309887453125 0.4288585203125
0 0.3631430875 0.48512861718750006 0.351085209375 0.4831189703125 0.3380225078125 0.47005627031249997 0.3350080390625 0.46101286249999995 0.3219453375 0.472065915625 0.3179260453125 0.4801045015625 0.3179260453125 0.4921623796875 0.3219453375 0.5022106109375 0.3309887453125 0.51125401875 0.33902733125 0.5152733125 0.3530948546875 0.5152733125 0.361133440625 0.51125401875 0.37319131875 0.49718649531250003 0.37319131875 0.48512861718750006 0.3651527328125 0.4871382640625 0.3631430875 0.48512861718750006
0 0.398311896875 0.540393890625 0.385249196875 0.52532154375 0.37319131875 0.5192926046874999 0.35912379375 0.5192926046874999 0.3490755625 0.523311896875 0.3360128625 0.5363745984375 0.33199356875 0.5484324765624999 0.334003215625 0.55245176875 0.334003215625 0.5625 0.3380225078125 0.5705385859375001 0.3490755625 0.581591640625 0.3571141484375 0.5856109328125 0.37319131875 0.5856109328125 0.38323955 0.581591640625 0.3963022515625 0.5685289390625 0.3993167203125 0.5554662375 0.40032154374999995 0.5484324765624999 0.398311896875 0.5464228296875 0.398311896875 0.540393890625
0 0.319935690625 0.5625 0.31893086875 0.55948553125 0.3108922828125 0.5554662375 0.2948151125 0.557475884375 0.28778135 0.564509646875 0.2857717046875 0.5805868171874999 0.28778135 0.58661575625 0.2948151125 0.5936495171875 0.3028536984375 0.5976688109375 0.3129019296875 0.5976688109375 0.316921221875 0.5956591640625 0.3259646296875 0.58661575625 0.326969453125 0.581591640625 0.3279742765625 0.5705385859375001 0.3259646296875 0.5665192921875 0.319935690625 0.5625
0 0.3179260453125 0.4921623796875 0.319935690625 0.472065915625 0.314911575 0.469051446875 0.3058681671875 0.47407556250000005 0.299839228125 0.48412379375 0.299839228125 0.5002009640625 0.3038585203125 0.50823955 0.3108922828125 0.5152733125 0.316921221875 0.5152733125 0.3249598078125 0.5092443734375001 0.3259646296875 0.506229903125 0.3219453375 0.5022106109375 0.3179260453125 0.4921623796875
1 0.29782958125 0.45598874531250005 0.29180064375 0.46804662343750003 0.2938102890625 0.4780948546875 0.2988344046875 0.48512861718750006 0.3108922828125 0.47106109375000005 0.314911575 0.47106109375000005 0.3159163984375 0.46804662343750003 0.3028536984375 0.45297427656249994 0.29782958125 0.45598874531250005
1 0.2948151125 0.42081993593749994 0.2887861734375 0.424839228125 0.2837620578125 0.4338826359375 0.2837620578125 0.44192122187500005 0.28778135 0.44995980781249995 0.2988344046875 0.4549839234375 0.301848875 0.451969453125 0.3058681671875 0.4338826359375 0.3129019296875 0.426848875 0.313906753125 0.4258440515625 0.3088826359375 0.42081993593749994 0.2948151125 0.42081993593749994
1 0.299839228125 0.5002009640625 0.299839228125 0.4881430875 0.29782958125 0.48412379375 0.2907958203125 0.4831189703125 0.2837620578125 0.4921623796875 0.2837620578125 0.49819131875 0.2817524109375 0.5002009640625 0.2857717046875 0.5122588421875001 0.2948151125 0.5192926046874999 0.3088826359375 0.5192926046874999 0.309887459375 0.5142684890625 0.3038585203125 0.50823955 0.299839228125 0.5002009640625
1 0.341036978125 0.7403536984375 0.3249598078125 0.7383440515624999 0.316921221875 0.74236334375 0.309887459375 0.751406753125 0.309887459375 0.7674839234374999 0.31189710625 0.771503215625 0.326969453125 0.784565915625 0.341036978125 0.7865755625 0.347065915625 0.784565915625 0.35912379375 0.7725080390625 0.3601286171875 0.7654742765625 0.356109325 0.7534163984375 0.341036978125 0.7403536984375
0 0.3631430875 0.8006430874999999 0.351085209375 0.7946141484375 0.3329983921875 0.79662379375 0.3219453375 0.8096864953124999 0.3219453375 0.8197347265625 0.3259646296875 0.8277733125 0.3350080390625 0.8368167203124999 0.3430466234375 0.8408360125 0.35912379375 0.8408360125 0.3721864953125 0.8297829578125 0.37319131875 0.8267684890625 0.3741961421875 0.8157154343749999 0.3701768484375 0.8076768484375 0.3631430875 0.8006430874999999
0 0.4194131828125 0.9372990359375001 0.40735530468750003 0.9312700968750001 0.39328778125 0.9292604499999999 0.391278134375 0.9312700968750001 0.38323955 0.9312700968750001 0.3721864953125 0.9403135046875001 0.3701768484375 0.9443327968749999 0.3701768484375 0.9523713828125 0.3792202578125 0.9634244375 0.3973070734375 0.9714630218750001 0.415393890625 0.9694533765625 0.425442121875 0.9594051453124999 0.4264469453125 0.9463424437500001 0.42443729843750005 0.9423231515625 0.4194131828125 0.9372990359375001
2 0.412982315625 1 0.41338424375000005 0.9995980703124999 0.42142282968749994 0.9995980703124999 0.4304662375 0.9925643093750001 0.4314710609375 0.9895498390625 0.43247588437499995 0.978496784375 0.4234324765625 0.9694533765625 0.395297428125 0.9714630218750001 0.3872588421875 0.9674437296875 0.3822347265625 0.9704582 0.3802250796875 0.9744774921875001 0.3802250796875 0.9845257234375 0.3822347265625 0.988545015625 0.3892684890625 0.9955787781250001 0.3973070734375 0.9995980703124999 0.400120578125 1 0.412982315625 1