2 0.8546875 0.509375 0.0515625 0.046875
2 0.4953125 0.49375 0.05 0.046875
2 0.2828125 0.4859375 0.05 0.046875
2 0.2953125 0.5328125 0.046875 0.04375
2 0.2665441171875 0.55711805625 0.264501634375 0.5612030234375001 0.2604166671875 0.5591605390625001 0.2553104578125 0.5622242640625 0.251225490625 0.568351715625 0.25326797343749996 0.5703942 0.2450980390625 0.57652165 0.2450980390625 0.58673406875 0.2471405234375 0.5928615203125001 0.2563317 0.6040951796875 0.264501634375 0.608180146875 0.280841503125 0.608180146875 0.291053921875 0.6020526953124999 0.2982026140625 0.594904003125 0.30228758125 0.58673406875 0.30228758125 0.578564134375 0.2982026140625 0.5744791671875 0.30024509843749997 0.56630923125 0.2930964046875 0.5591605390625001 0.28492647031249996 0.555075571875 0.26960784375 0.5560968140625 0.2665441171875 0.55711805625
2 0.865625 0.5578125 0.0578125 0.0421875
1 0.6765625 0.503125 0.053125 0.0421875
1 0.684375 0.5515625 0.0515625 0.040625
1 0.6515522875 0.611243871875 0.6587009796875 0.618392565625 0.666870915625 0.6224775328125001 0.6811683000000001 0.6224775328125001 0.6872957515625 0.6204350484375001 0.696486928125 0.611243871875 0.7005718953125 0.5989889703125 0.6985294125 0.5969464875 0.6985294125 0.5908190359375001 0.6924019609375 0.58673406875 0.6944444437499999 0.5826491015624999 0.683210784375 0.573457925 0.6638071890624999 0.5744791671875 0.6576797390625 0.578564134375 0.6576797390625 0.584691584375 0.6505310453125001 0.5877553109375 0.6474673203125 0.5928615203125001 0.6515522875 0.611243871875
3 0.859375 0.5375 0.1 0.1234375
3 0.68125 0.5390625 0.0734375 0.134375
3 0.490625 0.5296875 0.071875 0.1390625
3 0.284375 0.5140625 0.0953125 0.1328125
3 0.071875 0.50625 0.06875 0.1359375