1 0.046875 0.5654296875 0.0498046875 0.568359375 0.05078125 0.5673828125 0.0625 0.5341796875 0.0703125 0.5185546875 0.0693359375 0.513671875 0.0576171875 0.515625 0.046875 0.5283203125 0.04296875 0.5478515625 0.044921875 0.5498046875 0.046875 0.5654296875
1 0.025390625 0.5107421875 0.0234375 0.5126953125 0.0234375 0.5302734375 0.025390625 0.5361328125 0.0322265625 0.544921875 0.0361328125 0.546875 0.04296875 0.5458984375 0.046875 0.5283203125 0.056640625 0.5166015625 0.056640625 0.5087890625 0.0478515625 0.49609375 0.0361328125 0.494140625 0.0322265625 0.49609375 0.025390625 0.5048828125 0.025390625 0.5107421875
1 0.0244140625 0.55078125 0.0146484375 0.55078125 0.00390625 0.5634765625 0.001953125 0.5849609375 0.00390625 0.5869140625 0.005859375 0.5986328125 0.0166015625 0.607421875 0.0205078125 0.609375 0.0234375 0.6083984375 0.0283203125 0.6015625 0.0361328125 0.599609375 0.041015625 0.5947265625 0.04296875 0.5908203125 0.04296875 0.5771484375 0.037109375 0.5634765625 0.0302734375 0.5546875 0.0244140625 0.55078125
1 0.060546875 0.4833984375 0.056640625 0.4912109375 0.060546875 0.5107421875 0.0634765625 0.513671875 0.072265625 0.5126953125 0.076171875 0.5009765625 0.08984375 0.4755859375 0.08984375 0.4697265625 0.0810546875 0.46484375 0.0751953125 0.46484375 0.064453125 0.4716796875 0.060546875 0.4775390625 0.060546875 0.4833984375
2 0.025390625 0.6044921875 0.01953125 0.6142578125 0.01953125 0.6201171875 0.017578125 0.6220703125 0.017578125 0.6416015625 0.01953125 0.6435546875 0.021484375 0.6572265625 0.0234375 0.6611328125 0.025390625 0.6611328125 0.02734375 0.6591796875 0.02734375 0.6513671875 0.033203125 0.6337890625 0.033203125 0.6240234375 0.0390625 0.6064453125 0.0380859375 0.599609375 0.0322265625 0.599609375 0.025390625 0.6044921875
2 0.0107421875 0.6015625 0.0009765625 0.599609375 0 0.6396484375 0.0126953125 0.64453125 0.017578125 0.6435546875 0.01953125 0.6103515625 0.0107421875 0.6015625
2 0 0.6728515625 0.01171875 0.6884765625 0.0205078125 0.697265625 0.021484375 0.6962890625 0.021484375 0.6904296875 0.0234375 0.6884765625 0.0234375 0.6689453125 0.025390625 0.6669921875 0.01953125 0.6494140625 0.0107421875 0.642578125 0.0009765625 0.640625 0 0.6728515625
2 0.0234375 0.7802734375 0.021484375 0.7763671875 0.021484375 0.7451171875 0.015625 0.7333984375 0.00390625 0.7177734375 0.0009765625 0.716796875 0 0.7724609375 0.0087890625 0.78125 0.0234375 0.7802734375
0 0.779296875 0.4482421875 0.7705078125 0.4375 0.7646484375 0.435546875 0.7587890625 0.4296875 0.7470703125 0.42578125 0.7294921875 0.42578125 0.7275390625 0.427734375 0.7197265625 0.427734375 0.7080078125 0.43359375 0.6953125 0.4443359375 0.6875 0.4580078125 0.68359375 0.4697265625 0.68359375 0.4892578125 0.6875 0.5009765625 0.6953125 0.5126953125 0.7177734375 0.53515625 0.7236328125 0.537109375 0.736328125 0.5361328125 0.7470703125 0.53125 0.7587890625 0.529296875 0.7685546875 0.5234375 0.78125 0.5087890625 0.78125 0.5048828125 0.787109375 0.4931640625 0.787109375 0.4658203125 0.779296875 0.4482421875
0 0.5078125 0.6279296875 0.5078125 0.6201171875 0.50390625 0.6142578125 0.501953125 0.5986328125 0.5 0.5966796875 0.5 0.5771484375 0.4951171875 0.568359375 0.4716796875 0.572265625 0.4560546875 0.580078125 0.4375 0.5947265625 0.4296875 0.6064453125 0.419921875 0.6357421875 0.419921875 0.6494140625 0.4228515625 0.65234375 0.427734375 0.6513671875 0.4423828125 0.650390625 0.447265625 0.6455078125 0.447265625 0.6396484375 0.4560546875 0.634765625 0.4873046875 0.6328125 0.4892578125 0.630859375 0.4990234375 0.630859375 0.5078125 0.6279296875
0 0.44407619687500005 0.4286455390625 0.43235744687500005 0.4208330390625 0.42649807187500005 0.4188799140625 0.40306057187500005 0.4188799140625 0.385482446875 0.4266924140625 0.377669946875 0.4325517890625 0.368880884375 0.4432939765625 0.363021509375 0.4589189765625 0.363021509375 0.4784502265625 0.372787134375 0.4999346015625 0.385482446875 0.5106767890625 0.399154321875 0.5165361640625 0.42942775937500005 0.5155596015625 0.44212307187500005 0.5106767890625 0.45286525937500005 0.4999346015625 0.46067775937500005 0.4882158515625 0.46067775937500005 0.4823564765625 0.46458400937500005 0.4725908515625 0.46263088437500005 0.4569658515625 0.45481838437500005 0.4393877265625 0.44407619687500005 0.4286455390625
0 0.57083716875 0.4697265625 0.56107154375 0.4501953125 0.54642310625 0.4375 0.52689185625 0.4296875 0.50150123125 0.4296875 0.48196998124999996 0.439453125 0.46732154374999996 0.4560546875 0.46146216874999996 0.4677734375 0.46146216874999996 0.4755859375 0.45950904374999996 0.4775390625 0.45950904374999996 0.4970703125 0.46146216874999996 0.4990234375 0.46146216874999996 0.5048828125 0.47122779374999996 0.5224609375 0.48392310624999996 0.53515625 0.49173560624999996 0.5390625 0.51321998125 0.537109375 0.52493873125 0.54296875 0.53568091875 0.5419921875 0.55032935625 0.533203125 0.56302466875 0.5205078125 0.56888404375 0.5107421875 0.57083716875 0.4990234375 0.57279029375 0.4970703125 0.57279029375 0.4775390625 0.57083716875 0.4755859375 0.57083716875 0.4697265625
0 0.6435546875 0.39453125 0.6240234375 0.38671875 0.6025390625 0.388671875 0.5869140625 0.396484375 0.576171875 0.4072265625 0.568359375 0.4208984375 0.568359375 0.4345703125 0.576171875 0.4404296875 0.58984375 0.4580078125 0.59765625 0.4775390625 0.59765625 0.4833984375 0.6064453125 0.48828125 0.6171875 0.4873046875 0.6279296875 0.484375 0.6474609375 0.47265625 0.658203125 0.4599609375 0.658203125 0.4560546875 0.6640625 0.4443359375 0.6640625 0.4267578125 0.65625 0.4072265625 0.6435546875 0.39453125
0 0.568359375 0.4189453125 0.580078125 0.4013671875 0.576171875 0.3896484375 0.5634765625 0.376953125 0.5517578125 0.37109375 0.5302734375 0.37109375 0.5146484375 0.376953125 0.5 0.3916015625 0.494140625 0.4072265625 0.494140625 0.4248046875 0.49609375 0.4306640625 0.5029296875 0.439453125 0.505859375 0.4384765625 0.5166015625 0.431640625 0.5322265625 0.4296875 0.5341796875 0.427734375 0.5400390625 0.4296875 0.5537109375 0.4296875 0.5615234375 0.43359375 0.5673828125 0.43359375 0.568359375 0.4189453125