0 0.494140625 0.2861328125 0.494140625 0.2998046875 0.5029296875 0.310546875 0.5107421875 0.314453125 0.515625 0.3134765625 0.5244140625 0.310546875 0.533203125 0.2998046875 0.533203125 0.2861328125 0.5263671875 0.27734375 0.5185546875 0.2734375 0.5087890625 0.2734375 0.49609375 0.2822265625 0.494140625 0.2861328125
0 0.47265625 0.2822265625 0.47265625 0.2958984375 0.4814453125 0.306640625 0.4853515625 0.30859375 0.49609375 0.3076171875 0.498046875 0.3056640625 0.494140625 0.2998046875 0.494140625 0.2861328125 0.5 0.2763671875 0.4951171875 0.271484375 0.4873046875 0.271484375 0.474609375 0.2783203125 0.47265625 0.2822265625
0 0.4931640625 0.265625 0.48828125 0.2705078125 0.501953125 0.2763671875 0.513671875 0.2724609375 0.5048828125 0.265625 0.4931640625 0.265625
0 0.4638671875 0.26953125 0.4580078125 0.26953125 0.4541015625 0.271484375 0.451171875 0.2763671875 0.4541015625 0.27734375 0.4609375 0.2861328125 0.4609375 0.3017578125 0.470703125 0.3017578125 0.474609375 0.2978515625 0.47265625 0.2958984375 0.47265625 0.2822265625 0.478515625 0.2744140625 0.4736328125 0.26953125 0.4677734375 0.26953125 0.4658203125 0.267578125 0.4638671875 0.26953125
0 0.4384765625 0.310546875 0.453125 0.3095703125 0.4609375 0.3017578125 0.4609375 0.2841796875 0.4501953125 0.275390625 0.4384765625 0.275390625 0.4326171875 0.279296875 0.42578125 0.2880859375 0.427734375 0.3017578125 0.4384765625 0.310546875
0 0.431640625 0.2783203125 0.4228515625 0.2734375 0.4130859375 0.275390625 0.40625 0.2822265625 0.4150390625 0.283203125 0.4228515625 0.2890625 0.42578125 0.2880859375 0.431640625 0.2783203125
0 0.390625 0.2958984375 0.390625 0.3076171875 0.39453125 0.3154296875 0.4052734375 0.322265625 0.408203125 0.3212890625 0.4189453125 0.318359375 0.427734375 0.3056640625 0.427734375 0.2998046875 0.423828125 0.2900390625 0.4150390625 0.283203125 0.4072265625 0.283203125 0.3955078125 0.2890625 0.390625 0.2958984375
0 0.3818359375 0.31640625 0.392578125 0.3154296875 0.390625 0.2978515625 0.3984375 0.2880859375 0.3984375 0.2841796875 0.3837890625 0.283203125 0.3798828125 0.28515625 0.373046875 0.2939453125 0.373046875 0.3076171875 0.3818359375 0.31640625
0 0.5576171875 0.244140625 0.5478515625 0.244140625 0.541015625 0.2509765625 0.5419921875 0.2578125 0.56640625 0.2568359375 0.56640625 0.2509765625 0.5576171875 0.244140625
0 0.6005859375 0.244140625 0.5908203125 0.244140625 0.58203125 0.2490234375 0.5830078125 0.2578125 0.607421875 0.2568359375 0.607421875 0.2509765625 0.6005859375 0.244140625
0 0.5078125 0.2587890625 0.505859375 0.2548828125 0.4990234375 0.25 0.4873046875 0.251953125 0.482421875 0.2568359375 0.4833984375 0.26171875 0.498046875 0.2607421875 0.5078125 0.2587890625
2 0.7109375 0.2626953125 0.7109375 0.2568359375 0.7001953125 0.248046875 0.6904296875 0.248046875 0.68359375 0.2548828125 0.6845703125 0.26171875 0.6904296875 0.26171875 0.6923828125 0.263671875 0.7109375 0.2626953125
2 0.7109375 0.2626953125 0.7138671875 0.265625 0.72265625 0.2646484375 0.7333984375 0.263671875 0.736328125 0.2607421875 0.736328125 0.2568359375 0.7294921875 0.25 0.7197265625 0.25 0.7158203125 0.251953125 0.7109375 0.2587890625 0.7109375 0.2626953125
2 0.755859375 0.2666015625 0.7490234375 0.259765625 0.7373046875 0.259765625 0.7333984375 0.263671875 0.728515625 0.2646484375 0.7412109375 0.26953125 0.75390625 0.2705078125 0.755859375 0.2666015625
2 0.763671875 0.2685546875 0.76171875 0.2646484375 0.7529296875 0.2578125 0.740234375 0.2607421875 0.7451171875 0.26171875 0.7568359375 0.271484375 0.76171875 0.2705078125 0.763671875 0.2685546875
2 0.7685546875 0.2578125 0.7646484375 0.255859375 0.751953125 0.2568359375 0.7626953125 0.26953125 0.765625 0.2685546875 0.775390625 0.2666015625 0.7685546875 0.2578125
2 0.78125 0.2744140625 0.78125 0.2724609375 0.7744140625 0.267578125 0.7646484375 0.267578125 0.76171875 0.2705078125 0.7646484375 0.2734375 0.7724609375 0.2734375 0.7744140625 0.275390625 0.78125 0.2744140625
2 0.810546875 0.2783203125 0.8037109375 0.271484375 0.7919921875 0.271484375 0.7890625 0.2744140625 0.7900390625 0.27734375 0.7958984375 0.279296875 0.80859375 0.2802734375 0.810546875 0.2783203125
1 0.8154296875 0.265625 0.80859375 0.2705078125 0.80859375 0.2763671875 0.8173828125 0.283203125 0.83203125 0.2763671875 0.8193359375 0.265625 0.8154296875 0.265625
1 0.8359375 0.2841796875 0.8310546875 0.27734375 0.822265625 0.2802734375 0.8251953125 0.28515625 0.8359375 0.2841796875