1 0.103234825 0.5047923328125 0.08726038281250001 0.5047923328125 0.07428114999999999 0.5157747609375 0.0722843453125 0.5197683703125 0.0722843453125 0.5357428109375 0.0832667734375 0.5487220453125 0.09125399375 0.5527156546875001 0.11122204531249999 0.5527156546875001 0.119209265625 0.5487220453125 0.13019169375 0.5377396171875 0.1321884984375 0.53374600625 0.1321884984375 0.521765175 0.13019169375 0.5157747609375 0.123202875 0.5067891375 0.11621405781250001 0.505790734375 0.11122204531249999 0.5047923328125 0.107228434375 0.5087859421875 0.103234825 0.5047923328125
1 0.070287540625 0.463857828125 0.068290734375 0.48182907343750003 0.0772763578125 0.49480830625000005 0.08726038281250001 0.5007987218750001 0.097244409375 0.5007987218750001 0.10123801875 0.5027955265624999 0.10623003125 0.49980031875 0.107228434375 0.4968051125 0.11321885000000001 0.4988019171875 0.12819488750000002 0.485822684375 0.12819488750000002 0.4758386578125 0.13019169375 0.473841853125 0.1261980828125 0.463857828125 0.1102236421875 0.44988019218749997 0.09125399375 0.4488817890625 0.07927316250000001 0.45487220468749995 0.070287540625 0.463857828125
1 0.26597444062500003 0.529752396875 0.2699680515625 0.5357428109375 0.2699680515625 0.539736421875 0.282947284375 0.55071885 0.3069089453125 0.5487220453125 0.3178913734375 0.5417332265625 0.3178913734375 0.5377396171875 0.321884984375 0.53374600625 0.321884984375 0.517771565625 0.3198881796875 0.51178115 0.314896165625 0.5067891375 0.299920128125 0.5037939296875 0.27695686875000003 0.5047923328125 0.2699680515625 0.51178115 0.26597444062500003 0.529752396875
1 0.2739616609375 0.45986421718750004 0.2699680515625 0.46785143749999997 0.2699680515625 0.48182907343750003 0.2739616609375 0.48981629375 0.2889377 0.5007987218750001 0.3069089453125 0.5007987218750001 0.309904153125 0.4978035140625 0.31090255624999996 0.4928115015625 0.316892971875 0.49480830625000005 0.321884984375 0.48981629375 0.32587859375 0.48182907343750003 0.3238817890625 0.4758386578125 0.32587859375 0.4698482421875 0.321884984375 0.45986421718750004 0.316892971875 0.45487220468749995 0.31289936093750004 0.45487220468749995 0.3119009578125 0.44988019218749997 0.3079073484375 0.44788338593750004 0.2909345046875 0.446884984375 0.282947284375 0.45087859375 0.2739616609375 0.45986421718750004
1 0.4926118203125 0.5047923328125 0.485623003125 0.5157747609375 0.485623003125 0.53374600625 0.49660543125 0.5467252390625 0.5045926515625 0.55071885 0.5205670921875 0.55071885 0.5285543125000001 0.5467252390625 0.5335463265625 0.5417332265625 0.5315495203125 0.5377396171875 0.539536740625 0.527755590625 0.539536740625 0.521765175 0.5335463265625 0.51178115 0.5335463265625 0.507787540625 0.5215654953125 0.49980031875 0.50658945625 0.4988019171875 0.49660543125 0.5047923328125 0.4926118203125 0.5047923328125
1 0.68230830625 0.5027955265624999 0.6753194890625001 0.51178115 0.6753194890625001 0.529752396875 0.67731629375 0.53374600625 0.6853035140625 0.539736421875 0.6902955265624999 0.5467252390625 0.7022763578125 0.55071885 0.7082667734375 0.55071885 0.722244409375 0.544728434375 0.727236421875 0.539736421875 0.7332268375 0.527755590625 0.7332268375 0.517771565625 0.727236421875 0.505790734375 0.71625399375 0.4988019171875 0.709265175 0.4978035140625 0.6942891375 0.4968051125 0.6902955265624999 0.5007987218750001 0.68230830625 0.5027955265624999
2 0.917931309375 0.5007987218750001 0.9089456874999999 0.507787540625 0.9049520765624999 0.5257587859374999 0.9109424921875 0.5357428109375 0.9199281156250001 0.544728434375 0.929912140625 0.5487220453125 0.93590255625 0.5487220453125 0.9378993609374999 0.5467252390625 0.939896165625 0.5487220453125 0.9478833859375 0.5487220453125 0.961861021875 0.5427316296875 0.968849840625 0.5357428109375 0.968849840625 0.5317492015624999 0.97284345 0.5257587859374999 0.97284345 0.517771565625 0.968849840625 0.5097843453124999 0.9598642171874999 0.5007987218750001 0.9548722046875 0.49980031875 0.93590255625 0.4988019171875 0.9339057515625001 0.5007987218750001 0.917931309375 0.5007987218750001
2 0.9239217249999999 0.44289137343749996 0.9119408953124999 0.44289137343749996 0.9019568687499999 0.446884984375 0.8909744406250001 0.4578674125 0.8889776359375 0.461861021875 0.8889776359375 0.4758386578125 0.895966453125 0.48881789062500003 0.9099440890625001 0.4968051125 0.9279153359375 0.4968051125 0.9319089453125 0.49081469687499996 0.9378993609374999 0.4928115015625 0.9448881796874999 0.4878194890625 0.9528753999999999 0.473841853125 0.9508785937500001 0.4698482421875 0.9528753999999999 0.46785143749999997 0.9528753999999999 0.461861021875 0.939896165625 0.446884984375 0.934904153125 0.44388977656249995 0.929912140625 0.44289137343749996 0.9259185296875 0.4448881796875 0.9239217249999999 0.44289137343749996
2 0.70626996875 0.446884984375 0.6972843453124999 0.4538738015625 0.6912939296875 0.463857828125 0.6912939296875 0.47983226874999996 0.6972843453124999 0.48981629375 0.7042731625 0.49480830625000005 0.71625399375 0.4988019171875 0.728234825 0.4988019171875 0.7362220453125 0.49480830625000005 0.7492012781249999 0.47783546250000003 0.7492012781249999 0.463857828125 0.7452076671875 0.45587060625 0.739217253125 0.451876996875 0.7362220453125 0.446884984375 0.727236421875 0.44388977656249995 0.720247603125 0.44289137343749996 0.7182507984375001 0.4448881796875 0.70626996875 0.446884984375
2 0.46964856250000003 0.46585463281250006 0.46964856250000003 0.48382587812500005 0.47663737968750003 0.49480830625000005 0.48262779531250005 0.4968051125 0.48662140625 0.5007987218750001 0.5005990421875001 0.5007987218750001 0.50658945625 0.4988019171875 0.519568690625 0.4878194890625 0.5215654953125 0.48382587812500005 0.5215654953125 0.46785143749999997 0.519568690625 0.461861021875 0.512579871875 0.45287540000000004 0.5035942484375 0.44788338593750004 0.4886182109375 0.446884984375 0.47164536718749994 0.45986421718750004 0.46964856250000003 0.46585463281250006
2 0.2739616609375 0.5577076671875 0.27196485625 0.5636980828125 0.2679712453125 0.56769169375 0.26597444062500003 0.5816693296875 0.2699680515625 0.5916533546875 0.2789536734375 0.600638978125 0.2869408953125 0.6046325875 0.304912140625 0.6026357828125 0.314896165625 0.5966453671874999 0.321884984375 0.58765974375 0.3238817890625 0.5816693296875 0.3238817890625 0.56769169375 0.314896165625 0.554712459375 0.31090255624999996 0.5527156546875001 0.3089057515625 0.554712459375 0.30591054375 0.549720446875 0.2909345046875 0.5487220453125 0.2849440890625 0.55071885 0.2739616609375 0.5577076671875
3 0.0984375 0.50625 0.10625 0.128125
3 0.2953125 0.50625 0.0859375 0.128125
3 0.5015625 0.50625 0.0796875 0.1296875
3 0.7171875 0.5046875 0.0890625 0.13125
3 0.93125 0.5015625 0.1125 0.1328125