2 0.3682895265625 0.5033661046875 0.3745423921875 0.504333284375 0.386243378125 0.503610296875 0.3964698484375 0.49905594999999997 0.40051608906249997 0.49457704218750004 0.4041279578125 0.486371725 0.40390908124999997 0.4801650234375 0.40246921406249997 0.47309266718750004 0.40246921406249997 0.46723329218750004 0.388915340625 0.45777905937499996 0.3858569125 0.4564068109375 0.3710725265625 0.45547929375 0.3643832765625 0.45844422968750004 0.3575473390625 0.46528016718750004 0.3555942140625 0.47113954218750004 0.3575473390625 0.47309266718750004 0.3546176515625 0.47602235468750004 0.3536410890625 0.48871766718750004 0.3643832765625 0.5014129796875 0.3682895265625 0.5033661046875
1 0.3605569875 0.2908169515625 0.3651735296875 0.2950499875 0.36809645468749996 0.30003636718750004 0.37319780625 0.303489928125 0.3794633421875 0.3060257296875 0.38389113125 0.30552784375 0.38941961875 0.305878196875 0.391948184375 0.30682811718749997 0.393911540625 0.3057403125 0.39874918125000003 0.3038063015625 0.40443624375000004 0.2995792953125 0.4092039359375 0.2939223828125 0.410200890625 0.28383827031250003 0.41025831874999996 0.27720753125 0.41025831874999996 0.27134815625 0.40439894374999996 0.26158253125 0.39756300625 0.25669971875 0.389261634375 0.25496759999999996 0.3867290484375 0.2547038890625 0.381789703125 0.25366472500000004 0.372611290625 0.253695678125 0.3717027765625 0.25440158749999997 0.36826613125 0.25669971875 0.3631004265625 0.2619941171875 0.35850050625 0.26841846875 0.35841675156249997 0.2745468984375 0.358136559375 0.2830025171875 0.3605569875 0.2908169515625
1 0.35379094218749996 0.6958526796875 0.3605533484375 0.70093241875 0.370934478125 0.7009906921875 0.377847771875 0.7010510484375 0.3812552515625 0.699518228125 0.3879489765625 0.6956924250000001 0.39429453593749997 0.6893253406250001 0.39624766093749997 0.6717472156250001 0.39429453593749997 0.6658878406250001 0.38550547343749997 0.6531925281250001 0.3777031046875 0.6514229203124999 0.36227505937500004 0.6531484953125 0.3540282015625 0.6574723687499999 0.3482800078125 0.666528484375 0.34588876874999996 0.677219134375 0.3466580796875 0.6837581859374999 0.3490910265625 0.6909649328125 0.35379094218749996 0.6958526796875
1 0.396268328125 0.7080117328125 0.3988374453125 0.71137111875 0.4016502828125 0.715077021875 0.40635033906249995 0.71812758125 0.41292947343749997 0.7185079375 0.41875860468750004 0.7187353812499999 0.4231712515625 0.718637721875 0.4321344671875 0.7133949734375 0.43840905937499997 0.704314396875 0.4408068453125 0.7002024375 0.44178515 0.6936601375 0.44029858437499997 0.683236225 0.43469952031250003 0.675606121875 0.426004021875 0.6685202703125 0.423712609375 0.6679397109375 0.42255274375 0.66764 0.4163766671875 0.6674716671875001 0.413776709375 0.667087884375 0.40709545937499997 0.66956435 0.4046977046875 0.670094034375 0.40416577187499997 0.6705409125 0.40221264687499997 0.6705409125 0.393474765625 0.680169484375 0.39244702187499997 0.6861659125 0.39147045937499997 0.6969081 0.3914093625 0.700408890625 0.396268328125 0.7080117328125
2 0.42423947812499996 0.5033831359375001 0.43278454687499995 0.5028370796875 0.43764995781250005 0.5004842515625 0.44974883906249996 0.490239053125 0.45229839531250005 0.4819295640625 0.45229839531250005 0.4721639390625 0.44643902031250005 0.4584920640625 0.43574641718749996 0.45204371875 0.42645128593750004 0.4510023703125 0.41523733749999997 0.4549107078125 0.40777798125000003 0.4619637703125 0.4018716578125 0.46974410000000005 0.4015918375 0.48312548906249997 0.40948322031249995 0.49530366406250004 0.4151849546875 0.5006847062500001 0.42423947812499996 0.5033831359375001
2 0.45851602031249994 0.5038516375000001 0.4623574671875 0.5055311953125 0.46803327812499995 0.5092733093749999 0.47924609843750005 0.5099131125 0.4854025109375 0.5089471296875 0.49710152656249995 0.500491115625 0.4992985890625 0.4968143578125 0.5004434046874999 0.4928358828125 0.5011896609375001 0.49059752031250004 0.5007736046875 0.47969175937499997 0.5004434046874999 0.4772108828125 0.499320765625 0.473180121875 0.48923918125 0.46312437656250005 0.485629765625 0.4612809109375 0.4721230921875 0.4606093203125 0.46635201562499995 0.4627374125 0.4623574671875 0.4645155703125 0.4555215296875 0.4713515078125 0.45542509375 0.4749837109375 0.453951909375 0.47952065624999995 0.453878259375 0.4802502296875 0.4535684046875 0.4811171328125 0.4525918421875 0.4879530703125 0.4516152796875 0.4908827578125 0.453314825 0.49609884062500004 0.45851602031249994 0.5038516375000001
1 0.48572574218750003 0.695595065625 0.49032318437500005 0.687650434375 0.49284251250000005 0.6784056890625 0.49110024374999994 0.6684271578125001 0.4864360078125 0.661031925 0.4794763421875 0.6552171515625 0.47401246874999997 0.6519489875 0.4655899375 0.651121128125 0.46041863593750004 0.65267995 0.4545841078125 0.6549772609375 0.4478897328125 0.6604825265625001 0.44327441562500003 0.6681185921874999 0.4407136953125 0.67778103125 0.441884928125 0.68566263125 0.44438167812499996 0.6911961203125 0.4474889734375 0.695855653125 0.4513309953125 0.699657221875 0.45366217343750004 0.7006431281250001 0.4587760875 0.7035359328124999 0.464526890625 0.704893434375 0.47189295937500003 0.7042443171875 0.47891941875 0.7017174640625 0.48572574218750003 0.695595065625
3 0.3953125 0.875 0.121875 0.096875
3 0.4046875 0.68125 0.121875 0.0953125
3 0.4046875 0.48125 0.1375 0.0796875
3 0.41875 0.2765625 0.125 0.0875
3 0.425 0.0765625 0.1265625 0.103125