0 0.1615604578125 0.3189644609375 0.1513480390625 0.32509191249999997 0.133986928125 0.346537990625 0.12581699375 0.3669628265625 0.12581699375 0.38738766406249997 0.12785947656250002 0.389430146875 0.1299019609375 0.4037275328125 0.1452205875 0.423131128125 0.163602940625 0.43130106250000005 0.18198529375 0.43130106250000005 0.1942401953125 0.4251736109375 0.215686275 0.4016850484375 0.223856209375 0.3833026953125 0.223856209375 0.37513276093750003 0.2258986921875 0.373090278125 0.223856209375 0.346537990625 0.215686275 0.3322406046875 0.20241013125 0.3189644609375 0.18504902031249998 0.3159007359375 0.17790032656250002 0.31487949375 0.1676879078125 0.3189644609375 0.1615604578125 0.3189644609375
0 0.669117646875 0.62431576875 0.6650326796875 0.6345281859375 0.6650326796875 0.65086805625 0.6670751640625 0.65699550625 0.67422385625 0.6661866828125 0.684436275 0.672314134375 0.6966911765625 0.6743566171875 0.698733659375 0.672314134375 0.7069035953125 0.672314134375 0.722222221875 0.6610804734375 0.7283496734375 0.65086805625 0.73039215625 0.6365706703125 0.7283496734375 0.6345281859375 0.7263071890624999 0.6222732843750001 0.7150735296875 0.6110396234375 0.705882353125 0.6079758984375 0.692606209375 0.60695465625 0.682393790625 0.6110396234375 0.669117646875 0.62431576875
0 0.875408496875 0.5201491015624999 0.8692810453125001 0.5344464875 0.8692810453125001 0.5609987750000001 0.875408496875 0.5732536765625 0.88664215625 0.5844873359375 0.8948120921875 0.5885723046875 0.9111519609375 0.5885723046875 0.9234068625 0.5824448531249999 0.9346405234375 0.5712111921874999 0.9428104578125 0.548743871875 0.9407679734375 0.5283190359375001 0.93668300625 0.5201491015624999 0.925449346875 0.5068729578125 0.9193218953125 0.502787990625 0.9121732031249999 0.5017667484375 0.9029820265625 0.50074550625 0.8907271234374999 0.5048304734375 0.875408496875 0.5201491015624999
0 0.6568627453125 0.6774203437499999 0.658905228125 0.6794628265625 0.658905228125 0.6876327609375 0.67422385625 0.7009089046875 0.6885212421875 0.7009089046875 0.6946486921874999 0.698866421875 0.7079248359375 0.6855902781250001 0.7099673203125 0.6733353765625 0.6966911765625 0.672314134375 0.6946486921874999 0.6743566171875 0.692606209375 0.672314134375 0.684436275 0.672314134375 0.67422385625 0.6661866828125 0.669117646875 0.659037990625 0.666053921875 0.6580167484375 0.658905228125 0.667207925 0.6568627453125 0.6774203437499999
0 0.5874183000000001 0.648825571875 0.5751633984375 0.6651654406249999 0.5772058828125 0.6712928921875 0.5863970593750001 0.68048406875 0.6006944437499999 0.6866115203125001 0.6088643796875 0.6866115203125001 0.6231617640625 0.68048406875 0.6303104578125 0.6712928921875 0.6088643796875 0.6641442 0.5996732031249999 0.6549530234375001 0.5955882359375 0.6447406046874999 0.5955882359375 0.63044321875 0.59456699375 0.6294219765625 0.589460784375 0.6345281859375 0.5874183000000001 0.648825571875
1 0.93668300625 0.52423406875 0.9407679734375 0.532404003125 0.9407679734375 0.5528288406249999 0.9325980390625 0.5732536765625 0.9264705875000001 0.579381128125 0.9264705875000001 0.585508578125 0.9315767968750001 0.5906147875000001 0.941789215625 0.5946997546875 0.94995915 0.5946997546875 0.9560866015625 0.5906147875000001 0.9601715687500001 0.5906147875000001 0.971405228125 0.57733864375 0.9775326796874999 0.5609987750000001 0.9754901953124999 0.5364889703125 0.9622140515625001 0.519127859375 0.9530228765625001 0.516064134375 0.941789215625 0.5150428921875 0.93668300625 0.5181066171875 0.93668300625 0.52423406875
1 0.7283496734375 0.65086805625 0.722222221875 0.659037990625 0.722222221875 0.6651654406249999 0.729370915625 0.672314134375 0.73754085 0.6763991015624999 0.75388071875 0.6763991015624999 0.7600081703125 0.6743566171875 0.769199346875 0.667207925 0.77736928125 0.6529105390625001 0.77736928125 0.6345281859375 0.7732843140625 0.6263582515625 0.7661356203125 0.619209559375 0.758986928125 0.6161458328125 0.7416258171875 0.6151245921874999 0.7283496734375 0.6263582515625 0.7283496734375 0.65086805625
1 0.6017156859375 0.6202308000000001 0.5955882359375 0.632485703125 0.5955882359375 0.6467830875 0.5996732031249999 0.6549530234375001 0.6109068625 0.6661866828125 0.6231617640625 0.67027165 0.63745915 0.67027165 0.64767156875 0.6661866828125 0.655841503125 0.66005923125 0.6629901953124999 0.65086805625 0.6650326796875 0.6284007359375 0.6629901953124999 0.6222732843750001 0.655841503125 0.6130821078124999 0.642565359375 0.605933415625 0.6231617640625 0.6049121734375 0.6170343140625 0.60695465625 0.6017156859375 0.6202308000000001
1 0.526143790625 0.6141033499999999 0.520016340625 0.6284007359375 0.520016340625 0.6426981203125 0.526143790625 0.6549530234375001 0.533292484375 0.662101715625 0.54758986875 0.6682291671875 0.5618872546875 0.6682291671875 0.56801470625 0.6641442 0.5720996734375 0.6641442 0.5833333328125 0.6549530234375001 0.589460784375 0.6426981203125 0.589460784375 0.63044321875 0.5833333328125 0.6141033499999999 0.5700571890624999 0.6028696890624999 0.5649509796875 0.6018484484375 0.549632353125 0.60082720625 0.533292484375 0.60695465625 0.526143790625 0.6141033499999999
1 0.2759395421875 0.49257557187499995 0.2677696078125 0.4966605390625 0.25245097968749997 0.5119791671875 0.250408496875 0.5181066171875 0.2483660125 0.5364889703125 0.250408496875 0.5385314546875 0.250408496875 0.548743871875 0.2565359484375 0.5609987750000001 0.263684640625 0.5681474671875 0.27798202656250004 0.5763174015625 0.30044934687499997 0.5763174015625 0.30861928125000004 0.572232434375 0.3178104578125 0.5650837421875 0.3280228765625 0.548743871875 0.330065359375 0.5303615203125001 0.3239379078125 0.5119791671875 0.3106617640625 0.4966605390625 0.3045343140625 0.49257557187499995 0.2973856203125 0.49155432968749996 0.28819444375000003 0.49053308749999996 0.2861519609375 0.49257557187499995 0.2759395421875 0.49257557187499995
1 0.0563725484375 0.2525837421875 0.044117646875 0.27096609531250004 0.044117646875 0.2750510625 0.0400326796875 0.28117851250000003 0.0359477125 0.29343341562499997 0.0359477125 0.3036458328125 0.033905228125 0.3056883171875 0.0359477125 0.30977328437499996 0.0359477125 0.3220281859375 0.044117646875 0.33836805625 0.059436275000000004 0.34755923125 0.0716911765625 0.34755923125 0.0859885625 0.34143178125 0.10539215625000001 0.3220281859375 0.117647059375 0.299560865625 0.11968954218750001 0.2852634796875 0.1217320265625 0.283220996875 0.1217320265625 0.2607536765625 0.11356209218749999 0.2423713234375 0.1084558828125 0.2372651140625 0.1013071890625 0.23420138906250001 0.0819035953125 0.23318014687500002 0.07577614375 0.23522263125 0.0563725484375 0.2525837421875