1 0.22777777812500002 0.48472222187499997 0.233730159375 0.49464285781250006 0.233730159375 0.5005952375 0.23769841249999998 0.5085317453125 0.26845238125000004 0.5353174609375 0.2922619046875 0.54325396875 0.32202380937499997 0.54325396875 0.3240079359375 0.5412698406249999 0.32996031718749996 0.5412698406249999 0.3478174609375 0.5333333328125 0.35972222187499997 0.525396825 0.3706349203125 0.5164682546875 0.38452380937499997 0.496626984375 0.39246031718749996 0.47281746093750004 0.39246031718749996 0.4331349203125 0.390476190625 0.43115079375 0.3884920640625 0.41924603125 0.38452380937499997 0.415277778125 0.38055555625 0.403373015625 0.3617063484375 0.38452380937499997 0.3478174609375 0.374603175 0.3240079359375 0.36666666718749996 0.2922619046875 0.36865079375 0.2744047625 0.374603175 0.2605158734375 0.3825396828125 0.2416666671875 0.403373015625 0.2396825390625 0.409325396875 0.23571428593750002 0.41329365156250003 0.22777777812500002 0.43115079375 0.2248015875 0.4519841265625 0.2238095234375 0.46884920625 0.22777777812500002 0.47876984062499994 0.22777777812500002 0.48472222187499997
1 0.38452380937499997 0.1117063484375 0.3855158734375 0.1146825390625 0.40535714218749996 0.124603175 0.4331349203125 0.1265873015625 0.43511904687499997 0.124603175 0.44305555625000004 0.124603175 0.46884920625 0.1146825390625 0.48174603125 0.1017857140625 0.4896825390625 0.0859126984375 0.4896825390625 0.0640873015625 0.4857142859375 0.056150793750000004 0.47083333281249995 0.041269840625 0.4609126984375 0.0353174609375 0.44305555625000004 0.0333333328125 0.441071428125 0.03134920625 0.4172619046875 0.0333333328125 0.397420634375 0.041269840625 0.38055555625 0.054166667187499996 0.3706349203125 0.0740079359375 0.3696428578125 0.0888888890625 0.36865079375 0.09384920625 0.372619046875 0.1017857140625 0.38452380937499997 0.1117063484375
1 0.5541666671875001 0.0452380953125 0.5759920640625 0.047222221875 0.577976190625 0.0452380953125 0.59384920625 0.0452380953125 0.6007936515625001 0.040277778125000004 0.6047619046875 0.034325396875000004 0.6047619046875 0.026388889062499997 0.6007936515625001 0.01845238125 0.5918650796875 0.009523809375000001 0.58194444375 0.00555555625 0.5601190468749999 0.00555555625 0.5541666671875001 0.007539682812499999 0.5442460312499999 0.019444443750000002 0.54325396875 0.030357142187500002 0.5452380953125 0.036309523437500005 0.5541666671875001 0.0452380953125
1 0.6454365078125 0.146428571875 0.665277778125 0.146428571875 0.672222221875 0.1414682546875 0.6742063484374999 0.1375 0.6742063484374999 0.12559523749999998 0.672222221875 0.121626984375 0.6573412703125 0.108730159375 0.6414682546875 0.108730159375 0.63055555625 0.11765872968749999 0.6295634921875 0.1206349203125 0.628571428125 0.12956349218750002 0.6325396828125001 0.1375 0.6454365078125 0.146428571875
1 0.6632936515625001 0.23174603125 0.6732142859375 0.233730159375 0.6791666671875001 0.23174603125 0.6920634921875 0.2208333328125 0.6920634921875 0.20694444375 0.690079365625 0.202976190625 0.6791666671875001 0.19206349218750002 0.6712301593750001 0.18809523749999998 0.6553571421875 0.190079365625 0.647420634375 0.2 0.646428571875 0.214880953125 0.6484126984375 0.21884920624999998 0.6632936515625001 0.23174603125
1 0.6692460312499999 0.277380953125 0.6732142859375 0.2793650796875 0.6890873015625 0.2793650796875 0.6960317453125 0.2744047625 0.7 0.26845238125000004 0.7019841265625 0.2585317453125 0.7 0.25654761875 0.7 0.2505952375 0.6871031750000001 0.23769841249999998 0.6712301593750001 0.23571428593750002 0.6613095234374999 0.2416666671875 0.6573412703125 0.247619046875 0.65634920625 0.2605158734375 0.6583333328125 0.26448412656250003 0.6692460312499999 0.277380953125
1 0.665277778125 0.46388888906250003 0.68115079375 0.46388888906250003 0.6960317453125 0.45099206406250003 0.6980158734375 0.4331349203125 0.6960317453125 0.4271825390625 0.6851190468749999 0.41626984062499994 0.6771825390624999 0.4123015875 0.6692460312499999 0.4123015875 0.659325396875 0.41626984062499994 0.6494047625 0.428174603125 0.6484126984375 0.4450396828125 0.652380953125 0.452976190625 0.665277778125 0.46388888906250003
0 0.615674603125 0.5551587296875 0.6236111109375 0.559126984375 0.6375 0.559126984375 0.647420634375 0.5551587296875 0.6583333328125 0.5442460312499999 0.6623015875 0.5363095234374999 0.6642857140625 0.522420634375 0.6623015875 0.5204365078125 0.6623015875 0.5144841265625 0.6513888890625 0.5015873015625 0.6454365078125 0.49761904687499997 0.6255952375 0.4956349203125 0.6196428578125001 0.49761904687499997 0.6067460312499999 0.5085317453125 0.6017857140625 0.5174603171875 0.6007936515625001 0.5323412703125 0.6047619046875 0.5422619046875 0.615674603125 0.5551587296875
0 0.6513888890625 0.1861111109375 0.6692460312499999 0.18809523749999998 0.6801587296875 0.17916666718750002 0.6821428578125001 0.1613095234375 0.6732142859375 0.150396825 0.6672619046875 0.146428571875 0.647420634375 0.146428571875 0.6384920640625 0.153373015625 0.6355158734375 0.1603174609375 0.634523809375 0.165277778125 0.6384920640625 0.17519841249999998 0.6513888890625 0.1861111109375
0 0.58194444375 0.0948412703125 0.5998015875 0.0948412703125 0.60575396875 0.09285714218749999 0.6126984125 0.087896825 0.61865079375 0.077976190625 0.61865079375 0.0700396828125 0.6146825390624999 0.060119046875000005 0.6077380953125 0.053174603125 0.5958333328125 0.047222221875 0.5700396828125001 0.047222221875 0.5571428578125001 0.058134920312500005 0.5541666671875001 0.06706349218749999 0.5571428578125001 0.077976190625 0.56805555625 0.0888888890625 0.58194444375 0.0948412703125
0 0.6821428578125001 0.1613095234375 0.6821428578125001 0.171230159375 0.6851190468749999 0.172222221875 0.69404761875 0.1613095234375 0.6920634921875 0.1494047625 0.6791666671875001 0.1384920640625 0.6732142859375 0.1384920640625 0.6712301593750001 0.14246031718750002 0.6692460312499999 0.14246031718750002 0.66825396875 0.147420634375 0.6801587296875 0.1573412703125 0.6821428578125001 0.1613095234375
0 0.7 0.228769840625 0.7019841265625 0.21884920624999998 0.7 0.21686507968750002 0.7 0.2109126984375 0.691071428125 0.20198412656250003 0.690079365625 0.20892857187499997 0.6920634921875 0.2109126984375 0.6920634921875 0.21884920624999998 0.690079365625 0.2228174609375 0.6831349203125 0.2297619046875 0.6732142859375 0.23174603125 0.6732142859375 0.23571428593750002 0.6890873015625 0.23769841249999998 0.7 0.228769840625