2 0.1689453125 0.4921875 0.1533203125 0.48828125 0.1513671875 0.490234375 0.1396484375 0.4921875 0.12890625 0.5029296875 0.123046875 0.5166015625 0.12109375 0.5302734375 0.123046875 0.5322265625 0.125 0.5478515625 0.12890625 0.5517578125 0.130859375 0.5576171875 0.1455078125 0.568359375 0.1513671875 0.5703125 0.16015625 0.5693359375 0.1689453125 0.56640625 0.181640625 0.5556640625 0.1875 0.5419921875 0.189453125 0.5263671875 0.1875 0.5244140625 0.1875 0.5166015625 0.181640625 0.5048828125 0.1689453125 0.4921875
2 0.0712890625 0.49609375 0.0634765625 0.49609375 0.0556640625 0.501953125 0.05078125 0.5087890625 0.048828125 0.5146484375 0.048828125 0.5322265625 0.052734375 0.5419921875 0.0634765625 0.552734375 0.07421875 0.5517578125 0.078125 0.5498046875 0.078125 0.5458984375 0.072265625 0.5380859375 0.072265625 0.5341796875 0.068359375 0.5283203125 0.068359375 0.5107421875 0.07421875 0.4990234375 0.0712890625 0.49609375
2 0.259765625 0.3330078125 0.25390625 0.3447265625 0.25390625 0.3525390625 0.2578125 0.3603515625 0.2685546875 0.3671875 0.2734375 0.3662109375 0.2841796875 0.36328125 0.291015625 0.3564453125 0.294921875 0.3486328125 0.294921875 0.3369140625 0.2841796875 0.32421875 0.2705078125 0.32421875 0.2666015625 0.326171875 0.259765625 0.3330078125
2 0.400390625 0.2783203125 0.3984375 0.2822265625 0.3984375 0.2919921875 0.4052734375 0.30078125 0.4130859375 0.3046875 0.421875 0.3037109375 0.4267578125 0.302734375 0.435546875 0.2939453125 0.4375 0.2822265625 0.435546875 0.2763671875 0.4306640625 0.271484375 0.4228515625 0.267578125 0.4130859375 0.267578125 0.400390625 0.2783203125
2 0.23828125 0.3427734375 0.23828125 0.3544921875 0.240234375 0.3583984375 0.2490234375 0.365234375 0.255859375 0.3642578125 0.259765625 0.3623046875 0.255859375 0.3564453125 0.25390625 0.3447265625 0.2578125 0.3349609375 0.263671875 0.3291015625 0.2568359375 0.326171875 0.2509765625 0.328125 0.23828125 0.3427734375
2 0.228515625 0.3291015625 0.224609375 0.3369140625 0.224609375 0.3427734375 0.228515625 0.3505859375 0.2314453125 0.353515625 0.23828125 0.3525390625 0.23828125 0.3427734375 0.240234375 0.3388671875 0.2470703125 0.330078125 0.25390625 0.3271484375 0.25390625 0.3251953125 0.2470703125 0.3203125 0.2353515625 0.322265625 0.228515625 0.3291015625
2 0.140625 0.4072265625 0.1494140625 0.416015625 0.15625 0.4150390625 0.158203125 0.4111328125 0.154296875 0.4052734375 0.154296875 0.3916015625 0.162109375 0.3798828125 0.1591796875 0.375 0.1494140625 0.37890625 0.140625 0.3916015625 0.140625 0.4072265625
2 0.5859375 0.2568359375 0.58203125 0.2666015625 0.583984375 0.2685546875 0.583984375 0.2744140625 0.5908203125 0.283203125 0.5986328125 0.287109375 0.611328125 0.2861328125 0.62109375 0.2802734375 0.625 0.2724609375 0.625 0.2666015625 0.62109375 0.2568359375 0.6162109375 0.251953125 0.6064453125 0.248046875 0.5986328125 0.248046875 0.5859375 0.2568359375
2 0.62109375 0.2529296875 0.625 0.2744140625 0.6357421875 0.283203125 0.646484375 0.2822265625 0.6494140625 0.28125 0.658203125 0.2705078125 0.658203125 0.2607421875 0.65625 0.2568359375 0.6435546875 0.24609375 0.6298828125 0.24609375 0.6259765625 0.248046875 0.62109375 0.2529296875
2 0.7734375 0.2802734375 0.775390625 0.2958984375 0.7841796875 0.306640625 0.7939453125 0.310546875 0.802734375 0.3095703125 0.8056640625 0.30859375 0.8125 0.2998046875 0.8125 0.2861328125 0.80859375 0.2763671875 0.7978515625 0.26953125 0.7841796875 0.26953125 0.7802734375 0.271484375 0.7734375 0.2802734375
2 0.80859375 0.2802734375 0.8125 0.2861328125 0.8125 0.2978515625 0.818359375 0.2978515625 0.82421875 0.2861328125 0.82421875 0.2763671875 0.8203125 0.2705078125 0.8115234375 0.263671875 0.7978515625 0.263671875 0.794921875 0.2685546875 0.80859375 0.2763671875 0.80859375 0.2802734375
2 0.8515625 0.2861328125 0.861328125 0.2802734375 0.8544921875 0.2734375 0.8447265625 0.271484375 0.8359375 0.2783203125 0.8388671875 0.28125 0.8427734375 0.28125 0.8505859375 0.287109375 0.8515625 0.2861328125
0 0.0869140625 0.48828125 0.0830078125 0.490234375 0.0703125 0.5048828125 0.068359375 0.5107421875 0.068359375 0.5283203125 0.072265625 0.5341796875 0.072265625 0.5380859375 0.0810546875 0.548828125 0.0849609375 0.55078125 0.1015625 0.5498046875 0.109375 0.5439453125 0.11328125 0.5361328125 0.11328125 0.5224609375 0.115234375 0.5205078125 0.11328125 0.5068359375 0.1025390625 0.4921875 0.0927734375 0.48828125 0.0869140625 0.48828125
0 0.02734375 0.4970703125 0.025390625 0.5029296875 0.025390625 0.5185546875 0.029296875 0.5263671875 0.0361328125 0.533203125 0.046875 0.5322265625 0.048828125 0.5302734375 0.048828125 0.5146484375 0.052734375 0.5068359375 0.052734375 0.4990234375 0.0439453125 0.48828125 0.0361328125 0.48828125 0.0322265625 0.490234375 0.02734375 0.4970703125
0 0.111328125 0.4521484375 0.109375 0.4541015625 0.111328125 0.4580078125 0.1162109375 0.458984375 0.1318359375 0.4765625 0.138671875 0.4755859375 0.14453125 0.4716796875 0.150390625 0.4599609375 0.150390625 0.4404296875 0.1416015625 0.427734375 0.1376953125 0.42578125 0.1259765625 0.42578125 0.11328125 0.4365234375 0.111328125 0.4521484375
0 0.3857421875 0.26953125 0.3837890625 0.267578125 0.3720703125 0.26953125 0.36328125 0.2802734375 0.36328125 0.2900390625 0.3671875 0.2958984375 0.3857421875 0.3046875 0.3984375 0.3037109375 0.40234375 0.3017578125 0.40234375 0.2978515625 0.3984375 0.2919921875 0.3984375 0.2822265625 0.40234375 0.2763671875 0.40234375 0.2724609375 0.3974609375 0.26953125 0.3857421875 0.26953125
0 0.154296875 0.3916015625 0.154296875 0.4072265625 0.158203125 0.4130859375 0.1650390625 0.41796875 0.17578125 0.4169921875 0.1826171875 0.4140625 0.1875 0.4072265625 0.189453125 0.4013671875 0.189453125 0.3876953125 0.1826171875 0.376953125 0.1689453125 0.375 0.158203125 0.3837890625 0.154296875 0.3916015625
0 0.9189453125 0.3828125 0.9130859375 0.3828125 0.90234375 0.3916015625 0.896484375 0.4052734375 0.89453125 0.4169921875 0.896484375 0.4189453125 0.8984375 0.4345703125 0.904296875 0.4443359375 0.9169921875 0.455078125 0.9228515625 0.455078125 0.9248046875 0.45703125 0.9296875 0.4560546875 0.9404296875 0.453125 0.947265625 0.4462890625 0.953125 0.4326171875 0.953125 0.4150390625 0.9453125 0.3955078125 0.9326171875 0.384765625 0.9208984375 0.380859375 0.9189453125 0.3828125
0 0.712890625 0.2783203125 0.716796875 0.2861328125 0.7255859375 0.294921875 0.7314453125 0.294921875 0.7333984375 0.296875 0.740234375 0.2958984375 0.7431640625 0.294921875 0.751953125 0.2841796875 0.751953125 0.2705078125 0.7373046875 0.2578125 0.7314453125 0.255859375 0.7216796875 0.2578125 0.712890625 0.2685546875 0.712890625 0.2783203125
0 0.755859375 0.2822265625 0.7666015625 0.294921875 0.7734375 0.2939453125 0.7734375 0.2802734375 0.775390625 0.2763671875 0.787109375 0.2666015625 0.7744140625 0.2578125 0.7646484375 0.2578125 0.7607421875 0.259765625 0.755859375 0.2666015625 0.755859375 0.2822265625
0 0.880859375 0.3134765625 0.87890625 0.3193359375 0.8837890625 0.322265625 0.88671875 0.3212890625 0.8935546875 0.318359375 0.8984375 0.3134765625 0.8984375 0.2998046875 0.8876953125 0.28515625 0.8759765625 0.283203125 0.873046875 0.2880859375 0.880859375 0.2978515625 0.880859375 0.3134765625
0 0.8203125 0.3037109375 0.82421875 0.3115234375 0.828125 0.3173828125 0.8349609375 0.322265625 0.849609375 0.3212890625 0.8544921875 0.318359375 0.857421875 0.3134765625 0.857421875 0.2978515625 0.853515625 0.2900390625 0.8427734375 0.28125 0.8291015625 0.28125 0.8203125 0.2919921875 0.8203125 0.3037109375
0 0.1826171875 0.365234375 0.1875 0.3642578125 0.189453125 0.3564453125 0.1982421875 0.349609375 0.201171875 0.3466796875 0.2001953125 0.345703125 0.1904296875 0.345703125 0.181640625 0.3544921875 0.1796875 0.3623046875 0.1826171875 0.365234375
1 0.087890625 0.4853515625 0.0908203125 0.48828125 0.1025390625 0.4921875 0.111328125 0.5029296875 0.11328125 0.5107421875 0.1162109375 0.513671875 0.119140625 0.5126953125 0.126953125 0.5048828125 0.126953125 0.4990234375 0.12890625 0.4970703125 0.12890625 0.4736328125 0.1162109375 0.458984375 0.1005859375 0.458984375 0.087890625 0.4736328125 0.087890625 0.4853515625
1 0.185546875 0.3642578125 0.185546875 0.3740234375 0.1875 0.3779296875 0.1982421875 0.38671875 0.20703125 0.3857421875 0.2138671875 0.3828125 0.220703125 0.3720703125 0.220703125 0.3564453125 0.2119140625 0.34765625 0.1982421875 0.34765625 0.189453125 0.3544921875 0.189453125 0.3583984375 0.185546875 0.3642578125
1 0.294921875 0.3095703125 0.294921875 0.3193359375 0.3037109375 0.330078125 0.318359375 0.3291015625 0.326171875 0.3232421875 0.330078125 0.3154296875 0.330078125 0.3056640625 0.3232421875 0.296875 0.3193359375 0.294921875 0.3095703125 0.294921875 0.296875 0.3056640625 0.294921875 0.3095703125
1 0.322265625 0.2958984375 0.328125 0.3017578125 0.330078125 0.3095703125 0.3349609375 0.314453125 0.3388671875 0.31640625 0.349609375 0.3154296875 0.3525390625 0.314453125 0.361328125 0.3037109375 0.361328125 0.2900390625 0.3544921875 0.283203125 0.3466796875 0.279296875 0.3349609375 0.27734375 0.322265625 0.2880859375 0.322265625 0.2958984375
1 0.0810546875 0.45703125 0.0732421875 0.455078125 0.0625 0.4638671875 0.05859375 0.4716796875 0.05859375 0.4873046875 0.0625 0.4873046875 0.0625 0.4794921875 0.0693359375 0.47265625 0.0771484375 0.46875 0.0830078125 0.46875 0.0849609375 0.470703125 0.08984375 0.4697265625 0.08984375 0.4658203125 0.0810546875 0.45703125
1 0.8603515625 0.357421875 0.8427734375 0.357421875 0.8349609375 0.361328125 0.826171875 0.3701171875 0.822265625 0.3798828125 0.8203125 0.3955078125 0.828125 0.4169921875 0.8369140625 0.42578125 0.8544921875 0.43359375 0.861328125 0.4326171875 0.8740234375 0.427734375 0.884765625 0.4130859375 0.884765625 0.4072265625 0.88671875 0.4052734375 0.884765625 0.3837890625 0.87890625 0.3720703125 0.8681640625 0.361328125 0.8603515625 0.357421875
1 0.7802734375 0.33984375 0.7685546875 0.34375 0.7578125 0.3525390625 0.751953125 0.3642578125 0.75 0.3779296875 0.7578125 0.3974609375 0.7724609375 0.4140625 0.7783203125 0.4140625 0.7802734375 0.416015625 0.79296875 0.4150390625 0.8056640625 0.412109375 0.818359375 0.3994140625 0.822265625 0.3876953125 0.822265625 0.3779296875 0.8125 0.3544921875 0.8076171875 0.349609375 0.7939453125 0.341796875 0.7802734375 0.33984375
1 0.9052734375 0.322265625 0.896484375 0.3330078125 0.896484375 0.3505859375 0.9072265625 0.369140625 0.9169921875 0.373046875 0.919921875 0.3720703125 0.9287109375 0.369140625 0.93359375 0.3642578125 0.935546875 0.3603515625 0.935546875 0.3427734375 0.9296875 0.3310546875 0.9228515625 0.32421875 0.9189453125 0.322265625 0.9052734375 0.322265625
1 0.958984375 0.3583984375 0.962890625 0.3662109375 0.9697265625 0.373046875 0.98046875 0.3720703125 0.986328125 0.3642578125 0.986328125 0.3486328125 0.982421875 0.3408203125 0.9736328125 0.33203125 0.9638671875 0.33203125 0.958984375 0.3369140625 0.95703125 0.3427734375 0.958984375 0.3583984375
1 0.9375 0.3212890625 0.9375 0.3330078125 0.943359375 0.3447265625 0.9501953125 0.3515625 0.95703125 0.3505859375 0.95703125 0.3427734375 0.958984375 0.3369140625 0.96484375 0.3310546875 0.96484375 0.3271484375 0.9541015625 0.314453125 0.9462890625 0.3125 0.9423828125 0.314453125 0.9375 0.3212890625
1 0.919921875 0.3212890625 0.9306640625 0.33203125 0.9375 0.3310546875 0.9375 0.3232421875 0.939453125 0.3173828125 0.943359375 0.3134765625 0.943359375 0.3095703125 0.9345703125 0.298828125 0.9248046875 0.296875 0.91796875 0.3056640625 0.919921875 0.3212890625
1 0.67578125 0.2626953125 0.677734375 0.2763671875 0.6904296875 0.287109375 0.705078125 0.2861328125 0.7080078125 0.28515625 0.712890625 0.2783203125 0.712890625 0.2607421875 0.7060546875 0.25390625 0.6982421875 0.25 0.6884765625 0.25 0.6845703125 0.251953125 0.67578125 0.2626953125