0 0.518465015625 0.10279088125 0.5056898578125 0.0919811328125 0.49782822343750005 0.0880503140625 0.4703125 0.08608490625000001 0.44672759375000004 0.09394654062499999 0.431987028125 0.10868710625 0.4280562109375 0.1165487421875 0.42609080156249995 0.1283411953125 0.4280562109375 0.130306603125 0.4280562109375 0.1401336484375 0.4339524375 0.14996069218750002 0.4506584125 0.1627358484375 0.46245086406249997 0.1627358484375 0.46441627343749997 0.160770440625 0.47424331718749996 0.160770440625 0.4762087265625 0.15880503125 0.4997936328125 0.160770440625 0.501759040625 0.1627358484375 0.511586084375 0.156839621875 0.5223958328125 0.144064465625 0.525343946875 0.1214622640625 0.5223958328125 0.10868710625 0.518465015625 0.10279088125
0 0.6825766515625 0.685534590625 0.7002653296875 0.685534590625 0.727781053125 0.6737421390625 0.7376080968750001 0.665880503125 0.7484178453125 0.6531053453125 0.75627948125 0.639347484375 0.7602102984375 0.62755503125 0.7621757078125 0.6020047171875 0.764141115625 0.6000393078124999 0.7631584124999999 0.5872641515625 0.7621757078125 0.5803852203125001 0.7523486640625 0.562696540625 0.7523486640625 0.5587657234375001 0.7317118703125 0.536163521875 0.7100923734375 0.526336478125 0.7022307390625 0.526336478125 0.7002653296875 0.5243710687500001 0.6786458328125 0.5243710687500001 0.676680425 0.526336478125 0.6707841984375 0.526336478125 0.6393376578125001 0.5420597484375 0.6187008640625 0.56466195 0.6069084124999999 0.596108490625 0.6069084124999999 0.625589621875 0.6088738203124999 0.62755503125 0.6088738203124999 0.6354166671875 0.61673545625 0.6531053453125 0.6226316828125 0.66096698125 0.6393376578125001 0.675707546875 0.6609571546875 0.685534590625 0.67274960625 0.685534590625 0.674715015625 0.6875 0.6806112421875 0.6875 0.6825766515625 0.685534590625
0 0.3101316828125 0.5568003140625 0.31602790937499997 0.5725235843750001 0.3229068390625 0.579402515625 0.332733884375 0.5833333328125 0.3464917453125 0.5833333328125 0.35631878906250003 0.579402515625 0.3671285375 0.5685927671875 0.3710593546875 0.5607311328125 0.37007665156249997 0.5499213843749999 0.36516312968750003 0.5371462265625 0.3582841984375 0.5302672953124999 0.3484571546875 0.526336478125 0.342560928125 0.5283018875 0.32683765781249996 0.526336478125 0.3140625 0.5371462265625 0.3101316828125 0.5469732703125 0.3101316828125 0.5568003140625
0 0.34747445 0.629520440625 0.3514052671875 0.6216588046875 0.35042256250000003 0.6069182390625001 0.34747445 0.6000393078124999 0.33863010937500004 0.593160378125 0.32094143124999996 0.59119496875 0.3130797953125 0.5951257859375 0.30423545625 0.605935534375 0.30423545625 0.619693396875 0.3062008640625 0.625589621875 0.3111143875 0.632468553125 0.32094143124999996 0.6383647796874999 0.3366647015625 0.6383647796874999 0.34747445 0.629520440625
0 0.30423545625 0.60790094375 0.3101316828125 0.5980738999999999 0.31602790937499997 0.59414308125 0.31504520468749997 0.59119496875 0.3052181609375 0.5872641515625 0.30128734218750003 0.5833333328125 0.292443003125 0.5902122640624999 0.292443003125 0.605935534375 0.3032527515625 0.6187106921875001 0.30423545625 0.60790094375
0 0.2767197328125 0.4093946546875 0.2767197328125 0.41529088124999997 0.28065055 0.425117925 0.28752948125 0.4319968546875 0.2914602984375 0.4319968546875 0.30128734218750003 0.42413522031250006 0.32094143124999996 0.42413522031250006 0.32388954375 0.42118710625 0.32388954375 0.41529088124999997 0.325854953125 0.413325471875 0.3248722484375 0.40841194999999997 0.32388954375 0.399567609375 0.31504520468749997 0.3907232703125 0.30718356875 0.386792453125 0.295391115625 0.386792453125 0.28752948125 0.3907232703125 0.28065055 0.399567609375 0.2767197328125 0.4093946546875
0 0.27278891562499996 0.3740172953125 0.2835986640625 0.3828616359375 0.299321934375 0.3828616359375 0.3052181609375 0.3808962265625 0.3140625 0.37205188749999996 0.31602790937499997 0.36812106875 0.31504520468749997 0.3592767296875 0.309148978125 0.3592767296875 0.30718356875 0.36124213906249997 0.2934257078125 0.3592767296875 0.282615959375 0.350432390625 0.2816332546875 0.34551886718749997 0.2777024375 0.34551886718749997 0.27278891562499996 0.3523977984375 0.27082350625 0.370086478125 0.27278891562499996 0.3740172953125
0 0.30423545625 0.22268081718750002 0.3062008640625 0.22857704375000001 0.31504520468749997 0.2393867921875 0.318976021875 0.24135220156249998 0.3366647015625 0.24135220156249998 0.34452633593750004 0.23742138437500002 0.35730149375 0.2246462265625 0.359266903125 0.21875 0.3582841984375 0.2099056609375 0.355336084375 0.2010613203125 0.3484571546875 0.194182390625 0.330768475 0.190251571875 0.328803065625 0.19221698125 0.3229068390625 0.19221698125 0.3081662734375 0.20499213906249997 0.30423545625 0.2128537734375 0.30423545625 0.22268081718750002
0 0.295391115625 0.28655660312500003 0.3003046390625 0.2777122640625 0.3130797953125 0.268867925 0.318976021875 0.266902515625 0.332733884375 0.266902515625 0.33863010937500004 0.268867925 0.33863010937500004 0.257075471875 0.33764740625 0.2541273578125 0.3248722484375 0.24331760937500002 0.318976021875 0.24331760937500002 0.3170106125 0.24135220156249998 0.30718356875 0.24331760937500002 0.29047759375000004 0.25805817656249996 0.2885121859375 0.26198899375 0.2885121859375 0.2777122640625 0.295391115625 0.28655660312500003
0 0.32683765781249996 0.3219339625 0.33863010937500004 0.3160377359375 0.34747445 0.30719339687499997 0.3514052671875 0.2973663515625 0.35042256250000003 0.2885220125 0.345509040625 0.27574685468750004 0.3366647015625 0.268867925 0.332733884375 0.266902515625 0.318976021875 0.266902515625 0.309148978125 0.2708333328125 0.2983392296875 0.28164308125000004 0.2944084125 0.2993317609375 0.3032527515625 0.3160377359375 0.3130797953125 0.3219339625 0.32683765781249996 0.3219339625
0 0.309148978125 0.20204402500000002 0.297356525 0.20204402500000002 0.2845813671875 0.2128537734375 0.28065055 0.22661163593749997 0.285564071875 0.23545597499999998 0.297356525 0.223663521875 0.30423545625 0.22071540937499998 0.30423545625 0.2128537734375 0.309148978125 0.20204402500000002
0 0.378920990625 0.087067609375 0.3916961484375 0.1018081765625 0.3975923734375 0.1018081765625 0.3995577828125 0.10377358437499999 0.41921187031249996 0.10377358437499999 0.44279677656249994 0.0919811328125 0.4477102984375 0.08510220156250001 0.44967570781250005 0.079205975 0.448693003125 0.074292453125 0.44377948125 0.0615172953125 0.43690055 0.0546383640625 0.42707350625 0.050707546874999995 0.40741941875 0.050707546874999995 0.395626965625 0.0546383640625 0.3828518078125 0.0654481125 0.378920990625 0.0733097484375 0.378920990625 0.087067609375
1 0.318976021875 0.147012578125 0.32683765781249996 0.147012578125 0.33863010937500004 0.1411163515625 0.34747445 0.1322720125 0.3464917453125 0.12342767343750001 0.34452633593750004 0.1214622640625 0.3346992921875 0.1214622640625 0.328803065625 0.11753144687499999 0.3248722484375 0.11163522031249999 0.318976021875 0.11163522031249999 0.3101316828125 0.1185141515625 0.30423545625 0.1283411953125 0.30423545625 0.1322720125 0.309148978125 0.1430817609375 0.318976021875 0.147012578125
1 0.3346992921875 0.1214622640625 0.35435338125000004 0.1214622640625 0.36909394687499997 0.11261792500000001 0.3710593546875 0.10868710625 0.37007665156249997 0.10377358437499999 0.3582841984375 0.0998427671875 0.3533706765625 0.09296383593749999 0.3514052671875 0.0831367921875 0.3484571546875 0.0821540875 0.3366647015625 0.08608490625000001 0.325854953125 0.0968946546875 0.32388954375 0.10082547187499999 0.32388954375 0.110652515625 0.325854953125 0.1145833328125 0.3346992921875 0.1214622640625
1 0.3533706765625 0.09296383593749999 0.362215015625 0.1018081765625 0.37400746875 0.10573899375 0.375972878125 0.10377358437499999 0.3877653296875 0.10377358437499999 0.39071344375 0.10082547187499999 0.3897307390625 0.0998427671875 0.378920990625 0.087067609375 0.378920990625 0.0733097484375 0.3828518078125 0.0654481125 0.388748034375 0.0595518875 0.375972878125 0.058569182812499995 0.364180425 0.064465409375 0.3533706765625 0.07724056562500001 0.3514052671875 0.0831367921875 0.3533706765625 0.09296383593749999
1 0.364180425 0.064465409375 0.375972878125 0.058569182812499995 0.3897307390625 0.058569182812499995 0.39267885156250004 0.05562106875 0.3916961484375 0.05267295625 0.3799036953125 0.0448113203125 0.3661458328125 0.0448113203125 0.36024960625 0.046776729687500004 0.34747445 0.05562106875 0.3435436328125 0.0634827046875 0.3435436328125 0.0733097484375 0.3484571546875 0.0801886796875 0.352387971875 0.0801886796875 0.355336084375 0.0733097484375 0.364180425 0.064465409375
1 0.5243612421875 0.17944182343749998 0.511586084375 0.168632075 0.491931996875 0.160770440625 0.468347090625 0.160770440625 0.448693003125 0.168632075 0.4339524375 0.18140723281249999 0.42412539374999997 0.2010613203125 0.42412539374999997 0.21875 0.42609080156249995 0.22071540937499998 0.42609080156249995 0.22661163593749997 0.4339524375 0.240369496875 0.44672759375000004 0.2511792453125 0.46441627343749997 0.25904088125 0.48603577031249995 0.2610062890625 0.4880011796875 0.25904088125 0.5056898578125 0.2551100625 0.5243612421875 0.23840408750000003 0.5341882859375 0.22268081718750002 0.5341882859375 0.21678459062500002 0.5361536953125 0.21481918281249998 0.535170990625 0.2059748421875 0.53025746875 0.18730345937499998 0.5243612421875 0.17944182343749998
1 0.43296973281250006 0.276729559375 0.43002161875 0.28164308125000004 0.41822916718750003 0.29147012656250004 0.41036753125000003 0.30719339687499997 0.408402121875 0.32881289375 0.41036753125000003 0.3307783015625 0.41036753125000003 0.3386399375 0.41626375781249997 0.350432390625 0.43100432343749995 0.36517295625 0.448693003125 0.375 0.4762087265625 0.375 0.49782822343750005 0.363207546875 0.508637971875 0.3523977984375 0.518465015625 0.3307783015625 0.5174823109375 0.3140723265625 0.5125687890624999 0.29540094375 0.4958628140625 0.276729559375 0.4781741359375 0.268867925 0.46245086406249997 0.266902515625 0.43296973281250006 0.276729559375
1 0.46441627343749997 0.4418239 0.45852004687500003 0.43789308125000004 0.44672759375000004 0.43592767343750005 0.44476218593750005 0.43396226406249994 0.43100432343749995 0.43396226406249994 0.42903891562499996 0.43592767343750005 0.4231426890625 0.43592767343750005 0.405454009375 0.44575471718750004 0.3946442609375 0.45852987343749996 0.388748034375 0.47228773593750006 0.388748034375 0.49783805000000003 0.39267885156250004 0.509630503125 0.40741941875 0.526336478125 0.42903891562499996 0.536163521875 0.44672759375000004 0.536163521875 0.46441627343749997 0.5283018875 0.47719143124999996 0.5155267296875 0.487018475 0.49783805000000003 0.487018475 0.489976415625 0.48898388437499996 0.48801100625 0.4880011796875 0.481132075 0.48112224843750007 0.46049528281249996 0.46441627343749997 0.4418239
1 0.35730149375 0.64131289375 0.36319772031249997 0.6550707546875 0.37400746875 0.665880503125 0.3897307390625 0.6737421390625 0.40348860000000003 0.6737421390625 0.41724646249999997 0.6678459125 0.4280562109375 0.6570361640625 0.431987028125 0.6452437109375 0.43100432343749995 0.6285377359375001 0.42609080156249995 0.615762578125 0.415281053125 0.6069182390625001 0.40152319218750004 0.6010220125 0.3877653296875 0.6010220125 0.372042059375 0.6069182390625001 0.36319772031249997 0.615762578125 0.35730149375 0.62755503125 0.35730149375 0.64131289375
1 0.40152319218750004 0.689465409375 0.39366155625 0.6933962265625 0.3828518078125 0.704205975 0.38088639999999996 0.715998428125 0.378920990625 0.7179638359375 0.378920990625 0.725825471875 0.3828518078125 0.735652515625 0.395626965625 0.7484276734375 0.40741941875 0.7543238999999999 0.415281053125 0.7543238999999999 0.41724646249999997 0.7562893078124999 0.41921187031249996 0.7543238999999999 0.42903891562499996 0.7543238999999999 0.43296973281250006 0.752358490625 0.4477102984375 0.7395833328125 0.45164111562500003 0.7317216984375 0.4506584125 0.7169811328125 0.44967570781250005 0.712067609375 0.4408313671875 0.69732704375 0.425108096875 0.689465409375 0.40152319218750004 0.689465409375
1 0.3582841984375 0.6619496859375 0.355336084375 0.64720911875 0.34452633593750004 0.6383647796874999 0.32094143124999996 0.6403301890625 0.3140625 0.6452437109375 0.3101316828125 0.6531053453125 0.3140625 0.670794025 0.32094143124999996 0.67767295625 0.332733884375 0.6835691828125 0.342560928125 0.6835691828125 0.352387971875 0.67767295625 0.35730149375 0.670794025 0.3582841984375 0.6619496859375
1 0.34059551875 0.6875 0.345509040625 0.6845518875 0.34452633593750004 0.6816037734375 0.342560928125 0.6835691828125 0.3346992921875 0.6835691828125 0.32094143124999996 0.67767295625 0.312097090625 0.6668632078125001 0.312097090625 0.6550707546875 0.309148978125 0.65408805 0.3062008640625 0.6570361640625 0.3062008640625 0.670794025 0.31504520468749997 0.6835691828125 0.3229068390625 0.6875 0.34059551875 0.6875
1 0.330768475 0.589229559375 0.335681996875 0.5843160375 0.3346992921875 0.5833333328125 0.3229068390625 0.579402515625 0.31602790937499997 0.5725235843750001 0.3101316828125 0.5587657234375001 0.3101316828125 0.5489386796875 0.30718356875 0.545990565625 0.30128734218750003 0.545990565625 0.2944084125 0.5568003140625 0.2944084125 0.5725235843750001 0.3003046390625 0.5823506296875001 0.3130797953125 0.59119496875 0.330768475 0.589229559375
1 0.3130797953125 0.4948899375 0.31602790937499997 0.48604559687500004 0.3229068390625 0.4752358484375 0.34059551875 0.4673742140625 0.35042256250000003 0.4673742140625 0.3533706765625 0.4644261 0.352387971875 0.4614779875 0.34943985781250003 0.45263364843750004 0.3366647015625 0.4418239 0.332733884375 0.439858490625 0.3130797953125 0.439858490625 0.30227004687500003 0.44870282968749997 0.29637382031250004 0.46049528281249996 0.29637382031250004 0.4781839625 0.30227004687500003 0.48801100625 0.3130797953125 0.4948899375
1 0.27868514218749996 0.4447720125 0.2747543234375 0.45459905625 0.2767197328125 0.46835691874999996 0.27868514218749996 0.47228773593750006 0.289494890625 0.481132075 0.297356525 0.481132075 0.297356525 0.4791666671875 0.29637382031250004 0.4742531453125 0.2845813671875 0.46049528281249996 0.2835986640625 0.439858490625 0.27868514218749996 0.4447720125
1 0.30128734218750003 0.24724842812499997 0.30718356875 0.24331760937500002 0.3111143875 0.24331760937500002 0.3140625 0.240369496875 0.3130797953125 0.23742138437500002 0.3081662734375 0.23250786093750003 0.3062008640625 0.2246462265625 0.3032527515625 0.22169811250000002 0.297356525 0.223663521875 0.2845813671875 0.2364386796875 0.2845813671875 0.2462657234375 0.282615959375 0.24823113281250003 0.2865467765625 0.2560927671875 0.289494890625 0.25904088125 0.30128734218750003 0.24724842812499997
1 0.2914602984375 0.1764937109375 0.2944084125 0.17551100625 0.292443003125 0.17354559687499999 0.292443003125 0.1617531453125 0.2944084125 0.1578223265625 0.3081662734375 0.1460298734375 0.30718356875 0.1430817609375 0.30128734218750003 0.1450471703125 0.2885121859375 0.15585691875000002 0.2865467765625 0.1696147796875 0.2914602984375 0.1764937109375
2 0.3170106125 0.1450471703125 0.309148978125 0.1450471703125 0.29637382031250004 0.153891509375 0.29047759375000004 0.1676493703125 0.295391115625 0.17845911875 0.3032527515625 0.18238993750000002 0.3170106125 0.18238993750000002 0.3317511796875 0.1696147796875 0.3337165875 0.163718553125 0.332733884375 0.156839621875 0.32683765781249996 0.1489779875 0.3170106125 0.1450471703125
2 0.2747543234375 0.2718160375 0.285564071875 0.2845911953125 0.29047759375000004 0.283608490625 0.289494890625 0.27869496875 0.2885121859375 0.25805817656249996 0.2845813671875 0.2541273578125 0.2845813671875 0.250196540625 0.2816332546875 0.24921383593750002 0.2747543234375 0.260023584375 0.2747543234375 0.2718160375
2 0.325854953125 0.34846698125 0.3297857703125 0.34060534531250003 0.328803065625 0.3258647796875 0.32683765781249996 0.3219339625 0.3130797953125 0.3219339625 0.299321934375 0.31210691874999996 0.295391115625 0.31210691874999996 0.282615959375 0.3229166671875 0.28065055 0.3445361640625 0.2845813671875 0.3523977984375 0.2934257078125 0.3592767296875 0.299321934375 0.36124213906249997 0.3130797953125 0.3592767296875 0.325854953125 0.34846698125
2 0.297356525 0.3081761 0.2944084125 0.2973663515625 0.2914602984375 0.2944182390625 0.2816332546875 0.29834905625 0.2747543234375 0.3052279875 0.27082350625 0.313089621875 0.27082350625 0.324882075 0.275737028125 0.333726415625 0.28065055 0.33470911875 0.282615959375 0.3229166671875 0.2934257078125 0.3140723265625 0.2983392296875 0.3091588046875 0.297356525 0.3081761
2 0.330768475 0.43592767343750005 0.3170106125 0.42413522031250006 0.3032527515625 0.42413522031250006 0.295391115625 0.4280660375 0.2845813671875 0.44084119531250004 0.2845813671875 0.45852987343749996 0.2865467765625 0.4644261 0.295391115625 0.47130503125 0.29637382031250004 0.4624606921875 0.30227004687500003 0.44870282968749997 0.3130797953125 0.439858490625 0.330768475 0.439858490625 0.330768475 0.43592767343750005
2 0.3140625 0.49390723281250004 0.31602790937499997 0.509630503125 0.32192413593749997 0.519457546875 0.3346992921875 0.5283018875 0.35631878906250003 0.526336478125 0.36024960625 0.5243710687500001 0.3710593546875 0.5115959125 0.3730247640625 0.5056996859375 0.372042059375 0.48899371093750005 0.36909394687499997 0.4801493703125 0.35435338125000004 0.4673742140625 0.34059551875 0.4673742140625 0.3346992921875 0.469339621875 0.3229068390625 0.4752358484375 0.31602790937499997 0.48604559687500004 0.31602790937499997 0.4919418234375 0.3140625 0.49390723281250004
2 0.312097090625 0.5450078609375 0.3140625 0.5371462265625 0.3248722484375 0.5283018875 0.3278203609375 0.5253537734375 0.32683765781249996 0.5243710687500001 0.3179933171875 0.5135613203125 0.31602790937499997 0.5017688671875 0.3130797953125 0.4968553453125 0.30718356875 0.4988207546875 0.2983392296875 0.50766509375 0.2944084125 0.5155267296875 0.2944084125 0.53125 0.2983392296875 0.5391116359375 0.309148978125 0.547955975 0.312097090625 0.5450078609375
2 0.309148978125 0.4988207546875 0.312097090625 0.49587264218750005 0.3111143875 0.4948899375 0.297356525 0.483097484375 0.2934257078125 0.483097484375 0.282615959375 0.489976415625 0.2767197328125 0.5037342765624999 0.2767197328125 0.509630503125 0.28065055 0.519457546875 0.289494890625 0.5283018875 0.2944084125 0.5273191828125 0.2944084125 0.5155267296875 0.2983392296875 0.50766509375 0.309148978125 0.4988207546875
2 0.2934257078125 0.5341981125 0.2845813671875 0.5450078609375 0.2845813671875 0.5509040875 0.282615959375 0.552869496875 0.2845813671875 0.562696540625 0.2914602984375 0.57154088125 0.2944084125 0.5705581765625001 0.2944084125 0.5568003140625 0.30227004687500003 0.5450078609375 0.30128734218750003 0.5420597484375 0.2983392296875 0.5371462265625 0.2934257078125 0.5341981125
2 0.31602790937499997 0.7101022015625 0.32683765781249996 0.7228773578125 0.330768475 0.7248427671875 0.34452633593750004 0.7248427671875 0.355336084375 0.715998428125 0.35730149375 0.712067609375 0.35631878906250003 0.7012578609375 0.34452633593750004 0.6875 0.3229068390625 0.6875 0.31602790937499997 0.6963443390624999 0.31602790937499997 0.7101022015625
2 0.352387971875 0.72091195 0.3435436328125 0.7297562890625 0.3415782234375 0.735652515625 0.3415782234375 0.745479559375 0.345509040625 0.7533411953125 0.3582841984375 0.76415094375 0.3661458328125 0.76415094375 0.3681112421875 0.7661163515625 0.37007665156249997 0.76415094375 0.381869103125 0.762185534375 0.388748034375 0.755306603125 0.39071344375 0.749410378125 0.3897307390625 0.7444968546874999 0.3828518078125 0.735652515625 0.38088639999999996 0.72779088125 0.37400746875 0.72091195 0.3681112421875 0.72091195 0.3661458328125 0.718946540625 0.352387971875 0.72091195