2 0.5243770421875 0.7704248359375 0.520292075 0.7745098046875001 0.5141646234375 0.7765522875 0.5049734484374999 0.78982843125 0.5049734484374999 0.81638071875 0.5141646234375 0.8276143796875 0.5162071078125 0.8276143796875 0.5264195265625 0.8357843140625001 0.53050449375 0.8337418296875001 0.5427593953125001 0.8337418296875001 0.5560355390625 0.8225081703124999 0.562162990625 0.81025326875 0.56012050625 0.8061683000000001 0.562162990625 0.8020833328125001 0.5611417484375 0.79289215625 0.5580780234375 0.7837009796875 0.5448018796875 0.7724673203125 0.5407169125 0.7704248359375 0.5243770421875 0.7704248359375
2 0.49792866562500004 0.7937052984374999 0.490779971875 0.78655660625 0.48261003750000003 0.7824716390625001 0.46627016875000005 0.784514121875 0.452994025 0.7957477828124999 0.45095154062500004 0.79983275 0.45095154062500004 0.81004516875 0.452994025 0.8141301359374999 0.4489090578125 0.8223000703125001 0.4489090578125 0.8304700046875 0.45095154062500004 0.834554971875 0.4621852015625 0.8457886328124999 0.46627016875000005 0.8457886328124999 0.4683126515625 0.8478311156249999 0.48261003750000003 0.8478311156249999 0.490779971875 0.8437461484375 0.4999711484375 0.834554971875 0.4999711484375 0.8120876515625 0.49792866562500004 0.81004516875 0.4999711484375 0.808002684375 0.49894990625 0.796769025 0.49792866562500004 0.7937052984374999
1 0.570332925 0.5712826796875 0.5652267156249999 0.5702614374999999 0.55705678125 0.5600490203125 0.5448018796875 0.5559640515625001 0.5407169125 0.5580065359375 0.5345894609374999 0.5559640515625001 0.5243770421875 0.5600490203125 0.5192708328125 0.565155228125 0.5192708328125 0.5692401953124999 0.5111008984375001 0.575367646875 0.509058415625 0.5814950984375 0.509058415625 0.595792484375 0.5131433828125 0.6060049015625 0.5264195265625 0.6192810453125001 0.5325469765624999 0.6213235296875 0.5448018796875 0.6192810453125001 0.5468443625 0.6213235296875 0.55705678125 0.6172385625000001 0.568290440625 0.6060049015625 0.5744178921875001 0.591707515625 0.5733966500000001 0.582516340625 0.570332925 0.5712826796875
1 0.48965482031249996 0.6376633984375 0.49169730468750006 0.63357843125 0.495782271875 0.63357843125 0.5039522062499999 0.6294934640625 0.50701593125 0.622344771875 0.5059946890625 0.588643790625 0.5019097218749999 0.58047385625 0.49169730468750006 0.5743464046875 0.485569853125 0.5743464046875 0.48352736875 0.572303921875 0.47535743437500005 0.572303921875 0.4733149515625 0.5743464046875 0.46922998437499996 0.5743464046875 0.465145015625 0.578431371875 0.46106004843750004 0.578431371875 0.451868871875 0.5896650328125 0.451868871875 0.5978349671875 0.4498263890625 0.5998774515624999 0.4498263890625 0.6060049015625 0.4477839046875 0.6080473859375 0.4477839046875 0.612132353125 0.45391135625 0.6264297390625 0.46106004843750004 0.63357843125 0.465145015625 0.63357843125 0.4671875 0.6315359484374999 0.470251225 0.63664215625 0.47535743437500005 0.6397058828125 0.48965482031249996 0.6376633984375
2 0.5638560640625 0.3194263859375 0.5577286124999999 0.323511353125 0.5536436453125 0.3194263859375 0.533218809375 0.3194263859375 0.5219851484375 0.33066004531250004 0.519942665625 0.336787496875 0.519942665625 0.36129730000000004 0.5240276328125 0.3694672359375 0.533218809375 0.3786584125 0.54138874375 0.3827433796875 0.549558678125 0.3827433796875 0.5516011625 0.3807008953125 0.5618135796875 0.3827433796875 0.5761109656250001 0.37457344375 0.5832596578125 0.36538226875 0.5873446265625 0.35312736562499997 0.586323384375 0.33780873906250003 0.5853021421875 0.3327025296875 0.57406848125 0.32146886874999997 0.5638560640625 0.3194263859375
1 0.5114368265625 0.322744140625 0.5134793109375 0.3166166890625 0.5083731015625 0.3115104796875 0.4961182 0.30538302968750003 0.4818208140625 0.3033405453125 0.4736508796875 0.309467996875 0.4716083953125 0.3074255125 0.467523428125 0.309467996875 0.45424728437499995 0.3247866234375 0.4501623171875 0.3370415265625 0.4501623171875 0.349296428125 0.45628976874999994 0.3635938140625 0.46548094375 0.372784990625 0.46956591249999996 0.372784990625 0.47569336250000005 0.378912440625 0.4818208140625 0.378912440625 0.48386329687499996 0.380954925 0.4981606828125 0.378912440625 0.5063306171875 0.3748274734375 0.5175642781249999 0.36155132968750003 0.5165430359375 0.3237653828125 0.5114368265625 0.322744140625
2 0.5411254078125001 0 0.5376531859375 0.0034722218749999997 0.5294832515625 0.019812092187499998 0.5294832515625 0.03819444375 0.5335682187499999 0.0422794125 0.5294832515625 0.0443218953125 0.5294832515625 0.050449346875 0.5376531859375 0.066789215625 0.5509293296875 0.0780228765625 0.5590992640625 0.0780228765625 0.5611417484375 0.0759803921875 0.5672691999999999 0.080065359375 0.5713541671875 0.080065359375 0.5856515515625 0.07393790781250001 0.6009701796875 0.056576796875 0.6009701796875 0.052491829687500005 0.5968852124999999 0.050449346875 0.6030126640625 0.0463643796875 0.6050551468750001 0.040236928125 0.6040339046875001 0.014705882812500001 0.594518334375 0 0.5411254078125001 0
3 0.4984375 0.9640625 0.13125 0.071875
3 0.5 0.8015625 0.1515625 0.1203125
3 0.5046875 0.6046875 0.1609375 0.1015625
3 0.509375 0.3375 0.18125 0.10625
3 0.5234375 0.0546875 0.1921875 0.109375