0 0.528003246875 0.668628246875 0.5300324671875 0.6706574671875 0.5300324671875 0.6787743500000001 0.5422077921875 0.7010957796875 0.5696022734375 0.7264610390625 0.5777191562499999 0.73051948125 0.5980113640625 0.7325487015625 0.6000405843750001 0.7345779218749999 0.6254058437500001 0.7335633109375 0.6365665578125 0.73051948125 0.6528003250000001 0.7224025968750001 0.6720779218749999 0.7051542203125 0.6883116890625 0.6747159093749999 0.6883116890625 0.6665990265625 0.6903409093749999 0.6645698046875 0.6903409093749999 0.6381899343749999 0.6801948046875 0.6118100656250001 0.6741071421875 0.6036931812499999 0.656858765625 0.5884740265625 0.6385957796875 0.5803571421875 0.6325081171875 0.5803571421875 0.6223620125 0.5762987015625 0.5919237015625 0.5783279218749999 0.5736607140625 0.5844155843750001 0.5635146109375 0.590503246875 0.5503246749999999 0.6016639609375 0.5381493500000001 0.6178977265625 0.5300324671875 0.63413149375 0.5300324671875 0.6442775968750001 0.528003246875 0.6463068187500001 0.528003246875 0.668628246875
0 0.1262175328125 0.7173295453125 0.1262175328125 0.686891234375 0.1323051953125 0.668628246875 0.14346590937499998 0.6554383109375 0.161728896875 0.6473214281249999 0.16274350625 0.6422483765625 0.158685065625 0.63413149375 0.1394074671875 0.6189123375000001 0.12520292187499998 0.6128246749999999 0.10896915625 0.6128246749999999 0.0988230515625 0.6168831171875 0.08766233749999999 0.6280438312500001 0.083603896875 0.6361607140625 0.081574675 0.6483360390625 0.07954545468749999 0.650365259375 0.081574675 0.6726866890625 0.08766233749999999 0.6909496749999999 0.0957792203125 0.703125 0.1109983765625 0.7183441562499999 0.1231737015625 0.7244318187500001 0.128246753125 0.7234172078125 0.1262175328125 0.7173295453125
0 0.3981331171875 0.29119318125000004 0.40929383125 0.29829545468749996 0.41639610312500003 0.29728084374999997 0.425527596875 0.2942370125 0.434659090625 0.28307629843750004 0.434659090625 0.268871753125 0.43262987031250005 0.2648133109375 0.42349837656249995 0.25771103906250004 0.40929383125 0.25771103906250004 0.40117694843749996 0.26176948125 0.39407467500000004 0.27293019531249996 0.39407467500000004 0.28510551875 0.3981331171875 0.29119318125000004
0 0.5219155843750001 0.2769886359375 0.5340909093749999 0.26684253281250003 0.5361201296875 0.2526379875 0.5269886359375 0.2414772734375 0.5229301953125 0.23944805156250001 0.5107548703125 0.23944805156250001 0.497564934375 0.2485795453125 0.49553571406249997 0.2526379875 0.49553571406249997 0.26278409062499997 0.5066964281249999 0.27597402656250003 0.5107548703125 0.278003246875 0.5219155843750001 0.2769886359375
0 0.5858360390625 0.2698863640625 0.5838068187500001 0.2678571421875 0.5817775968750001 0.2698863640625 0.57163149375 0.2698863640625 0.5635146109375 0.27394480468750004 0.5543831171875 0.28510551875 0.5523538968749999 0.28916396093749996 0.5543831171875 0.30336850625 0.5604707796875 0.3135146109375 0.57163149375 0.322646103125 0.5909090906250001 0.32163149375 0.5980113640625 0.31858766250000004 0.6051136359375 0.3114853890625 0.6091720781250001 0.30336850625 0.6091720781250001 0.287134740625 0.5980113640625 0.27191558437499996 0.5858360390625 0.2698863640625
0 0.5523538968749999 0.27495941562500004 0.5523538968749999 0.28307629843750004 0.5584415578125 0.28307629843750004 0.5604707796875 0.2769886359375 0.5696022734375 0.2698863640625 0.5858360390625 0.2678571421875 0.5939529218749999 0.27191558437499996 0.6000405843750001 0.27191558437499996 0.6010551953125 0.268871753125 0.587865259375 0.25771103906250004 0.5696022734375 0.25771103906250004 0.5614853890625 0.26176948125 0.5523538968749999 0.27495941562500004
0 0.8262987015625001 0.287134740625 0.8323863640625 0.28307629843750004 0.8364448046874999 0.27495941562500004 0.8323863640625 0.26278409062499997 0.82122565 0.25365259687499997 0.809050325 0.25365259687499997 0.8019480515625 0.2607548703125 0.8019480515625 0.27293019531249996 0.8039772734374999 0.2769886359375 0.8100649343749999 0.28510551875 0.8151379875 0.28814934999999997 0.8262987015625001 0.287134740625
2 0.64975649375 0.2607548703125 0.6538149343749999 0.268871753125 0.6609172078125 0.27597402656250003 0.6670048703125 0.278003246875 0.6781655843750001 0.2769886359375 0.6883116890625 0.268871753125 0.6903409093749999 0.26278409062499997 0.6903409093749999 0.25669642812500004 0.6862824671875 0.2485795453125 0.6791801953125 0.2414772734375 0.6690340906250001 0.23741883125 0.656858765625 0.2414772734375 0.64975649375 0.250608765625 0.64975649375 0.2607548703125
2 0.5290178578125 0.322646103125 0.518871753125 0.328733765625 0.5077110390625 0.34192370156249996 0.5036525968750001 0.35409902656250003 0.5056818187500001 0.3723620125 0.509740259375 0.380478896875 0.5269886359375 0.39569805156250004 0.5330762984375 0.39772727343750003 0.5543831171875 0.39671266250000004 0.5675730515625 0.3916396109375 0.578733765625 0.380478896875 0.5848214281249999 0.3642451296875 0.5827922078125 0.3459821421875 0.5635146109375 0.32467532499999996 0.5513392859375 0.3206168828125 0.5290178578125 0.322646103125
2 0.2053571421875 0.6422483765625 0.2012987015625 0.6321022734375 0.203327921875 0.6036931812499999 0.2134740265625 0.5834009734375 0.22767857187499999 0.5691964281249999 0.22767857187499999 0.563108765625 0.2084009734375 0.5438311687499999 0.19216720781250002 0.53774350625 0.1799918828125 0.53774350625 0.1637581171875 0.5438311687499999 0.14853896093750002 0.5610795453125 0.14042207812500002 0.5874594156249999 0.14245129843749998 0.6036931812499999 0.15056818125 0.6239853890625 0.16578733750000002 0.641233765625 0.171875 0.6452922078125 0.182021103125 0.6452922078125 0.19622565 0.6513798703125 0.203327921875 0.650365259375 0.2053571421875 0.6483360390625 0.2053571421875 0.6422483765625
2 0.8790584421875 0.32771915625000003 0.8770292203125001 0.33380681874999996 0.887175325 0.34395292187500004 0.8912337656249999 0.35206980468750004 0.8912337656249999 0.36830357187499996 0.8983360390625 0.3733766234375 0.9054383109374999 0.3723620125 0.9125405843750001 0.36931818125000004 0.9196428578125 0.3601866890625 0.9196428578125 0.34395292187500004 0.9135551953125001 0.3297483765625 0.9084821421875 0.32467532499999996 0.9003652593749999 0.3206168828125 0.8881899343749999 0.3206168828125 0.8790584421875 0.32771915625000003
2 0.9642857140625001 0.36830357187499996 0.9703733765625 0.35815746718749997 0.96834415625 0.34192370156249996 0.9642857140625001 0.33380681874999996 0.9551542203125001 0.32467532499999996 0.9450081171875 0.322646103125 0.940949675 0.32467532499999996 0.93181818125 0.33583603906250004 0.93181818125 0.35004058437499996 0.9490665578125 0.35917207812499996 0.9571834421875 0.36931818125000004 0.9642857140625001 0.36830357187499996
2 1 0.37155032499999996 0.9997970781250001 0.37134740312500003 0.9876217531249999 0.36931818125000004 0.9795048703125 0.3733766234375 0.97443181875 0.380478896875 0.9724025968750001 0.3865665578125 0.9724025968750001 0.40077110312500003 0.9784902593749999 0.41497565 0.9896509734375 0.42613636406250005 0.9937094156249999 0.428165584375 1 0.42726692968749996 1 0.37155032499999996
2 0.6030844156249999 0.26684253281250003 0.6071428578125 0.25872565000000003 0.6071428578125 0.2485795453125 0.5959821421875 0.23741883125 0.5817775968750001 0.2353896109375 0.5685876624999999 0.244521103125 0.57163149375 0.24959415625 0.5756899343749999 0.24959415625 0.5838068187500001 0.25771103906250004 0.5919237015625 0.259740259375 0.6000405843750001 0.2678571421875 0.6030844156249999 0.26684253281250003
2 0.07954545468749999 0.43526785781250005 0.0856331171875 0.431209415625 0.0896915578125 0.42309253281250003 0.0896915578125 0.4088879875 0.0825892859375 0.39975649375 0.0765016234375 0.39772727343750003 0.065340909375 0.406858765625 0.0612824671875 0.41700487031250005 0.0612824671875 0.42309253281250003 0.0633116890625 0.42918019531249996 0.07041396093749999 0.43628246718749997 0.07954545468749999 0.43526785781250005
1 0.43262987031250005 0.47991071406249997 0.428571428125 0.49005681875 0.428571428125 0.5022321421875 0.43060065 0.5042613640625 0.43262987031250005 0.5164366890625 0.440746753125 0.5326704546875 0.455965909375 0.5478896109375 0.47625811718750005 0.55600649375 0.49959415625 0.5549918828125 0.5127840906250001 0.5519480515625 0.5168425328125 0.5478896109375 0.5229301953125 0.5458603890625 0.5401785718750001 0.5286120125 0.5422077921875 0.5204951296875 0.546266234375 0.5164366890625 0.5482954546875 0.5103490265625 0.5482954546875 0.47991071406249997 0.546266234375 0.47382305156250004 0.5422077921875 0.46976461093750005 0.5422077921875 0.46570616875 0.5340909093749999 0.45353084375 0.5229301953125 0.44237012968749995 0.500608765625 0.434253246875 0.48234577968750003 0.434253246875 0.48031655781250004 0.43628246718749997 0.468141234375 0.43831168906249995 0.45190746718749997 0.446428571875 0.440746753125 0.45758928593750003 0.43668831093750005 0.46773538906249995 0.43262987031250005 0.47179383125 0.43262987031250005 0.47991071406249997
1 0.41335227343750003 0.5073051953125 0.418425325 0.5062905843750001 0.428571428125 0.48599837656249995 0.428571428125 0.46367694843749996 0.42045454531250004 0.44541396093749996 0.40523538906249995 0.43019480468750004 0.38697240312500003 0.422077921875 0.36870941562500004 0.422077921875 0.34841720781249996 0.43019480468750004 0.33522727343750003 0.443384740625 0.3271103890625 0.45758928593750003 0.32508116875000004 0.47179383125 0.32305194843749996 0.47382305156250004 0.32305194843749996 0.481939934375 0.32508116875000004 0.48396915625 0.3271103890625 0.49614448125 0.33421266250000004 0.5052759734375 0.34841720781249996 0.49918831093750005 0.35247565000000003 0.49512987031250005 0.37885551875 0.49310065 0.380884740625 0.49512987031250005 0.3890016234375 0.49512987031250005 0.40117694843749996 0.49918831093750005 0.41335227343750003 0.5073051953125
1 0.393060065625 0.6229707796875 0.41132305156250004 0.6148538968749999 0.422483765625 0.6016639609375 0.42654220781249996 0.599634740625 0.43668831093750005 0.5773133109375 0.43668831093750005 0.546875 0.434659090625 0.5448457796875 0.434659090625 0.5387581171875 0.42045454531250004 0.5144074671875 0.40726461093750005 0.503246753125 0.38697240312500003 0.49512987031250005 0.35653409062499997 0.49512987031250005 0.33421266250000004 0.5073051953125 0.31899350625 0.5245535718750001 0.3108766234375 0.5489042203125 0.3108766234375 0.5773133109375 0.314935065625 0.5894886359375 0.32305194843749996 0.599634740625 0.344358765625 0.6168831171875 0.36465097343749997 0.625 0.38392857187499996 0.6239853890625 0.393060065625 0.6229707796875
1 0.209415584375 0.650365259375 0.209415584375 0.6544237015625 0.24086850625 0.6838474031249999 0.25913149375 0.6899350656250001 0.28652597343749997 0.6889204546875 0.3017451296875 0.6818181812499999 0.31899350625 0.6625405843750001 0.32305194843749996 0.650365259375 0.32305194843749996 0.6402191562499999 0.32508116875000004 0.6381899343749999 0.32508116875000004 0.6239853890625 0.32305194843749996 0.6219561687499999 0.32102272656249997 0.6077516234375 0.30884740312500003 0.5874594156249999 0.28956980468750004 0.5702110390625 0.27739448125 0.5641233765625 0.26116071406249997 0.5620941562499999 0.25913149375 0.5600649343749999 0.236810065625 0.5641233765625 0.215503246875 0.581371753125 0.2073863640625 0.5955762984375 0.203327921875 0.6138392859375 0.2012987015625 0.61586850625 0.2012987015625 0.6300730515625 0.203327921875 0.6321022734375 0.2053571421875 0.6442775968750001 0.209415584375 0.650365259375
1 0.1901379875 0.7792207796875 0.19216720781250002 0.78125 0.2012987015625 0.7802353890625 0.212459415625 0.7792207796875 0.224634740625 0.7731331171875 0.239853896875 0.75385551875 0.2459415578125 0.7396509734375 0.2459415578125 0.7153003250000001 0.2439123375 0.7132711031250001 0.2439123375 0.7051542203125 0.239853896875 0.6950081171875 0.22767857187499999 0.6787743500000001 0.206371753125 0.6554383109375 0.18405032500000001 0.6473214281249999 0.161728896875 0.6473214281249999 0.1414366890625 0.6574675328125 0.1323051953125 0.668628246875 0.1262175328125 0.686891234375 0.1262175328125 0.7173295453125 0.128246753125 0.719358765625 0.128246753125 0.7254464281249999 0.1363636359375 0.7437094156249999 0.155641234375 0.7670454546875 0.1739042203125 0.7771915578125 0.1901379875 0.7792207796875
1 0.06939935 0.49817370156249996 0.06939935 0.47585227343750003 0.060267857812500006 0.4626623375 0.050121753125 0.46063311718750005 0.040990259375 0.46773538906249995 0.034902596875000004 0.47991071406249997 0.034902596875000004 0.5022321421875 0.0480925328125 0.5154220781250001 0.057224026562499995 0.5144074671875 0.065340909375 0.5083198046875 0.06939935 0.49817370156249996
1 0.116071428125 0.4088879875 0.12215909062500001 0.402800325 0.1241883109375 0.39671266250000004 0.1241883109375 0.380478896875 0.119115259375 0.3733766234375 0.113027596875 0.37134740312500003 0.10288149375 0.37540584374999997 0.0978084421875 0.3825081171875 0.0957792203125 0.40077110312500003 0.0978084421875 0.40482954531250004 0.10491071406250001 0.409902596875 0.116071428125 0.4088879875
1 0.284496753125 0.32163149375 0.293628246875 0.328733765625 0.302759740625 0.3297483765625 0.31594967500000004 0.32467532499999996 0.32305194843749996 0.3114853890625 0.32305194843749996 0.30336850625 0.31899350625 0.2952516234375 0.311891234375 0.29017857187499996 0.2976866890625 0.29017857187499996 0.28956980468750004 0.2942370125 0.28246753281250003 0.30539772656249997 0.28246753281250003 0.31757305156250004 0.284496753125 0.32163149375
1 0.8425324671875 0.41700487031250005 0.8445616890625001 0.41091720781249996 0.8445616890625001 0.390625 0.8425324671875 0.38859577968750003 0.8425324671875 0.3825081171875 0.8384740265625 0.374391234375 0.82122565 0.35917207812499996 0.8110795453125 0.3551136359375 0.7948457796875 0.3551136359375 0.780641234375 0.36323051875 0.7735389609375 0.37033279218750004 0.7674512984375 0.3825081171875 0.7674512984375 0.40482954531250004 0.7735389609375 0.419034090625 0.7867288968749999 0.434253246875 0.796875 0.43831168906249995 0.8222402593749999 0.437297078125 0.8293425328125 0.434253246875 0.8384740265625 0.425121753125 0.8425324671875 0.41700487031250005
1 0.8384740265625 0.337865259375 0.8344155843750001 0.3459821421875 0.8344155843750001 0.3642451296875 0.8425324671875 0.380478896875 0.8516639609375 0.3896103890625 0.8618100656250001 0.39366883124999996 0.8709415578125 0.39265422031249997 0.8800730515625 0.3896103890625 0.8892045453125 0.37844967500000004 0.8912337656249999 0.374391234375 0.8912337656249999 0.35206980468750004 0.887175325 0.34395292187500004 0.8739853890625 0.3307629875 0.8496347406250001 0.328733765625 0.8384740265625 0.337865259375
1 0.9247159093749999 0.377435065625 0.940949675 0.37540584374999997 0.9470373375 0.377435065625 0.9612418828125 0.3916396109375 0.96225649375 0.390625 0.9602272734374999 0.3723620125 0.95616883125 0.36627434999999997 0.9429788968749999 0.3551136359375 0.9267451296875 0.3551136359375 0.9226866890625001 0.3571428578125 0.9115259734375 0.3723620125 0.9125405843750001 0.3896103890625 0.9145698046874999 0.3896103890625 0.9247159093749999 0.377435065625
1 0.953125 0.41396103906250004 0.9612418828125 0.41801948125 0.96834415625 0.41700487031250005 0.96834415625 0.406858765625 0.9642857140625001 0.40077110312500003 0.9642857140625001 0.39671266250000004 0.9490665578125 0.37946428593750003 0.940949675 0.37540584374999997 0.9247159093749999 0.377435065625 0.9115259734375 0.3946834421875 0.9115259734375 0.40077110312500003 0.9094967531249999 0.402800325 0.9115259734375 0.4088879875 0.9196428578125 0.41700487031250005 0.9216720781250001 0.42309253281250003 0.9247159093749999 0.42613636406250005 0.9277597406250001 0.425121753125 0.9389204546875 0.415990259375 0.9450081171875 0.41396103906250004 0.953125 0.41396103906250004
1 0.9845779218749999 0.44744318125 0.98051948125 0.43526785781250005 0.9693587656249999 0.42004870156249996 0.9551542203125001 0.41396103906250004 0.9450081171875 0.41396103906250004 0.9328327921874999 0.42004870156249996 0.92573051875 0.42918019531249996 0.9277597406250001 0.45353084375 0.92573051875 0.455560065625 0.9237012984374999 0.47179383125 0.9277597406250001 0.47991071406249997 0.9277597406250001 0.48599837656249995 0.9368912343750001 0.49512987031250005 0.9450081171875 0.49918831093750005 0.95616883125 0.5002029218749999 0.9673295453125 0.497159090625 0.9784902593749999 0.48599837656249995 0.9845779218749999 0.46976461093750005 0.9845779218749999 0.44744318125
1 0.8678977265625001 0.403814934375 0.8587662343750001 0.412946428125 0.85064935 0.42918019531249996 0.8516639609375 0.4504870125 0.8678977265625001 0.44237012968749995 0.89021915625 0.440340909375 0.9064529218749999 0.44845779218750004 0.9206574671875 0.46469155781250004 0.9237012984374999 0.46367694843749996 0.9277597406250001 0.45150162343750005 0.92573051875 0.42918019531249996 0.9196428578125 0.41700487031250005 0.9044237015625001 0.40178571406249997 0.89630681875 0.39772727343750003 0.8800730515625 0.39772727343750003 0.8678977265625001 0.403814934375
1 0.9277597406250001 0.48599837656249995 0.92573051875 0.48396915625 0.92573051875 0.47585227343750003 0.9216720781250001 0.46570616875 0.9064529218749999 0.44845779218750004 0.89630681875 0.44237012968749995 0.8760146109375 0.440340909375 0.8577516234375 0.446428571875 0.8445616890625001 0.45961850625 0.8364448046874999 0.47788149375 0.8364448046874999 0.5042613640625 0.8465909093749999 0.530641234375 0.8557224031249999 0.5397727265625 0.87195616875 0.5478896109375 0.8932629875 0.546875 0.9064529218749999 0.5397727265625 0.9216720781250001 0.5225243500000001 0.9277597406250001 0.5042613640625 0.9277597406250001 0.48599837656249995
0 0.2205762984375 0.31452922031249997 0.209415584375 0.32771915625000003 0.209415584375 0.34192370156249996 0.21144480468750002 0.3459821421875 0.2165178578125 0.35105519531249996 0.22260551875 0.35308441562500004 0.22767857187499999 0.35206980468750004 0.2327516234375 0.35105519531249996 0.239853896875 0.34395292187500004 0.2439123375 0.33583603906250004 0.2439123375 0.32366071406249997 0.2418831171875 0.31960227343750003 0.236810065625 0.31452922031249997 0.230722403125 0.3125 0.2205762984375 0.31452922031249997
1 0.6112012984375 0.27090097343749997 0.6203327921875 0.278003246875 0.6375811687499999 0.2769886359375 0.640625 0.27597402656250003 0.64975649375 0.2648133109375 0.64975649375 0.25466720781249996 0.6477272734375 0.250608765625 0.6385957796875 0.2414772734375 0.6304788968749999 0.23741883125 0.6162743500000001 0.23944805156250001 0.6071428578125 0.250608765625 0.6071428578125 0.2648133109375 0.6112012984375 0.27090097343749997
0 0.6010551953125 0.2404626625 0.606128246875 0.247564934375 0.6091720781250001 0.246550325 0.6122159093749999 0.2414772734375 0.6203327921875 0.23741883125 0.63149350625 0.2364042203125 0.624391234375 0.23133116875 0.6081574671875 0.23133116875 0.6010551953125 0.2404626625
0 0.6649756499999999 0.2333603890625 0.6528003250000001 0.2333603890625 0.6446834421875 0.23741883125 0.6416396109375 0.244521103125 0.6467126624999999 0.24959415625 0.6517857140625 0.2485795453125 0.656858765625 0.2414772734375 0.6690340906250001 0.23944805156250001 0.6700487015625 0.2364042203125 0.6649756499999999 0.2333603890625
2 0.5422077921875 0.2769886359375 0.5442370125 0.2790178578125 0.5442370125 0.28104707812499996 0.5513392859375 0.28814934999999997 0.5523538968749999 0.287134740625 0.5523538968749999 0.2769886359375 0.5543831171875 0.27495941562500004 0.5543831171875 0.27090097343749997 0.5655438312500001 0.259740259375 0.5675730515625 0.259740259375 0.5696022734375 0.25771103906250004 0.5777191562499999 0.25771103906250004 0.5807629875 0.25466720781249996 0.5756899343749999 0.24959415625 0.5696022734375 0.24959415625 0.5675730515625 0.247564934375 0.5614853890625 0.247564934375 0.5594561687499999 0.24959415625 0.5553977265625 0.24959415625 0.55336850625 0.2516233765625 0.5513392859375 0.2516233765625 0.5422077921875 0.26278409062499997 0.5422077921875 0.26684253281250003 0.5401785718750001 0.268871753125 0.5401785718750001 0.27090097343749997 0.5422077921875 0.27293019531249996 0.5422077921875 0.2769886359375