2 0.4125 0.346875 0.053125 0.0515625
2 0.409375 0.5328125 0.0453125 0.046875
2 0.3984375 0.7421875 0.0453125 0.0515625
1 0.446875 0.728125 0.04375 0.0515625
2 0.3859375 0.9359375 0.0484375 0.0578125
1 0.4390625 0.946875 0.046875 0.059375
1 0.4546875 0.5359375 0.0484375 0.05
2 0.4625 0.3359375 0.0453125 0.046875
1 0.49813662656249996 0.3770491796875 0.5042841671875 0.3790983609375 0.5165792484375 0.3770491796875 0.529898921875 0.361680328125 0.529898921875 0.3452868859375 0.5258005609375 0.33709016406250003 0.5186284296875 0.3299180328125 0.51453006875 0.32786885312499997 0.50018580625 0.32786885312499997 0.49813662656249996 0.33811475468749996 0.4971120359375 0.332991803125 0.4919890859375 0.3319672125 0.48276777343750005 0.341188525 0.48071859375 0.347336065625 0.48174318437499997 0.3606557375 0.48276777343750005 0.3657786890625 0.487890725 0.3709016390625 0.494038265625 0.3709016390625 0.49608744531250004 0.3647540984375 0.49813662656249996 0.3770491796875
2 0.421875 0.1671875 0.046875 0.0515625
1 0.48265881093749996 0.5245901640625 0.47958504062499996 0.5256147546875 0.47958504062499996 0.5522540984375001 0.48060963125 0.5532786890625 0.48470799218750005 0.5594262296875 0.48880635312500004 0.5594262296875 0.4908555328125 0.5573770484375 0.49700307343750005 0.5655737703125 0.507248975 0.5655737703125 0.5092981562500001 0.5635245906249999 0.515445696875 0.5614754093750001 0.5246670078125 0.5522540984375001 0.5246670078125 0.55020491875 0.5267161890625001 0.5481557375 0.5267161890625001 0.533811475 0.5246670078125 0.5317622953125001 0.522617828125 0.5256147546875 0.515445696875 0.5184426234374999 0.513396515625 0.5184426234374999 0.5113473359375 0.5163934421875 0.5051997953125 0.5163934421875 0.5031506140625 0.5143442625 0.4990522546875 0.5143442625 0.493929303125 0.5194672125 0.4929047125 0.5245901640625 0.4908555328125 0.520491803125 0.486757171875 0.520491803125 0.48265881093749996 0.5245901640625
3 0.45 0.1609375 0.1234375 0.0828125
3 0.4453125 0.3421875 0.128125 0.0921875
3 0.4390625 0.534375 0.13125 0.06875
3 0.4296875 0.740625 0.1359375 0.0859375
3 0.41875 0.940625 0.1390625 0.0828125