1 0.0359968359375 0.4448180375 0.0340189875 0.44679588593749997 0.0379746828125 0.4665743671875 0.0488528484375 0.4794303796875 0.060719935937500004 0.481408228125 0.0617088609375 0.4764636078125 0.05379746875 0.4606408234375 0.041930379687500005 0.4270174046875 0.04094145625 0.42602848125000004 0.0379746828125 0.428995253125 0.0359968359375 0.4448180375
1 0.0162183546875 0.45866297500000003 0.014240506250000002 0.46459651874999996 0.014240506250000002 0.48239715156249996 0.0162183546875 0.484375 0.0162183546875 0.49030854375 0.0231408234375 0.4992088609375 0.02709651875 0.501186709375 0.0389636078125 0.4992088609375 0.0478639234375 0.48635284843750004 0.0478639234375 0.47844145625 0.0379746828125 0.4665743671875 0.0340189875 0.448773734375 0.02709651875 0.447784809375 0.0231408234375 0.44976265781249997 0.0162183546875 0.45866297500000003
1 0 0.43751798124999997 0.0053401906249999995 0.44382911406250003 0.0152294296875 0.44382911406250003 0.021162975 0.43987341718749995 0.02808544375 0.4309731015625 0.0340189875 0.4171281640625 0.0340189875 0.403283228125 0.0320411390625 0.39932753125 0.02709651875 0.3943829109375 0.019185126562499998 0.3924050640625 0.014240506250000002 0.3854825953125 0.011273734375 0.38449367031250004 0.007318037500000001 0.38647151874999996 0 0.3924590046875 0 0.43751798124999997
1 0.0478639234375 0.50415348125 0.0518196203125 0.5120648734375 0.0518196203125 0.5179984171875 0.05577531718749999 0.5239319625000001 0.06665348125000001 0.5308544296875 0.072587025 0.5308544296875 0.0814873421875 0.525909809375 0.0814873421875 0.519976265625 0.0676424046875 0.494264240625 0.063686709375 0.48239715156249996 0.0547863921875 0.481408228125 0.0518196203125 0.484375 0.0478639234375 0.50415348125
2 0.010284809374999999 0.34988132968749996 0.008306962499999999 0.3518591765625 0.008306962499999999 0.3716376578125 0.010284809374999999 0.37361550625 0.010284809374999999 0.37954905 0.0162183546875 0.389438290625 0.0231408234375 0.3943829109375 0.0290743671875 0.3943829109375 0.030063290625 0.38746044375 0.024129746875 0.369659809375 0.024129746875 0.3597705703125 0.018196203124999998 0.3419699359375 0.018196203124999998 0.33405854375 0.0162183546875 0.33208069687499997 0.014240506250000002 0.33208069687499997 0.0122626578125 0.3360363921875 0.010284809374999999 0.34988132968749996
2 0 0.3926819625 0.00138449375 0.3924050640625 0.010284809374999999 0.383504746875 0.008306962499999999 0.34988132968749996 0.0033623421875 0.3488924046875 0 0.35018561406250004 0 0.3926819625
2 0 0.3511471515625 0.00138449375 0.350870253125 0.010284809374999999 0.343947784375 0.0162183546875 0.32614715156249996 0.014240506250000002 0.32416930312500003 0.014240506250000002 0.3043908234375 0.0122626578125 0.30241297500000003 0.0122626578125 0.2964794296875 0.011273734375 0.29549050625 0.0023734171875 0.3043908234375 0 0.3075553796875 0 0.3511471515625
2 0 0.267339134375 0.0063291140625 0.2589003171875 0.0122626578125 0.247033228125 0.0122626578125 0.21538765781250002 0.014240506250000002 0.2114319625 0 0.21048259531250002 0 0.267339134375
0 0.720332278125 0.357792721875 0.7124208859375 0.36768196249999996 0.7064873421875 0.383504746875 0.70450949375 0.40723892343749996 0.7064873421875 0.409216771875 0.7064873421875 0.42503955624999995 0.714398734375 0.44086234218750003 0.727254746875 0.45569620312500003 0.733188290625 0.45767404999999994 0.7371439875 0.45569620312500003 0.740110759375 0.45272942968749996 0.7361550640625001 0.4448180375 0.7361550640625001 0.428995253125 0.7410996828124999 0.4280063296875 0.7470332281250001 0.4299841765625 0.7480221515625 0.4210838609375 0.7549446203125 0.42009493593749997 0.7638449359374999 0.4309731015625 0.76977848125 0.4448180375 0.775712025 0.45272942968749996 0.7885680374999999 0.4636075953125 0.7895569625000001 0.4309731015625 0.7875791140625 0.428995253125 0.7875791140625 0.4171281640625 0.792523734375 0.4141613921875 0.7974683546875 0.4191060125 0.7974683546875 0.42306170937500004 0.8034018984375001 0.43295095000000006 0.8034018984375001 0.448773734375 0.8073575953125 0.4606408234375 0.8103243671874999 0.4636075953125 0.8142800640625 0.461629746875 0.8271360765625 0.44679588593749997 0.8370253171875 0.42306170937500004 0.8390031640625001 0.403283228125 0.8370253171875 0.4013053796875 0.8370253171875 0.3914161390625 0.8330696203124999 0.37954905 0.8291139234375 0.3755933546875 0.8291139234375 0.3716376578125 0.82219145625 0.3627373421875 0.80834651875 0.356803796875 0.802412975 0.356803796875 0.7964794296875 0.3528481015625 0.7905458859375 0.3528481015625 0.78263449375 0.3488924046875 0.7767009500000001 0.3488924046875 0.7628560125 0.3429588609375 0.7480221515625 0.3399920890625 0.74307753125 0.33900316406250003 0.7371439875 0.3409810125 0.720332278125 0.357792721875
0 0.5818829109375 0.4665743671875 0.5759493671875 0.480419303125 0.5759493671875 0.48635284843750004 0.57397151875 0.488330696875 0.57397151875 0.5081091765625 0.5759493671875 0.510087025 0.5759493671875 0.5179984171875 0.58781645625 0.539754746875 0.5967167718749999 0.5486550640625001 0.6085838609375 0.5545886078125 0.61253955625 0.5545886078125 0.622428796875 0.546677215625 0.6283623421875 0.546677215625 0.6402294296875 0.55656645625 0.65209651875 0.5545886078125 0.6570411390625 0.5516218359375 0.6590189875 0.545688290625 0.6639636078125 0.5407436703124999 0.671875 0.54272151875 0.6827531640625 0.5318433546875 0.688686709375 0.5179984171875 0.688686709375 0.5120648734375 0.69066455625 0.510087025 0.69066455625 0.484375 0.6827531640625 0.4665743671875 0.6698971515625 0.45174050625 0.6639636078125 0.447784809375 0.643196203125 0.44086234218750003 0.62638449375 0.43987341718749995 0.5986946203125 0.44976265781249997 0.5818829109375 0.4665743671875
0 0.50870253125 0.5476661390625 0.5007911390625 0.5634889234375 0.5007911390625 0.5872231015625 0.5106803796875 0.605023734375 0.5235363921875 0.6139240499999999 0.5433148734375 0.62183544375 0.56111550625 0.6198575953125001 0.576938290625 0.6099683546875 0.5858386078125 0.6010680374999999 0.59375 0.579311709375 0.59375 0.5674446203125 0.5858386078125 0.5476661390625 0.5690268984375 0.532832278125 0.557159809375 0.526898734375 0.5502373421875 0.525909809375 0.531447784375 0.5288765828125 0.5176028484375 0.5387658234375 0.50870253125 0.5476661390625
0 0.40387658281250005 0.454707278125 0.3939873421875 0.4764636078125 0.3939873421875 0.4962420890625 0.40387658281250005 0.5219541140625 0.41079904999999994 0.5308544296875 0.4226661390625 0.5387658234375 0.4266218359375 0.5387658234375 0.43057753125 0.54272151875 0.43651107656250004 0.54272151875 0.44442246875 0.546677215625 0.46420095000000006 0.546677215625 0.48397942968749996 0.5387658234375 0.49584651874999996 0.5308544296875 0.5067246828124999 0.5160205703125 0.5067246828124999 0.5120648734375 0.5106803796875 0.5061313296875001 0.5106803796875 0.4962420890625 0.5126582281250001 0.494264240625 0.5106803796875 0.47053006406250003 0.5027689875 0.454707278125 0.4918908234375 0.441851265625 0.480023734375 0.4339398734375 0.4612341765625 0.428995253125 0.440466771875 0.4280063296875 0.41871044375000005 0.43789557031250004 0.40387658281250005 0.454707278125
0 0.4483781640625 0.5486550640625001 0.4325553796875 0.54272151875 0.4266218359375 0.54272151875 0.42167721562500005 0.545688290625 0.41178797500000003 0.5654667718749999 0.41178797500000003 0.5872231015625 0.41772151874999996 0.599090190625 0.4266218359375 0.6099683546875 0.44442246875 0.6198575953125001 0.4681566453125 0.6198575953125001 0.48200158281250005 0.6139240499999999 0.4909018984375 0.605023734375 0.49881329062499996 0.591178796875 0.49881329062499996 0.5615110765625 0.48694620312500003 0.54371044375 0.4760680375 0.54272151875 0.4582674046875 0.5486550640625001 0.4483781640625 0.5486550640625001
0 0.3386075953125 0.2945015828125 0.35541930312500003 0.311313290625 0.36530854375 0.3152689875 0.36629746875 0.2806566453125 0.3643196203125 0.278678796875 0.3316851265625 0.2776898734375 0.330696203125 0.28263449375 0.3386075953125 0.2945015828125