1 0.646503215625 0.4859324765625 0.659565915625 0.474879421875 0.663585209375 0.46684083593750003 0.663585209375 0.4588022515625 0.6655948546875 0.4567926046875 0.663585209375 0.45478295781250005 0.663585209375 0.4447347265625 0.6485128625 0.4276527328125 0.636454984375 0.423633440625 0.622387459375 0.4256430875 0.614348875 0.4296623796875 0.605305465625 0.44071543437500005 0.605305465625 0.4467443734375 0.6032958203125001 0.44875401875 0.60430064375 0.46583601249999995 0.605305465625 0.470860128125 0.6203778140625 0.48392282968749994 0.632435690625 0.487942121875 0.646503215625 0.4859324765625
1 0.6605707390625 0.5401929265625001 0.6505225078125 0.5361736328125 0.6404742765625 0.5361736328125 0.6344453375 0.5401929265625001 0.6304260453125 0.5401929265625001 0.6153536984375 0.5572749203125 0.6163585203124999 0.5823954984374999 0.62439710625 0.5924437296875 0.6384646296875001 0.600482315625 0.6525321546875 0.600482315625 0.65856109375 0.59847266875 0.67162379375 0.5874196140625 0.6776527328124999 0.5753617359375001 0.6756430875 0.5532556265624999 0.6605707390625 0.5401929265625001
1 0.614348875 0.3492765265625 0.6213826359375 0.342242765625 0.6254019296875 0.3342041796875 0.6254019296875 0.318127009375 0.619372990625 0.30606913125 0.612339228125 0.2990353703125 0.60028135 0.29300643125 0.5942524109375 0.29300643125 0.5801848875 0.3030546625 0.568127009375 0.305064309375 0.565112540625 0.308078778125 0.561093246875 0.3141077171875 0.5620980703125 0.335209003125 0.565112540625 0.342242765625 0.5761655953125 0.3512861734375 0.5862138265625 0.355305465625 0.602290996875 0.355305465625 0.614348875 0.3492765265625
1 0.6113344046875 0.2578376203125 0.60430064375 0.2508038578125 0.592242765625 0.24477492031249998 0.5842041796874999 0.24477492031249998 0.5842041796874999 0.246784565625 0.5932475890625 0.253818328125 0.59726688125 0.263866559375 0.59726688125 0.2819533765625 0.5932475890625 0.287982315625 0.5932475890625 0.2920016078125 0.6063102890625001 0.2950160765625 0.6153536984375 0.2819533765625 0.6153536984375 0.26587620625 0.6113344046875 0.2578376203125
1 0.560088425 0.3030546625 0.5620980703125 0.305064309375 0.578175240625 0.3030546625 0.5862138265625 0.2990353703125 0.595257234375 0.287982315625 0.59726688125 0.2819533765625 0.59726688125 0.263866559375 0.5932475890625 0.253818328125 0.5862138265625 0.246784565625 0.5741559484375001 0.2407556265625 0.5540594859375 0.23874598125 0.5399919609375 0.24477492031249998 0.5329582 0.25180868125 0.5269292609375 0.26587620625 0.527934084375 0.27893890625 0.530948553125 0.287982315625 0.5420016078125001 0.2990353703125 0.5500401921875 0.3030546625 0.560088425 0.3030546625
1 0.656551446875 0.355305465625 0.646503215625 0.355305465625 0.6334405140625 0.364348875 0.629421221875 0.372387459375 0.6304260453125 0.3874598078125 0.6334405140625 0.39449356875 0.6424839234374999 0.40152733124999995 0.6605707390625 0.403536978125 0.673633440625 0.39449356875 0.6756430875 0.3904742765625 0.6756430875 0.3804260453125 0.6776527328124999 0.3784163984375 0.668609325 0.3613344046875 0.656551446875 0.355305465625
1 0.681672025 0.332194534375 0.683681671875 0.328175240625 0.683681671875 0.3161173640625 0.6796623796875 0.310088425 0.6746382640624999 0.3070739546875 0.656551446875 0.3030546625 0.6545418 0.305064309375 0.6485128625 0.305064309375 0.6414791 0.3120980703125 0.6374598078125 0.32013665625 0.6384646296875001 0.323151125 0.639469453125 0.3301848875 0.646503215625 0.3392282953125 0.656551446875 0.3432475890625 0.6625803859375 0.3432475890625 0.6726286171875 0.3392282953125 0.681672025 0.332194534375
1 0.666599678125 0.3030546625 0.67162379375 0.2960209 0.67162379375 0.283963021875 0.6645900328125001 0.2749196140625 0.656551446875 0.270900321875 0.6485128625 0.270900321875 0.6374598078125 0.277934084375 0.6354501609375001 0.2819533765625 0.636454984375 0.2950160765625 0.6485128625 0.305064309375 0.666599678125 0.3030546625
0 0.6746382640624999 0.369372990625 0.6826768484375 0.369372990625 0.693729903125 0.36032958125 0.693729903125 0.3462620578125 0.6866961421875 0.33721865 0.67865755625 0.335209003125 0.6615755625 0.3442524109375 0.659565915625 0.3482717046875 0.6605707390625 0.355305465625 0.668609325 0.3613344046875 0.6746382640624999 0.369372990625
0 0.7017684890625 0.3985128625 0.6927250796875 0.3874598078125 0.6887057875 0.3854501609375 0.67865755625 0.3854501609375 0.673633440625 0.3924839234375 0.6746382640624999 0.3975080390625 0.6877009640625 0.40856109375000005 0.690715434375 0.42162379375 0.7017684890625 0.4125803859375 0.7017684890625 0.3985128625
0 0.6877009640625 0.406551446875 0.680667203125 0.399517684375 0.6706189703125001 0.3975080390625 0.6605707390625 0.403536978125 0.6505225078125 0.403536978125 0.6434887453125 0.4145900328125 0.64449356875 0.423633440625 0.6454983921874999 0.426647909375 0.6545418 0.431672025 0.6605707390625 0.43971061093749997 0.676647909375 0.43971061093749997 0.680667203125 0.43770096406250003 0.6877009640625 0.42865755625 0.6897106109375 0.4125803859375 0.6877009640625 0.406551446875
0 0.67865755625 0.45176848906249994 0.666599678125 0.447749196875 0.663585209375 0.450763665625 0.6655948546875 0.4567926046875 0.663585209375 0.4588022515625 0.663585209375 0.46684083593750003 0.659565915625 0.474879421875 0.65152733125 0.48291800625 0.6525321546875 0.48392282968749994 0.666599678125 0.4859324765625 0.67865755625 0.4939710609375 0.6877009640625 0.48693729843750005 0.6897106109375 0.48291800625 0.6897106109375 0.46885048281249997 0.6877009640625 0.46282154374999995 0.67865755625 0.45176848906249994
0 0.6796623796875 0.49497588437499995 0.666599678125 0.4859324765625 0.646503215625 0.4859324765625 0.6424839234374999 0.487942121875 0.6334405140625 0.49698553125 0.629421221875 0.505024115625 0.6304260453125 0.5261254015625 0.63143086875 0.529139871875 0.6404742765625 0.5361736328125 0.6505225078125 0.5361736328125 0.65856109375 0.5401929265625001 0.6706189703125001 0.5381832796875 0.6796623796875 0.529139871875 0.68569131875 0.5130627015625 0.6796623796875 0.49497588437499995
0 0.683681671875 0.5211012859374999 0.6796623796875 0.529139871875 0.6706189703125001 0.5381832796875 0.6645900328125001 0.5401929265625001 0.6645900328125001 0.54421221875 0.6746382640624999 0.5482315109375 0.676647909375 0.546221865625 0.6826768484375 0.546221865625 0.69573955 0.5351688109375 0.697749196875 0.5311495171875 0.697749196875 0.5130627015625 0.6887057875 0.502009646875 0.683681671875 0.50301446875 0.683681671875 0.5211012859374999
0 0.6897106109375 0.6416800640625 0.6877009640625 0.62560289375 0.676647909375 0.6125401921875 0.668609325 0.6085209 0.6545418 0.6085209 0.6485128625 0.610530546875 0.6334405140625 0.62560289375 0.63143086875 0.6316318328125 0.632435690625 0.644694534375 0.6374598078125 0.6557475890625 0.646503215625 0.66278135 0.6525321546875 0.664790996875 0.666599678125 0.664790996875 0.6726286171875 0.66278135 0.683681671875 0.6537379421875 0.6897106109375 0.6416800640625
1 0.67865755625 0.5502411578124999 0.67162379375 0.55124598125 0.6776527328124999 0.569332796875 0.67162379375 0.5854099671874999 0.6676045015625001 0.59143890625 0.6615755625 0.5954582 0.6625803859375 0.59847266875 0.6706189703125001 0.6024919609375 0.6846864953125 0.600482315625 0.693729903125 0.593448553125 0.6997588421875001 0.581390675 0.697749196875 0.5653135046875 0.693729903125 0.559284565625 0.6846864953125 0.552250803125 0.67865755625 0.5502411578124999
0 0.676647909375 0.753215434375 0.65856109375 0.7552250796875 0.6434887453125 0.770297428125 0.6414791 0.7763263671875 0.6424839234374999 0.785369775 0.6434887453125 0.78838424375 0.656551446875 0.7994372984375 0.6726286171875 0.7994372984375 0.680667203125 0.79541800625 0.6877009640625 0.78838424375 0.6917202578125 0.780345659375 0.6917202578125 0.766278134375 0.6846864953125 0.7572347265625 0.676647909375 0.753215434375
0 0.6555466234375 0.8707797421875 0.6555466234375 0.85671221875 0.653536978125 0.8526929265625001 0.6404742765625 0.8416398718749999 0.6203778140625 0.8416398718749999 0.614348875 0.8436495171875 0.5992765265625 0.85671221875 0.59726688125 0.8607315109375 0.5982717046875 0.8758038578124999 0.6012861734375 0.8828376203125 0.6083199359375 0.8878617359375 0.6163585203124999 0.8918810296874999 0.6304260453125 0.8918810296874999 0.6404742765625 0.8878617359375 0.65152733125 0.8788183281249999 0.6555466234375 0.8707797421875
0 0.60028135 0.9421221859375001 0.582194534375 0.950160771875 0.57717041875 0.9551848875 0.575160771875 0.9592041796874999 0.5761655953125 0.9702572343750001 0.582194534375 0.980305465625 0.592242765625 0.984324759375 0.60430064375 0.984324759375 0.622387459375 0.9762861734375001 0.63143086875 0.96523311875 0.63143086875 0.957194534375 0.629421221875 0.953175240625 0.6183681671875 0.9441318328125 0.60028135 0.9421221859375001
2 0.6200763671875 1 0.6233922828125 0.9933681671875 0.619372990625 0.9833199359375 0.614348875 0.980305465625 0.60430064375 0.984324759375 0.592242765625 0.984324759375 0.582194534375 0.980305465625 0.5711414796875001 0.9893488749999999 0.5691318328125 0.9933681671875 0.569868703125 1 0.6200763671875 1
1 0.6826768484375 0.5 0.690715434375 0.5040192921875 0.6967443734375001 0.5040192921875 0.700763665625 0.502009646875 0.70578778125 0.49497588437499995 0.7098070734374999 0.48291800625 0.70578778125 0.47286977500000005 0.700763665625 0.467845659375 0.697749196875 0.46885048281249997 0.6877009640625 0.48693729843750005 0.681672025 0.4929662375 0.6826768484375 0.5
1 0.6887057875 0.4417202578125 0.697749196875 0.450763665625 0.6997588421875001 0.4648311890625 0.7027733125 0.467845659375 0.7088022515625 0.46583601249999995 0.7158360125 0.4588022515625 0.717845659375 0.4467443734375 0.7138263671875 0.4387057875 0.7067926046874999 0.43368167187499995 0.6927250796875 0.43368167187499995 0.6877009640625 0.4387057875 0.6887057875 0.4417202578125