2 0.287109375 0.3095703125 0.287109375 0.3232421875 0.2890625 0.3271484375 0.3017578125 0.3359375 0.310546875 0.3349609375 0.3173828125 0.33203125 0.32421875 0.3251953125 0.330078125 0.3095703125 0.328125 0.3037109375 0.3154296875 0.29296875 0.3056640625 0.29296875 0.2958984375 0.296875 0.287109375 0.3095703125
2 0.3427734375 0.279296875 0.333984375 0.2900390625 0.333984375 0.3056640625 0.3359375 0.3095703125 0.3486328125 0.318359375 0.35546875 0.3173828125 0.3642578125 0.314453125 0.375 0.3017578125 0.375 0.2880859375 0.373046875 0.2841796875 0.3623046875 0.275390625 0.3525390625 0.275390625 0.3466796875 0.279296875 0.3427734375 0.279296875
2 0.265625 0.2978515625 0.265625 0.3056640625 0.26953125 0.3134765625 0.2763671875 0.318359375 0.283203125 0.3173828125 0.2890625 0.3056640625 0.2890625 0.2998046875 0.287109375 0.2978515625 0.287109375 0.2919921875 0.2890625 0.2900390625 0.2880859375 0.283203125 0.2783203125 0.283203125 0.265625 0.2978515625
2 0.29296875 0.2783203125 0.287109375 0.2880859375 0.287109375 0.3017578125 0.291015625 0.3017578125 0.2958984375 0.296875 0.3056640625 0.29296875 0.306640625 0.2900390625 0.3203125 0.2783203125 0.3154296875 0.271484375 0.3056640625 0.26953125 0.2998046875 0.271484375 0.29296875 0.2783203125
2 0.3408203125 0.271484375 0.34765625 0.2685546875 0.3447265625 0.265625 0.3330078125 0.265625 0.3203125 0.2763671875 0.3232421875 0.279296875 0.3359375 0.2783203125 0.3408203125 0.271484375
2 0.2451171875 0.302734375 0.2373046875 0.3125 0.2347148109375 0.315914059375 0.232421875 0.3173828125 0.240234375 0.3251953125 0.2421875 0.3349609375 0.2470703125 0.33984375 0.25390625 0.3388671875 0.2626953125 0.3359375 0.267578125 0.3291015625 0.26953125 0.3251953125 0.26953125 0.3115234375 0.2646484375 0.3046875 0.2568359375 0.30078125 0.2490234375 0.30078125 0.2451171875 0.302734375
2 0.2509765625 0.298828125 0.2451171875 0.298828125 0.2431640625 0.30078125 0.2412109375 0.30078125 0.2392578125 0.302734375 0.2373046875 0.302734375 0.234375 0.3056640625 0.234375 0.3076171875 0.232421875 0.3095703125 0.232421875 0.3134765625 0.23046875 0.3154296875 0.23046875 0.3173828125 0.2314453125 0.318359375 0.2333984375 0.318359375 0.234375 0.3173828125 0.234375 0.3154296875 0.2353515625 0.314453125 0.2373046875 0.314453125 0.2470703125 0.3046875 0.2490234375 0.3046875 0.251953125 0.3017578125 0.251953125 0.2998046875 0.2509765625 0.298828125
2 0.169921875 0.3603515625 0.169921875 0.3740234375 0.171875 0.3779296875 0.1826171875 0.384765625 0.1875 0.3837890625 0.1943359375 0.380859375 0.205078125 0.3681640625 0.205078125 0.3525390625 0.203125 0.3486328125 0.1943359375 0.341796875 0.1826171875 0.34375 0.173828125 0.3525390625 0.169921875 0.3603515625
1 0.2158203125 0.322265625 0.208984375 0.3291015625 0.205078125 0.3388671875 0.205078125 0.3486328125 0.208984375 0.3564453125 0.2158203125 0.357421875 0.2197265625 0.361328125 0.224609375 0.3603515625 0.2294921875 0.359375 0.23828125 0.3505859375 0.2421875 0.3408203125 0.2421875 0.3291015625 0.240234375 0.3251953125 0.2314453125 0.318359375 0.2236328125 0.318359375 0.2158203125 0.322265625
1 0.2041015625 0.349609375 0.205078125 0.3486328125 0.20703125 0.3330078125 0.21484375 0.3232421875 0.2099609375 0.3203125 0.2001953125 0.322265625 0.189453125 0.3349609375 0.1904296875 0.341796875 0.1943359375 0.341796875 0.2041015625 0.349609375
1 0.267578125 0.2939453125 0.275390625 0.2861328125 0.2744140625 0.283203125 0.2646484375 0.28515625 0.255859375 0.2978515625 0.2607421875 0.302734375 0.265625 0.3017578125 0.267578125 0.2939453125
1 0.3154296875 0.28125 0.306640625 0.2919921875 0.3193359375 0.294921875 0.328125 0.3037109375 0.330078125 0.3173828125 0.3359375 0.3173828125 0.337890625 0.3115234375 0.333984375 0.3076171875 0.333984375 0.3017578125 0.33203125 0.2998046875 0.3359375 0.2880859375 0.3359375 0.2802734375 0.3193359375 0.279296875 0.3154296875 0.28125
1 0.341796875 0.2802734375 0.3564453125 0.275390625 0.3662109375 0.27734375 0.3671875 0.2744140625 0.3583984375 0.267578125 0.3466796875 0.267578125 0.3359375 0.2763671875 0.3369140625 0.28125 0.341796875 0.2802734375