2 0.565277778125 0.1206349203125 0.5732142859375 0.1206349203125 0.5821428578125001 0.1136904765625 0.584126984375 0.1077380953125 0.5771825390624999 0.096825396875 0.5632936515625 0.09285714218749999 0.550396825 0.0998015875 0.5484126984375 0.10376984062500001 0.5494047625 0.108730159375 0.5553571421875 0.1166666671875 0.565277778125 0.1206349203125
2 0.63075396875 0.178174603125 0.621825396875 0.185119046875 0.6228174609375 0.19404761875 0.6327380953125 0.20198412656250003 0.640674603125 0.20198412656250003 0.6476190468749999 0.197023809375 0.649603175 0.187103175 0.640674603125 0.178174603125 0.63075396875 0.178174603125
2 0.6744047625 0.3825396828125 0.6823412703125 0.390476190625 0.6922619046875 0.39246031718749996 0.7001984125 0.3884920640625 0.7051587296874999 0.3795634921875 0.703174603125 0.377579365625 0.703174603125 0.3696428578125 0.6922619046875 0.3607142859375 0.684325396875 0.3607142859375 0.6803571421875 0.3626984125 0.6734126984375 0.371626984375 0.6744047625 0.3825396828125
2 0.6992063484375 0.50654761875 0.690277778125 0.49365079375 0.6863095234375 0.4916666671875 0.672420634375 0.4916666671875 0.659523809375 0.502579365625 0.6575396828125 0.5085317453125 0.6585317453124999 0.521428571875 0.659523809375 0.5244047625 0.6704365078125 0.5333333328125 0.6763888890625 0.5333333328125 0.678373015625 0.5353174609375 0.6863095234375 0.5333333328125 0.690277778125 0.53134920625 0.6992063484375 0.5204365078125 0.6992063484375 0.50654761875
2 0.6892857140624999 0.708928571875 0.6873015875 0.714880953125 0.6882936515625 0.721825396875 0.6892857140624999 0.7248015875 0.696230159375 0.7297619046875 0.712103175 0.7297619046875 0.7210317453124999 0.71884920625 0.7210317453124999 0.70694444375 0.7140873015625 0.7 0.712103175 0.7019841265625 0.7081349203125 0.6980158734375 0.7021825390624999 0.6980158734375 0.6892857140624999 0.708928571875
2 0.7180555562500001 0.7634920640625 0.7259920640625 0.759523809375 0.7309523812500001 0.752579365625 0.7289682546875 0.740674603125 0.722023809375 0.7357142859375 0.716071428125 0.7357142859375 0.7081349203125 0.7396825390624999 0.703174603125 0.7486111109375 0.7041666671875 0.7575396828125001 0.712103175 0.7634920640625 0.7180555562500001 0.7634920640625
2 0.7150793656250001 0.365674603125 0.7130952374999999 0.35575396875 0.70615079375 0.3488095234375 0.696230159375 0.3488095234375 0.6892857140624999 0.35575396875 0.690277778125 0.3607142859375 0.696230159375 0.3626984125 0.7041666671875 0.372619046875 0.7101190468749999 0.372619046875 0.7150793656250001 0.365674603125
2 0.6823412703125 0.3051587296875 0.6863095234375 0.303174603125 0.691269840625 0.29424603125000004 0.6952380953125 0.2922619046875 0.6863095234375 0.28134920625 0.6763888890625 0.2793650796875 0.672420634375 0.28134920625 0.6674603171875 0.2882936515625 0.6684523812500001 0.29722222187499997 0.6744047625 0.303174603125 0.6823412703125 0.3051587296875
2 0.69424603125 0.309126984375 0.6992063484375 0.30416666718749996 0.6992063484375 0.29623015937499997 0.69424603125 0.291269840625 0.691269840625 0.29424603125000004 0.691269840625 0.2982142859375 0.684325396875 0.3051587296875 0.678373015625 0.3051587296875 0.678373015625 0.3071428578125 0.6863095234375 0.3111111109375 0.69424603125 0.309126984375
1 0.7170634921875 0.3875 0.7140873015625 0.3825396828125 0.7041666671875 0.38055555625 0.7011904765625 0.3875 0.690277778125 0.39246031718749996 0.690277778125 0.39444444375 0.6922619046875 0.40238095312500005 0.70615079375 0.40833333281249995 0.7150793656250001 0.40138888906250003 0.7170634921875 0.3875
1 0.7230158734375001 0.397420634375 0.7180555562500001 0.3884920640625 0.7170634921875 0.397420634375 0.7150793656250001 0.40138888906250003 0.7071428578125001 0.4073412703125 0.7081349203125 0.40833333281249995 0.7101190468749999 0.41031746093750004 0.716071428125 0.41031746093750004 0.7210317453124999 0.40535714218749996 0.7230158734375001 0.397420634375
1 0.7191973125 0.5545699374999999 0.71225286875 0.5615143828125 0.71324493125 0.576395334375 0.7191973125 0.582347715625 0.729117946875 0.582347715625 0.7360623921875 0.5773873984375 0.7380465187499999 0.5654826359375 0.731102075 0.5545699374999999 0.7191973125 0.5545699374999999
1 0.733928571875 0.7079365078125 0.7299603171875 0.70595238125 0.7210317453124999 0.70694444375 0.7210317453124999 0.7168650796875 0.7150793656250001 0.7267857140625 0.716071428125 0.7317460312499999 0.727976190625 0.7317460312499999 0.734920634375 0.7248015875 0.7369047625 0.712896825 0.733928571875 0.7079365078125
1 0.7369047625 0.7426587296875 0.734920634375 0.7367063484374999 0.7299603171875 0.7317460312499999 0.7240079359375 0.7317460312499999 0.7200396828125 0.7337301593750001 0.7200396828125 0.7357142859375 0.7269841265625 0.7386904765625 0.7309523812500001 0.7446428578125001 0.73194444375 0.7515873015625 0.7369047625 0.7426587296875