0 0 0.6172842578125 0.0080581765625 0.6265821546875 0.0159198109375 0.6265821546875 0.0198506296875 0.6246167453125 0.026729559375 0.61577240625 0.026729559375 0.6000491359375 0.0208333328125 0.5862912734375 0.0159198109375 0.5813777515624999 0.01198899375 0.5794123421874999 0.0011792453125 0.580395046875 0 0.5819673734374999 0 0.6172842578125
0 0.49744496875 0.4359375 0.49154874218750005 0.43397209062500003 0.485652515625 0.4280758640625 0.4718946546875 0.4221796390625 0.4414308171875 0.4231623421875 0.420794025 0.43200668281250004 0.412932390625 0.437902909375 0.40408805000000003 0.4487126578125 0.39426100625 0.4703321546875 0.39426100625 0.484090015625 0.39229559687500004 0.486055425 0.39426100625 0.48802083281249997 0.39426100625 0.497847878125 0.40015723281250004 0.51553655625 0.40408805000000003 0.5214327828124999 0.41489779843749997 0.53224253125 0.42669025156249996 0.5401041671875 0.442413521875 0.54600039375 0.4699292453125 0.54600039375 0.485652515625 0.5401041671875 0.49154874218750005 0.534207940625 0.49744496875 0.53224253125 0.5102201265625 0.5194673734374999 0.5180817609374999 0.5017786953125001 0.5180817609374999 0.474262971875 0.512185534375 0.45657429218749995 0.49744496875 0.4359375
0 0.7627751578125 0.41235259375 0.7539308171875 0.421196934375 0.7460691828125 0.440851021875 0.7460691828125 0.46247051875 0.748034590625 0.464435928125 0.748034590625 0.4722975625 0.7539308171875 0.484090015625 0.766705975 0.49883058125 0.778498428125 0.5047268078125 0.798152515625 0.5066922171875 0.8119103781250001 0.500795990625 0.8197720125 0.49489976406249997 0.8286163515625 0.484090015625 0.8345125781249999 0.46836674531250005 0.8364779875 0.452643475 0.8345125781249999 0.450678065625 0.8345125781249999 0.440851021875 0.8286163515625 0.42709316093750005 0.8138757859375 0.4103871859375 0.7942216984375 0.40252555 0.78341195 0.40350825468749996 0.7627751578125 0.41235259375
0 0.59375 0.608893475 0.6134040875 0.61872051875 0.625196540625 0.61872051875 0.6448506296875001 0.610858884375 0.655660378125 0.6000491359375 0.661556603125 0.5843258640625 0.661556603125 0.5627063671875 0.65369496875 0.546983096875 0.6409198109375 0.5361733484375 0.63698899375 0.534207940625 0.610455975 0.5351906453125 0.6016116359375 0.5381387578125 0.5868710687500001 0.5528793234375 0.5809748421875 0.5627063671875 0.579009434375 0.58236045625 0.5868710687500001 0.60201454375 0.59375 0.608893475
0 0.67334905625 0.6314956765625 0.6674528296875 0.6393573109374999 0.6674528296875 0.657045990625 0.6694182390625001 0.6629422171875 0.6743317609374999 0.6678557390625001 0.6841588046875 0.67178655625 0.6939858484375 0.67178655625 0.6979166671875 0.6698211484375001 0.7126572328125 0.6531151734375 0.6988993703124999 0.6413227203125 0.6959512578125 0.63247838125 0.67334905625 0.6314956765625
0 0.495479559375 0.7110947328125 0.5033411953125 0.71502555 0.5151336484375 0.71502555 0.5249606921875001 0.7110947328125 0.531839621875 0.7042158015625 0.535770440625 0.6924233484375 0.531839621875 0.6845617140625 0.525943396875 0.680630896875 0.5239779875 0.6747346703125 0.519064465625 0.6698211484375001 0.51415094375 0.6708038515625 0.5161163515625 0.686527121875 0.512185534375 0.6963541671875 0.5033411953125 0.70519850625 0.49744496875 0.70519850625 0.4944968546875 0.7081466187500001 0.495479559375 0.7110947328125
1 0.65369496875 0.6098761796875001 0.6576257859375 0.6177378140625 0.6723663515625 0.630512971875 0.678262578125 0.63247838125 0.692020440625 0.63247838125 0.701847484375 0.6285475625 0.7146226421875 0.61577240625 0.7205188671875 0.6000491359375 0.7205188671875 0.5882566828125 0.7146226421875 0.5744988203125 0.7077437109375 0.567619890625 0.6959512578125 0.5617236640625001 0.6792452828125 0.5627063671875 0.668435534375 0.567619890625 0.6635220125 0.5725334125 0.6595911953125 0.5961183171875 0.65369496875 0.603979953125 0.65369496875 0.6098761796875001
1 0.5731132078125001 0.5135711484375001 0.56033805 0.500795990625 0.5406839625 0.490968946875 0.522012578125 0.49195165156250004 0.5200471703125 0.493917059375 0.5180817609374999 0.5057095125 0.5102201265625 0.5214327828124999 0.499410378125 0.53224253125 0.47779088124999997 0.544034984375 0.4768081765625 0.5548447328125 0.48663522031250006 0.5744988203125 0.499410378125 0.587273978125 0.519064465625 0.5951356125 0.5367531453125001 0.5951356125 0.538718553125 0.5931702046875 0.55051100625 0.5912047953124999 0.5564072328125 0.587273978125 0.5642688671875 0.5813777515624999 0.5750786156250001 0.56860259375 0.5750786156250001 0.5646717765625 0.5809748421875 0.5528793234375 0.5809748421875 0.5351906453125 0.579009434375 0.5332252359375 0.579009434375 0.527329009375 0.5731132078125001 0.517501965625 0.5731132078125001 0.5135711484375001
1 0.2586477984375 0.686527121875 0.2586477984375 0.66883844375 0.26061320781249997 0.6629422171875 0.25766509375 0.6599941031250001 0.2448899375 0.6609768078125 0.23801100625 0.663924921875 0.23113207500000002 0.6708038515625 0.22916666718749998 0.68849253125 0.233097484375 0.6963541671875 0.2458726421875 0.707163915625 0.2635613203125 0.707163915625 0.2704402515625 0.70225039375 0.26257861562499996 0.6943887578125 0.2586477984375 0.686527121875
1 0.293042453125 0.70519850625 0.30090408750000003 0.7012676890625 0.305817609375 0.6963541671875 0.309748428125 0.686527121875 0.309748428125 0.676700078125 0.305817609375 0.666873034375 0.2969732703125 0.6580286953125001 0.2891116359375 0.654097878125 0.27240566093749996 0.65508058125 0.26749213906249997 0.6580286953125001 0.2586477984375 0.66883844375 0.2586477984375 0.686527121875 0.26061320781249997 0.690457940625 0.26749213906249997 0.6993022796874999 0.2773191828125 0.70519850625 0.293042453125 0.70519850625
1 0.12401729531250001 0.683579009375 0.13384433906249998 0.683579009375 0.1407232703125 0.6786654875 0.1446540875 0.6708038515625 0.14170597499999998 0.6678557390625001 0.13384433906249998 0.6658903296875 0.123034590625 0.65508058125 0.1191037734375 0.647218946875 0.1191037734375 0.6413227203125 0.1161556609375 0.63837460625 0.11517295624999999 0.6393573109374999 0.11222484218749999 0.640340015625 0.1053459125 0.6491843546875 0.1053459125 0.6629422171875 0.1112421390625 0.6747346703125 0.1161556609375 0.6796481921875 0.12401729531250001 0.683579009375
1 0.125 0.6590114 0.129913521875 0.663924921875 0.14170597499999998 0.6698211484375001 0.1554638359375 0.6678557390625001 0.16430817656250002 0.6590114 0.16823899375 0.6511497640624999 0.16823899375 0.6413227203125 0.16430817656250002 0.6295302671874999 0.15153301875 0.6147897015625 0.14760220156249998 0.6128242921875 0.1328616359375 0.613806996875 0.12401729531250001 0.61872051875 0.1191037734375 0.6275648578124999 0.1171383640625 0.633461084375 0.1191037734375 0.63542649375 0.1191037734375 0.647218946875 0.125 0.6590114
1 0.6458333328125 0.6845617140625 0.6458333328125 0.6708038515625 0.643867925 0.666873034375 0.6330581765625001 0.6580286953125001 0.618317609375 0.6590114 0.6134040875 0.6599941031250001 0.6065251578125 0.666873034375 0.6025943390624999 0.6747346703125 0.6025943390624999 0.68849253125 0.6094732703125 0.6973368703125 0.61733490625 0.7012676890625 0.6291273578125 0.7012676890625 0.643867925 0.68849253125 0.6458333328125 0.6845617140625
1 0.694968553125 0.6727692609375 0.678262578125 0.6698211484375001 0.67334905625 0.666873034375 0.6664701265625 0.6560632859375 0.6635220125 0.657045990625 0.655660378125 0.666873034375 0.65369496875 0.6727692609375 0.655660378125 0.6845617140625 0.6645047171875 0.693406053125 0.67040094375 0.6953714625 0.6723663515625 0.693406053125 0.6841588046875 0.6914406453125 0.6910377359375001 0.6845617140625 0.694968553125 0.6727692609375
1 0.5662342765624999 0.703233096875 0.5740959125 0.6993022796874999 0.5809748421875 0.6924233484375 0.5849056609375001 0.6825963046875 0.5849056609375001 0.6727692609375 0.5829402515625 0.66883844375 0.5809748421875 0.66883844375 0.579009434375 0.6747346703125 0.57016509375 0.6855444187499999 0.5583726421875 0.6914406453125 0.5367531453125001 0.6894752359375 0.535770440625 0.6924233484375 0.5377358484375 0.6963541671875 0.548545596875 0.703233096875 0.5662342765624999 0.703233096875
1 0.47779088124999997 0.7209217765625 0.48368710625 0.716990959375 0.4886006296875 0.710112028125 0.485652515625 0.707163915625 0.47975628906249995 0.707163915625 0.4718946546875 0.703233096875 0.46305031406249997 0.6924233484375 0.46108490625 0.6786654875 0.45715408750000003 0.6786654875 0.45027515781250005 0.683579009375 0.4453616359375 0.690457940625 0.44339622656250005 0.6943887578125 0.44339622656250005 0.7061812109375001 0.454205975 0.7189563671875 0.462067609375 0.7228871859375 0.47779088124999997 0.7209217765625
2 0.7421383640625 0.6413227203125 0.748034590625 0.6275648578124999 0.748034590625 0.6177378140625 0.7441037734375 0.6079107703125 0.733294025 0.59906643125 0.7273977984375 0.597101021875 0.7205188671875 0.5980837265625001 0.7146226421875 0.61577240625 0.6969339625 0.6314956765625 0.6969339625 0.6373919031249999 0.7008647796874999 0.6432881296875 0.711674528125 0.65213246875 0.7273977984375 0.65213246875 0.735259434375 0.6482016515625 0.7421383640625 0.6413227203125
2 0.7991352203125001 0.6177378140625 0.788325471875 0.608893475 0.7794811328125 0.6098761796875001 0.7726022015625 0.6128242921875 0.7657232703125 0.6197032234375001 0.761792453125 0.6314956765625 0.7657232703125 0.6452535375 0.774567609375 0.65213246875 0.79029088125 0.650167059375 0.7971698109375 0.6432881296875 0.8011006296875 0.63542649375 0.8011006296875 0.6216686328125001 0.7991352203125001 0.6177378140625
2 0.5239779875 0.676700078125 0.5367531453125001 0.6894752359375 0.5426493703124999 0.6914406453125 0.56033805 0.6914406453125 0.5681996859375 0.6875098265624999 0.579009434375 0.6747346703125 0.5809748421875 0.6708038515625 0.5809748421875 0.65508058125 0.577044025 0.647218946875 0.5681996859375 0.63837460625 0.5544418234374999 0.6364091984375 0.5524764156249999 0.6344437890625 0.54756289375 0.63542649375 0.538718553125 0.6364091984375 0.525943396875 0.6491843546875 0.522012578125 0.657045990625 0.522012578125 0.6708038515625 0.5239779875 0.676700078125
2 0.5033411953125 0.70519850625 0.51415094375 0.6924233484375 0.5161163515625 0.676700078125 0.512185534375 0.66883844375 0.499410378125 0.6580286953125001 0.4935141515625 0.6560632859375 0.48270440312499996 0.657045990625 0.4738600625 0.6599941031250001 0.46501572343750003 0.66883844375 0.46108490625 0.676700078125 0.46305031406249997 0.6924233484375 0.4718946546875 0.703233096875 0.47975628906249995 0.707163915625 0.49744496875 0.707163915625 0.5033411953125 0.70519850625
2 0.123034590625 0.6825963046875 0.11812106874999999 0.6816136 0.10927672968749999 0.6727692609375 0.1053459125 0.6629422171875 0.1053459125 0.6511497640624999 0.10731132031249999 0.647218946875 0.10141509374999999 0.647218946875 0.0974842765625 0.6511497640624999 0.0955188671875 0.657045990625 0.0955188671875 0.66883844375 0.0994496859375 0.676700078125 0.106328615625 0.683579009375 0.1141902515625 0.6875098265624999 0.12008647812499999 0.6875098265624999 0.123034590625 0.6825963046875
2 0.0827437109375 0.6619595125 0.09158805 0.6511497640624999 0.09158805 0.63542649375 0.0876572328125 0.6275648578124999 0.07881289375 0.61872051875 0.074882075 0.616755109375 0.0640723265625 0.6177378140625 0.0562106921875 0.62559945 0.0562106921875 0.6314956765625 0.0542452828125 0.633461084375 0.0562106921875 0.6452535375 0.060141509375 0.6531151734375 0.0689858484375 0.6619595125 0.074882075 0.663924921875 0.0827437109375 0.6619595125
2 0.0562106921875 0.623634040625 0.053262578125 0.620685928125 0.050314465625000006 0.6216686328125001 0.044418239062499996 0.62559945 0.040487421875 0.633461084375 0.040487421875 0.647218946875 0.044418239062499996 0.65508058125 0.053262578125 0.663924921875 0.06505503124999999 0.663924921875 0.0680031453125 0.6609768078125 0.060141509375 0.6531151734375 0.0542452828125 0.6373919031249999 0.0562106921875 0.623634040625