0 0.9610128625 0.3884646296875 0.9690514468750001 0.3844453375 0.9730707390625 0.376406753125 0.9730707390625 0.364348875 0.9690514468750001 0.35430064375 0.9600080390624999 0.345257234375 0.9479501609375 0.3432475890625 0.9409163984375001 0.3482717046875 0.93689710625 0.3563102890625 0.93689710625 0.3683681671875 0.9479501609375 0.3874598078125 0.951969453125 0.389469453125 0.9610128625 0.3884646296875
0 0.8173231515625 0.27893890625 0.8072749203124999 0.27893890625 0.8002411578125 0.28597266875 0.8002411578125 0.3000401921875 0.8042604499999999 0.30606913125 0.8112942125 0.311093246875 0.8243569125000001 0.310088425 0.8303858515625 0.3020498390625 0.8303858515625 0.2920016078125 0.82837620625 0.287982315625 0.8173231515625 0.27893890625
0 0.269694534375 0.46885048281249997 0.2636655953125 0.4527733125 0.2546221859375 0.44372990312500005 0.24658360156249998 0.43971061093749997 0.2365353703125 0.43971061093749997 0.2345257234375 0.43770096406250003 0.2325160765625 0.43971061093749997 0.2204582 0.4417202578125 0.2094051453125 0.450763665625 0.20136655937499998 0.4648311890625 0.1993569125 0.4889469453125 0.2053858515625 0.50301446875 0.2124196140625 0.51004823125 0.22246784531250002 0.5160771703125 0.23050643124999998 0.5160771703125 0.2325160765625 0.5180868171874999 0.2395498390625 0.51708199375 0.2566318328125 0.512057878125 0.2636655953125 0.50301446875 0.269694534375 0.48693729843750005 0.269694534375 0.46885048281249997
0 0.0968649515625 0.5452170421875 0.0988745984375 0.5211012859374999 0.0948553046875 0.5090434078125 0.0838022515625 0.49598070781250003 0.0677250796875 0.49598070781250003 0.06069131875 0.5010048234375 0.0546623796875 0.515072346875 0.0546623796875 0.539188103125 0.0677250796875 0.556270096875 0.078778134375 0.559284565625 0.0838022515625 0.5582797421875 0.0968649515625 0.5452170421875
0 0.046623793749999996 0.5070337625 0.050643087499999996 0.51708199375 0.0546623796875 0.51708199375 0.056672025 0.5070337625 0.0637057875 0.49799035312499995 0.0677250796875 0.49598070781250003 0.0777733125 0.49598070781250003 0.08078778125 0.4929662375 0.078778134375 0.484927653125 0.0677250796875 0.47588424375000005 0.0596864953125 0.47588424375000005 0.05365755625 0.4799035375 0.046623793749999996 0.4929662375 0.046623793749999996 0.5070337625
0 0.0084405140625 0.5673231515625 0.0104501609375 0.573352090625 0.0154742765625 0.576366559375 0.0255225078125 0.5884244375 0.02652733125 0.5874196140625 0.0204983921875 0.57134244375 0.0204983921875 0.55124598125 0.024517684375 0.5432073953125001 0.0325562703125 0.5351688109375 0.0295418 0.532154340625 0.021503215625 0.532154340625 0.0174839234375 0.5341639875 0.0104501609375 0.5432073953125001 0.0084405140625 0.549236334375 0.0084405140625 0.5673231515625
1 0 0.6292202578125 0.007435690625 0.6366559484375001 0.0204983921875 0.635651125 0.028536978125 0.623593246875 0.028536978125 0.5994774921875 0.02652733125 0.593448553125 0.0204983921875 0.581390675 0.0154742765625 0.576366559375 0.011454984375000001 0.5743569125 0 0.5743569125 0 0.6292202578125
1 0.058681671874999994 0.5452170421875 0.0476286171875 0.5341639875 0.03356109375 0.5341639875 0.024517684375 0.5432073953125001 0.0204983921875 0.55124598125 0.0204983921875 0.57134244375 0.0225080390625 0.573352090625 0.0225080390625 0.5793810296874999 0.028536978125 0.5894292609375 0.0375803859375 0.596463021875 0.046623793749999996 0.5974678453125 0.05365755625 0.5944533765625 0.06069131875 0.5854099671874999 0.0627009640625 0.57134244375 0.0647106109375 0.569332796875 0.0627009640625 0.5552652734375 0.058681671874999994 0.549236334375 0.058681671874999994 0.5452170421875
1 0.095860128125 0.46583601249999995 0.0888263671875 0.47286977500000005 0.082797428125 0.4929662375 0.092845659375 0.505024115625 0.0968649515625 0.51708199375 0.099879421875 0.5200964625 0.1089228296875 0.5211012859374999 0.11595659218750001 0.5200964625 0.125 0.5110530546875001 0.1290192921875 0.49899517656250003 0.1290192921875 0.484927653125 0.125 0.47286977500000005 0.11796623749999999 0.46583601249999995 0.109927653125 0.4618167203125 0.1038987140625 0.4618167203125 0.095860128125 0.46583601249999995
1 0.2586414796875 0.40755627031249997 0.247588425 0.418609325 0.24356913125 0.4246382640625 0.2415594859375 0.4387057875 0.248593246875 0.44372990312500005 0.252612540625 0.44372990312500005 0.2636655953125 0.45478295781250005 0.27069935625 0.4738745984375 0.2837620578125 0.47286977500000005 0.2948151125 0.467845659375 0.299839228125 0.46282154374999995 0.3058681671875 0.450763665625 0.3058681671875 0.4246382640625 0.296824759375 0.409565915625 0.2907958203125 0.40554662343750003 0.272709003125 0.40152733124999995 0.2586414796875 0.40755627031249997
1 0.5299437296875 0.6567524109375 0.555064309375 0.6557475890625 0.5741559484375001 0.6507234734375 0.5942524109375 0.6346463015625 0.6032958203125001 0.623593246875 0.6153536984375 0.5954582 0.6153536984375 0.57134244375 0.6133440515624999 0.569332796875 0.6133440515624999 0.5612942125 0.609324759375 0.5552652734375 0.609324759375 0.55124598125 0.6012861734375 0.539188103125 0.5982717046875 0.5381832796875 0.5882234734375 0.5261254015625 0.5641077171875 0.5140675234375001 0.533963021875 0.512057878125 0.503818328125 0.522106109375 0.4807073953125 0.5432073953125001 0.46864951718750003 0.57134244375 0.46864951718750003 0.5974678453125 0.476688103125 0.617564309375 0.49979903593749997 0.6426848875 0.505827975 0.6467041796874999 0.5098472671875001 0.6467041796874999 0.5178858515625 0.65273311875 0.5299437296875 0.6567524109375
1 0.46161575624999995 0.3432475890625 0.45357717031250006 0.3392282953125 0.43549035312499995 0.3392282953125 0.4294614140625 0.3412379421875 0.4234324765625 0.345257234375 0.4143890671875 0.3563102890625 0.412379421875 0.3703778140625 0.41036977500000005 0.372387459375 0.412379421875 0.3804260453125 0.4163987140625 0.3884646296875 0.4294614140625 0.40152733124999995 0.43348070781250003 0.403536978125 0.45458199375 0.40253215468750003 0.46864951718750003 0.3904742765625 0.47467845625000005 0.3804260453125 0.47467845625000005 0.37439710625 0.476688103125 0.372387459375 0.47467845625000005 0.3583199359375 0.46161575624999995 0.3432475890625
1 0.63143086875 0.35430064375 0.6424839234374999 0.3653536984375 0.6575562703125 0.3703778140625 0.6706189703125001 0.369372990625 0.683681671875 0.3583199359375 0.6877009640625 0.35028135 0.6877009640625 0.3301848875 0.67865755625 0.3191318328125 0.6625803859375 0.311093246875 0.6525321546875 0.311093246875 0.6384646296875001 0.3171221859375 0.629421221875 0.3301848875 0.629421221875 0.3482717046875 0.63143086875 0.35430064375
1 0.6897106109375 0.3241559484375 0.6997588421875001 0.3120980703125 0.6997588421875001 0.298030546875 0.697749196875 0.2940112546875 0.690715434375 0.2869774921875 0.6826768484375 0.2829582 0.6726286171875 0.2829582 0.6645900328125001 0.2869774921875 0.6555466234375 0.298030546875 0.6555466234375 0.310088425 0.676647909375 0.3171221859375 0.6846864953125 0.325160771875 0.6897106109375 0.3241559484375
1 0.4726688109375 0.35430064375 0.4776929265625 0.36736334375 0.486736334375 0.3663585203125 0.4957797421875 0.3633440515625 0.5028135046875 0.3563102890625 0.50884244375 0.3382234734375 0.5048231515625 0.3261655953125 0.4957797421875 0.3171221859375 0.4877411578125 0.31310289375 0.47367363281249997 0.31310289375 0.4586012859375 0.3241559484375 0.45458199375 0.332194534375 0.45458199375 0.3382234734375 0.4726688109375 0.35430064375
1 0.41338424375000005 0.3291800640625 0.40434083593750003 0.3382234734375 0.40032154374999995 0.3462620578125 0.40032154374999995 0.364348875 0.4023311890625 0.3683681671875 0.40936495156249997 0.3754019296875 0.41036977500000005 0.37439710625 0.412379421875 0.362339228125 0.418408359375 0.35028135 0.4234324765625 0.345257234375 0.43348070781250003 0.3392282953125 0.45056270156249995 0.3382234734375 0.44151929218749997 0.32717041875 0.43549035312499995 0.325160771875 0.42142282968749994 0.325160771875 0.41338424375000005 0.3291800640625