2 0.164049534375 0.431634221875 0.151754453125 0.43778176249999995 0.14048396093749999 0.45110143437500005 0.14048396093749999 0.46339651562500006 0.1384347796875 0.46749487656250005 0.1466315015625 0.477740778125 0.1466315015625 0.479789959375 0.15790199375 0.4890112703125 0.18454133749999999 0.4890112703125 0.197861009375 0.479789959375 0.19991019062499998 0.47364241875 0.2040085515625 0.46954405781249997 0.2040085515625 0.4531506140625 0.2019593703125 0.4490522546875 0.190688878125 0.43573258125000003 0.18146756718749998 0.43265881093749997 0.17224625625 0.431634221875 0.16814789531250002 0.43368340156249996 0.164049534375 0.431634221875
1 0.3610655734375 0.43675717187499996 0.35696721249999996 0.4470030734375 0.35901639375 0.4490522546875 0.35696721249999996 0.4613473359375 0.35901639375 0.46749487656250005 0.372336065625 0.48081454843750004 0.38258196718750004 0.48491290937500003 0.3969262296875 0.48491290937500003 0.4030737703125 0.48286372968749997 0.40922131093749997 0.4746670078125 0.41331967187499996 0.4746670078125 0.41844262343749994 0.46954405781249997 0.422540984375 0.45929815625000003 0.420491803125 0.4531506140625 0.422540984375 0.4490522546875 0.41844262343749994 0.43675717187499996 0.408196721875 0.4285604515625 0.40717213125 0.4234375 0.3959016390625 0.42036372968749997 0.38668032812500003 0.4193391390625 0.372336065625 0.4254866796875 0.3610655734375 0.43675717187499996
2 0.6083076515625 0.41764051406249997 0.6001109296875 0.4319847765625 0.602160109375 0.44223067812499994 0.6001109296875 0.44427985937500003 0.6001109296875 0.4524765796875 0.604209290625 0.4606733015625 0.6134306015625001 0.4698946125 0.6216273234374999 0.4739929734375 0.6462174875 0.4739929734375 0.652365028125 0.47194379375000006 0.6636355203125001 0.4606733015625 0.6636355203125001 0.4401814984375 0.659537159375 0.4360831375 0.6636355203125001 0.42993559687499994 0.6615863390625 0.4196896953125 0.650315846875 0.40841920312499996 0.645192896875 0.4073946125 0.62982404375 0.4063700234375 0.6175289625 0.410468384375 0.6083076515625 0.41764051406249997
2 0.9297131140625 0.39679815625 0.927663934375 0.3926997953125 0.9235655734374999 0.3926997953125 0.906147540625 0.408068646875 0.9 0.42241290937500003 0.9 0.4265112703125 0.9040983609375 0.43265881093749997 0.9020491796875 0.4347079921875 0.9020491796875 0.4429047125 0.913319671875 0.45622438593750003 0.9297131140625 0.46442110625 0.93586065625 0.46442110625 0.9379098359375 0.4603227453125 0.942008196875 0.46442110625 0.9604508203125001 0.46442110625 0.9768442625 0.45622438593750003 0.9881147546875001 0.44495389375 0.9942622953125 0.43060963125 0.9922131140625 0.42241290937500003 0.9942622953125 0.41626536875 0.990163934375 0.408068646875 0.9829918031249999 0.40089651562500006 0.9655737703125 0.389626025 0.939959015625 0.388601434375 0.9338114750000001 0.3906506140625 0.9297131140625 0.39679815625
1 0.93586065625 0.46851946718750004 0.9256147546875001 0.46851946718750004 0.9235655734374999 0.470568646875 0.913319671875 0.470568646875 0.9030737703125 0.4746670078125 0.891803278125 0.49618340156249996 0.891803278125 0.508478484375 0.8979508203125001 0.5166752046875 0.8979508203125001 0.520773565625 0.9092213109375 0.5320440578125 0.9256147546875001 0.540240778125 0.9584016390625001 0.5381915984375001 0.970696721875 0.5320440578125 0.9819672125000001 0.5187243859375 0.9840163937499999 0.494134221875 0.9778688531249999 0.4818391390625 0.9635245906250001 0.46954405781249997 0.9440573765625 0.46851946718750004 0.942008196875 0.4746670078125 0.93586065625 0.46851946718750004
1 0.5987704921875 0.5002817625 0.5967213109375 0.5023309421875 0.5967213109375 0.5105276640625 0.5987704921875 0.51257684375 0.600819671875 0.5228227453125001 0.6120901640625 0.53614241875 0.6243852453125001 0.542289959375 0.636680328125 0.5443391390625 0.6387295078124999 0.542289959375 0.6469262296875 0.542289959375 0.6551229515625 0.5381915984375001 0.66229508125 0.5310194671875 0.66229508125 0.5248719265624999 0.672540984375 0.5166752046875 0.672540984375 0.49823258125000003 0.6684426234374999 0.4879866796875 0.665368853125 0.48491290937500003 0.6612704921875 0.48491290937500003 0.6561475406249999 0.477740778125 0.616188525 0.4767161890625 0.600819671875 0.4900358609375 0.5987704921875 0.5002817625
2 0.34979508125000003 0.4890112703125 0.34672131093749997 0.49208504062499997 0.34467213124999996 0.49823258125000003 0.34057377031249997 0.5023309421875 0.338524590625 0.506429303125 0.338524590625 0.5228227453125001 0.34467213124999996 0.52692110625 0.34467213124999996 0.535117828125 0.3559426234375 0.5443391390625 0.360040984375 0.5443391390625 0.3620901640625 0.5463883203125001 0.37848360625 0.5463883203125001 0.3805327875 0.5443391390625 0.38872950781250004 0.542289959375 0.4 0.5310194671875 0.3979508203125 0.5289702875 0.4040983609375 0.5228227453125001 0.4040983609375 0.506429303125 0.3959016390625 0.49208504062499997 0.38770491875 0.4879866796875 0.3559426234375 0.48696209062499995 0.3538934421875 0.4890112703125 0.34979508125000003 0.4890112703125
3 0.025 0.5 0.0484375 0.1421875
3 0.16875 0.49375 0.1046875 0.128125
3 0.38125 0.4953125 0.0953125 0.1703125
3 0.6390625 0.4734375 0.109375 0.1703125
3 0.93125 0.475 0.1359375 0.1921875