2 0.5066318328125 0.79662379375 0.502612540625 0.8006430874999999 0.49658360156250003 0.8026527328125 0.48754019218750005 0.8157154343749999 0.48754019218750005 0.8418408359375 0.49658360156250003 0.852893890625 0.49859324687499995 0.852893890625 0.5086414796875001 0.8609324765625 0.512660771875 0.8589228296875 0.52471865 0.8589228296875 0.53778135 0.847869775 0.5438102890625001 0.835811896875 0.54180064375 0.8317926046874999 0.5438102890625001 0.8277733125 0.542805465625 0.8187299031249999 0.539790996875 0.8096864953124999 0.5267282953125 0.798633440625 0.522709003125 0.79662379375 0.5066318328125 0.79662379375
1 0.551848875 0.6006832796875 0.546824759375 0.59967845625 0.5387861734375 0.589630225 0.5267282953125 0.5856109328125 0.522709003125 0.587620578125 0.5166800640625 0.5856109328125 0.5066318328125 0.589630225 0.5016077171875 0.594654340625 0.5016077171875 0.5986736328125 0.49356913125 0.604702571875 0.4915594859375 0.6107315109375 0.4915594859375 0.6247990359375 0.49557877812499995 0.6348472671875001 0.5086414796875001 0.6479099671874999 0.51467041875 0.6499196140625 0.5267282953125 0.6479099671874999 0.5287379421875 0.6499196140625 0.5387861734375 0.645900321875 0.549839228125 0.6348472671875001 0.5558681671875 0.6207797421875 0.55486334375 0.611736334375 0.551848875 0.6006832796875
2 0.54547614375 0.3491677375 0.5394472046875001 0.35318703125 0.5354279109375 0.3491677375 0.5153314484375 0.3491677375 0.50427839375 0.36022079218749997 0.502268746875 0.36624973125000004 0.502268746875 0.3903654875 0.506288040625 0.39840407187500004 0.5153314484375 0.40744748125 0.523370034375 0.4114667734375 0.53140861875 0.4114667734375 0.533418265625 0.40945712656250005 0.543466496875 0.4114667734375 0.5575340203125 0.4034281875 0.5645677828125 0.3943847796875 0.568587075 0.38232690156250004 0.567582253125 0.3672545546875 0.5665774296875 0.3622304390625 0.555524375 0.351177384375 0.54547614375 0.3491677375
2 0.5779742765625 0.0882234734375 0.584003215625 0.0842041796875 0.5860128625 0.078175240625 0.5850080390625 0.0530546625 0.573954984375 0.03597266875 0.566921221875 0.02893890625 0.5588826359375 0.0249196140625 0.5528536984375 0.026929260937499998 0.5448151125 0.0249196140625 0.5307475890625 0.030948553125 0.519694534375 0.0420016078125 0.5116559484375001 0.058078778124999994 0.5116559484375001 0.0761655953125 0.515675240625 0.0801848875 0.5116559484375001 0.08219453437499999 0.5116559484375001 0.0882234734375 0.519694534375 0.10430064375 0.532757234375 0.11535369843750001 0.5407958203125001 0.11535369843750001 0.542805465625 0.1133440515625 0.5488344046875 0.11736334374999999 0.5528536984375 0.11736334374999999 0.566921221875 0.1113344046875 0.58199356875 0.0942524109375 0.58199356875 0.09023311875 0.5779742765625 0.0882234734375
1 0.458400321875 0.0369774921875 0.4453376203125 0.048030546875 0.43930868125 0.060088425 0.43729903593749997 0.092242765625 0.4453376203125 0.1083199359375 0.456390675 0.119372990625 0.4604099671875 0.119372990625 0.468448553125 0.1254019296875 0.48050643125 0.1254019296875 0.5016077171875 0.11434887499999999 0.505627009375 0.10430064375 0.505627009375 0.0942524109375 0.50763665625 0.092242765625 0.50763665625 0.08219453437499999 0.5016077171875 0.0761655953125 0.50763665625 0.0741559484375 0.5066318328125 0.055064309374999995 0.4945739546875 0.040996784375 0.4825160765625 0.0349678453125 0.458400321875 0.0369774921875
1 0.4915594859375 0.3514871375 0.4915594859375 0.3474678453125 0.488545015625 0.3444533765625 0.478496784375 0.340434084375 0.4604099671875 0.340434084375 0.45237138281249994 0.350482315625 0.44634244375 0.350482315625 0.43930868125 0.3575160765625 0.43528938906250003 0.3655546625 0.43528938906250003 0.373593246875 0.4332797421875 0.37560289375 0.43528938906250003 0.387660771875 0.44131832812500005 0.39971865 0.4543810296875 0.4107717046875 0.46442926093750003 0.41278135000000005 0.46643890624999995 0.414790996875 0.4744774921875 0.414790996875 0.47648713750000005 0.41278135000000005 0.4865353703125 0.4107717046875 0.49959807031250003 0.39569935625 0.49859324687499995 0.3565112546875 0.4915594859375 0.3514871375
2 0.488545015625 0.6197749203125 0.48452572343750006 0.611736334375 0.47045820000000005 0.6036977484375 0.4543810296875 0.6036977484375 0.448352090625 0.6097266875 0.44634244375 0.6077170421875 0.43528938906250003 0.618770096875 0.4332797421875 0.62680868125 0.43127009687499995 0.628818328125 0.43127009687499995 0.6448954984374999 0.4332797421875 0.6469051453125 0.4332797421875 0.6509244375 0.4423231515625 0.6619774921875 0.4503617359375 0.6619774921875 0.4543810296875 0.66800643125 0.47045820000000005 0.66800643125 0.4744774921875 0.665996784375 0.478496784375 0.6619774921875 0.48452572343750006 0.6599678453125 0.48754019218750005 0.6569533765625 0.48754019218750005 0.652934084375 0.4895498390625 0.6509244375 0.488545015625 0.6197749203125
3 0.478125 0.975 0.128125 0.0484375
3 0.48125 0.8328125 0.1375 0.109375
3 0.4875 0.6234375 0.1703125 0.0953125
3 0.49375 0.3796875 0.1609375 0.0890625
3 0.5078125 0.06875 0.178125 0.1359375