0 0.4278536984375 0.91800643125 0.4459405140625 0.9200160765625001 0.4479501609375 0.9220257234375 0.46804662343750003 0.9200160765625001 0.4881430875 0.9099678453125 0.49919614218749997 0.898914790625 0.5072347265625 0.8788183281249999 0.5052250796875 0.8627411578125 0.49919614218749997 0.8486736328125 0.486133440625 0.8356109328124999 0.47005627031249997 0.827572346875 0.462017684375 0.827572346875 0.4600080390625 0.8255627015625 0.43187299062499995 0.8255627015625 0.4137861734375 0.8336012859374999 0.41278135000000005 0.8386254015624999 0.42081993593749994 0.8486736328125 0.42282958125 0.8607315109375 0.424839228125 0.8627411578125 0.424839228125 0.8828376203125 0.41680064375 0.9009244375 0.41278135000000005 0.9049437296875 0.4137861734375 0.9099678453125 0.4278536984375 0.91800643125
0 0.279139871875 0.8597266875 0.2801446953125 0.8727893890624999 0.2881832796875 0.89087620625 0.309284565625 0.9119774921875001 0.32134244375 0.9200160765625001 0.3293810296875 0.9240353703125 0.3454582 0.926045015625 0.3474678453125 0.9280546624999999 0.37560289375 0.926045015625 0.397709003125 0.91800643125 0.414790996875 0.9029340843749999 0.424839228125 0.8808279750000001 0.424839228125 0.8627411578125 0.42081993593749994 0.8506832796875001 0.41278135000000005 0.8386254015624999 0.3816318328125 0.8135048234375001 0.3514871375 0.8034565921875 0.3273713828125 0.8034565921875 0.3253617359375 0.8054662374999999 0.319332796875 0.8054662374999999 0.2972266875 0.8175241156249999 0.282154340625 0.834606109375 0.2801446953125 0.8466639875 0.2781350484375 0.8486736328125 0.279139871875 0.8597266875
0 0.2540192921875 0.9712620578125 0.2389469453125 0.95819935625 0.23492765312500002 0.95217041875 0.2288987140625 0.9481511250000001 0.2268890671875 0.9481511250000001 0.2238745984375 0.9511655953125 0.224879421875 0.95217041875 0.24899517656249998 0.9782958203125001 0.26708199375 0.9923633437499999 0.2700964625 0.9913585203125 0.2540192921875 0.9712620578125
0 0.36149517656249996 1 0.3625401921875 0.9973874593750001 0.360530546875 0.977290996875 0.3524919609375 0.9632234734375 0.3293810296875 0.9421221859375001 0.3052652734375 0.9300643093750001 0.2932073953125 0.9280546624999999 0.2911977484375 0.926045015625 0.2429662375 0.926045015625 0.2319131828125 0.935088425 0.23291800624999998 0.9401125406249999 0.2831591640625 0.9903536984375 0.2944131828125 1 0.36149517656249996 1
0 0.611736334375 0.9451366562500001 0.6006832796875 0.9360932468750001 0.5926446953125 0.9360932468750001 0.5906350484375 0.9340836015624999 0.58661575625 0.9360932468750001 0.5765675234375001 0.9360932468750001 0.55948553125 0.9471463015625 0.5554662375 0.957194534375 0.5564710609375 0.960209003125 0.55948553125 0.9672427656249999 0.5665192921875 0.9742765265625 0.57254823125 0.9762861734375001 0.5886254015625 0.9762861734375001 0.6026929265625001 0.9702572343750001 0.611736334375 0.9612138265624999 0.61374598125 0.9491559484375 0.611736334375 0.9451366562500001
0 0.6247990359375 0.8034565921875 0.611736334375 0.8145096468749999 0.611736334375 0.8205385859375 0.6097266875 0.8225482312500001 0.6107315109375 0.831591640625 0.611736334375 0.834606109375 0.6247990359375 0.8456591640625 0.64087620625 0.8456591640625 0.648914790625 0.8416398718749999 0.6579582 0.8325964625 0.6619774921875 0.824557878125 0.6619774921875 0.8145096468749999 0.6509244375 0.8014469453125 0.6348472671875001 0.7994372984375 0.6247990359375 0.8034565921875
0 0.66097266875 0.5502411578124999 0.6519292609375 0.5612942125 0.652934084375 0.57837620625 0.65393890625 0.581390675 0.6649919609375 0.590434084375 0.6790594859375 0.590434084375 0.6921221859375 0.5793810296874999 0.6941318328125 0.5753617359375001 0.6941318328125 0.5612942125 0.683078778125 0.5482315109375 0.6770498390624999 0.5482315109375 0.6750401921875 0.546221865625 0.6649919609375 0.5482315109375 0.66097266875 0.5502411578124999
0 0.6770498390624999 0.5281350484375 0.6870980703125 0.5261254015625 0.6911173640625 0.52411575625 0.698151125 0.515072346875 0.698151125 0.5010048234375 0.6891077171875 0.48995176875 0.683078778125 0.487942121875 0.6710209 0.48995176875 0.6599678453125 0.50301446875 0.66097266875 0.5140675234375001 0.6710209 0.5261254015625 0.6770498390624999 0.5281350484375
0 0.6740353703124999 0.362339228125 0.6740353703124999 0.35430064375 0.6670016078125001 0.34726688125 0.6549437296875 0.3412379421875 0.6428858515625 0.3412379421875 0.635852090625 0.35028135 0.6368569125 0.355305465625 0.6378617359375001 0.362339228125 0.648914790625 0.3733922828125 0.6649919609375 0.3733922828125 0.6740353703124999 0.362339228125
0 0.676045015625 0.34023311875 0.6740353703124999 0.3362138265625 0.662982315625 0.32717041875 0.658963021875 0.32717041875 0.6469051453125 0.33319935625 0.643890675 0.3362138265625 0.6448954984374999 0.3412379421875 0.6569533765625 0.3412379421875 0.673030546875 0.3532958203125 0.676045015625 0.352290996875 0.676045015625 0.34023311875
0 0.5283360125 0.160369775 0.5323553046875 0.1663987140625 0.5424035375 0.172427653125 0.5584807078125 0.1744372984375 0.564509646875 0.172427653125 0.5755627015625 0.1613745984375 0.5755627015625 0.1493167203125 0.564509646875 0.13625401875 0.5484324765624999 0.1322347265625 0.5363745984375 0.13625401875 0.5293408359375 0.14328778125 0.5273311890625 0.1473070734375 0.5283360125 0.160369775
0 0.4375 0 0.43589228281250003 0.0016077171875000002 0.4278536984375 0.0016077171875000002 0.4157958203125 0.005627009375 0.40675241093750003 0.012660771874999999 0.40273311874999995 0.0186897109375 0.40373794218750003 0.029742765625 0.407757234375 0.0357717046875 0.42383440468750005 0.04180064375 0.4459405140625 0.039790996875 0.4630225078125 0.028737942187499997 0.46503215468750003 0.02471865 0.46503215468750003 0.01467041875 0.451969453125 0.0036173640625000005 0.439911575 0.0016077171875000002 0.43830385781250003 0 0.4375 0
1 0.2369372984375 0.162379421875 0.255024115625 0.1543408359375 0.2590434078125 0.1543408359375 0.2811495171875 0.1402733125 0.302250803125 0.111133440625 0.302250803125 0.1051045015625 0.30426045 0.10309485468749999 0.30426045 0.0850080390625 0.3002411578125 0.076969453125 0.2911977484375 0.0679260453125 0.279139871875 0.06189710625 0.24899517656249998 0.06189710625 0.24698553125 0.06390675312500001 0.23291800624999998 0.0659163984375 0.2088022515625 0.0799839234375 0.1997588421875 0.08902733125 0.20076366562499998 0.162379421875 0.20277331250000002 0.1643890671875 0.2288987140625 0.1643890671875 0.230908359375 0.162379421875 0.2369372984375 0.162379421875
1 0.277130225 0.1864951765625 0.2711012859375 0.1864951765625 0.2590434078125 0.19051446875 0.2429662375 0.2005627015625 0.22990353749999998 0.21563504843749998 0.22588424375 0.21764469531250002 0.2118167203125 0.24979903593750002 0.2118167203125 0.255827975 0.2098070734375 0.2578376203125 0.210811896875 0.2668810296875 0.2118167203125 0.2799437296875 0.21985530468749998 0.298030546875 0.23492765312500002 0.31310289375 0.24698553125 0.315112540625 0.24899517656249998 0.3171221859375 0.2590434078125 0.3171221859375 0.2610530546875 0.3191318328125 0.28717845625 0.3191318328125 0.289188103125 0.3171221859375 0.299236334375 0.3171221859375 0.3273713828125 0.2990353703125 0.32837620625 0.2960209 0.336414790625 0.2899919609375 0.3444533765625 0.273914790625 0.34847266875 0.2698954984375 0.3565112546875 0.243770096875 0.3524919609375 0.2216639875 0.3444533765625 0.20759646250000002 0.331390675 0.1945337625 0.3153135046875 0.1864951765625 0.309284565625 0.1864951765625 0.3072749203125 0.18448553125 0.279139871875 0.18448553125 0.277130225 0.1864951765625
1 0.3454582 0.311093246875 0.3253617359375 0.311093246875 0.309284565625 0.3171221859375 0.3032556265625 0.3171221859375 0.299236334375 0.3211414796875 0.2911977484375 0.323151125 0.2811495171875 0.3311897109375 0.26004823125 0.352290996875 0.26004823125 0.3563102890625 0.2540192921875 0.3663585203125 0.2540192921875 0.372387459375 0.252009646875 0.37439710625 0.25301446875 0.40152733124999995 0.2560289390625 0.416599678125 0.2660771703125 0.43468649531250003 0.277130225 0.44573955 0.2972266875 0.4598070734375 0.309284565625 0.4618167203125 0.3112942125 0.46382636718750003 0.3374196140625 0.46382636718750003 0.3394292609375 0.4618167203125 0.3514871375 0.4598070734375 0.3695739546875 0.4497588421875 0.3886655953125 0.43066720312499995 0.3967041796875 0.4145900328125 0.40072347343750003 0.40253215468750003 0.40072347343750003 0.39449356875 0.40273311874999995 0.3924839234375 0.40273311874999995 0.3784163984375 0.40072347343750003 0.376406753125 0.40072347343750003 0.3663585203125 0.3967041796875 0.3583199359375 0.3967041796875 0.352290996875 0.3866559484375 0.3362138265625 0.3796221859375 0.3291800640625 0.3575160765625 0.315112540625 0.3454582 0.311093246875
1 0.5836012859374999 0.3120980703125 0.57958199375 0.3020498390625 0.5665192921875 0.2889871375 0.55245176875 0.2829582 0.530345659375 0.2849678453125 0.5223070734374999 0.2889871375 0.5092443734375001 0.3040594859375 0.5072347265625 0.310088425 0.50823955 0.3291800640625 0.51125401875 0.3382234734375 0.5223070734374999 0.3492765265625 0.5363745984375 0.355305465625 0.5584807078125 0.355305465625 0.5705385859375001 0.3492765265625 0.57958199375 0.34023311875 0.5836012859374999 0.332194534375 0.5836012859374999 0.3120980703125
1 0.4901527328125 0.2668810296875 0.5142684890625 0.2668810296875 0.5283360125 0.25884244375 0.535369775 0.25180868125 0.5413987140625001 0.23975080312500002 0.5413987140625001 0.22367363281250002 0.533360128125 0.209606109375 0.520297428125 0.1985530546875 0.50823955 0.1965434078125 0.506229903125 0.1945337625 0.4881430875 0.1945337625 0.47407556250000005 0.2005627015625 0.46704179999999995 0.20759646250000002 0.46101286249999995 0.21764469531250002 0.46101286249999995 0.22367363281250002 0.459003215625 0.2256832796875 0.4600080390625 0.23673633437500002 0.4630225078125 0.24979903593750002 0.47407556250000005 0.260852090625 0.48412379375 0.2628617359375 0.4901527328125 0.2668810296875
1 0.618770096875 0.2869774921875 0.6197749203125 0.2899919609375 0.628818328125 0.2970257234375 0.6348472671875001 0.2950160765625 0.648914790625 0.2950160765625 0.65393890625 0.287982315625 0.65393890625 0.2759244375 0.6469051453125 0.2668810296875 0.638866559375 0.2628617359375 0.628818328125 0.2628617359375 0.6227893890625 0.2668810296875 0.6177652734375 0.273914790625 0.618770096875 0.2869774921875
1 0.6649919609375 0.44573955 0.665996784375 0.44875401875 0.6750401921875 0.45578778125 0.6870980703125 0.45578778125 0.6961414796875001 0.4467443734375 0.698151125 0.43468649531250003 0.6891077171875 0.42162379375 0.68106913125 0.42162379375 0.6790594859375 0.41961414843749995 0.6770498390624999 0.42162379375 0.6710209 0.42162379375 0.6639871375 0.43066720312499995 0.6649919609375 0.44573955
1 0.6619774921875 0.46684083593750003 0.6599678453125 0.470860128125 0.66097266875 0.47588424375000005 0.6619774921875 0.48291800625 0.6690112546875 0.48995176875 0.6750401921875 0.48995176875 0.6770498390624999 0.487942121875 0.6911173640625 0.48995176875 0.6961414796875001 0.484927653125 0.698151125 0.470860128125 0.6961414796875001 0.4648311890625 0.6870980703125 0.45578778125 0.673030546875 0.45578778125 0.6619774921875 0.46684083593750003
1 0.6258038578125 0.76828778125 0.6237942125 0.770297428125 0.6247990359375 0.7773311890625 0.6368569125 0.7893890671875 0.652934084375 0.7913987140625001 0.6649919609375 0.785369775 0.6720257234375 0.7763263671875 0.6740353703124999 0.7723070734374999 0.6740353703124999 0.756229903125 0.6670016078125001 0.7471864953125 0.658963021875 0.743167203125 0.6428858515625 0.7451768484375 0.6278135046875 0.756229903125 0.6258038578125 0.76828778125
1 0.6710209 0.42162379375 0.6891077171875 0.42162379375 0.6941318328125 0.426647909375 0.6961414796875001 0.4326768484375 0.700160771875 0.4326768484375 0.700160771875 0.4206189703125 0.6891077171875 0.41157556250000005 0.6710209 0.4155948546875 0.6710209 0.42162379375
2 0.5950562703125 1 0.601688103125 0.9933681671875 0.6036977484375 0.9893488749999999 0.6036977484375 0.97930064375 0.601688103125 0.97528135 0.5966639875 0.97226688125 0.5886254015625 0.9762861734375001 0.560490353125 0.9742765265625 0.5514469453124999 0.9833199359375 0.55245176875 0.9943729906250001 0.5534565921875 0.9973874593750001 0.556815571875 1 0.5950562703125 1