2 0.321875 0.4828125 0.0484375 0.04375
2 0.3203125 0.53125 0.0484375 0.0421875
2 0.3234375 0.578125 0.046875 0.04375
2 0.7140625 0.4671875 0.05 0.0453125
2 0.6984375 0.5125 0.0484375 0.0421875
2 0.7203125 0.559375 0.046875 0.046875
1 0.515625 0.571875 0.046875 0.04375
1 0.50625 0.5234375 0.0453125 0.040625
1 0.5125 0.4765625 0.046875 0.0484375
1 0.140625 0.490625 0.05 0.04375
1 0.140625 0.534375 0.0484375 0.0421875
1 0.1359375 0.5796875 0.053125 0.046875
3 0.1453125 0.515625 0.09375 0.109375
3 0.31875 0.515625 0.0734375 0.11875
3 0.50625 0.5078125 0.0703125 0.125
3 0.7078125 0.4984375 0.08125 0.13125
3 0.9078125 0.4921875 0.0875 0.1234375