2 0.6747651140625 0.7036356203125 0.6747651140625 0.68525326875 0.67272263125 0.6811683000000001 0.6686376640625 0.6791258171875 0.6686376640625 0.67504085 0.657404003125 0.6658496734375 0.63902165 0.6638071890624999 0.617575571875 0.67504085 0.617575571875 0.6791258171875 0.6094056375 0.6934232031249999 0.6104268796875 0.706699346875 0.6155330875 0.7158905234375 0.6226817812500001 0.723039215625 0.6349366828125 0.7271241828125 0.64923406875 0.7271241828125 0.6614889703125 0.72099673125 0.67272263125 0.7077205875 0.6747651140625 0.7036356203125
2 0.2877144609375 0.43096405156250006 0.275459559375 0.4391339875 0.26014093125 0.45649509843749997 0.2580984484375 0.46262254843750006 0.2540134796875 0.466707515625 0.2458435453125 0.4912173203125 0.2468647875 0.5147058828125 0.2478860296875 0.5238970593750001 0.25605596406250003 0.5484068625 0.28158700937500003 0.5759803921875 0.2958843953125 0.5841503265625 0.3142667484375 0.58823529375 0.31630923125 0.590277778125 0.3428615203125 0.590277778125 0.37145629062499996 0.5780228765625 0.39290236875 0.5606617640625 0.4092422390625 0.53206699375 0.4092422390625 0.5259395421875 0.41332720624999997 0.5157271234375 0.41332720624999997 0.49734477187500004 0.411284721875 0.49530228750000005 0.411284721875 0.487132353125 0.405157271875 0.46875 0.3888174015625 0.4462826796875 0.379626225 0.437091503125 0.37145629062499996 0.43096405156250006 0.3510314546875 0.4227941171875 0.344904003125 0.4227941171875 0.3428615203125 0.420751634375 0.3142667484375 0.420751634375 0.2877144609375 0.43096405156250006
2 0.6757863562499999 0.770016340625 0.667616421875 0.7741013078125001 0.667616421875 0.778186275 0.6757863562499999 0.7822712421875 0.6829350484375001 0.79146241875 0.6829350484375001 0.8078022875 0.680892565625 0.8118872546875 0.6839562906250001 0.8149509796875 0.692126225 0.8108660125 0.7033598859375 0.7955473859375 0.7033598859375 0.783292484375 0.69927491875 0.7771650328125 0.6900837421875 0.770016340625 0.6757863562499999 0.770016340625
2 0.7125510625 0.7373366015625 0.723784721875 0.728145425 0.7278696890624999 0.71793300625 0.7278696890624999 0.7118055562500001 0.72582720625 0.7077205875 0.7166360296875001 0.7005718953125 0.7084660953124999 0.706699346875 0.692126225 0.706699346875 0.687020015625 0.7138480390625 0.6880412578125 0.7271241828125 0.700296159375 0.7373366015625 0.7125510625 0.7373366015625
2 0.6890625 0.6709558828125 0.6829350484375001 0.6811683000000001 0.6839562906250001 0.6944444437499999 0.6849775328125001 0.6975081703125 0.6962111921874999 0.706699346875 0.7084660953124999 0.706699346875 0.7125510625 0.7046568625 0.7196997546875 0.6975081703125 0.723784721875 0.6893382359375 0.7217422390625 0.672998365625 0.7145935453125001 0.6658496734375 0.7084660953124999 0.6638071890624999 0.6962111921874999 0.6658496734375 0.6890625 0.6709558828125
1 0.6655739374999999 0.776143790625 0.6451491015624999 0.778186275 0.627787990625 0.79146241875 0.6237030234375001 0.799632353125 0.6247242640625 0.8169934640625 0.6349366828125 0.8272058828125 0.6431066171875 0.83129085 0.6594464875 0.83129085 0.6655739374999999 0.8272058828125 0.6696589046875 0.8272058828125 0.6829350484375001 0.809844771875 0.6849775328125001 0.8037173203125001 0.6829350484375001 0.79146241875 0.673743871875 0.7802287578125 0.6655739374999999 0.776143790625
1 0.6339154406249999 0.8404820265625 0.6318729578125 0.8466094765625 0.6328942 0.8598856203125 0.6349366828125 0.8639705875000001 0.6512765515625001 0.8721405234375 0.667616421875 0.8700980390625 0.67885008125 0.8609068625 0.6849775328125001 0.8466094765625 0.6849775328125001 0.8404820265625 0.673743871875 0.8272058828125 0.667616421875 0.8272058828125 0.6614889703125 0.83129085 0.6451491015624999 0.83129085 0.6339154406249999 0.8404820265625
2 0.6962111921874999 0.52900326875 0.697232434375 0.5361519609375 0.70233864375 0.5412581703125 0.7064236109375 0.543300653125 0.720720996875 0.543300653125 0.7278696890624999 0.5361519609375 0.73195465625 0.521854575 0.720720996875 0.50857843125 0.7125510625 0.5065359484374999 0.7064236109375 0.50857843125 0.697232434375 0.5177696078125 0.6951899515625 0.5238970593750001 0.6962111921874999 0.52900326875
2 0.6553615203125001 0.33700980468749997 0.6635314546875 0.34722222187499996 0.667616421875 0.34926470625 0.6798713234375 0.34926470625 0.6890625 0.34007352968750004 0.691104984375 0.3319035953125 0.687020015625 0.3216911765625 0.6819138078125 0.3165849671875 0.667616421875 0.3125 0.6614889703125 0.314542484375 0.6563827609375 0.3196486921875 0.6543402781250001 0.323733659375 0.6553615203125001 0.33700980468749997
2 0.3428615203125 0.4227941171875 0.34081903593749996 0.420751634375 0.3142667484375 0.420751634375 0.2877144609375 0.43096405156250006 0.26218341562499997 0.4544526140625 0.2478860296875 0.4830473859375 0.2478860296875 0.4891748359375 0.2458435453125 0.4912173203125 0.2468647875 0.510620915625 0.2478860296875 0.5238970593750001 0.25605596406250003 0.5484068625 0.2795445265625 0.5739379078125 0.291799428125 0.58210784375 0.2958843953125 0.58210784375 0.30813929687499997 0.58823529375 0.3387765515625 0.590277778125 0.34081903593749996 0.58823529375 0.3592013890625 0.5841503265625 0.37145629062499996 0.5780228765625 0.3908598859375 0.5627042484375 0.4071997546875 0.5361519609375 0.4092422390625 0.5238970593750001 0.41332720624999997 0.5157271234375 0.41332720624999997 0.49734477187500004 0.4092422390625 0.4891748359375 0.4071997546875 0.47487745156249994 0.40107230468750005 0.46262254843750006 0.3908598859375 0.45241013125 0.381668709375 0.4391339875 0.3673713234375 0.42892156875 0.36328635625 0.42892156875 0.3510314546875 0.4227941171875 0.3428615203125 0.4227941171875
1 0.700296159375 0.314542484375 0.70233864375 0.320669934375 0.710508578125 0.32271241875 0.7176572718750001 0.317606209375 0.7176572718750001 0.30943627500000004 0.710508578125 0.30228758125 0.704381128125 0.30228758125 0.69927491875 0.307393790625 0.700296159375 0.314542484375
1 0.7145935453125001 0.320669934375 0.710508578125 0.320669934375 0.7074448531249999 0.323733659375 0.7084660953124999 0.3267973859375 0.7125510625 0.3329248359375 0.720720996875 0.3329248359375 0.723784721875 0.3298611109375 0.723784721875 0.3216911765625 0.7186785125 0.3165849671875 0.7145935453125001 0.320669934375
1 0.6962111921874999 0.2859477125 0.700296159375 0.2900326796875 0.7084660953124999 0.2900326796875 0.7115298203125 0.28492647031249996 0.7115298203125 0.27879902031250003 0.7064236109375 0.2736928109375 0.700296159375 0.2736928109375 0.6951899515625 0.2767565359375 0.6962111921874999 0.2859477125
1 0.697232434375 0.2481617640625 0.697232434375 0.23999182968750002 0.6900837421875 0.2348856203125 0.6839562906250001 0.23692810468749997 0.6819138078125 0.24305555625 0.6859987750000001 0.251225490625 0.694168709375 0.251225490625 0.697232434375 0.2481617640625
1 0.6717013890625 0.22875817031249998 0.6757863562499999 0.2348856203125 0.6839562906250001 0.2348856203125 0.6890625 0.22977941249999997 0.6890625 0.22569444375 0.6839562906250001 0.2185457515625 0.673743871875 0.2185457515625 0.670680146875 0.2216094765625 0.6717013890625 0.22875817031249998
1 0.6594464875 0.1919934640625 0.6625102125 0.1889297390625 0.6645526953124999 0.1828022875 0.657404003125 0.17361111093749998 0.647191584375 0.171568628125 0.644127859375 0.174632353125 0.6451491015624999 0.1756535953125 0.6502553109375 0.18484477187499998 0.6502553109375 0.1889297390625 0.6533190359375001 0.1919934640625 0.6594464875 0.1919934640625