0 0.4916666671875 0.5517857140625 0.502579365625 0.5646825390625 0.51845238125 0.574603175 0.540277778125 0.5765873015625 0.5581349203125 0.5706349203125 0.5601190468749999 0.5666666671875 0.575 0.55575396875 0.5829365078125 0.5418650796875 0.584920634375 0.5140873015625 0.58095238125 0.5041666671875 0.566071428125 0.48531746093750006 0.5541666671875001 0.47738095312500006 0.5462301593750001 0.47539682499999997 0.5353174609375 0.4922619046875 0.5244047625 0.503174603125 0.5105158734375 0.5111111109375 0.496626984375 0.5130952375 0.49464285781250006 0.515079365625 0.48472222187499997 0.515079365625 0.4827380953125 0.5230158734375 0.48174603125 0.5319444437499999 0.483730159375 0.537896825 0.4916666671875 0.5517857140625
0 0.708928571875 0.515079365625 0.7208333328125 0.515079365625 0.7248015875 0.5130952375 0.7357142859375 0.5001984125 0.7357142859375 0.4823412703125 0.7248015875 0.46944444374999994 0.7208333328125 0.4674603171875 0.70694444375 0.4674603171875 0.702976190625 0.46944444374999994 0.6960317453125 0.4763888890625 0.69305555625 0.48333333281249996 0.6920634921875 0.4982142859375 0.6960317453125 0.50615079375 0.708928571875 0.515079365625
0 0.75654761875 0.48134920625 0.7634920640625 0.4763888890625 0.7674603171875 0.46845238125 0.7674603171875 0.45853174531249996 0.7625 0.4515873015625 0.7605158734375 0.4515873015625 0.752579365625 0.46150793593749995 0.7486111109375 0.46349206406250004 0.734722221875 0.46349206406250004 0.7337301593750001 0.46845238125 0.746626984375 0.48134920625 0.75654761875 0.48134920625
0 0.7367063484374999 0.427777778125 0.7505952375 0.42579365156250004 0.759523809375 0.41289682499999997 0.759523809375 0.40099206406250004 0.7575396828125001 0.397023809375 0.746626984375 0.3880952375 0.734722221875 0.3880952375 0.73075396875 0.390079365625 0.7228174609375 0.4 0.721825396875 0.40892857187500004 0.7257936515625001 0.41884920625 0.7367063484374999 0.427777778125
0 0.7396825390624999 0.34345238125 0.7426587296875 0.346428571875 0.75654761875 0.346428571875 0.765476190625 0.3355158734375 0.7634920640625 0.32162698437500004 0.7545634921875 0.31269841249999997 0.7486111109375 0.31269841249999997 0.746626984375 0.3107142859375 0.7446428578125001 0.31269841249999997 0.7386904765625 0.31269841249999997 0.73075396875 0.322619046875 0.7297619046875 0.327579365625 0.7376984125 0.3355158734375 0.7396825390624999 0.34345238125
0 0.6890873015625 0.38412698437500004 0.7009920640625 0.38412698437500004 0.7109126984375 0.38015872968750003 0.7178571421875 0.3732142859375 0.721825396875 0.3632936515625 0.721825396875 0.3513888890625 0.7198412703125 0.3454365078125 0.7109126984375 0.334523809375 0.69305555625 0.328571428125 0.684126984375 0.33154761875 0.684126984375 0.33948412656250004 0.6801587296875 0.34742063437500004 0.6692460312499999 0.3583333328125 0.66825396875 0.365277778125 0.68115079375 0.38015872968750003 0.6890873015625 0.38412698437500004
0 0.6890873015625 0.697619046875 0.691071428125 0.699603175 0.7009920640625 0.6956349203125 0.709920634375 0.6867063484375 0.7119047625 0.6827380953125 0.7119047625 0.6708333328125 0.70694444375 0.6638888890625 0.69305555625 0.6599206343749999 0.6831349203125 0.6638888890625 0.6761904765625 0.6708333328125 0.6732142859375 0.6797619046875 0.6742063484374999 0.6886904765625 0.6831349203125 0.697619046875 0.6890873015625 0.697619046875
0 0.6890873015625 0.5626984125 0.6990079359375 0.5666666671875 0.712896825 0.5646825390625 0.721825396875 0.55575396875 0.7257936515625001 0.54384920625 0.7238095234374999 0.5299603171875 0.7198412703125 0.5240079359375 0.70694444375 0.5170634921875 0.691071428125 0.5210317453125 0.6801587296875 0.5319444437499999 0.6791666671875001 0.5388888890625 0.678174603125 0.54384920625 0.684126984375 0.5577380953125 0.6890873015625 0.5626984125
0 0.70694444375 0.7551587296875 0.7138888890625 0.7501984125 0.7158730156249999 0.746230159375 0.7158730156249999 0.7363095234375 0.7109126984375 0.73134920625 0.7049603171875 0.7293650796875 0.697023809375 0.73134920625 0.691071428125 0.7392857140625 0.690079365625 0.7482142859375001 0.6950396828125001 0.7551587296875 0.70694444375 0.7551587296875
0 0.5640873015625 0.9357142859375 0.577976190625 0.9357142859375 0.5859126984375 0.93174603125 0.5908730156249999 0.9248015875 0.5888888890625 0.9168650796875 0.5799603171875 0.9099206343749999 0.56805555625 0.9099206343749999 0.5621031750000001 0.9119047625000001 0.5581349203125 0.915873015625 0.5611111109375 0.9228174609375 0.5611111109375 0.9327380953125 0.5640873015625 0.9357142859375
0 0.5363095234374999 0.9674603171875 0.5452380953125 0.9605158734374999 0.547222221875 0.9565476187499999 0.5452380953125 0.946626984375 0.5382936515625001 0.94365079375 0.5164682546875 0.9416666671874999 0.5085317453125 0.947619046875 0.5075396828125001 0.9605158734374999 0.5164682546875 0.9674603171875 0.5363095234374999 0.9674603171875
0 0.5244047625 0.9992063484375 0.53134920625 0.99424603125 0.5333333328125 0.9902777781250001 0.5303571421875 0.9833333328125 0.5164682546875 0.9833333328125 0.5144841265625 0.9853174609375 0.5125 0.9833333328125 0.502579365625 0.9833333328125 0.5005952375 0.9853174609375 0.499603175 0.9922619046875001 0.5085317453125 0.9992063484375 0.5244047625 0.9992063484375
1 0.5442460312499999 0.9773809531250001 0.5571428578125001 0.9704365078125001 0.559126984375 0.9625 0.5521825390624999 0.95555555625 0.5482142859375 0.95555555625 0.540277778125 0.965476190625 0.534325396875 0.9694444437499999 0.5333333328125 0.9744047625000001 0.5363095234374999 0.9773809531250001 0.5442460312499999 0.9773809531250001
1 0.6176587296875 0.8960317453125001 0.6236111109375 0.8960317453125001 0.63154761875 0.8920634921874999 0.6365079359375 0.885119046875 0.6365079359375 0.8771825390625001 0.6295634921875 0.872222221875 0.6176587296875 0.872222221875 0.6077380953125 0.8801587296875001 0.6067460312499999 0.887103175 0.6087301593750001 0.891071428125 0.6176587296875 0.8960317453125001
1 0.68115079375 0.8107142859375 0.6880952375 0.8017857140625001 0.6880952375 0.79384920625 0.6851190468749999 0.7888888890625 0.68115079375 0.7869047625000001 0.6712301593750001 0.7869047625000001 0.6613095234374999 0.7948412703125001 0.6603174609375 0.80575396875 0.6692460312499999 0.8126984125 0.68115079375 0.8107142859375
1 0.683455353125 0.787851009375 0.6953601140625 0.7858668828125001 0.702304559375 0.7789224375 0.702304559375 0.769001803125 0.6933759875 0.762057359375 0.681471225 0.762057359375 0.6758468718749999 0.768023975 0.6754466828125001 0.7731231234375 0.673363796875 0.778322021875 0.677502971875 0.7858668828125001 0.683455353125 0.787851009375
1 0.734722221875 0.590476190625 0.7367063484374999 0.5924603171875 0.746626984375 0.5884920640625 0.7515873015625 0.5815476187499999 0.7515873015625 0.565674603125 0.7426587296875 0.558730159375 0.7396825390624999 0.5617063484375 0.7416666671875001 0.5636904765625 0.7416666671875001 0.5696428578125 0.7396825390624999 0.5736111109375 0.73075396875 0.5825396828125 0.7248015875 0.584523809375 0.7238095234374999 0.5855158734375 0.7287698406249999 0.590476190625 0.734722221875 0.590476190625
1 0.714880953125 0.584523809375 0.7267857140625 0.584523809375 0.7396825390624999 0.5736111109375 0.7416666671875001 0.559722221875 0.7376984125 0.5517857140625 0.73075396875 0.5448412703125001 0.7267857140625 0.5448412703125001 0.7238095234374999 0.5478174609375001 0.721825396875 0.55575396875 0.712896825 0.5646825390625 0.702976190625 0.5666666671875 0.7019841265625 0.571626984375 0.708928571875 0.58055555625 0.714880953125 0.584523809375
1 0.7386904765625 0.3861111109375 0.752579365625 0.3861111109375 0.7615079359375 0.37519841249999997 0.7615079359375 0.3613095234375 0.752579365625 0.35039682499999997 0.7426587296875 0.3484126984375 0.7376984125 0.3632936515625 0.7267857140625 0.372222221875 0.7257936515625001 0.37519841249999997 0.734722221875 0.38412698437500004 0.7386904765625 0.3861111109375
1 0.7158730156249999 0.33948412656250004 0.721825396875 0.34940476249999997 0.721825396875 0.365277778125 0.7198412703125 0.371230159375 0.7267857140625 0.372222221875 0.73075396875 0.3702380953125 0.7376984125 0.3632936515625 0.7416666671875001 0.353373015625 0.7416666671875001 0.3454365078125 0.7376984125 0.3355158734375 0.7248015875 0.324603175 0.7109126984375 0.324603175 0.7049603171875 0.328571428125 0.7039682546875 0.33154761875 0.7109126984375 0.334523809375 0.7158730156249999 0.33948412656250004
1 0.740674603125 0.275 0.752579365625 0.275 0.7615079359375 0.2640873015625 0.7615079359375 0.25813492031249996 0.7575396828125001 0.2482142859375 0.752579365625 0.24523809531250002 0.7496031750000001 0.25813492031249996 0.7426587296875 0.265079365625 0.734722221875 0.265079365625 0.7337301593750001 0.26805555625 0.7367063484374999 0.2730158734375 0.740674603125 0.275
1 0.7287698406249999 0.265079365625 0.7426587296875 0.265079365625 0.7496031750000001 0.25813492031249996 0.7515873015625 0.24424603125000002 0.740674603125 0.23134920625 0.7367063484374999 0.22936507968750003 0.7248015875 0.22936507968750003 0.7158730156249999 0.23630952343749997 0.714880953125 0.2392857140625 0.7138888890625 0.2482142859375 0.7158730156249999 0.2541666671875 0.7287698406249999 0.265079365625
1 0.6295634921875 0.35634920625 0.6375 0.3603174609375 0.64345238125 0.3623015875 0.659325396875 0.3623015875 0.665277778125 0.3603174609375 0.6801587296875 0.34742063437500004 0.6821428578125001 0.34345238125 0.684126984375 0.3255952375 0.6821428578125001 0.3236111109375 0.6821428578125001 0.31765872968750003 0.6732142859375 0.3047619046875 0.6573412703125 0.29484127031249996 0.647420634375 0.29285714218750003 0.6236111109375 0.3007936515625 0.61865079375 0.30575396875 0.6136904765625 0.3166666671875 0.6126984125 0.3335317453125 0.6146825390624999 0.33948412656250004 0.6295634921875 0.35634920625
1 0.6037698406249999 0.29285714218750003 0.6117063484374999 0.296825396875 0.6236111109375 0.296825396875 0.627579365625 0.2988095234375 0.6454365078125 0.29285714218750003 0.65634920625 0.28194444375 0.6603174609375 0.272023809375 0.6603174609375 0.2541666671875 0.65634920625 0.24424603125000002 0.6494047625 0.2353174609375 0.6414682546875 0.22936507968750003 0.6295634921875 0.22539682499999997 0.6077380953125 0.22539682499999997 0.5998015875 0.22936507968750003 0.5928571421875 0.234325396875 0.5888888890625 0.240277778125 0.583928571875 0.253174603125 0.5829365078125 0.266071428125 0.5869047625 0.2759920640625 0.6037698406249999 0.29285714218750003
1 0.5958333328125 0.165873015625 0.6077380953125 0.171825396875 0.6196428578125001 0.171825396875 0.621626984375 0.1738095234375 0.6236111109375 0.171825396875 0.63154761875 0.171825396875 0.6394841265625 0.1678571421875 0.6484126984375 0.158928571875 0.650396825 0.152976190625 0.650396825 0.137103175 0.646428571875 0.1291666671875 0.6335317453125 0.11825396875000001 0.6196428578125001 0.11230158750000001 0.5998015875 0.11230158750000001 0.5918650796875 0.11626984062500001 0.58095238125 0.1291666671875 0.5799603171875 0.13412698437499998 0.5789682546875 0.1450396828125 0.584920634375 0.15694444375 0.5958333328125 0.165873015625
1 0.45099206406250003 0.3007936515625 0.46884920625 0.308730159375 0.490674603125 0.308730159375 0.4986111109375 0.3047619046875 0.5045634921875 0.3047619046875 0.522420634375 0.29285714218750003 0.5392857140625 0.2700396828125 0.5412698406249999 0.2521825390625 0.54325396875 0.25019841249999997 0.5392857140625 0.234325396875 0.5293650796875 0.21845238125000002 0.51845238125 0.20753968281250001 0.496626984375 0.197619046875 0.4668650796875 0.197619046875 0.44702380937499997 0.20555555625 0.4361111109375 0.21448412656250002 0.43015872968749996 0.222420634375 0.421230159375 0.24523809531250002 0.4202380953125 0.2640873015625 0.4361111109375 0.289880953125 0.45099206406250003 0.3007936515625
1 0.5759920640625 0.5924603171875 0.59384920625 0.5924603171875 0.6077380953125 0.5865079359375 0.6206349203125 0.5736111109375 0.6265873015625 0.5617063484375 0.628571428125 0.5458333328125 0.6265873015625 0.54384920625 0.6246031750000001 0.527976190625 0.6136904765625 0.515079365625 0.6077380953125 0.5111111109375 0.5918650796875 0.5051587296875 0.583928571875 0.5051587296875 0.5829365078125 0.51805555625 0.584920634375 0.5240079359375 0.5829365078125 0.5259920640625 0.584920634375 0.527976190625 0.5829365078125 0.5299603171875 0.58095238125 0.54384920625 0.5769841265625 0.5517857140625 0.56904761875 0.5577380953125 0.5601190468749999 0.56865079375 0.5521825390624999 0.572619046875 0.5511904765625 0.577579365625 0.55615079375 0.5825396828125 0.5759920640625 0.5924603171875
2 0.76944444375 0.37519841249999997 0.76944444375 0.3632936515625 0.7625 0.35436507968750003 0.7575396828125001 0.35535714218750003 0.7615079359375 0.365277778125 0.7615079359375 0.3732142859375 0.75654761875 0.3821428578125 0.75654761875 0.3861111109375 0.7605158734375 0.3861111109375 0.76944444375 0.37519841249999997
2 0.7605158734375 0.4297619046875 0.76944444375 0.41884920625 0.76944444375 0.40694444374999994 0.7605158734375 0.3960317453125 0.7575396828125001 0.397023809375 0.759523809375 0.4109126984375 0.752579365625 0.4238095234375 0.7515873015625 0.4267857140625 0.7545634921875 0.4297619046875 0.7605158734375 0.4297619046875
2 0.7386904765625 0.46349206406250004 0.752579365625 0.46150793593749995 0.759523809375 0.452579365625 0.759523809375 0.434722221875 0.7486111109375 0.42579365156250004 0.746626984375 0.427777778125 0.7327380953125 0.427777778125 0.7257936515625001 0.434722221875 0.7248015875 0.4396825390625 0.7238095234374999 0.44662698437500004 0.727777778125 0.45456349218750003 0.7386904765625 0.46349206406250004
2 0.6642857140625 0.4486111109375 0.6692460312499999 0.45357142812499995 0.6831349203125 0.459523809375 0.691071428125 0.459523809375 0.7009920640625 0.45555555625000005 0.709920634375 0.44662698437500004 0.7138888890625 0.43869047656250004 0.7138888890625 0.42083333281249996 0.7119047625 0.41488095312500006 0.7009920640625 0.40396825468750003 0.69305555625 0.4 0.6771825390624999 0.4 0.6692460312499999 0.40396825468750003 0.6613095234374999 0.4138888890625 0.6603174609375 0.42083333281249996 0.6642857140625 0.42876984062499995 0.6642857140625 0.4486111109375
2 0.6037698406249999 0.47142857187500004 0.615674603125 0.47738095312500006 0.6335317453125 0.47738095312500006 0.647420634375 0.47142857187500004 0.6583333328125 0.4605158734375 0.6642857140625 0.4486111109375 0.6642857140625 0.42876984062499995 0.6603174609375 0.41884920625 0.6494047625 0.40595238125 0.6375 0.4 0.6136904765625 0.4 0.5998015875 0.4079365078125 0.5908730156249999 0.41884920625 0.587896825 0.4357142859375 0.5869047625 0.4446428578125 0.596825396875 0.4644841265625 0.6037698406249999 0.47142857187500004
2 0.48174603125 0.38313492031249996 0.490674603125 0.39404761875 0.5125 0.4 0.5303571421875 0.409920634375 0.5363095234374999 0.415873015625 0.5482142859375 0.415873015625 0.5640873015625 0.4079365078125 0.5789682546875 0.39305555625 0.5869047625 0.371230159375 0.5869047625 0.35734127031249996 0.5829365078125 0.3454365078125 0.575 0.33154761875 0.55615079375 0.3166666671875 0.5382936515625001 0.3107142859375 0.51845238125 0.31269841249999997 0.4986111109375 0.322619046875 0.4857142859375 0.3375 0.4797619046875 0.34940476249999997 0.47876984062499994 0.3603174609375 0.477777778125 0.3672619046875 0.4797619046875 0.36924603125 0.48174603125 0.38313492031249996
2 0.43214285781250006 0.4763888890625 0.44007936562500005 0.490277778125 0.45694444375 0.5051587296875 0.47876984062499994 0.5130952375 0.5005952375 0.5130952375 0.5164682546875 0.5071428578125 0.5392857140625 0.4863095234375 0.547222221875 0.46845238125 0.547222221875 0.440674603125 0.5392857140625 0.42281746093750006 0.5244047625 0.4079365078125 0.5105158734375 0.4 0.5045634921875 0.4 0.496626984375 0.3960317453125 0.4748015875 0.3960317453125 0.45694444375 0.40396825468750003 0.4420634921875 0.41686507968750003 0.4361111109375 0.4248015875 0.4291666671875 0.44365079375 0.428174603125 0.4625 0.43015872968749996 0.4644841265625 0.43214285781250006 0.4763888890625
2 0.7257936515625001 0.5418650796875 0.7287698406249999 0.5448412703125001 0.7367063484374999 0.5488095234375 0.7476190468749999 0.5398809531250001 0.7496031750000001 0.5359126984375 0.7496031750000001 0.522023809375 0.740674603125 0.5111111109375 0.7287698406249999 0.509126984375 0.7168650796875 0.5190476187499999 0.7158730156249999 0.5200396828125 0.7238095234374999 0.5299603171875 0.7257936515625001 0.5418650796875
2 0.73075396875 0.6242063484375 0.734722221875 0.622222221875 0.74365079375 0.6113095234375 0.74365079375 0.6013888890625 0.734722221875 0.590476190625 0.7208333328125 0.590476190625 0.7109126984375 0.6023809531250001 0.709920634375 0.6132936515625 0.71884920625 0.6242063484375 0.73075396875 0.6242063484375
2 0.714880953125 0.6599206343749999 0.7248015875 0.6599206343749999 0.7337301593750001 0.6509920640625 0.7357142859375 0.637103175 0.7287698406249999 0.6301587296875 0.71884920625 0.628174603125 0.7079365078125 0.635119046875 0.7049603171875 0.6440476187499999 0.7039682546875 0.6490079359375 0.7109126984375 0.6579365078125 0.714880953125 0.6599206343749999
2 0.5382936515625001 0.94365079375 0.540277778125 0.9456349203125001 0.55615079375 0.9396825390625001 0.5630952375 0.928769840625 0.5630952375 0.9248015875 0.55615079375 0.915873015625 0.540277778125 0.9119047625000001 0.5382936515625001 0.9138888890624999 0.5263888890625 0.915873015625 0.51944444375 0.9228174609375 0.51845238125 0.9277777781250001 0.5174603171875 0.93075396875 0.5244047625 0.9416666671874999 0.5382936515625001 0.94365079375
2 0.502579365625 0.9833333328125 0.5085317453125 0.9833333328125 0.5105158734375 0.9853174609375 0.5244047625 0.9833333328125 0.5353174609375 0.9744047625000001 0.5353174609375 0.9704365078125001 0.5323412703125 0.9674603171875 0.51845238125 0.9674603171875 0.5085317453125 0.9615079359375001 0.502579365625 0.9615079359375001 0.496626984375 0.9674603171875 0.4956349203125 0.9744047625000001 0.49761904687499997 0.978373015625 0.502579365625 0.9833333328125