1 0.1421875 0.453125 0.05 0.04375
1 0.5078125 0.5140625 0.0453125 0.046875
1 0.503125 0.465625 0.0421875 0.04375
1 0.9 0.53125 0.0546875 0.053125
2 0.9 0.4796875 0.0578125 0.0453125
2 0.70625 0.5203125 0.0515625 0.046875
2 0.69375 0.4734375 0.0515625 0.0453125
2 0.1328125 0.496875 0.05625 0.0421875
2 0.7304435484375 0.4495463703125 0.7375 0.44248991875000004 0.7354838703125 0.43845766093750005 0.7435483875 0.4324092734375 0.7415322578125 0.4162802421875 0.7304435484375 0.40519153281250003 0.7183467734375 0.4011592734375 0.70625 0.403175403125 0.6981854843749999 0.40720766093750005 0.6931451609375 0.412247984375 0.6870967734375 0.4263608875 0.6870967734375 0.4303931453125 0.6911290328125 0.434425403125 0.6891129031250001 0.44248991875000004 0.7022177421875 0.4535786296875 0.7082661296875 0.45559475781250003 0.7153225812499999 0.45458669374999994 0.7223790328125 0.4535786296875 0.726411290625 0.4475302421875 0.7304435484375 0.4495463703125
1 0.5227822578125 0.4394657265625 0.5278225812499999 0.434425403125 0.5278225812499999 0.428377015625 0.5328629031250001 0.4273689515625 0.535887096875 0.42434475781250003 0.535887096875 0.4162802421875 0.5318548390625 0.40619959687499996 0.5247983875 0.3991431453125 0.5167338703125 0.3951108875 0.5006048390625 0.3951108875 0.4895161296875 0.4041834671875 0.4854838703125 0.4142641125 0.4854838703125 0.42434475781250003 0.4895161296875 0.4263608875 0.4895161296875 0.434425403125 0.49455645156249994 0.4414818546875 0.504637096875 0.4414818546875 0.5066532265625 0.443497984375 0.5106854843749999 0.4414818546875 0.5127016125 0.443497984375 0.5157258062500001 0.44248991875000004 0.5227822578125 0.4394657265625
1 0.14879032187500002 0.42434475781250003 0.1477822578125 0.41930443593750005 0.14072580625 0.4182963703125 0.1538306453125 0.41728830625 0.154838709375 0.4041834671875 0.1508064515625 0.3961189515625 0.14375 0.3890625 0.135685484375 0.3850302421875 0.117540321875 0.3850302421875 0.1114919359375 0.3870463703125 0.10443548437500001 0.394102821875 0.1004032265625 0.40216733906249996 0.1004032265625 0.4102318546875 0.10645161249999999 0.4182963703125 0.10645161249999999 0.4223286296875 0.1114919359375 0.4273689515625 0.117540321875 0.4273689515625 0.123588709375 0.431401209375 0.1306451609375 0.4303931453125 0.14375 0.42938508124999997 0.14879032187500002 0.42434475781250003
3 0.1359375 0.471875 0.09375 0.13125
3 0.31875 0.4796875 0.0703125 0.125
3 0.503125 0.4859375 0.084375 0.1328125
3 0.703125 0.4921875 0.0796875 0.1359375
3 0.90625 0.503125 0.103125 0.128125