1 0.71947674375 0.5174418609375 0.731935215625 0.5174418609375 0.74335548125 0.50809800625 0.74543189375 0.49563953437499997 0.7381644515625 0.48214285781250005 0.7298588046875001 0.47799003281249997 0.7236295687500001 0.47799003281249997 0.7153239203124999 0.48214285781250005 0.709094684375 0.48837209374999996 0.7080564781249999 0.5060215953125 0.7153239203124999 0.5153654484375 0.71947674375 0.5174418609375
0 0.7236295687500001 0.4613787375 0.736088040625 0.4613787375 0.74543189375 0.45411129531250005 0.7475083062500001 0.44995847187500004 0.7475083062500001 0.4333471765625 0.7381644515625 0.424003321875 0.7277823921875 0.4219269109375 0.7215531562499999 0.424003321875 0.7142857140625 0.4291943515625 0.711171096875 0.43646179375000005 0.710132890625 0.4437292359375 0.7142857140625 0.45411129531250005 0.7236295687500001 0.4613787375
1 0.731935215625 0.37624584687499996 0.736088040625 0.378322259375 0.7464701 0.378322259375 0.755813953125 0.3710548171875 0.757890365625 0.3585963453125 0.7485465109375 0.3450996671875 0.7443936875 0.34302325625 0.734011628125 0.34302325625 0.7236295687500001 0.353405315625 0.7225913625 0.36274916875 0.7246677734375 0.3689784046875 0.731935215625 0.37624584687499996
1 0.567898671875 0.22051495000000002 0.5803571421875 0.22674418593749998 0.6011212625 0.22882059843749997 0.603197675 0.22674418593749998 0.611503321875 0.22674418593749998 0.6198089703125 0.2225913625 0.6312292359375 0.21117109687500002 0.637458471875 0.198712625 0.637458471875 0.182101328125 0.6333056484374999 0.17171926875000001 0.6218853828124999 0.158222590625 0.6011212625 0.14784053125000002 0.57828073125 0.14784053125000002 0.5637458468750001 0.1540697671875 0.5523255812500001 0.16549003281250002 0.5471345515625 0.1748338875 0.5460963453125001 0.18833056406249998 0.55024916875 0.20078903593750003 0.567898671875 0.22051495000000002
1 0.5547480609375001 0 0.5492109640625 0.00664451875 0.5481727578125 0.015988371874999997 0.5554401999999999 0.029485050000000002 0.567898671875 0.0357142859375 0.5824335546875 0.0377906984375 0.5845099671875 0.039867109375 0.5928156140625 0.039867109375 0.5948920265625001 0.0377906984375 0.6073504984375 0.0357142859375 0.6166943515625001 0.02637043125 0.6187707640625 0.0201411953125 0.6187707640625 0.013911959375 0.614617940625 0.0056063125 0.6079922984375 0 0.5547480609375001 0
1 0.636420265625 0.114617940625 0.6509551499999999 0.12084717656249999 0.6696428578125 0.1187707640625 0.6769102984375001 0.11357973437499999 0.6810631234375 0.1073504984375 0.6810631234375 0.0948920265625 0.6696428578125 0.0813953484375 0.659260796875 0.0751661125 0.6447259140625 0.0751661125 0.638496678125 0.07724252499999999 0.6312292359375 0.0824335546875 0.62603820625 0.08970099687500001 0.625 0.0948920265625 0.6291528234375 0.1073504984375 0.636420265625 0.114617940625
1 0.6945598000000001 0.139534884375 0.7049418609375 0.139534884375 0.7163621265625 0.13019102968750002 0.7163621265625 0.1198089703125 0.7142857140625 0.115656146875 0.7028654484375 0.1042358796875 0.6862541531249999 0.1042358796875 0.67587209375 0.114617940625 0.6748338875 0.12188538281250001 0.684177740625 0.12707641249999999 0.6945598000000001 0.139534884375
1 0.7153239203124999 0.208056478125 0.7215531562499999 0.208056478125 0.7277823921875 0.2059800671875 0.7329734218749999 0.20078903593750003 0.735049834375 0.19663621250000002 0.735049834375 0.186254153125 0.7236295687500001 0.172757475 0.7028654484375 0.1748338875 0.698712625 0.17898671093750002 0.6976744187499999 0.1924833890625 0.707018271875 0.2039036546875 0.7153239203124999 0.208056478125
1 0.7298588046875001 0.2392026578125 0.736088040625 0.23712624531249998 0.74335548125 0.2298588046875 0.74335548125 0.21740033281249999 0.736088040625 0.208056478125 0.731935215625 0.2059800671875 0.7132475078125 0.208056478125 0.709094684375 0.2142857140625 0.7080564781249999 0.2257059796875 0.71947674375 0.23712624531249998 0.7298588046875001 0.2392026578125
0 0.659260796875 0.1665282390625 0.6696428578125 0.17068106249999998 0.6800249171875 0.17068106249999998 0.6883305640625 0.1665282390625 0.6976744187499999 0.1551079734375 0.6976744187499999 0.1447259140625 0.6935215953125 0.136420265625 0.684177740625 0.12707641249999999 0.67379568125 0.12292358750000001 0.663413621875 0.12292358750000001 0.6509551499999999 0.1291528234375 0.6447259140625 0.139534884375 0.6436877078125 0.14680232499999998 0.64784053125 0.1551079734375 0.659260796875 0.1665282390625
0 0.71947674375 0.172757475 0.7246677734375 0.16549003281250002 0.7246677734375 0.1530315609375 0.7174003328125 0.1436877078125 0.709094684375 0.139534884375 0.698712625 0.139534884375 0.69559800625 0.1426495015625 0.6976744187499999 0.1447259140625 0.6976744187499999 0.1551079734375 0.6924833890625 0.1644518265625 0.6924833890625 0.16860465156249999 0.7028654484375 0.1748338875 0.71947674375 0.172757475
0 0.730897009375 0.1800249171875 0.7329734218749999 0.18833056406249998 0.736088040625 0.1893687703125 0.7371262453125 0.17587209374999999 0.7277823921875 0.1665282390625 0.7236295687500001 0.1665282390625 0.7215531562499999 0.17068106249999998 0.72051495 0.17171926875000001 0.7236295687500001 0.1748338875 0.730897009375 0.1800249171875