2 0.6098421921875 0.16154485000000002 0.5849252484374999 0.151162790625 0.5641611296875 0.151162790625 0.5620847171875 0.153239203125 0.55585548125 0.153239203125 0.5350913625 0.1636212625 0.519518271875 0.1833471765625 0.5153654484375 0.19580564843749998 0.5153654484375 0.21241694375 0.521594684375 0.22902823906249997 0.5413205984375 0.25083056406250004 0.5496262453125 0.2570598 0.5641611296875 0.2632890359375 0.5973837203125 0.2632890359375 0.60361295625 0.25913621249999996 0.60776578125 0.25913621249999996 0.6119186046875 0.2549833890625 0.6181478406250001 0.2529069765625 0.6274916937499999 0.24356312343750003 0.6357973421875001 0.2311046515625 0.6368355484375 0.22383720937499998 0.6378737546875 0.19580564843749998 0.6274916937499999 0.177117940625 0.6098421921875 0.16154485000000002
2 0.46449335625000004 0.317275746875 0.4437292359375 0.304817275 0.4167358796875 0.304817275 0.404277409375 0.3110465109375 0.3928571421875 0.320390365625 0.3824750828125 0.33907807343749996 0.3824750828125 0.35568936875 0.38662790625 0.368147840625 0.404277409375 0.3878737546875 0.41258305625 0.39202657812499997 0.422965115625 0.39202657812499997 0.42711794062499997 0.394102990625 0.4291943515625 0.39202657812499997 0.4395764125 0.39202657812499997 0.45411129531250005 0.3857973421875 0.46553156093750003 0.37437707656249997 0.472799003125 0.3608803984375 0.47383720937499996 0.3370016609375 0.4696843859375 0.3245431890625 0.46449335625000004 0.317275746875
2 0.41465946875000004 0.394102990625 0.404277409375 0.389950165625 0.389742525 0.389950165625 0.3876661125 0.39202657812499997 0.375207640625 0.394102990625 0.3596345515625 0.4075996671875 0.351328903125 0.42628737499999997 0.351328903125 0.438745846875 0.3575581390625 0.45535714218749995 0.36690199375 0.466777409375 0.38351328906250004 0.47508305625 0.404277409375 0.47508305625 0.42088870468749995 0.466777409375 0.4343853828125 0.45120431875 0.4375 0.4356312296875 0.43646179375000005 0.42005813906249995 0.4302325578125 0.4075996671875 0.41465946875000004 0.394102990625
1 0.389742525 0.47508305625 0.377284053125 0.47300664374999996 0.3617109640625 0.461586378125 0.353405315625 0.4470514953125 0.353405315625 0.44082225937499997 0.3502906984375 0.43770764062499995 0.34406146249999997 0.439784053125 0.33056478437500003 0.45328073125 0.3243355484375 0.4678156140625 0.3243355484375 0.4844269109375 0.33056478437500003 0.49896179375000005 0.34198505 0.510382059375 0.3585963453125 0.5166112953125 0.375207640625 0.514534884375 0.38351328906250004 0.510382059375 0.399086378125 0.49480897031250004 0.400124584375 0.48754152812499996 0.400124584375 0.47715946875000004 0.39181893749999996 0.47715946875000004 0.389742525 0.47508305625
2 0.31914451875 0.6411960140625 0.3004568109375 0.6411960140625 0.2890365453125 0.6484634546875 0.2848837203125 0.656769103125 0.2848837203125 0.6754568109375 0.2890365453125 0.6837624578125 0.302533221875 0.695182725 0.31706810625 0.6972591359375 0.32952657812499997 0.6931063125 0.3367940203125 0.6858388703125 0.3399086375 0.6764950171875 0.34094684375 0.6671511625 0.3347176078125 0.6526162796875 0.31914451875 0.6411960140625
2 0.3253737546875 0.7699335546875 0.3087624578125 0.7699335546875 0.29526578125 0.7813538203125 0.29318936875 0.7938122921875 0.2973421921875 0.8041943515625001 0.304609634375 0.81146179375 0.3087624578125 0.81146179375 0.31187707656249997 0.797965115625 0.3232973421875 0.7886212625 0.3378322265625 0.7865448500000001 0.34406146249999997 0.7886212625 0.3450996671875 0.7834302328125 0.331602990625 0.7720099671875 0.3253737546875 0.7699335546875
1 0.3087624578125 0.6162790703125001 0.2900747515625 0.6142026578124999 0.27657807343749996 0.6235465109375 0.2724252484375 0.6318521593749999 0.2724252484375 0.6380813953125 0.2641196015625 0.6526162796875 0.26619601406250004 0.6650747515625001 0.2776162796875 0.6785714281249999 0.28592192656250004 0.6806478406250001 0.2848837203125 0.656769103125 0.2900747515625 0.6474252484374999 0.3004568109375 0.6411960140625 0.31914451875 0.6411960140625 0.3232973421875 0.6432724249999999 0.3243355484375 0.6339285718750001 0.3222591359375 0.629775746875 0.3087624578125 0.6162790703125001
1 0.4084302328125 0.8301495015624999 0.3876661125 0.8280730890625 0.375207640625 0.8322259140625 0.36586378750000004 0.8415697671875 0.3596345515625 0.8540282390625 0.3596345515625 0.8644102984375 0.36586378750000004 0.8789451828124999 0.375207640625 0.8882890359375001 0.3876661125 0.8945182718750001 0.41050664374999996 0.896594684375 0.41258305625 0.8945182718750001 0.41881229218750005 0.8945182718750001 0.4343853828125 0.8810215953125 0.4375 0.873754153125 0.43853820624999995 0.8540282390625 0.43230897031250004 0.8436461796874999 0.4084302328125 0.8301495015624999
1 0.3980481734375 0.9339701 0.38351328906250004 0.9277408640625 0.3565199328125 0.9298172750000001 0.3492524921875 0.9391611296875 0.34717607968749997 0.945390365625 0.351328903125 0.9557724249999999 0.3585963453125 0.9630398671875 0.3689784046875 0.969269103125 0.377284053125 0.969269103125 0.379360465625 0.9713455156249999 0.3980481734375 0.967192690625 0.4063538203125 0.95681063125 0.40739202656250006 0.947466778125 0.4053156140625 0.9412375421875 0.3980481734375 0.9339701
1 0.3710548171875 0.898671096875 0.36482558125 0.9028239203125 0.34821428593750003 0.9028239203125 0.331602990625 0.8945182718750001 0.326411959375 0.8997093015625 0.326411959375 0.9121677734375 0.328488371875 0.9163205984375 0.3399086375 0.9277408640625 0.3502906984375 0.9318936875 0.36274916875 0.9298172750000001 0.36482558125 0.9277408640625 0.3731312296875 0.9277408640625 0.38143687656249997 0.9173588046875001 0.3824750828125 0.9080149499999999 0.377284053125 0.898671096875 0.3710548171875 0.898671096875
1 0.3253737546875 0.83845515 0.31499169375 0.8426079734374999 0.307724253125 0.8498754156249999 0.307724253125 0.8644102984375 0.31499169375 0.8758305640625 0.3212209296875 0.8779069765624999 0.3222591359375 0.8623338875 0.32952657812499997 0.8550664453125 0.33367940156250003 0.8529900328125001 0.354443521875 0.8529900328125001 0.354443521875 0.848837209375 0.34406146249999997 0.8426079734374999 0.3253737546875 0.83845515
1 0.3098006640625 0.8166528234375001 0.2973421921875 0.8041943515625001 0.29526578125 0.797965115625 0.2921511625 0.7969269109375 0.2890365453125 0.800041528125 0.2890365453125 0.8166528234375001 0.29526578125 0.827034884375 0.306686046875 0.834302325 0.31914451875 0.8363787374999999 0.320182725 0.8332641203125 0.3139534890625 0.827034884375 0.3098006640625 0.8166528234375001
1 0.34821428593750003 0.7886212625 0.331602990625 0.7865448500000001 0.32952657812499997 0.7886212625 0.3232973421875 0.7886212625 0.3139534890625 0.7958887046875 0.3098006640625 0.8041943515625001 0.3098006640625 0.8187292359375 0.31187707656249997 0.8228820593749999 0.31914451875 0.8322259140625 0.331602990625 0.8405315609375 0.3502906984375 0.8405315609375 0.3565199328125 0.83845515 0.36690199375 0.825996678125 0.3679402 0.8062707640625 0.36586378750000004 0.8021179406250001 0.34821428593750003 0.7886212625
1 0.3596345515625 0.8644102984375 0.3596345515625 0.8561046515624999 0.3565199328125 0.8529900328125001 0.34406146249999997 0.850913621875 0.34198505 0.8529900328125001 0.33367940156250003 0.8529900328125001 0.3243355484375 0.8581810624999999 0.3222591359375 0.8623338875 0.3222591359375 0.874792359375 0.320182725 0.8768687703125 0.3222591359375 0.88309800625 0.331602990625 0.8945182718750001 0.3378322265625 0.898671096875 0.3461378734375 0.9028239203125 0.36482558125 0.9028239203125 0.375207640625 0.896594684375 0.377284053125 0.8924418609375 0.378322259375 0.8914036546874999 0.36586378750000004 0.8789451828124999 0.3596345515625 0.8644102984375