2 0 0.49906815781249997 0.0037939296875 0.5015974437499999 0.0067891375 0.5005990421875001 0.012779553125 0.49460862656250004 0.012779553125 0.47663737968750003 0.0097843453125 0.47164536718749994 0.0017971250000000001 0.46964856250000003 0 0.4719591515625 0 0.49906815781249997
2 0.0866613421875 0.42871405781250005 0.0926517578125 0.4227236421875 0.0946485625 0.4167332265625 0.0926517578125 0.414736421875 0.0926517578125 0.40874600625 0.083666134375 0.40175718906249996 0.0796725234375 0.40175718906249996 0.07268370625000001 0.41074281093750004 0.07268370625000001 0.4227236421875 0.0746805109375 0.426717253125 0.0796725234375 0.429712459375 0.0866613421875 0.42871405781250005
2 0.100638978125 0.39876198125 0.0976437703125 0.39376996875 0.08765974374999999 0.3917731625 0.08266773125 0.39676517499999997 0.08266773125 0.4007587859375 0.08965655 0.40375399375 0.0946485625 0.41074281093750004 0.0946485625 0.414736421875 0.0966453671875 0.414736421875 0.100638978125 0.40874600625 0.100638978125 0.39876198125
2 0.164536740625 0.4007587859375 0.164536740625 0.3887779546875 0.1575479234375 0.3797923328125 0.1475638984375 0.37779552656250004 0.1365814703125 0.38678115 0.1345846640625 0.40475239687500003 0.14157348281249998 0.41373801875 0.1475638984375 0.41573482500000003 0.1525559109375 0.414736421875 0.16054313125 0.40874600625 0.164536740625 0.4007587859375
2 0.149560703125 0.363817890625 0.1395766765625 0.363817890625 0.132587859375 0.370806709375 0.1305910546875 0.382787540625 0.1335862625 0.387779553125 0.138578275 0.38678115 0.14157348281249998 0.3817891375 0.154552715625 0.376797125 0.154552715625 0.3688099046875 0.149560703125 0.363817890625
2 0.25039936093750004 0.40674920156249994 0.26337859375 0.41773162968750005 0.2823482421875 0.4167332265625 0.29233226874999996 0.40874600625 0.296325878125 0.39676517499999997 0.296325878125 0.382787540625 0.2893370609375 0.37180511250000003 0.27935303437500003 0.365814696875 0.27136581406250004 0.365814696875 0.2613817890625 0.36980830625 0.25039936093750004 0.382787540625 0.24840255625 0.4007587859375 0.25039936093750004 0.40674920156249994
1 0.1825079875 0.376797125 0.1825079875 0.3628194890625 0.177515975 0.35782747656249997 0.1675319484375 0.3558306703125 0.1585463265625 0.3628194890625 0.1565495203125 0.37480031875 0.154552715625 0.376797125 0.16553514375 0.387779553125 0.1725239609375 0.38678115 0.17551916875 0.385782746875 0.1825079875 0.376797125
1 0.188498403125 0.3528354625 0.1835063890625 0.34784345 0.17551916875 0.34784345 0.166533546875 0.35483226874999996 0.17551916875 0.3558306703125 0.1825079875 0.3628194890625 0.1825079875 0.3668130984375 0.18550319531249998 0.36980830625 0.186501596875 0.3688099046875 0.188498403125 0.3668130984375 0.188498403125 0.3528354625
1 0.4101437703125 0.3089057515625 0.41912939375 0.30591054375 0.42412140625 0.294928115625 0.42212459999999996 0.2849440890625 0.413138978125 0.277955271875 0.40714856250000003 0.277955271875 0.3991613421875 0.28194888125 0.39217252343750003 0.2889377 0.39217252343750003 0.29892172499999997 0.3941693296875 0.3029153359375 0.4031549515625 0.309904153125 0.4101437703125 0.3089057515625
1 0.5339456874999999 0.270966453125 0.5309504796875 0.2679712453125 0.522963259375 0.2639776359375 0.5149760390625 0.2639776359375 0.5039936109375 0.272963259375 0.5049920125 0.2859424921875 0.5189696484375 0.2859424921875 0.5249600640625001 0.2899361015625 0.5299520765625 0.2889377 0.5359424921875 0.28095047968750003 0.5339456874999999 0.270966453125
1 0.5439297125 0.26896964843750004 0.5589057515625 0.2639776359375 0.559904153125 0.2629792328125 0.5569089453125 0.259984025 0.5469249203125 0.2579872203125 0.5359424921875 0.26697284374999997 0.5359424921875 0.28095047968750003 0.5389377 0.28394568750000004 0.5399361015624999 0.282947284375 0.5399361015624999 0.27695686875000003 0.5439297125 0.26896964843750004
2 0.5419329078125 0.2869408953125 0.548921725 0.2939297125 0.5678913734375 0.292931309375 0.5738817890625 0.28095047968750003 0.571884984375 0.272963259375 0.5628993609374999 0.2639776359375 0.5469249203125 0.26597444062500003 0.5399361015624999 0.2749600640625 0.5419329078125 0.2869408953125
2 0.500998403125 0.321884984375 0.5109824281249999 0.32587859375 0.515974440625 0.3248801921875 0.5249600640625001 0.321884984375 0.5299520765625 0.316892971875 0.5339456874999999 0.3029153359375 0.5299520765625 0.294928115625 0.522963259375 0.287939296875 0.5189696484375 0.2859424921875 0.5069888171875 0.2859424921875 0.494009584375 0.2969249203125 0.49201277968749996 0.3089057515625 0.500998403125 0.321884984375