0 0.25231821875 0.4044117640625 0.2400633171875 0.4044117640625 0.230872140625 0.41156045781249995 0.2247446890625 0.423815359375 0.230872140625 0.4381127453125 0.23802083281250003 0.44526143749999997 0.25027573593749997 0.44526143749999997 0.2655943625 0.43198529375000005 0.2645731203125 0.4166666671875 0.2564031859375 0.4064542484375 0.25231821875 0.4044117640625
0 0.22780841562499998 0.44526143749999997 0.22270220625 0.44219771249999995 0.220659721875 0.4360702609375 0.22270220625 0.423815359375 0.2196384796875 0.4227941171875 0.214532271875 0.4279003265625 0.21248978749999997 0.43402777812500004 0.214532271875 0.4462826796875 0.2196384796875 0.4513888890625 0.2237234484375 0.4513888890625 0.22882965624999999 0.4483251640625 0.22780841562499998 0.44526143749999997
0 0.2186172390625 0.41768790781250004 0.2237234484375 0.420751634375 0.23597834999999998 0.4064542484375 0.2400633171875 0.4044117640625 0.25027573593749997 0.4044117640625 0.25027573593749997 0.3982843140625 0.24210579999999998 0.3921568625 0.2298508984375 0.3921568625 0.2186172390625 0.40543300625 0.2186172390625 0.41768790781250004
0 0.22576593125 0.420751634375 0.2186172390625 0.42585784374999996 0.2186172390625 0.4360702609375 0.22576593125 0.44934640468750003 0.24414828437499997 0.44934640468750003 0.24414828437499997 0.44526143749999997 0.23597834999999998 0.44526143749999997 0.230872140625 0.44015522812499996 0.2267871734375 0.43198529375000005 0.22576593125 0.420751634375
0 0.2237234484375 0.4513888890625 0.2165747546875 0.460580065625 0.2165747546875 0.47487745156249994 0.2186172390625 0.47896241875 0.22576593125 0.484068628125 0.23597834999999998 0.484068628125 0.2400633171875 0.48202614375 0.24925449375 0.470792484375 0.2482332515625 0.45547385625 0.24210579999999998 0.4513888890625 0.2237234484375 0.4513888890625
0 0.2216809640625 0.48815359531249997 0.2165747546875 0.49530228750000005 0.2165747546875 0.50551470625 0.220659721875 0.51164215625 0.220659721875 0.5157271234375 0.22780841562499998 0.5208333328125 0.24210579999999998 0.516748365625 0.24925449375 0.5095996734375 0.2482332515625 0.49223856250000003 0.233935865625 0.484068628125 0.2216809640625 0.48815359531249997
0 0.2165747546875 0.5095996734375 0.2165747546875 0.4993872546875 0.2186172390625 0.49734477187500004 0.217595996875 0.490196078125 0.2104473046875 0.49734477187500004 0.20840482031250002 0.5075571890624999 0.2196384796875 0.5208333328125 0.22576593125 0.5208333328125 0.22576593125 0.51879085 0.22270220625 0.513684640625 0.2165747546875 0.5095996734375
0 0.21351102968750002 0.46160130781250003 0.20840482031250002 0.46875 0.2104473046875 0.48100490156250003 0.217595996875 0.48815359531249997 0.22576593125 0.4861111109375 0.22576593125 0.48202614375 0.2216809640625 0.48202614375 0.2165747546875 0.476919934375 0.2165747546875 0.46262254843750006 0.21351102968750002 0.46160130781250003
0 0.2186172390625 0.370710784375 0.22270220625 0.360498365625 0.2216809640625 0.35539215625 0.21351102968750002 0.35539215625 0.20840482031250002 0.3584558828125 0.2094260625 0.38194444375000003 0.21555351250000002 0.38194444375000003 0.2186172390625 0.37888071874999996 0.2186172390625 0.370710784375
0 0.21248978749999997 0.3053513078125 0.21248978749999997 0.30943627500000004 0.217595996875 0.3165849671875 0.22780841562499998 0.3186274515625 0.2329146234375 0.31556372499999996 0.23802083281250003 0.294117646875 0.22780841562499998 0.2900326796875 0.2186172390625 0.2951388890625 0.2165747546875 0.301266340625 0.21248978749999997 0.3053513078125
0 0.2247446890625 0.2767565359375 0.22780841562499998 0.2798202609375 0.2400633171875 0.2818627453125 0.24516952656250002 0.2767565359375 0.24925449375 0.264501634375 0.2482332515625 0.2553104578125 0.23802083281250003 0.25326797343749996 0.2318933828125 0.2553104578125 0.2247446890625 0.26245915000000003 0.2247446890625 0.2767565359375
2 0.330953840625 0.084763071875 0.3350388078125 0.07659313749999999 0.334017565625 0.0735294125 0.323805146875 0.0755718953125 0.31257148749999997 0.08680555625 0.310529003125 0.09293300625 0.31257148749999997 0.0990604578125 0.3176776953125 0.1041666671875 0.330953840625 0.084763071875
2 0.3033803109375 0.1102941171875 0.307465278125 0.1123366015625 0.313592728125 0.1102941171875 0.31665645468750003 0.1072303921875 0.31563521250000004 0.1041666671875 0.31257148749999997 0.0990604578125 0.31257148749999997 0.09293300625 0.3095077609375 0.08986928125 0.30542279375 0.08986928125 0.29929534375 0.0919117640625 0.2901041671875 0.0990604578125 0.2880616828125 0.11131535937499999 0.29112540781249996 0.114379084375 0.3033803109375 0.1102941171875
2 0.30644403593749997 0.1256127453125 0.3146139703125 0.11335784374999999 0.313592728125 0.1102941171875 0.307465278125 0.1123366015625 0.2982741015625 0.121527778125 0.294189134375 0.1317401953125 0.29929534375 0.13888888906250002 0.3044015515625 0.1337826796875 0.30644403593749997 0.1256127453125
2 0.2931678921875 0.114379084375 0.2880616828125 0.1174428109375 0.28601920000000003 0.121527778125 0.287040440625 0.1327614375 0.29112540781249996 0.1327614375 0.2962316171875 0.12765522812500002 0.297252859375 0.11846405156249999 0.2931678921875 0.114379084375
2 0.29214665 0.15420751562499999 0.2982741015625 0.14603758125 0.297252859375 0.1368464046875 0.2931678921875 0.1327614375 0.2798917484375 0.1439950984375 0.2798917484375 0.15420751562499999 0.287040440625 0.1633986921875 0.29214665 0.15829248437500001 0.29214665 0.15420751562499999
2 0.2798917484375 0.1439950984375 0.28601920000000003 0.137867646875 0.28499795781250004 0.1286764703125 0.2768280234375 0.1307189546875 0.2696793296875 0.13991013125 0.2696793296875 0.148080065625 0.2768280234375 0.1552287578125 0.2798917484375 0.15420751562499999 0.2798917484375 0.1439950984375
2 0.2778492640625 0.17054738593750002 0.28397671562500004 0.16646241875 0.2829554734375 0.161356209375 0.28091299062499997 0.15931372500000002 0.270700571875 0.15931372500000002 0.2594669125 0.1685049015625 0.257424428125 0.17258986875 0.257424428125 0.1828022875 0.2625306375 0.187908496875 0.27274305625 0.18995097968750002 0.27580678125 0.1868872546875 0.27580678125 0.174632353125 0.2778492640625 0.17054738593750002
2 0.2768280234375 0.187908496875 0.28601920000000003 0.17054738593750002 0.28499795781250004 0.1654411765625 0.2829554734375 0.1654411765625 0.27580678125 0.174632353125 0.273764296875 0.1828022875 0.2768280234375 0.187908496875
2 0.2645731203125 0.21650326875 0.27580678125 0.1950571890625 0.2747855390625 0.18995097968750002 0.26865808750000003 0.18995097968750002 0.2615093953125 0.19914215625 0.2615093953125 0.2134395421875 0.2645731203125 0.21650326875
1 0.3564848859375 0.034722221875 0.350357434375 0.030637254687499997 0.34422998437499996 0.030637254687499997 0.3299325984375 0.03676470625 0.32278390468749996 0.0459558828125 0.3248263890625 0.0541258171875 0.3278901140625 0.0571895421875 0.33197508125 0.0571895421875 0.3421875 0.04289215625 0.350357434375 0.038807189062500004 0.3564848859375 0.038807189062500004 0.3564848859375 0.034722221875
1 0.3329963234375 0.06025326875 0.33810253281249997 0.06535947656249999 0.34729370937500004 0.058210784375000005 0.35546364375 0.0459558828125 0.357506128125 0.041870915625 0.3564848859375 0.03676470625 0.3544424015625 0.038807189062500004 0.34831495156250003 0.038807189062500004 0.3350388078125 0.050040850000000005 0.3329963234375 0.06025326875