2 0.4638671875 0.046875 0.4677734375 0.05078125 0.4794921875 0.0546875 0.4931640625 0.052734375 0.501953125 0.0458984375 0.50390625 0.0380859375 0.501953125 0.0341796875 0.4951171875 0.029296875 0.4775390625 0.02734375 0.4755859375 0.029296875 0.4697265625 0.029296875 0.462890625 0.0361328125 0.4638671875 0.046875
2 0.5634765625 0.111328125 0.5751953125 0.111328125 0.58203125 0.1044921875 0.58203125 0.0986328125 0.578125 0.0927734375 0.5712890625 0.087890625 0.5615234375 0.087890625 0.5576171875 0.08984375 0.55078125 0.0966796875 0.5517578125 0.1015625 0.5556640625 0.107421875 0.5634765625 0.111328125
2 0.6298828125 0.17578125 0.6201171875 0.17578125 0.61328125 0.1826171875 0.6142578125 0.19140625 0.6201171875 0.197265625 0.6259765625 0.19921875 0.6318359375 0.197265625 0.640625 0.1865234375 0.6337890625 0.177734375 0.6298828125 0.17578125
2 0.6435546875 0.19921875 0.6318359375 0.197265625 0.623046875 0.2041015625 0.6240234375 0.21484375 0.6259765625 0.21875 0.6337890625 0.22265625 0.6416015625 0.22265625 0.650390625 0.2158203125 0.650390625 0.2060546875 0.6435546875 0.19921875
2 0.6337890625 0.197265625 0.6455078125 0.201171875 0.6484375 0.1943359375 0.646484375 0.1904296875 0.6396484375 0.185546875 0.6328125 0.1962890625 0.6337890625 0.197265625
2 0.673828125 0.2568359375 0.6689453125 0.248046875 0.6611328125 0.244140625 0.6552734375 0.244140625 0.6484375 0.2490234375 0.646484375 0.2529296875 0.6474609375 0.259765625 0.6533203125 0.267578125 0.6650390625 0.26953125 0.671875 0.2646484375 0.673828125 0.2568359375
2 0.6943359375 0.39453125 0.7041015625 0.39453125 0.7109375 0.3876953125 0.7109375 0.3779296875 0.708984375 0.3740234375 0.7021484375 0.369140625 0.6923828125 0.369140625 0.6884765625 0.37109375 0.685546875 0.3759765625 0.6865234375 0.38671875 0.6875 0.3896484375 0.6943359375 0.39453125
2 0.7099609375 0.62890625 0.7197265625 0.626953125 0.724609375 0.6220703125 0.728515625 0.6123046875 0.7265625 0.6044921875 0.7177734375 0.59765625 0.7080078125 0.59765625 0.7021484375 0.6015625 0.697265625 0.6083984375 0.6982421875 0.62109375 0.7041015625 0.626953125 0.7099609375 0.62890625
2 0.7294921875 0.615234375 0.72265625 0.6240234375 0.71484375 0.6298828125 0.7158203125 0.634765625 0.7197265625 0.640625 0.7294921875 0.642578125 0.73828125 0.6357421875 0.740234375 0.6259765625 0.73828125 0.6220703125 0.7294921875 0.615234375
1 0.7421875 0.6240234375 0.7421875 0.6142578125 0.7373046875 0.609375 0.7294921875 0.611328125 0.7294921875 0.615234375 0.7333984375 0.6171875 0.7392578125 0.625 0.7421875 0.6240234375
1 0.7333984375 0.5859375 0.7236328125 0.587890625 0.71875 0.5927734375 0.7177734375 0.59765625 0.7265625 0.6044921875 0.7294921875 0.611328125 0.7333984375 0.611328125 0.740234375 0.6044921875 0.740234375 0.5927734375 0.7333984375 0.5859375
1 0.7099609375 0.515625 0.7158203125 0.521484375 0.7255859375 0.521484375 0.73046875 0.5185546875 0.734375 0.5068359375 0.7255859375 0.49609375 0.7158203125 0.49609375 0.708984375 0.5029296875 0.7099609375 0.515625
1 0.6669921875 0.267578125 0.658203125 0.2724609375 0.65625 0.2763671875 0.6572265625 0.283203125 0.6630859375 0.291015625 0.6767578125 0.291015625 0.681640625 0.2861328125 0.68359375 0.2802734375 0.6767578125 0.26953125 0.6669921875 0.267578125