0 0.37731821875 0.92116013125 0.3650633171875 0.92116013125 0.3568933828125 0.9252450984375 0.3517871734375 0.932393790625 0.35382965624999996 0.9446486921874999 0.3630208328125 0.95383986875 0.3732332515625 0.9579248359375001 0.385488153125 0.9579248359375001 0.39365808750000003 0.95383986875 0.39774305625 0.9456699343749999 0.398764296875 0.9364787578125 0.3967218140625 0.932393790625 0.37731821875 0.92116013125
0 0.307873775 0.7822712421875 0.2935763890625 0.7822712421875 0.2864276953125 0.789419934375 0.2864276953125 0.799632353125 0.295618871875 0.8108660125 0.299703840625 0.812908496875 0.3099162578125 0.812908496875 0.3180861921875 0.8067810453125001 0.319107434375 0.7935049015625 0.314001225 0.786356209375 0.307873775 0.7822712421875
0 0.52744076875 0.1950571890625 0.5213133171875 0.18484477187499998 0.5141646234375 0.177696078125 0.49986723906249997 0.171568628125 0.47535743437500005 0.17361111093749998 0.46106004843750004 0.1817810453125 0.451868871875 0.19301470625 0.4498263890625 0.20526960781249998 0.4477839046875 0.20731209218750002 0.4498263890625 0.20935457500000001 0.4498263890625 0.21956699375 0.45391135625 0.227736928125 0.4631025328125 0.23692810468749997 0.4794424015625 0.24305555625 0.4978247546875 0.24305555625 0.5141646234375 0.23692810468749997 0.5233558 0.22977941249999997 0.528462009375 0.2124183 0.5294832515625 0.20526960781249998 0.52744076875 0.2032271234375 0.52744076875 0.1950571890625
0 0.5264195265625 0.0245098046875 0.512122140625 0.030637254687499997 0.50701593125 0.0377859484375 0.50701593125 0.0541258171875 0.520292075 0.06535947656249999 0.5325469765624999 0.06944444375 0.55705678125 0.0674019609375 0.570332925 0.0541258171875 0.5713541671875 0.0490196078125 0.568290440625 0.0377859484375 0.5509293296875 0.0245098046875 0.5264195265625 0.0245098046875
0 0.5039522062499999 0.01633986875 0.49067606250000007 0.023488562499999997 0.4865910953125 0.0296160125 0.4865910953125 0.0377859484375 0.495782271875 0.0490196078125 0.5039522062499999 0.0510620921875 0.50701593125 0.047998365625 0.50701593125 0.0377859484375 0.509058415625 0.0337009796875 0.5182495921875 0.0265522875 0.528462009375 0.0245098046875 0.528462009375 0.0204248359375 0.5182495921875 0.01633986875 0.5039522062499999 0.01633986875
1 0.548886846875 0 0.5458231203125 0.003063725 0.5458231203125 0.0173611109375 0.55705678125 0.028594771875 0.5611417484375 0.028594771875 0.5672691999999999 0.032679739062500004 0.581566584375 0.034722221875 0.58360906875 0.032679739062500004 0.5979064546874999 0.030637254687499997 0.60709763125 0.023488562499999997 0.61016135625 0.01633986875 0.6091401140625 0.0071486921875 0.6035800203125 0 0.548886846875 0
1 0.5162071078125 0.06331699375 0.5039522062499999 0.053104575 0.48352736875 0.0592320265625 0.47637867656250005 0.06638071875 0.472293709375 0.074550653125 0.472293709375 0.0806781046875 0.47637867656250005 0.0888480390625 0.48352736875 0.09599673125 0.495782271875 0.10008170000000001 0.5100796562500001 0.10008170000000001 0.5223345593750001 0.09599673125 0.5315257359375 0.08680555625 0.5325469765624999 0.07965686250000001 0.5315257359375 0.0704656859375 0.528462009375 0.0674019609375 0.5162071078125 0.06331699375
1 0.45391135625 0.22569444375 0.45391135625 0.2216094765625 0.448805146875 0.214460784375 0.4345077609375 0.21650326875 0.42838031093750006 0.2205882359375 0.41714665 0.23182189531250003 0.4110192 0.24611928125000002 0.41510416718750004 0.264501634375 0.419189134375 0.270629084375 0.4345077609375 0.2798202609375 0.46106004843750004 0.2798202609375 0.4733149515625 0.2736928109375 0.478421159375 0.26858660156249997 0.48352736875 0.257352940625 0.4845486109375 0.244076796875 0.465145015625 0.23692810468749997 0.45391135625 0.22569444375
1 0.6602022062499999 0.487132353125 0.6602022062499999 0.4830473859375 0.6561172390625 0.476919934375 0.6305861921875 0.453431371875 0.61016135625 0.44526143749999997 0.58360906875 0.44526143749999997 0.555014296875 0.45751634062499996 0.5335682187499999 0.48100490156250003 0.5233558 0.51164215625 0.525398284375 0.5422794125 0.5376531859375 0.566789215625 0.5499080875 0.577001634375 0.5509293296875 0.580065359375 0.56318423125 0.58823529375 0.5672691999999999 0.58823529375 0.5733966500000001 0.5923202609375 0.581566584375 0.5923202609375 0.58360906875 0.5943627453125 0.608118871875 0.5943627453125 0.6367136437500001 0.58210784375 0.6479473046875001 0.5729166671875 0.6642871734375 0.5524918296875 0.6693933828125 0.5330882359375 0.6704146234375 0.5075571890624999 0.6663296562500001 0.49530228750000005 0.6602022062499999 0.487132353125
1 0.39774305625 0.3921568625 0.3895731203125 0.3880718953125 0.3814031859375 0.3860294125 0.37936070312500003 0.3880718953125 0.3650633171875 0.3901143796875 0.35382965624999996 0.39930555624999997 0.3497446890625 0.40543300625 0.34770220625000003 0.41156045781249995 0.34770220625000003 0.42994281093750003 0.3517871734375 0.4381127453125 0.3671058 0.4513888890625 0.3814031859375 0.453431371875 0.3834456703125 0.4513888890625 0.3895731203125 0.4513888890625 0.3997855390625 0.44526143749999997 0.41204044062499995 0.43096405156250006 0.41306168281250005 0.40951797343749996 0.4110192 0.40543300625 0.39774305625 0.3921568625
1 0.3568933828125 0.60866013125 0.3385110296875 0.60866013125 0.3252348859375 0.6178513078125001 0.319107434375 0.6321486921874999 0.319107434375 0.6423611109375 0.32727736875 0.6587009796875 0.3385110296875 0.66789215625 0.358935865625 0.66789215625 0.3671058 0.6638071890624999 0.37833946093750004 0.6505310453125001 0.37936070312500003 0.6372549015625 0.37425449375 0.621936275 0.3630208328125 0.6107026140625 0.3568933828125 0.60866013125
1 0.3180861921875 0.63521241875 0.305831290625 0.63521241875 0.29459763125 0.6444035953125 0.2905126640625 0.6525735296875 0.2905126640625 0.6627859484374999 0.29459763125 0.6709558828125 0.3017463234375 0.678104575 0.305831290625 0.6801470593750001 0.3201286765625 0.6801470593750001 0.332383578125 0.669934640625 0.3334048203125 0.66482843125 0.3252348859375 0.656658496875 0.3180861921875 0.63521241875
1 0.34668096406250004 0.43096405156250006 0.3405535125 0.43096405156250006 0.332383578125 0.43504902031250003 0.32114991875 0.450367646875 0.32114991875 0.46466503281250005 0.3252348859375 0.47283496718749995 0.3344260625 0.48202614375 0.34668096406250004 0.4861111109375 0.3650633171875 0.47998365937500004 0.372212009375 0.47283496718749995 0.37527573593749997 0.46364379062500005 0.3762969765625 0.4544526140625 0.3630208328125 0.44934640468750003 0.34668096406250004 0.43096405156250006
1 0.3732332515625 0.37581699375 0.3548508984375 0.37581699375 0.34668096406250004 0.3799019609375 0.33748978749999997 0.3890931375 0.3334048203125 0.397263071875 0.3334048203125 0.41156045781249995 0.3354473046875 0.41768790781250004 0.34668096406250004 0.426879084375 0.34770220625000003 0.40951797343749996 0.35382965624999996 0.39930555624999997 0.358935865625 0.39419934687499997 0.37119076875 0.3880718953125 0.3834456703125 0.3860294125 0.3844669125 0.3850081703125 0.37731821875 0.37785947656249996 0.3732332515625 0.37581699375