1 0.4341996703125 0.741749175 0.4486386140625 0.741749175 0.4579207921875 0.732466996875 0.4579207921875 0.722153465625 0.4558580859375 0.7180280531250001 0.4465759078125 0.71080858125 0.43523102343750003 0.711839934375 0.4321369640625 0.7128712875 0.4269801984375 0.720090759375 0.4249174921875 0.730404290625 0.4341996703125 0.741749175
0 0.385726071875 0.713902640625 0.377475246875 0.724216171875 0.379537953125 0.736592409375 0.38882013125000003 0.74381188125 0.4053217828125 0.741749175 0.41047854843750003 0.736592409375 0.41047854843750003 0.722153465625 0.3991336640625 0.7128712875 0.385726071875 0.713902640625
1 0.311468646875 0.720090759375 0.305280528125 0.7283415843750001 0.305280528125 0.7386551156250001 0.31868811875 0.75 0.32900165000000003 0.74793729375 0.33622112187500003 0.7386551156250001 0.33415841562500004 0.726278878125 0.3248762375 0.71905940625 0.311468646875 0.720090759375
1 0.2279290421875 0.6654290421875 0.24030528125 0.6716171609375 0.2588696375 0.6716171609375 0.2671204625 0.6674917484375 0.27433993437500004 0.6602722765625 0.278465346875 0.6520214515625 0.278465346875 0.6458333328125 0.280528053125 0.6437706265625 0.278465346875 0.6396452140625 0.278465346875 0.6293316828125 0.272277228125 0.6169554453125 0.25680693125 0.6035478546874999 0.24443069374999998 0.6014851484375 0.2423679875 0.5994224421875 0.235148515625 0.6004537953125 0.21864686406249997 0.6148927390625001 0.21452145156250002 0.6231435640625 0.21245874531250003 0.6293316828125 0.21452145156250002 0.6478960390624999 0.2279290421875 0.6654290421875
1 0.1072607265625 0.6396452140625 0.0969471953125 0.6520214515625 0.0969471953125 0.6685231015624999 0.1010726078125 0.676773928125 0.10829207968750001 0.6839934000000001 0.11654290468749999 0.6881188125000001 0.1289191421875 0.68605610625 0.13820132031250001 0.674711221875 0.13820132031250001 0.6602722765625 0.13201320156250002 0.6478960390624999 0.1268564359375 0.6427392734375 0.1186056109375 0.6386138609375 0.1072607265625 0.6396452140625
1 0.10829207968750001 0.6839934000000001 0.1041666671875 0.6798679875 0.1010726078125 0.680899340625 0.0990099015625 0.687087459375 0.1010726078125 0.699463696875 0.10829207968750001 0.7066831687499999 0.1124174921875 0.708745875 0.1227310234375 0.708745875 0.1278877890625 0.705651815625 0.13201320156250002 0.699463696875 0.13201320156250002 0.689150165625 0.1289191421875 0.68605610625 0.1186056109375 0.6881188125000001 0.10829207968750001 0.6839934000000001
1 0.1897689765625 0.7077145218750001 0.1856435640625 0.699463696875 0.18048679843749998 0.69430693125 0.17533003281249998 0.695338284375 0.1629537953125 0.703589109375 0.1608910890625 0.720090759375 0.16811056093750001 0.725247525 0.1825495046875 0.725247525 0.1897689765625 0.715965346875 0.1897689765625 0.7077145218750001
1 0.1928630359375 0.73143564375 0.2052392734375 0.73349835 0.21245874531250003 0.7283415843750001 0.21452145156250002 0.715965346875 0.2052392734375 0.7025577562499999 0.1990511546875 0.70049505 0.1938943890625 0.701526403125 0.1897689765625 0.705651815625 0.1897689765625 0.713902640625 0.1856435640625 0.722153465625 0.1928630359375 0.73143564375
0 0.1660478546875 0.6571782171875 0.16192244218750002 0.6551155109375 0.15057755781249998 0.6561468640625 0.1402640265625 0.6643976890625 0.13820132031250001 0.680899340625 0.1423267328125 0.689150165625 0.1516089109375 0.69843234375 0.1557343234375 0.70049505 0.16811056093750001 0.70049505 0.1773927390625 0.693275578125 0.1815181515625 0.682962046875 0.1815181515625 0.676773928125 0.1773927390625 0.6685231015624999 0.1660478546875 0.6571782171875
0 0.13201320156250002 0.705651815625 0.1340759078125 0.709777228125 0.1412953796875 0.7169966999999999 0.1577970296875 0.7169966999999999 0.1629537953125 0.709777228125 0.1629537953125 0.703589109375 0.1598597359375 0.70049505 0.1516089109375 0.69843234375 0.1392326734375 0.6839934000000001 0.1361386140625 0.685024753125 0.13201320156250002 0.691212871875 0.13201320156250002 0.705651815625
0 0.1000412546875 0.7128712875 0.1103547859375 0.7128712875 0.11344884531249999 0.709777228125 0.1041666671875 0.7025577562499999 0.1010726078125 0.697400990625 0.1010726078125 0.680899340625 0.0948844890625 0.680899340625 0.0886963703125 0.685024753125 0.0886963703125 0.697400990625 0.0928217828125 0.705651815625 0.1000412546875 0.7128712875
1 0.060849834375 0.6448019796875 0.069100659375 0.6448019796875 0.077351484375 0.6406765671875 0.0845709578125 0.6293316828125 0.0845709578125 0.6210808578125 0.0866336640625 0.6190181515625001 0.0845709578125 0.6066419140625 0.0783828390625 0.5942656765625001 0.069100659375 0.5849834984375 0.058787128125 0.5808580859375 0.05156765625 0.5818894390625 0.03919141875 0.5922029703125 0.03919141875 0.5983910890625 0.0371287125 0.6004537953125 0.0371287125 0.6190181515625001 0.041254125 0.6293316828125 0.050536303125 0.6406765671875 0.060849834375 0.6448019796875
1 0 0.6216434140625 0.003094059375 0.6241749171875 0.017533003125 0.6241749171875 0.024752475 0.6169554453125 0.028877887499999998 0.6066419140625 0.028877887499999998 0.5942656765625001 0.026815181249999997 0.5922029703125 0.024752475 0.5798267328125 0.015470296875000001 0.5684818484374999 0.01031353125 0.5695132015625 0.01031353125 0.5757013203125 0.0041254125 0.5942656765625001 0 0.5974743296875 0 0.6216434140625
1 0.054661715624999996 0.5581683171875 0.064975246875 0.5519801984375 0.07632013125 0.5385726078124999 0.0825082515625 0.5200082515625 0.0825082515625 0.5035065999999999 0.07219471875 0.47669141875000004 0.060849834375 0.46534653437499995 0.046410890625 0.459158415625 0.0371287125 0.46018976875 0.023721121875 0.467409240625 0.01650165 0.47462871250000005 0.008250825 0.49319306875 0.00618811875 0.5200082515625 0.014438943749999999 0.5406353140625 0.021658415625 0.5499174921875001 0.036097359375 0.5581683171875 0.054661715624999996 0.5581683171875
0 0.942656765625 0.35705445468749997 0.9447194718749999 0.3591171609375 0.9447194718749999 0.3673679875 0.9550330031250001 0.38799505 0.9663778875 0.39933993437500004 0.9705033000000001 0.40140264062500003 0.98494224375 0.40140264062500003 0.994224421875 0.3921204625 0.994224421875 0.38799505 0.998349834375 0.38180693125 0.998349834375 0.35705445468749997 0.9962871281250001 0.3549917484375 0.9962871281250001 0.3488036296875 0.990099009375 0.3343646859375 0.98081683125 0.3230198015625 0.9705033000000001 0.3168316828125 0.9643151812499999 0.3168316828125 0.962252475 0.3147689765625 0.957095709375 0.3158003296875 0.9488448843749999 0.3219884484375 0.942656765625 0.3343646859375 0.942656765625 0.35705445468749997