2 0.3349609375 0.44140625 0.3232421875 0.44140625 0.3134765625 0.4453125 0.296875 0.4599609375 0.2890625 0.4736328125 0.2890625 0.4794921875 0.287109375 0.4814453125 0.287109375 0.5029296875 0.29296875 0.5166015625 0.3056640625 0.53125 0.3154296875 0.537109375 0.3310546875 0.5390625 0.3330078125 0.541015625 0.33984375 0.5400390625 0.3525390625 0.537109375 0.373046875 0.5185546875 0.37890625 0.5048828125 0.380859375 0.4814453125 0.373046875 0.4619140625 0.3564453125 0.4453125 0.3369140625 0.439453125 0.3349609375 0.44140625
2 0.74609375 0.5400390625 0.744140625 0.5263671875 0.73828125 0.5146484375 0.7216796875 0.49609375 0.6982421875 0.484375 0.6728515625 0.484375 0.6455078125 0.498046875 0.62890625 0.5146484375 0.619140625 0.5361328125 0.6171875 0.5556640625 0.619140625 0.5576171875 0.619140625 0.5673828125 0.625 0.5791015625 0.625 0.5830078125 0.6396484375 0.6015625 0.6669921875 0.615234375 0.6728515625 0.615234375 0.6748046875 0.6171875 0.689453125 0.6162109375 0.7041015625 0.61328125 0.7216796875 0.603515625 0.728515625 0.5966796875 0.744140625 0.5712890625 0.74609375 0.5576171875 0.748046875 0.5556640625 0.748046875 0.5419921875 0.74609375 0.5400390625
2 0.62890625 0.4677734375 0.6123046875 0.44921875 0.5869140625 0.439453125 0.5732421875 0.439453125 0.5517578125 0.447265625 0.53515625 0.4599609375 0.5234375 0.4794921875 0.5234375 0.4853515625 0.521484375 0.4873046875 0.521484375 0.5146484375 0.52734375 0.5283203125 0.5419921875 0.544921875 0.5478515625 0.546875 0.5517578125 0.55078125 0.5693359375 0.556640625 0.587890625 0.5556640625 0.6103515625 0.546875 0.6171875 0.5400390625 0.623046875 0.5224609375 0.634765625 0.5068359375 0.63671875 0.4931640625 0.634765625 0.4912109375 0.634765625 0.4814453125 0.62890625 0.4677734375
1 0.859375 0.5341796875 0.859375 0.5302734375 0.8388671875 0.5078125 0.8173828125 0.5 0.7958984375 0.501953125 0.7822265625 0.5078125 0.7705078125 0.515625 0.755859375 0.5341796875 0.755859375 0.5380859375 0.75 0.5478515625 0.75 0.5595703125 0.748046875 0.5615234375 0.748046875 0.5869140625 0.75 0.5888671875 0.75 0.5966796875 0.765625 0.6201171875 0.7861328125 0.6328125 0.7978515625 0.63671875 0.8125 0.6357421875 0.8271484375 0.6328125 0.8408203125 0.625 0.85546875 0.6083984375 0.8671875 0.5810546875 0.8671875 0.5517578125 0.865234375 0.5498046875 0.865234375 0.5439453125 0.859375 0.5341796875
1 0.2021484375 0.400390625 0.1962890625 0.40234375 0.185546875 0.4111328125 0.1796875 0.4228515625 0.1796875 0.4384765625 0.18359375 0.4482421875 0.1904296875 0.455078125 0.2021484375 0.458984375 0.208984375 0.4580078125 0.2158203125 0.455078125 0.2265625 0.4443359375 0.23046875 0.4248046875 0.228515625 0.4228515625 0.228515625 0.4150390625 0.2197265625 0.404296875 0.2119140625 0.400390625 0.2021484375 0.400390625
1 0.0576171875 0.5 0.0693359375 0.501953125 0.0771484375 0.51171875 0.08203125 0.5107421875 0.08984375 0.5009765625 0.08984375 0.4775390625 0.0830078125 0.466796875 0.0712890625 0.462890625 0.060546875 0.4716796875 0.0546875 0.4853515625 0.0546875 0.4931640625 0.0576171875 0.5
1 0.041015625 0.5166015625 0.0390625 0.5361328125 0.046875 0.5537109375 0.0517578125 0.55859375 0.0556640625 0.560546875 0.0703125 0.5595703125 0.078125 0.5537109375 0.08203125 0.5439453125 0.080078125 0.5166015625 0.0712890625 0.50390625 0.0654296875 0.5 0.0556640625 0.5 0.046875 0.5068359375 0.041015625 0.5166015625
1 0.001953125 0.5107421875 0.005859375 0.5224609375 0.0107421875 0.52734375 0.01953125 0.5263671875 0.0234375 0.5224609375 0.025390625 0.5166015625 0.025390625 0.4990234375 0.0166015625 0.48828125 0.0126953125 0.48828125 0.0087890625 0.490234375 0.00390625 0.4970703125 0.001953125 0.5107421875
2 0.150390625 0.3955078125 0.1611328125 0.396484375 0.1689453125 0.404296875 0.17578125 0.4033203125 0.1796875 0.3955078125 0.1796875 0.3857421875 0.177734375 0.3818359375 0.1708984375 0.375 0.1611328125 0.375 0.1572265625 0.376953125 0.150390625 0.3857421875 0.150390625 0.3955078125
2 0.1455078125 0.3984375 0.138671875 0.4052734375 0.134765625 0.4169921875 0.13671875 0.4287109375 0.1455078125 0.4375 0.1484375 0.4365234375 0.1484375 0.4248046875 0.15234375 0.4169921875 0.1611328125 0.408203125 0.16796875 0.4052734375 0.16796875 0.4013671875 0.1611328125 0.396484375 0.1494140625 0.396484375 0.1455078125 0.3984375
2 0.1787109375 0.40625 0.1728515625 0.40625 0.1708984375 0.404296875 0.1611328125 0.408203125 0.15234375 0.4169921875 0.1484375 0.4248046875 0.1484375 0.4404296875 0.150390625 0.4462890625 0.1591796875 0.455078125 0.1630859375 0.45703125 0.17578125 0.4560546875 0.185546875 0.4501953125 0.181640625 0.4462890625 0.181640625 0.4404296875 0.1796875 0.4384765625 0.1796875 0.4228515625 0.18359375 0.4169921875 0.18359375 0.4111328125 0.1787109375 0.40625
2 0.1279296875 0.431640625 0.1171875 0.4384765625 0.111328125 0.4501953125 0.111328125 0.4716796875 0.115234375 0.4775390625 0.1240234375 0.484375 0.13671875 0.4833984375 0.1455078125 0.478515625 0.150390625 0.4716796875 0.15234375 0.4658203125 0.15234375 0.4482421875 0.1484375 0.4404296875 0.1416015625 0.43359375 0.1376953125 0.431640625 0.1279296875 0.431640625