1 0.5234375 0.5171875 0.04375 0.0421875
1 0.9171875 0.4890625 0.04375 0.0390625
1 0.3390625 0.5078125 0.0453125 0.0421875
1 0.3328125 0.4640625 0.0453125 0.040625
2 0.7125 0.525 0.0515625 0.04375
2 0.7015625 0.4796875 0.046875 0.0390625
2 0.1671875 0.5015625 0.05 0.0359375
2 0.1609375 0.4578125 0.053125 0.0421875
2 0.1767578125 0.3984375 0.1728515625 0.39453125 0.1689453125 0.39453125 0.1669921875 0.392578125 0.1513671875 0.392578125 0.1494140625 0.39453125 0.1435546875 0.396484375 0.138671875 0.4013671875 0.138671875 0.4033203125 0.13671875 0.4052734375 0.13671875 0.4091796875 0.134765625 0.4111328125 0.134765625 0.4150390625 0.13671875 0.4169921875 0.13671875 0.4208984375 0.1416015625 0.421875 0.14453125 0.4248046875 0.14453125 0.4306640625 0.1494140625 0.435546875 0.1767578125 0.435546875 0.177734375 0.4345703125 0.18359375 0.4287109375 0.18359375 0.4267578125 0.181640625 0.4248046875 0.185546875 0.4228515625 0.185546875 0.4072265625 0.1796875 0.4013671875 0.1787109375 0.3984375 0.1767578125 0.3984375
2 0.74609375 0.4208984375 0.7392578125 0.4140625 0.7314453125 0.41015625 0.7236328125 0.41015625 0.7197265625 0.408203125 0.7177734375 0.41015625 0.7138671875 0.41015625 0.7060546875 0.4140625 0.69921875 0.4208984375 0.6953125 0.4287109375 0.6953125 0.4384765625 0.697265625 0.4404296875 0.697265625 0.4482421875 0.7060546875 0.45703125 0.7138671875 0.4609375 0.7265625 0.4599609375 0.7294921875 0.458984375 0.7333984375 0.453125 0.7373046875 0.455078125 0.744140625 0.4482421875 0.7421875 0.4443359375 0.748046875 0.4404296875 0.748046875 0.4248046875 0.74609375 0.4208984375
1 0.896875 0.534375 0.05625 0.05
1 0.3529934453125 0.40537420312499994 0.3402981328125 0.394632015625 0.3344387578125 0.392678890625 0.3207668828125 0.394632015625 0.3149075078125 0.398538265625 0.3080715703125 0.40732732812499994 0.3080715703125 0.42295232812499994 0.3139309453125 0.42685857812499994 0.3119778203125 0.43076482812499994 0.3188137578125 0.43760076562499994 0.3266262578125 0.43760076562499994 0.3344387578125 0.44150701562499994 0.3393215703125 0.44053045312499994 0.3461575078125 0.43760076562499994 0.3490871953125 0.43271795312499994 0.3471340703125 0.42881170312499994 0.3520168828125 0.42783514062499994 0.3549465703125 0.42490545312499994 0.3568996953125 0.41904607812499994 0.3549465703125 0.40928045312499994 0.3529934453125 0.40537420312499994
3 0.1609375 0.471875 0.0828125 0.11875
3 0.3375 0.478125 0.0875 0.1234375
3 0.51875 0.484375 0.0671875 0.128125
3 0.709375 0.4921875 0.0921875 0.125
3 0.903125 0.496875 0.0953125 0.1234375