1 0.507459678125 0.36728830625 0.49133064531250004 0.37333669375 0.48024193593750003 0.38240927343750003 0.47217741875 0.396522178125 0.470161290625 0.41063508125 0.47217741875 0.412651209375 0.47217741875 0.4207157265625 0.47822580625000005 0.4328125 0.4933467734375 0.4479334671875 0.5034274187500001 0.4519657265625 0.5346774187500001 0.4509576609375 0.5427419359375001 0.44490927343750003 0.5568548390625 0.41869959687499997 0.5568548390625 0.40055443593750006 0.55282258125 0.390473790625 0.5377016125 0.37333669375 0.52157258125 0.36728830625 0.507459678125 0.36728830625
1 0.8209677421875 0.45297379062500004 0.8129032265625 0.4388608875 0.7977822578125 0.42373991875000006 0.7816532265625 0.41769153281250004 0.7655241937499999 0.41769153281250004 0.7534274187500001 0.42172379062500004 0.7383064515625 0.4348286296875 0.72822580625 0.45700604843750003 0.72822580625 0.4832157265625 0.736290321875 0.4993447578125 0.7534274187500001 0.5164818546875 0.7655241937499999 0.5225302421875 0.7866935484375001 0.521522178125 0.7977822578125 0.5164818546875 0.816935484375 0.4953125 0.8209677421875 0.4832157265625 0.8229838703125001 0.46103830625000003 0.8209677421875 0.459022178125 0.8209677421875 0.45297379062500004
1 0.3260080640625 0.3491431453125 0.313911290625 0.35519153281250004 0.304838709375 0.3662802421875 0.30282258125 0.3723286296875 0.30282258125 0.38644153281250004 0.3068548390625 0.396522178125 0.313911290625 0.4035786296875 0.3260080640625 0.40962701562500003 0.3411290328125 0.40861895156249994 0.3461693546875 0.4076108875 0.351209678125 0.40257056406249997 0.35927419375 0.38644153281250004 0.361290321875 0.3743447578125 0.3572580640625 0.362247984375 0.34818548437499997 0.353175403125 0.34012096718749996 0.3491431453125 0.3260080640625 0.3491431453125
1 0.586088709375 0.318901209375 0.5790322578125 0.32998991875 0.5790322578125 0.33603830625 0.5770161296875 0.3380544359375 0.5810483875 0.35216733906250003 0.5961693546875 0.36728830625 0.6022177421875 0.36728830625 0.6042338703125 0.3693044359375 0.6254032265625 0.3682963703125 0.6354838703125 0.362247984375 0.6395161296875 0.350151209375 0.6395161296875 0.3400705640625 0.6334677421875 0.3259576609375 0.6243951609375 0.31688508125000003 0.6143145156250001 0.31083669375 0.6002016125 0.31083669375 0.586088709375 0.318901209375
1 0.501411290625 0.353175403125 0.5135080640624999 0.359223790625 0.532661290625 0.3582157265625 0.535685484375 0.3572076609375 0.5447580640624999 0.3461189515625 0.5467741937499999 0.3400705640625 0.5467741937499999 0.3259576609375 0.5427419359375001 0.3178931453125 0.5296370968749999 0.3068044359375 0.50947580625 0.3068044359375 0.4943548390625 0.31990927343750003 0.49233870937499996 0.3259576609375 0.49233870937499996 0.3400705640625 0.501411290625 0.353175403125
1 0.46108870937499996 0.330997984375 0.467137096875 0.3330141125 0.47822580625000005 0.3320060484375 0.4832661296875 0.330997984375 0.486290321875 0.327973790625 0.49233870937499996 0.31587701562500003 0.49233870937499996 0.3037802421875 0.49032258124999994 0.299747984375 0.4792338703125 0.290675403125 0.4631048390625 0.290675403125 0.45 0.3017641125 0.4479838703125 0.31587701562500003 0.4520161296875 0.32394153281250004 0.46108870937499996 0.330997984375
1 0.19193548437500002 0.3723286296875 0.19697580625 0.3713205640625 0.2020161296875 0.3662802421875 0.2060483875 0.35619959687499997 0.2040322578125 0.34813508125000003 0.1989919359375 0.3430947578125 0.1868951609375 0.3430947578125 0.179838709375 0.350151209375 0.17782258125 0.35619959687499997 0.179838709375 0.3662802421875 0.1848790328125 0.3713205640625 0.188911290625 0.37333669375 0.19193548437500002 0.3723286296875
1 0.2897177421875 0.3007560484375 0.282661290625 0.3057963703125 0.2786290328125 0.3138608875 0.2786290328125 0.31990927343750003 0.282661290625 0.3259576609375 0.2877016125 0.32898185468749996 0.29677419375 0.327973790625 0.304838709375 0.321925403125 0.3068548390625 0.3098286296875 0.301814515625 0.302772178125 0.2897177421875 0.3007560484375
1 0.5780241937499999 0.3007560484375 0.569959678125 0.30478830625 0.5608870968749999 0.31587701562500003 0.5588709671875 0.321925403125 0.5608870968749999 0.33603830625 0.569959678125 0.34712701562500003 0.5790322578125 0.350151209375 0.5770161296875 0.3400705640625 0.5830645156250001 0.321925403125 0.5921370968749999 0.3148689515625 0.6052419359375001 0.3098286296875 0.6052419359375001 0.3078125 0.5961693546875 0.3007560484375 0.5901209671875 0.3007560484375 0.5881048390625 0.29873991875 0.5780241937499999 0.3007560484375
1 0.5004032265625 0.27958669375 0.49133064531250004 0.2705141125 0.4772177421875 0.2705141125 0.47318548437499997 0.2725302421875 0.4681451609375 0.27958669375 0.4681451609375 0.287651209375 0.4711693546875 0.290675403125 0.4832661296875 0.29269153281250004 0.49133064531250004 0.3007560484375 0.4943548390625 0.299747984375 0.5004032265625 0.2916834671875 0.5004032265625 0.27958669375
1 0.41169354843750006 0.281602821875 0.40967741875 0.2916834671875 0.4147177421875 0.29873991875 0.41774193593750003 0.29773185468749996 0.4207661296875 0.2947076609375 0.435887096875 0.2916834671875 0.43790322656249997 0.27958669375 0.43286290312500003 0.2745463703125 0.4227822578125 0.2745463703125 0.41169354843750006 0.281602821875
1 0.41370967812500004 0.29773185468749996 0.41169354843750006 0.2957157265625 0.41169354843750006 0.2836189515625 0.41370967812500004 0.27958669375 0.4086693546875 0.2765625 0.398588709375 0.2765625 0.3895161296875 0.2836189515625 0.3875 0.2957157265625 0.39657258125 0.30478830625 0.4056451609375 0.3057963703125 0.4086693546875 0.30478830625 0.41370967812500004 0.29773185468749996
0 0.4167338703125 0.330997984375 0.42883064531250004 0.3350302421875 0.4318548390625 0.334022178125 0.44092741875 0.330997984375 0.4459677421875 0.3259576609375 0.4479838703125 0.321925403125 0.4479838703125 0.3017641125 0.4348790328125 0.29269153281250004 0.426814515625 0.29269153281250004 0.4167338703125 0.296723790625 0.41169354843750006 0.3017641125 0.40967741875 0.3057963703125 0.40967741875 0.321925403125 0.4167338703125 0.330997984375
0 0.24233870937500002 0.34813508125000003 0.24233870937500002 0.334022178125 0.2352822578125 0.3269657265625 0.2292338703125 0.3269657265625 0.21814516093749997 0.334022178125 0.2161290328125 0.3380544359375 0.2161290328125 0.350151209375 0.21814516093749997 0.3541834671875 0.223185484375 0.3572076609375 0.23427419375 0.35619959687499997 0.2372983875 0.35519153281250004 0.24233870937500002 0.34813508125000003
0 0.46512096718749996 0.290675403125 0.4681451609375 0.28563508125000003 0.4661290328125 0.27958669375 0.45705645156249997 0.2725302421875 0.44092741875 0.2745463703125 0.435887096875 0.2836189515625 0.435887096875 0.29369959687499997 0.44092741875 0.2947076609375 0.44697580625000005 0.3007560484375 0.4520161296875 0.299747984375 0.45907258124999994 0.29269153281250004 0.46512096718749996 0.290675403125
0 0.5064516125 0.28966733906250003 0.5145161296875 0.2836189515625 0.5165322578125 0.27353830625 0.507459678125 0.26244959687499997 0.4933467734375 0.26244959687499997 0.48830645156249997 0.2695060484375 0.5004032265625 0.27958669375 0.5004032265625 0.28966733906250003 0.5064516125 0.28966733906250003