1 0.43178104531250006 0.5537888078125001 0.4358660125 0.5415339046875001 0.43382352968750004 0.5374489375 0.4358660125 0.5313214875 0.43178104531250006 0.52110906875 0.4266748359375 0.516002859375 0.42258986875 0.516002859375 0.41646241875 0.507832925 0.41033496718749995 0.505790440625 0.39603758125 0.505790440625 0.3858251640625 0.5098754078125001 0.37254902031250003 0.5231515515625 0.3705065359375 0.529279003125 0.37254902031250003 0.5415339046875001 0.3705065359375 0.5435763890625 0.374591503125 0.5537888078125001 0.3858251640625 0.5650224671874999 0.40012254843750006 0.57114991875 0.40931372499999996 0.5701286765625 0.4205473859375 0.5670649515624999 0.421568628125 0.5619587421875 0.43178104531250006 0.5537888078125001
2 0.6761726578125 0.550375671875 0.6761726578125 0.529950834375 0.6649389984375 0.518717175 0.658811546875 0.516674690625 0.63430174375 0.516674690625 0.626131809375 0.5207596578125 0.6169406328125 0.529950834375 0.6128556656249999 0.5381207703124999 0.6128556656249999 0.5462907046875001 0.6148981484375 0.5483331875 0.6128556656249999 0.5585456062499999 0.6210256000000001 0.5728429921875 0.6302167765625 0.579991684375 0.642471678125 0.5840766515625 0.65779030625 0.583055409375 0.6628965140624999 0.58203416875 0.6741301749999999 0.5708005078125 0.6761726578125 0.560588090625 0.672087690625 0.5544606390625 0.6761726578125 0.550375671875
2 1 0.54657203125 0.999591503125 0.545618871875 0.98835784375 0.5343852124999999 0.9720179734375 0.526215278125 0.9536356203125 0.526215278125 0.949550653125 0.5303002453125 0.9475081703124999 0.526215278125 0.94138071875 0.526215278125 0.92504085 0.5343852124999999 0.9138071890624999 0.54766135625 0.9138071890624999 0.555831290625 0.9158496734374999 0.557873775 0.91176470625 0.5640012249999999 0.91176470625 0.5680861921875 0.91789215625 0.582383578125 0.93525326875 0.5977022062499999 0.9393382359375 0.5977022062499999 0.94138071875 0.5936172390625 0.9454656859374999 0.5997446890625 0.9515931375 0.6017871734375 0.9771241828124999 0.60076593125 0.99448529375 0.589532271875 1 0.584017565625 1 0.54657203125
1 0.969975490625 0.452685865625 0.9372957515625 0.4506433828125 0.9209558828125 0.45881331718749996 0.909722221875 0.4700469765625 0.909722221875 0.47413194374999995 0.903594771875 0.4823018796875 0.903594771875 0.49455678125 0.9148284312499999 0.516002859375 0.92504085 0.5200878265625 0.93525326875 0.5200878265625 0.9372957515625 0.5221303109375001 0.9475081703124999 0.5221303109375001 0.9536356203125 0.516002859375 0.9556781046875 0.5221303109375001 0.9750816999999999 0.52110906875 0.9893790843750001 0.5088541671875 0.9955065359375 0.4965992640625 0.9934640515625001 0.4720894609375 0.9822303921875 0.45881331718749996 0.969975490625 0.452685865625
1 0.6809640515625001 0.5027267156249999 0.6850490203125 0.49251429687500003 0.6850490203125 0.47413194374999995 0.6748366015625 0.465962009375 0.6748366015625 0.45983455937500006 0.6676879078125 0.452685865625 0.6595179734375 0.4486008984375 0.6513480390625 0.4486008984375 0.6493055562500001 0.44655841562500004 0.637050653125 0.4486008984375 0.6247957515625 0.45472835 0.6135620921875 0.46800449375 0.6115196078125 0.47821691250000004 0.6094771234375 0.4802593953125 0.6094771234375 0.48842932968749997 0.6115196078125 0.49047181406249996 0.6135620921875 0.50068423125 0.62888071875 0.5139603765625 0.66870915 0.512939134375 0.673815359375 0.505790440625 0.6779003265625 0.505790440625 0.6809640515625001 0.5027267156249999
2 0.41748365937500004 0.4843443625 0.41748365937500004 0.46800449375 0.41135620937499995 0.46187704218750003 0.41339869218749997 0.45983455937500006 0.40216503281250005 0.4486008984375 0.39399509843749997 0.44655841562500004 0.3919526140625 0.44451593125000005 0.3756127453125 0.44451593125000005 0.3735702609375 0.44655841562500004 0.36948529375 0.44655841562500004 0.358251634375 0.4557495921875 0.358251634375 0.4639195265625 0.3521241828125 0.46800449375 0.3521241828125 0.4843443625 0.3541666671875 0.48842932968749997 0.358251634375 0.49251429687500003 0.3602941171875 0.4986417484375 0.36335784375 0.5017054734374999 0.3674428109375 0.5017054734374999 0.36948529375 0.5037479578124999 0.40114379062500005 0.5027267156249999 0.40931372499999996 0.4986417484375 0.41748365937500004 0.4843443625
2 0 0.5446997546875 0.00388071875 0.5466401140625 0.0100081703125 0.5466401140625 0.012050653125000001 0.54459763125 0.016135620312499998 0.5466401140625 0.0232843140625 0.545618871875 0.0283905234375 0.54459763125 0.0416666671875 0.5313214875 0.04370915 0.5272365203125 0.04370915 0.512939134375 0.0345179734375 0.5017054734374999 0.032475490625 0.5017054734374999 0.02430555625 0.4955780234375 0.0181781046875 0.4955780234375 0.0140931375 0.49353553906250003 0.008986928125 0.4965992640625 0.0079656859375 0.5017054734374999 0.005923203125 0.4955780234375 0 0.4955780234375 0 0.5446997546875
3 0.0359375 0.4953125 0.071875 0.128125
3 0.1765625 0.490625 0.1109375 0.140625
3 0.39375 0.503125 0.1015625 0.15625
3 0.65 0.5109375 0.0890625 0.1640625