1 0.7276041671875 0.553262578125 0.7276041671875 0.5395047171875 0.7187598265624999 0.530660378125 0.7089327828124999 0.530660378125 0.705001965625 0.5326257859375 0.698123034375 0.5414701265625 0.6991057390625001 0.5522798734375 0.70008844375 0.5552279875 0.7069673734374999 0.560141509375 0.7167944187499999 0.56210691875 0.7276041671875 0.553262578125
0 0.7010711484375001 0.5994496859375 0.7108981921875 0.6073113203125 0.7226906453125 0.6053459125 0.729569575 0.596501571875 0.7276041671875 0.5807783015625 0.7226906453125 0.5758647796874999 0.7089327828124999 0.5758647796874999 0.70008844375 0.586674528125 0.7010711484375001 0.5994496859375
1 0.7069673734374999 0.670204403125 0.714829009375 0.6761006296875001 0.724656053125 0.6761006296875001 0.7354658015625 0.663325471875 0.73350039375 0.653498428125 0.724656053125 0.646619496875 0.7128636 0.64858490625 0.7059846703125 0.6574292453125 0.7069673734374999 0.670204403125
1 0.654884040625 0.749803459375 0.6607802671874999 0.73801100625 0.6607802671874999 0.7203223265625 0.65684945 0.7124606921875001 0.64997051875 0.7055817609374999 0.642108884375 0.70165094375 0.6362126578125 0.70165094375 0.6342472484375 0.699685534375 0.63031643125 0.70165094375 0.6204893874999999 0.70165094375 0.6086969343749999 0.7075471703125 0.5959217765625 0.7222877359375001 0.5939563671875 0.7340801890625 0.591990959375 0.736045596875 0.5929736640625001 0.742924528125 0.606731525 0.7586477984375 0.6145931609375 0.7625786156250001 0.6204893874999999 0.764544025 0.638178065625 0.7625786156250001 0.654884040625 0.749803459375
1 0.63031643125 0.8647798734375 0.642108884375 0.87460691875 0.6578321546875 0.87460691875 0.6656937890625 0.8706761000000001 0.6725727203125 0.8637971703125 0.6765035375 0.8559355343749999 0.6745381296875 0.84414308125 0.66372838125 0.8352987421875 0.64997051875 0.8352987421875 0.638178065625 0.84119496875 0.63326454375 0.846108490625 0.6293337265625001 0.8539701265625 0.63031643125 0.8647798734375
1 0.6725727203125 0.8637971703125 0.6686419031249999 0.8677279875 0.66962460625 0.8706761000000001 0.6755208328125 0.872641509375 0.6873132859375 0.8706761000000001 0.6941922171875 0.8637971703125 0.6961576265625 0.8598663515625 0.6961576265625 0.8500393078125 0.6932095125 0.8451257859375 0.6873132859375 0.84119496875 0.6774862421875001 0.84119496875 0.6745381296875 0.84414308125 0.6765035375 0.8539701265625 0.6725727203125 0.8637971703125
1 0.695174921875 0.786163521875 0.6873132859375 0.7900943390624999 0.6823997640624999 0.7950078609375 0.68338246875 0.7999213843749999 0.6912441031250001 0.8117138359375 0.7069673734374999 0.8136792453125 0.711880896875 0.8068003140625001 0.711880896875 0.793042453125 0.70303655625 0.786163521875 0.695174921875 0.786163521875
1 0.717777121875 0.783215409375 0.71974253125 0.77142295625 0.714829009375 0.764544025 0.70303655625 0.7625786156250001 0.6902614 0.77142295625 0.688295990625 0.7773191828125 0.6892786953125001 0.7822327046875001 0.6932095125 0.786163521875 0.7010711484375001 0.786163521875 0.7089327828124999 0.7900943390624999 0.717777121875 0.783215409375
0 0.64702240625 0.8087657234375 0.645056996875 0.812696540625 0.6460397015625 0.8235062890625 0.6539013359375 0.8333333328125001 0.66962460625 0.8352987421875 0.6774862421875001 0.831367925 0.68633058125 0.822523584375 0.688295990625 0.8185927671875 0.688295990625 0.8068003140625001 0.681417059375 0.797955975 0.671590015625 0.7940251578125 0.6656937890625 0.7940251578125 0.6578321546875 0.797955975 0.64702240625 0.8087657234375
0 0.6932095125 0.84119496875 0.6971403296875 0.8392295593749999 0.7040192609375 0.8323506296875 0.7040192609375 0.8166273578125001 0.6971403296875 0.8117138359375 0.6912441031250001 0.8117138359375 0.688295990625 0.81466195 0.68633058125 0.822523584375 0.6725727203125 0.8343160375 0.673555425 0.8372641515625 0.6794516515625 0.84119496875 0.6932095125 0.84119496875
0 0.70008844375 0.8716588046875 0.70008844375 0.8618317609374999 0.6971403296875 0.8588836484375 0.6902614 0.8677279875 0.685347878125 0.8706761000000001 0.66962460625 0.8706761000000001 0.66962460625 0.8765723265625001 0.673555425 0.8824685531249999 0.685347878125 0.8824685531249999 0.6932095125 0.8785377359375 0.70008844375 0.8716588046875
1 0.635229953125 0.909001571875 0.635229953125 0.9011399375 0.6312991359375 0.8932783015625001 0.6204893874999999 0.8863993703125 0.6126277515624999 0.8863993703125 0.6106623421874999 0.8844339625 0.598869890625 0.8863993703125 0.5870774375 0.8922955968749999 0.578233096875 0.9011399375 0.5743022796874999 0.91096698125 0.575284984375 0.9178459125 0.585112028125 0.9296383640625001 0.5910082546875 0.9296383640625001 0.5929736640625001 0.9316037734375 0.6106623421874999 0.9316037734375 0.6204893874999999 0.92767295625 0.6312991359375 0.918828615625 0.635229953125 0.909001571875
1 0.5870774375 0.9394654093750001 0.585112028125 0.9414308171875 0.573319575 0.9433962265625 0.5625098265624999 0.9522405656249999 0.56349253125 0.9571540875 0.5693887578125 0.9571540875 0.5870774375 0.9630503140625001 0.5939563671875 0.9718946546874999 0.5949390718750001 0.978773584375 0.606731525 0.9748427671875 0.6155758640625 0.96403301875 0.6155758640625 0.9502751578125 0.6086969343749999 0.9433962265625 0.598869890625 0.9394654093750001 0.5870774375 0.9394654093750001
1 0.5741057390625001 1 0.5811812109375001 0.9964622640625 0.591990959375 0.9856525156249999 0.5939563671875 0.9817216984374999 0.5939563671875 0.9718946546874999 0.59002555 0.965998428125 0.5831466187500001 0.96108490625 0.5713541671875 0.9571540875 0.555630896875 0.9571540875 0.541873034375 0.9630503140625001 0.5330286953125001 0.9718946546874999 0.52713246875 0.9856525156249999 0.5281151734375 0.9886006296875 0.5340114 0.9964622640625 0.5399076265625 1 0.5741057390625001 1
1 0.5526827828124999 0.9148977984375 0.54678655625 0.9050707546875 0.5340114 0.89426100625 0.5163227203125 0.8883647796874999 0.50059945 0.8883647796874999 0.47504913593750003 0.8981918234374999 0.4642393875 0.909001571875 0.45834316093750005 0.9227594343750001 0.4593258640625 0.9316037734375 0.4662047953125 0.9443789312499999 0.47308372656250003 0.9512578609375 0.49077240624999996 0.9591194968750001 0.5163227203125 0.96108490625 0.5359768078125 0.9532232703125001 0.5448211484375001 0.9463443390625 0.5526827828124999 0.9325864781250001 0.5526827828124999 0.9148977984375
0 0.361055425 0.0687893078125 0.3630208328125 0.0668239 0.37088246874999997 0.0668239 0.39053655625 0.0569968546875 0.4013463046875 0.04618710625 0.40331171406250005 0.0422562890625 0.40331171406250005 0.028498428125000003 0.3944673734375 0.0196540875 0.39053655625 0.0196540875 0.3846403296875 0.015723270312500003 0.361055425 0.015723270312500003 0.359090015625 0.0176886796875 0.3531937890625 0.0176886796875 0.339435928125 0.023584906250000003 0.32862617968749996 0.0324292453125 0.32272995312499997 0.0422562890625 0.32272995312499997 0.048152515624999996 0.32076454375 0.050117924999999994 0.3217472484375 0.055031446875 0.327643475 0.06289308125000001 0.339435928125 0.0687893078125 0.361055425 0.0687893078125