2 0.33125 0.58125 0.05 0.0515625
2 0.5078125 0.584375 0.0453125 0.04375
2 0.7078125 0.5953125 0.05 0.04375
1 0.69375 0.5484375 0.05 0.0421875
2 0.8921875 0.60625 0.05625 0.046875
1 0.903125 0.55625 0.0578125 0.0453125
1 0.5109375 0.540625 0.0484375 0.046875
2 0.3203125 0.534375 0.0453125 0.04375
2 0.159375 0.571875 0.05 0.0453125
1 0.5263671875 0.474609375 0.5244140625 0.474609375 0.5224609375 0.47265625 0.5087890625 0.47265625 0.5068359375 0.474609375 0.5009765625 0.4765625 0.494140625 0.4833984375 0.494140625 0.4853515625 0.4921875 0.4873046875 0.4921875 0.4931640625 0.490234375 0.4951171875 0.490234375 0.4990234375 0.4951171875 0.50390625 0.5 0.5048828125 0.49609375 0.5068359375 0.49609375 0.5107421875 0.5 0.5146484375 0.5009765625 0.517578125 0.5263671875 0.517578125 0.52734375 0.5166015625 0.533203125 0.5126953125 0.533203125 0.5087890625 0.53125 0.5068359375 0.5390625 0.5009765625 0.5390625 0.4912109375 0.537109375 0.4892578125 0.53515625 0.4833984375 0.5263671875 0.474609375
1 0.12109375 0.5185546875 0.12109375 0.5361328125 0.1240234375 0.54296875 0.1279296875 0.544921875 0.1357421875 0.544921875 0.1376953125 0.54296875 0.1396484375 0.544921875 0.166015625 0.5439453125 0.171875 0.5361328125 0.173828125 0.5224609375 0.169921875 0.5146484375 0.1591796875 0.505859375 0.1533203125 0.50390625 0.1396484375 0.50390625 0.1279296875 0.509765625 0.12109375 0.5185546875
3 0.1546875 0.5421875 0.078125 0.11875
3 0.328125 0.546875 0.078125 0.1234375
3 0.509375 0.5609375 0.0671875 0.1296875
3 0.7015625 0.5671875 0.08125 0.1359375
3 0.896875 0.575 0.0890625 0.1234375