2 0.3640625 0.26875 0.0453125 0.0484375
2 0.3609375 0.3203125 0.0484375 0.0484375
1 0.3828125 0.578125 0.0375 0.0390625
2 0.3703125 0.2078125 0.0390625 0.04375
1 0.275 0.696875 0.06875 0.0671875
1 0.3859375 0.2453125 0.040625 0.0421875
1 0.3890625 0.3328125 0.0390625 0.0390625
1 0.4234375 0.40625 0.025 0.028125
1 0.446875 0.5375 0.0203125 0.0203125
1 0.4453125 0.65 0.0203125 0.0203125
3 0.4328125 0.321875 0.0484375 0.0453125
3 0.4296875 0.4640625 0.0515625 0.04375
3 0.478125 0.728125 0.0484375 0.03125
3 0.471875 0.7515625 0.0546875 0.034375