1 0.7805280531250001 0.4498762375 0.772277228125 0.4333745875 0.75268151875 0.415841584375 0.7361798687500001 0.40965346562500005 0.7114273921875001 0.40965346562500005 0.6928630359375 0.417904290625 0.6794554453125 0.43131188125 0.6691419140625 0.4581270625 0.6691419140625 0.47669141875000004 0.6794554453125 0.49938118749999993 0.6949257421875 0.5148514843750001 0.7155528046875 0.5231023109375 0.739273928125 0.5220709578125 0.7464934000000001 0.5210396046875 0.76093234375 0.512788778125 0.772277228125 0.50144389375 0.782590759375 0.4705033 0.7805280531250001 0.4498762375
1 1 0.48329207968750004 0.9950495046875 0.46844059375 0.9816419140624999 0.45297029687499996 0.9651402640625 0.44471947187499994 0.9465759078125 0.44471947187499994 0.9383250828125 0.448844884375 0.9269801984375 0.46018976875 0.9207920796875 0.47256600625 0.9207920796875 0.47875412500000003 0.9166666671874999 0.48906765625000004 0.9166666671874999 0.50556930625 0.9187293734375 0.5076320125 0.9207920796875 0.5261963703125 0.9341996703125 0.5416666671875 0.9486386140624999 0.5499174921875001 0.9661716171875 0.5488861390625 0.9733910890624999 0.5478547859375 0.9795792078125001 0.5437293734375 0.9950495046875 0.5261963703125 1 0.5113448843749999 1 0.48329207968750004
1 0.27825907656250004 0.378712871875 0.2658828390625 0.380775578125 0.250412540625 0.39830858125 0.248349834375 0.4044967 0.248349834375 0.43131188125 0.252475246875 0.43956270625 0.25969471875 0.446782178125 0.26794554531250003 0.45090759062499997 0.28754125468749997 0.4498762375 0.2988861390625 0.446782178125 0.3061056109375 0.43956270625 0.3143564359375 0.42099834999999997 0.3143564359375 0.40037128749999995 0.3030115515625 0.382838284375 0.28032178281250003 0.376650165625 0.27825907656250004 0.378712871875
1 0.2885726078125 0.376650165625 0.30507425781249997 0.384900990625 0.3061056109375 0.3756188125 0.3040429046875 0.36943069375 0.29991749218749997 0.363242575 0.2906353140625 0.3560231015625 0.28444719531249996 0.3560231015625 0.2823844890625 0.3539603953125 0.2658828390625 0.3560231015625 0.250412540625 0.37355610625 0.248349834375 0.39005775625 0.250412540625 0.39418316875000003 0.252475246875 0.39418316875000003 0.25969471875 0.384900990625 0.2700082515625 0.378712871875 0.2761963703125 0.378712871875 0.27825907656250004 0.376650165625 0.2885726078125 0.376650165625
1 0 0.7745462046875 0.0008250828125 0.7819719468749999 0.0049504953125 0.790222771875 0.0080445546875 0.7933168312500001 0.0379537953125 0.7922854781249999 0.0400165015625 0.790222771875 0.0379537953125 0.784034653125 0.027640264062499996 0.773721121875 0.0235148515625 0.763407590625 0.0152640265625 0.755156765625 0.0132013203125 0.746905940625 0.0018564359375 0.7376237625 0 0.740965346875 0 0.7745462046875
1 0.07198844843749999 0.68605610625 0.057549504687499996 0.6778052812500001 0.0431105609375 0.6778052812500001 0.034859735937500004 0.68193069375 0.0297029703125 0.687087459375 0.0235148515625 0.701526403125 0.0235148515625 0.711839934375 0.027640264062499996 0.720090759375 0.0823019796875 0.77681518125 0.0926155109375 0.78506600625 0.0998349828125 0.784034653125 0.10602310156250001 0.7716584156249999 0.10808580781249999 0.7572194718749999 0.10602310156250001 0.755156765625 0.10396039531250001 0.734529703125 0.0915841578125 0.7077145218750001 0.07198844843749999 0.68605610625
0 0.2865099015625 0.75206270625 0.3040429046875 0.736592409375 0.3122937296875 0.724216171875 0.3184818484375 0.705651815625 0.3184818484375 0.680899340625 0.3019801984375 0.6478960390624999 0.2720709578125 0.6221122109375 0.245255775 0.6138613859375 0.22050329999999999 0.6159240921875 0.20812706250000002 0.6221122109375 0.190594059375 0.6396452140625 0.182343234375 0.6561468640625 0.180280528125 0.682962046875 0.182343234375 0.685024753125 0.182343234375 0.693275578125 0.186468646875 0.705651815625 0.192656765625 0.7180280531250001 0.205033003125 0.734529703125 0.2246287125 0.75 0.245255775 0.758250825 0.2710396046875 0.7572194718749999 0.2865099015625 0.75206270625
0 0.9331683171874999 0.4375 0.9228547859375 0.4168729375 0.9115099015625001 0.405528053125 0.8970709578125 0.39933993437500004 0.8846947187499999 0.39933993437500004 0.87231848125 0.403465346875 0.8640676562499999 0.40965346562500005 0.856848184375 0.41893564375 0.8506600656250001 0.4333745875 0.8506600656250001 0.45606435625 0.854785478125 0.462252475 0.858910890625 0.47875412500000003 0.8681930687499999 0.488036303125 0.8826320125 0.494224421875 0.9063531359375 0.49319306875 0.9187293734375 0.4828795375 0.9228547859375 0.46844059375 0.9331683171874999 0.45193894375 0.9331683171874999 0.4375
0 0.6629537953125 0.462252475 0.6691419140625 0.45606435625 0.6732673265625 0.4416254125 0.6773927390625001 0.4375 0.6815181515625001 0.42718646875 0.6949257421875 0.415841584375 0.6990511546875 0.415841584375 0.7052392734375 0.41171617187500004 0.7083333328125 0.40862211249999997 0.7083333328125 0.40037128749999995 0.7000825078124999 0.3838696375 0.6825495046875 0.368399340625 0.6701732671875 0.364273928125 0.6516089109375 0.364273928125 0.6351072609374999 0.370462046875 0.6155115515625 0.3921204625 0.6155115515625 0.39830858125 0.6134488453125 0.40037128749999995 0.6134488453125 0.42306105625 0.6196369640625 0.4375 0.6351072609374999 0.457095709375 0.6495462046875 0.46328382812499996 0.6629537953125 0.462252475
0 0.505156765625 0.3560231015625 0.49690594062500004 0.35189768906249996 0.476278878125 0.35189768906249996 0.46390264062500003 0.3560231015625 0.44843234374999996 0.36943069375 0.44224422499999994 0.38180693125 0.44224422499999994 0.40655940625 0.44636963749999997 0.4168729375 0.46183993437500004 0.43028052812500006 0.478341584375 0.43646864687500003 0.4958745875 0.43543729375 0.503094059375 0.43440594062500004 0.5206270625 0.41893564375 0.52681518125 0.40243399375 0.52681518125 0.3838696375 0.5206270625 0.36943069375 0.505156765625 0.3560231015625
0 0.180280528125 0.50144389375 0.1668729375 0.488036303125 0.15655940625 0.483910890625 0.14212046250000002 0.483910890625 0.1338696375 0.488036303125 0.12046204687499999 0.5035065999999999 0.12046204687499999 0.5076320125 0.116336634375 0.5138201312499999 0.116336634375 0.5406353140625 0.126650165625 0.5591996703125 0.1338696375 0.5664191421875 0.14418316874999998 0.5705445546875 0.161716171875 0.5695132015625 0.16893564375 0.5684818484374999 0.184405940625 0.5509488453125 0.186468646875 0.5447607265625 0.186468646875 0.5158828390625 0.180280528125 0.50144389375