0 0.3557963703125 0.170564515625 0.3729334671875 0.157459678125 0.371925403125 0.14233870937499998 0.36184475781250003 0.1302419359375 0.3416834671875 0.1302419359375 0.3336189515625 0.13427419375 0.3265625 0.1413306453125 0.3225302421875 0.1493951609375 0.3225302421875 0.1614919359375 0.3275705640625 0.1685483875 0.33563508125 0.1725806453125 0.349747984375 0.1725806453125 0.3557963703125 0.170564515625
0 0.3537802421875 0.2129032265625 0.3416834671875 0.20282258125000002 0.32353830625 0.20282258125000002 0.31950604843749997 0.204838709375 0.3084173390625 0.21391129062499997 0.30438508125 0.22197580625 0.30640120937500004 0.23810483906250002 0.31950604843749997 0.24717741875 0.33563508125 0.24717741875 0.3416834671875 0.24516129062499997 0.35478830625 0.22802419375 0.3537802421875 0.2129032265625
0 0.3477318546875 0.3459677421875 0.35478830625 0.338911290625 0.3568044359375 0.3167338703125 0.3588205640625 0.3147177421875 0.3578125 0.30967741875 0.34369959687499996 0.2975806453125 0.331602821875 0.295564515625 0.31950604843749997 0.2995967734375 0.3084173390625 0.310685484375 0.30640120937500004 0.3167338703125 0.30640120937500004 0.3368951609375 0.321522178125 0.35 0.33765120937500004 0.35 0.3477318546875 0.3459677421875
0 0.44652217812500006 0.20282258125000002 0.434425403125 0.20282258125000002 0.4162802421875 0.21088709687499999 0.4011592734375 0.22802419375 0.3951108875 0.2441532265625 0.397127015625 0.264314515625 0.403175403125 0.2743951609375 0.4203125 0.2875 0.4324092734375 0.2895161296875 0.434425403125 0.29153225781250003 0.44853830625 0.29153225781250003 0.4586189515625 0.2875 0.4586189515625 0.2854838703125 0.443497984375 0.270362903125 0.4354334671875 0.248185484375 0.43744959687499996 0.2260080640625 0.4495463703125 0.20584677343750002 0.44652217812500006 0.20282258125000002
0 0.5170866937499999 0.20080645156250002 0.50498991875 0.19072580625 0.4888608875 0.188709678125 0.48684475781250003 0.19072580625 0.4787802421875 0.19072580625 0.4666834671875 0.1947580640625 0.4475302421875 0.20987903281250003 0.43744959687499996 0.2260080640625 0.4354334671875 0.248185484375 0.4414818546875 0.2663306453125 0.45458669374999994 0.2814516125 0.4767641125 0.29153225781250003 0.5090221781250001 0.29153225781250003 0.5251512093749999 0.2834677421875 0.5443044359375 0.2663306453125 0.550352821875 0.2502016125 0.5493447578125 0.23306451562500002 0.54228830625 0.21592741875 0.5352318546875 0.20887096718749998 0.5170866937499999 0.20080645156250002
0 0.6148689515625 0.1413306453125 0.6068044359375 0.12721774218749998 0.5896673390625 0.11209677343749999 0.565473790625 0.1020161296875 0.537247984375 0.1020161296875 0.519102821875 0.108064515625 0.49591733906249996 0.1292338703125 0.4898689515625 0.1433467734375 0.48785282187499995 0.157459678125 0.4898689515625 0.15947580625 0.49188508124999997 0.17358870937499998 0.5019657265624999 0.1877016125 0.5130544359375 0.19677419375 0.52313508125 0.20080645156250002 0.5271673390625 0.204838709375 0.5392641125 0.20887096718749998 0.5715221781250001 0.20887096718749998 0.5876512093749999 0.20282258125000002 0.6088205640625 0.18568548437500002 0.61688508125 0.16955645156250002 0.615877015625 0.148387096875 0.6148689515625 0.1413306453125
0 0.5130544359375 0.37217741875 0.5100302421875 0.35907258125 0.505997984375 0.3510080640625 0.49894153281250003 0.3439516125 0.474747984375 0.3318548390625 0.45458669374999994 0.32983870937500004 0.434425403125 0.3379032265625 0.4132560484375 0.36108870937500004 0.40922379062500003 0.3711693546875 0.40922379062500003 0.39737903281250003 0.41527217812500006 0.41350806406249996 0.4303931453125 0.42862903281250003 0.44047379062500003 0.43266129062500003 0.46063508124999997 0.43266129062500003 0.474747984375 0.426612903125 0.4928931453125 0.4245967734375 0.5019657265624999 0.41754032187499995 0.5100302421875 0.40342741875000004 0.5100302421875 0.39737903281250003 0.5120463703125 0.395362903125 0.5120463703125 0.3872983875 0.5140625 0.38528225781250003 0.5130544359375 0.37217741875
0 0.45458669374999994 0.30967741875 0.43644153281250003 0.2995967734375 0.4203125 0.2975806453125 0.4182963703125 0.2995967734375 0.4082157265625 0.2995967734375 0.400151209375 0.30362903281250003 0.3870463703125 0.3147177421875 0.3789818546875 0.3288306453125 0.3769657265625 0.3489919359375 0.3830141125 0.3651209671875 0.394102821875 0.37822580625 0.40619959687499996 0.3822580640625 0.40922379062500003 0.3792338703125 0.40922379062500003 0.3691532265625 0.4132560484375 0.3631048390625 0.4132560484375 0.35907258125 0.4273689515625 0.34294354843749997 0.44652217812500006 0.3318548390625 0.46063508124999997 0.32983870937500004 0.4636592734375 0.326814515625 0.462651209375 0.3197580640625 0.45458669374999994 0.30967741875
0 0.40216733906249996 0.420564515625 0.39208669375 0.4245967734375 0.3789818546875 0.435685484375 0.3709173390625 0.4497983875 0.3709173390625 0.4558467734375 0.36890120937500004 0.457862903125 0.36890120937500004 0.46995967812500006 0.3769657265625 0.4901209671875 0.38603830625 0.4991935484375 0.39813508125 0.5052419359375 0.4102318546875 0.5052419359375 0.4203125 0.4991935484375 0.4303931453125 0.49717741875000004 0.43341733906249996 0.4679435484375 0.4414818546875 0.4497983875 0.4475302421875 0.4417338703125 0.44652217812500006 0.43870967812500006 0.434425403125 0.43266129062500003 0.4182963703125 0.420564515625 0.40216733906249996 0.420564515625
0 0.4727318546875 0.42862903281250003 0.45660282187499995 0.4366935484375 0.4414818546875 0.451814515625 0.43341733906249996 0.46995967812500006 0.43341733906249996 0.498185484375 0.443497984375 0.520362903125 0.46466733906249996 0.5375 0.4767641125 0.5415322578125 0.5009576609375 0.5415322578125 0.5211189515625 0.5334677421875 0.53623991875 0.520362903125 0.5483366937499999 0.498185484375 0.5473286296875 0.475 0.5463205640625 0.4679435484375 0.5382560484375001 0.4497983875 0.5211189515625 0.43467741875000004 0.5009576609375 0.426612903125 0.4727318546875 0.42862903281250003
0 0.4354334671875 0.5022177421875 0.4324092734375 0.4991935484375 0.42434475781250003 0.4991935484375 0.40619959687499996 0.5072580640625 0.397127015625 0.5163306453125001 0.3890625 0.5364919359375 0.3890625 0.554637096875 0.3951108875 0.5667338703125 0.4102318546875 0.5818548390625 0.42434475781250003 0.5879032265624999 0.4445060484375 0.5879032265624999 0.4586189515625 0.5818548390625 0.47172379062500003 0.56875 0.47978830625 0.5526209671875 0.4787802421875 0.5435483875 0.45660282187499995 0.5334677421875 0.4414818546875 0.5183467734375 0.4354334671875 0.50625 0.4354334671875 0.5022177421875
2 0.383753359375 0 0.380997984375 0.0082661296875 0.38603830625 0.01532258125 0.394102821875 0.0193548390625 0.4102318546875 0.0193548390625 0.42434475781250003 0.013306451562499998 0.43341733906249996 0.0042338703125000005 0.4330324421875 0 0.383753359375 0