1 0.709003215625 0.533963021875 0.7029742765625 0.5178858515625 0.6979501609375001 0.5128617359375001 0.6929260453125 0.513866559375 0.681872990625 0.5148713828125 0.67986334375 0.5168810296874999 0.667805465625 0.5168810296874999 0.6657958203125001 0.518890675 0.6557475890625 0.518890675 0.6537379421875 0.520900321875 0.6436897109374999 0.520900321875 0.6416800640625 0.5229099671874999 0.6316318328125 0.5229099671874999 0.6266077171875 0.5259244375 0.6245980703125 0.537982315625 0.622588425 0.5399919609375 0.622588425 0.5540594859375 0.6245980703125 0.55606913125 0.6266077171875 0.568127009375 0.637660771875 0.5811897109374999 0.6557475890625 0.5892282953125 0.667805465625 0.5892282953125 0.6858922828125 0.58319935625 0.698954984375 0.5721463015625 0.70699356875 0.558078778125 0.709003215625 0.533963021875
1 0.5854099671874999 0.6756430875 0.593448553125 0.6756430875 0.5954582 0.6776527328124999 0.613545015625 0.6756430875 0.6266077171875 0.6645900328125001 0.63263665625 0.6525321546875 0.63263665625 0.6344453375 0.630627009375 0.6284163984375 0.6215836015625 0.61736334375 0.6075160765625001 0.6113344046875 0.5924437296875 0.612339228125 0.583400321875 0.6153536984375 0.5703376203125 0.6304260453125 0.568327975 0.6344453375 0.568327975 0.6545418 0.5743569125 0.666599678125 0.5854099671874999 0.6756430875
0 0.4909565921875 0.5671221859375 0.46985530468750003 0.568127009375 0.4447347265625 0.5711414796875001 0.43569131875 0.5801848875 0.4296623796875 0.592242765625 0.4296623796875 0.60028135 0.4276527328125 0.602290996875 0.4296623796875 0.60430064375 0.4296623796875 0.612339228125 0.43368167187499995 0.62439710625 0.44272507968749997 0.6354501609375001 0.460811896875 0.6454983921874999 0.48291800625 0.6454983921874999 0.49497588437499995 0.639469453125 0.5060289390625 0.6284163984375 0.512057878125 0.6163585203124999 0.512057878125 0.6063102890625001 0.5140675234375001 0.602290996875 0.512057878125 0.60028135 0.512057878125 0.592242765625 0.5080385859375001 0.5862138265625 0.5080385859375001 0.582194534375 0.49497588437499995 0.5691318328125 0.4909565921875 0.5671221859375
1 0.3573151125 0.6344453375 0.3633440515625 0.646503215625 0.376406753125 0.6575562703125 0.3924839234375 0.663585209375 0.40454179999999995 0.663585209375 0.4256430875 0.6525321546875 0.43368167187499995 0.6404742765625 0.43569131875 0.6284163984375 0.4296623796875 0.614348875 0.4276527328125 0.60028135 0.416599678125 0.5892282953125 0.406551446875 0.585209003125 0.3854501609375 0.5862138265625 0.372387459375 0.5912379421875 0.3633440515625 0.60028135 0.355305465625 0.62439710625 0.3573151125 0.626406753125 0.3573151125 0.6344453375
0 0.9441318328125 0.533963021875 0.9330787781250001 0.520900321875 0.9200160765625001 0.5219051453125 0.9139871375 0.5259244375 0.9099678453125 0.533963021875 0.9099678453125 0.55606913125 0.9149919609375001 0.565112540625 0.9210209 0.5691318328125 0.9290594859375 0.5691318328125 0.9330787781250001 0.5671221859375 0.9421221859375001 0.55606913125 0.9441318328125 0.5500401921875 0.9441318328125 0.533963021875
0 0.950160771875 0.49176045 0.9471463015625 0.4927652734375 0.9401125406249999 0.50180868125 0.93810289375 0.5219051453125 0.9441318328125 0.533963021875 0.9491559484375 0.5389871375 0.9612138265624999 0.5389871375 0.9702572343750001 0.527934084375 0.97226688125 0.5098472671875001 0.96523311875 0.49477492031250003 0.957194534375 0.4907556265625 0.950160771875 0.49176045
1 0.9461414796875 0.537982315625 0.9441318328125 0.5399919609375 0.9441318328125 0.548030546875 0.9401125406249999 0.558078778125 0.9401125406249999 0.560088425 0.9451366562500001 0.56310289375 0.9511655953125 0.561093246875 0.960209003125 0.5520498390624999 0.960209003125 0.5460209 0.96221865 0.5440112546875 0.9612138265624999 0.5389871375 0.9461414796875 0.537982315625
1 0.861736334375 0.614348875 0.861736334375 0.62439710625 0.8637459812499999 0.6304260453125 0.8687700968750001 0.6354501609375001 0.87680868125 0.6374598078125 0.8898713828125 0.626406753125 0.8918810296874999 0.6083199359375 0.8808279750000001 0.5992765265625 0.8737942125 0.60028135 0.8657556265625 0.6063102890625001 0.861736334375 0.614348875
0 0.8456591640625 0.6163585203124999 0.8356109328124999 0.62439710625 0.8336012859374999 0.6304260453125 0.8336012859374999 0.64449356875 0.8386254015624999 0.65152733125 0.8506832796875001 0.653536978125 0.854702571875 0.65152733125 0.8637459812499999 0.6404742765625 0.8637459812499999 0.626406753125 0.85671221875 0.61736334375 0.8526929265625001 0.6153536984375 0.8456591640625 0.6163585203124999
1 0.8114951765624999 0.6505225078125 0.8084807078124999 0.65152733125 0.7994372984375 0.6625803859375 0.7994372984375 0.676647909375 0.8044614140625 0.683681671875 0.8165192921875001 0.683681671875 0.8205385859375 0.681672025 0.827572346875 0.6706189703125001 0.827572346875 0.6605707390625 0.8255627015625 0.656551446875 0.8145096468749999 0.649517684375 0.8114951765624999 0.6505225078125
0 0.71402733125 0.72588424375 0.7250803859375 0.7188504828125 0.7270900328125001 0.7148311890625 0.7270900328125001 0.700763665625 0.7180466234375 0.693729903125 0.70699356875 0.6947347265625 0.6969453375 0.7067926046874999 0.6969453375 0.7168408359375 0.701969453125 0.7238745984375 0.71402733125 0.72588424375
1 0.6537379421875 0.7118167203125 0.647709003125 0.7098070734374999 0.6426848875 0.710811896875 0.637660771875 0.7118167203125 0.6286173640625 0.720860128125 0.6266077171875 0.7268890671875 0.630627009375 0.7389469453124999 0.635651125 0.7419614140624999 0.64971865 0.7419614140624999 0.6607717046875 0.73291800625 0.6607717046875 0.720860128125 0.6587620578125 0.7168408359375 0.6537379421875 0.7118167203125
0 0.568327975 0.7510048234375 0.566318328125 0.7409565921875 0.5612942125 0.7359324765624999 0.5532556265624999 0.7319131828125001 0.5502411578124999 0.73291800625 0.5411977484375 0.7359324765624999 0.5341639875 0.744975884375 0.5341639875 0.755024115625 0.5361736328125 0.7590434078125 0.5411977484375 0.7640675234375001 0.5472266875 0.7660771703125 0.5612942125 0.762057878125 0.566318328125 0.7570337625 0.568327975 0.7510048234375
0 0.48392282968749994 0.755024115625 0.47286977500000005 0.7459807078125 0.4618167203125 0.74698553125 0.453778134375 0.755024115625 0.453778134375 0.769091640625 0.46282154374999995 0.7761254015625 0.4768890671875 0.7761254015625 0.4859324765625 0.76708199375 0.48392282968749994 0.755024115625
0 0.4417202578125 0.71282154375 0.43770096406250003 0.7047829578125 0.42865755625 0.69573955 0.4246382640625 0.693729903125 0.40755627031249997 0.6947347265625 0.4005225078125 0.697749196875 0.3914791 0.710811896875 0.3934887453125 0.7268890671875 0.40454179999999995 0.737942121875 0.41057073906249997 0.73995176875 0.4246382640625 0.73995176875 0.43770096406250003 0.730908359375 0.4417202578125 0.722869775 0.4417202578125 0.71282154375
0 0.3703778140625 0.7198553046875 0.3663585203125 0.717845659375 0.359324759375 0.7188504828125 0.3613344046875 0.73291800625 0.3573151125 0.7409565921875 0.35028135 0.7459807078125 0.34726688125 0.7510048234375 0.3563102890625 0.7580385859375001 0.3683681671875 0.7580385859375001 0.38143086875 0.74698553125 0.3834405140625 0.7369372984375 0.379421221875 0.7288987140625001 0.3703778140625 0.7198553046875
1 0.4417202578125 0.71282154375 0.43770096406250003 0.7047829578125 0.42865755625 0.69573955 0.4246382640625 0.693729903125 0.40755627031249997 0.6947347265625 0.4005225078125 0.697749196875 0.3914791 0.710811896875 0.3934887453125 0.7268890671875 0.40454179999999995 0.737942121875 0.41057073906249997 0.73995176875 0.4246382640625 0.73995176875 0.43770096406250003 0.730908359375 0.4417202578125 0.722869775 0.4417202578125 0.71282154375
1 0.3703778140625 0.7198553046875 0.3663585203125 0.717845659375 0.359324759375 0.7188504828125 0.3613344046875 0.73291800625 0.3573151125 0.7409565921875 0.35028135 0.7459807078125 0.34726688125 0.7510048234375 0.3563102890625 0.7580385859375001 0.3683681671875 0.7580385859375001 0.38143086875 0.74698553125 0.3834405140625 0.7369372984375 0.379421221875 0.7288987140625001 0.3703778140625 0.7198553046875
1 0.3975080390625 0.765072346875 0.40856109375000005 0.77411575625 0.4206189703125 0.77411575625 0.4276527328125 0.769091640625 0.416599678125 0.76004823125 0.4145900328125 0.762057878125 0.3975080390625 0.7610530546875001 0.3975080390625 0.765072346875
0 0.3934887453125 0.7570337625 0.3884646296875 0.752009646875 0.3834405140625 0.75301446875 0.38143086875 0.7570337625 0.369372990625 0.76708199375 0.369372990625 0.7731109328125 0.37439710625 0.7801446953125 0.382435690625 0.7841639875 0.3904742765625 0.7841639875 0.3975080390625 0.777130225 0.3975080390625 0.7731109328125 0.3934887453125 0.769091640625 0.3934887453125 0.7570337625
1 0.3563102890625 0.7781350484375 0.3482717046875 0.7781350484375 0.3462620578125 0.7761254015625 0.345257234375 0.779139871875 0.35430064375 0.7841639875 0.364348875 0.782154340625 0.3713826359375 0.775120578125 0.369372990625 0.769091640625 0.3653536984375 0.769091640625 0.36032958125 0.7761254015625 0.3563102890625 0.7781350484375
0 0.311093246875 0.7711012859374999 0.31310289375 0.775120578125 0.3241559484375 0.782154340625 0.3342041796875 0.7801446953125 0.3392282953125 0.7731109328125 0.335209003125 0.76708199375 0.33319935625 0.755024115625 0.3301848875 0.752009646875 0.3171221859375 0.75301446875 0.311093246875 0.7590434078125 0.311093246875 0.7711012859374999
0 0.2769292609375 0.755024115625 0.27893890625 0.76708199375 0.2940112546875 0.7801446953125 0.30606913125 0.7801446953125 0.311093246875 0.775120578125 0.311093246875 0.765072346875 0.3070739546875 0.755024115625 0.298030546875 0.7459807078125 0.2849678453125 0.74698553125 0.2819533765625 0.747990353125 0.2769292609375 0.755024115625
1 0.273914790625 0.747990353125 0.2648713828125 0.7489951765625 0.2548231515625 0.7570337625 0.256832796875 0.76708199375 0.253818328125 0.772106109375 0.2508038578125 0.7711012859374999 0.2487942125 0.765072346875 0.2508038578125 0.7590434078125 0.2548231515625 0.755024115625 0.24979903593750002 0.75 0.2457797421875 0.75 0.24477492031249998 0.7610530546875001 0.2427652734375 0.765072346875 0.23874598125 0.76708199375 0.23874598125 0.7711012859374999 0.2457797421875 0.7761254015625 0.253818328125 0.7761254015625 0.2598472671875 0.772106109375 0.2698954984375 0.7781350484375 0.2799437296875 0.7761254015625 0.2829582 0.7711012859374999 0.2769292609375 0.7590434078125 0.27893890625 0.75301446875 0.273914790625 0.747990353125
1 0.1875 0.727893890625 0.18448553125 0.730908359375 0.182475884375 0.7429662375 0.1864951765625 0.7510048234375 0.1915192921875 0.7560289390625 0.19754823125 0.7580385859375001 0.2055868171875 0.7560289390625 0.21161575625 0.75 0.2216639875 0.7560289390625 0.2276929265625 0.7560289390625 0.23171221874999998 0.7540192921875 0.23673633437500002 0.74698553125 0.23673633437500002 0.7369372984375 0.2307073953125 0.7288987140625001 0.2286977484375 0.7148311890625 0.21563504843749998 0.703778134375 0.20458199375000002 0.7047829578125 0.1965434078125 0.710811896875 0.192524115625 0.7268890671875 0.1875 0.727893890625