1 0.388671875 0.6533203125 0.3828125 0.6455078125 0.3642578125 0.62890625 0.3447265625 0.619140625 0.3291015625 0.6171875 0.3271484375 0.615234375 0.3076171875 0.615234375 0.3056640625 0.6171875 0.2919921875 0.619140625 0.2802734375 0.625 0.2705078125 0.6328125 0.2578125 0.6513671875 0.2578125 0.6552734375 0.251953125 0.6669921875 0.251953125 0.7001953125 0.25390625 0.7060546875 0.26953125 0.7333984375 0.2802734375 0.7421875 0.2822265625 0.74609375 0.2939453125 0.75390625 0.3193359375 0.763671875 0.3515625 0.7626953125 0.3603515625 0.76171875 0.3701171875 0.755859375 0.390625 0.7333984375 0.3984375 0.7177734375 0.3984375 0.7080078125 0.400390625 0.7060546875 0.3984375 0.6748046875 0.388671875 0.6533203125
1 0.51953125 0.5869140625 0.509765625 0.5654296875 0.4814453125 0.5390625 0.4638671875 0.53515625 0.4619140625 0.533203125 0.4345703125 0.533203125 0.4326171875 0.53515625 0.4267578125 0.53515625 0.4091796875 0.544921875 0.388671875 0.5654296875 0.37890625 0.5849609375 0.376953125 0.6103515625 0.3828125 0.6279296875 0.392578125 0.6396484375 0.392578125 0.6435546875 0.4111328125 0.662109375 0.4365234375 0.671875 0.4443359375 0.671875 0.4462890625 0.673828125 0.458984375 0.6728515625 0.4794921875 0.66796875 0.4970703125 0.65625 0.505859375 0.6474609375 0.513671875 0.6357421875 0.51953125 0.6201171875 0.51953125 0.6123046875 0.521484375 0.6103515625 0.51953125 0.5869140625
1 0.5732421875 0.416015625 0.5517578125 0.423828125 0.533203125 0.4404296875 0.52734375 0.4521484375 0.52734375 0.4638671875 0.5537109375 0.466796875 0.5693359375 0.47265625 0.58984375 0.4912109375 0.59765625 0.5029296875 0.599609375 0.5107421875 0.6025390625 0.513671875 0.60546875 0.5126953125 0.62109375 0.4990234375 0.630859375 0.4775390625 0.6328125 0.4658203125 0.625 0.4404296875 0.6162109375 0.4296875 0.6025390625 0.419921875 0.5927734375 0.416015625 0.5732421875 0.416015625
1 0.935546875 0.4736328125 0.93359375 0.4716796875 0.93359375 0.4638671875 0.9296875 0.4580078125 0.9296875 0.4541015625 0.9169921875 0.439453125 0.9033203125 0.43359375 0.8916015625 0.43359375 0.8837890625 0.4375 0.87109375 0.4501953125 0.86328125 0.4697265625 0.86328125 0.4931640625 0.8671875 0.4990234375 0.8671875 0.5048828125 0.87109375 0.5126953125 0.873046875 0.5126953125 0.8779296875 0.509765625 0.8828125 0.5009765625 0.8994140625 0.486328125 0.9052734375 0.484375 0.9248046875 0.484375 0.9326171875 0.48828125 0.935546875 0.4853515625 0.935546875 0.4736328125
1 0.955078125 0.4267578125 0.953125 0.4326171875 0.953125 0.4501953125 0.955078125 0.4521484375 0.958984375 0.4697265625 0.9697265625 0.48046875 0.982421875 0.4794921875 0.9853515625 0.478515625 0.99609375 0.4658203125 0.998046875 0.4599609375 0.998046875 0.4404296875 0.9921875 0.4248046875 0.9814453125 0.4140625 0.9677734375 0.4140625 0.955078125 0.4267578125
1 0.9189453125 0.3828125 0.912109375 0.3916015625 0.912109375 0.3974609375 0.91015625 0.3994140625 0.91015625 0.4248046875 0.9169921875 0.43359375 0.9228515625 0.435546875 0.9267578125 0.439453125 0.9306640625 0.44140625 0.939453125 0.4404296875 0.9462890625 0.4375 0.955078125 0.4287109375 0.95703125 0.4228515625 0.95703125 0.4052734375 0.951171875 0.3916015625 0.9404296875 0.380859375 0.9306640625 0.37890625 0.9189453125 0.3828125
1 0.955078125 0.3994140625 0.95703125 0.4208984375 0.958984375 0.4208984375 0.9677734375 0.4140625 0.9775390625 0.4140625 0.978515625 0.4033203125 0.97265625 0.3916015625 0.9658203125 0.384765625 0.9541015625 0.3828125 0.947265625 0.3876953125 0.955078125 0.3994140625
0 0.947265625 0.5009765625 0.9345703125 0.48828125 0.9228515625 0.484375 0.9072265625 0.484375 0.8916015625 0.4921875 0.87890625 0.5087890625 0.873046875 0.5244140625 0.873046875 0.5439453125 0.875 0.5458984375 0.876953125 0.5595703125 0.8896484375 0.583984375 0.9052734375 0.591796875 0.921875 0.5908203125 0.9306640625 0.587890625 0.9453125 0.5732421875 0.953125 0.5595703125 0.955078125 0.5419921875 0.95703125 0.5400390625 0.955078125 0.5341796875 0.955078125 0.5205078125 0.947265625 0.5009765625
0 0.5537109375 0.46875 0.5439453125 0.46484375 0.5283203125 0.46484375 0.5107421875 0.47265625 0.4921875 0.4873046875 0.48046875 0.5068359375 0.478515625 0.5185546875 0.4765625 0.5205078125 0.4765625 0.5322265625 0.4794921875 0.5390625 0.4853515625 0.541015625 0.5 0.5517578125 0.513671875 0.5693359375 0.51953125 0.5849609375 0.5244140625 0.58984375 0.5302734375 0.591796875 0.548828125 0.5908203125 0.5673828125 0.583984375 0.58984375 0.5634765625 0.599609375 0.5400390625 0.6015625 0.5205078125 0.59375 0.4970703125 0.5810546875 0.482421875 0.5595703125 0.46875 0.5537109375 0.46875
0 0.447265625 0.4189453125 0.4365234375 0.41015625 0.4208984375 0.404296875 0.4072265625 0.404296875 0.3876953125 0.412109375 0.37890625 0.4208984375 0.37109375 0.4345703125 0.369140625 0.4541015625 0.375 0.4716796875 0.3896484375 0.490234375 0.4013671875 0.49609375 0.416015625 0.4951171875 0.4267578125 0.4921875 0.4345703125 0.486328125 0.4384765625 0.486328125 0.44921875 0.4755859375 0.45703125 0.4599609375 0.45703125 0.4365234375 0.453125 0.4267578125 0.447265625 0.4189453125
0 0.3701171875 0.5078125 0.3642578125 0.5078125 0.3544921875 0.50390625 0.3291015625 0.505859375 0.3154296875 0.513671875 0.30078125 0.5283203125 0.296875 0.5341796875 0.296875 0.5380859375 0.29296875 0.5419921875 0.291015625 0.5576171875 0.2890625 0.5595703125 0.2890625 0.5732421875 0.291015625 0.5751953125 0.29296875 0.5888671875 0.306640625 0.6083984375 0.3134765625 0.61328125 0.3447265625 0.6171875 0.3603515625 0.625 0.369140625 0.6240234375 0.376953125 0.6181640625 0.375 0.5986328125 0.3828125 0.5732421875 0.392578125 0.5576171875 0.40234375 0.5498046875 0.40234375 0.5419921875 0.388671875 0.5205078125 0.3701171875 0.5078125