1 0.7717126624999999 0.2049512984375 0.7635957796875 0.2008928578125 0.7575081171875 0.2008928578125 0.7554788968749999 0.1988636359375 0.7392451296875 0.1988636359375 0.7372159093749999 0.2008928578125 0.7189529218749999 0.2049512984375 0.7088068187500001 0.2110389609375 0.6976461031250001 0.222199675 0.6915584421875 0.2303165578125 0.6915584421875 0.234375 0.6854707796875 0.246550325 0.6854707796875 0.25466720781249996 0.6834415578125 0.25669642812500004 0.6834415578125 0.28510551875 0.6854707796875 0.287134740625 0.6875 0.299310065625 0.7017045453125 0.32366071406249997 0.7270698046875 0.34902597343749997 0.731128246875 0.34902597343749997 0.7433035718750001 0.3571428578125 0.7635957796875 0.36120129843750004 0.765625 0.36323051875 0.7859172078125 0.36323051875 0.7879464281249999 0.35917207812499996 0.7889610390625 0.2140827921875 0.7838879875 0.20698051875 0.7717126624999999 0.2049512984375
1 0.6103896109375 0.224228896875 0.6063311687499999 0.2140827921875 0.5890827921875 0.19683441562499998 0.5606737015625 0.18465909062500002 0.54038149375 0.18465909062500002 0.5160308437500001 0.1948051953125 0.49878246718749997 0.21205357187499999 0.49878246718749997 0.2161120125 0.49269480468750004 0.2282873375 0.49269480468750004 0.246550325 0.5008116890625 0.26278409062499997 0.5008116890625 0.26684253281250003 0.5140016234375 0.28003246718749997 0.5363230515625 0.29220779218750004 0.5687905843750001 0.29220779218750004 0.5809659093749999 0.28814934999999997 0.5850243500000001 0.28409090937500003 0.5911120125 0.2820616890625 0.6022727265625 0.27090097343749997 0.6103896109375 0.25669642812500004 0.6114042203125 0.24959415625 0.6124188312500001 0.234375 0.6103896109375 0.2323457796875 0.6103896109375 0.224228896875
1 0.712865259375 0.1237824671875 0.7088068187500001 0.1237824671875 0.6986607140625 0.1176948046875 0.6925730515625 0.1176948046875 0.6844561687499999 0.1136363640625 0.66010551875 0.1136363640625 0.6337256499999999 0.1237824671875 0.61850649375 0.1390016234375 0.6144480515625 0.1491477265625 0.6144480515625 0.17755681875 0.6205357140625 0.19379058437500002 0.6266233765625 0.2019074671875 0.6459009734375 0.221185065625 0.6824269484375 0.2353896109375 0.6885146109375 0.2353896109375 0.6956168828125 0.222199675 0.712865259375 0.20698051875 0.7331574671875 0.1988636359375 0.7473620125 0.19683441562499998 0.749391234375 0.1826298703125 0.7463474031249999 0.1633522734375 0.7321428578125 0.14103084375 0.712865259375 0.1237824671875
1 0.6103115640625 0 0.6043019484375 0.007102273437499999 0.6063311687499999 0.02130681875 0.6103896109375 0.029423701562499998 0.6215503250000001 0.040584415624999995 0.6418425328125 0.050730518749999995 0.66010551875 0.052759740624999996 0.662134740625 0.0547889609375 0.6824269484375 0.0547889609375 0.6925730515625 0.050730518749999995 0.6996753250000001 0.043628246875 0.7027191562499999 0.0365259734375 0.703733765625 0.0233360390625 0.7017045453125 0.0172483765625 0.6864853890625 0.0020292203125000003 0.6824269484375 0 0.6103115640625 0
1 0.45515422031249997 0.064935065625 0.44906655781250004 0.06290584375 0.4348620125 0.06290584375 0.418628246875 0.06899350625 0.41152597343749997 0.0760957796875 0.40746753281250003 0.0862418828125 0.409496753125 0.09638798750000001 0.424715909375 0.1075487015625 0.4470373375 0.1075487015625 0.453125 0.103490259375 0.45718344218749996 0.103490259375 0.46732954531250004 0.091314934375 0.46834415625 0.078125 0.466314934375 0.0740665578125 0.45515422031249997 0.064935065625
1 0.39427759687499997 0.0608766234375 0.38108766250000004 0.0700081171875 0.3790584421875 0.0821834421875 0.38616071406249997 0.091314934375 0.3922483765625 0.091314934375 0.39529220781249996 0.088271103125 0.39529220781249996 0.0821834421875 0.40442370156249996 0.0710227265625 0.41659902656250003 0.0669642859375 0.41761363593749995 0.06392045468749999 0.412540584375 0.0608766234375 0.39427759687499997 0.0608766234375
1 0.32934253281250003 0.2049512984375 0.32426948125 0.199878246875 0.32426948125 0.19379058437500002 0.31919642812500004 0.1927759734375 0.310064934375 0.2019074671875 0.30803571406249997 0.2140827921875 0.31716720781249996 0.22524350625 0.32934253281250003 0.2272727265625 0.34354707812499996 0.221185065625 0.3486201296875 0.2161120125 0.349634740625 0.2110389609375 0.349634740625 0.209009740625 0.3394886359375 0.209009740625 0.32934253281250003 0.2049512984375
1 0.32426948125 0.169439934375 0.32426948125 0.17755681875 0.3273133109375 0.18060065 0.33543019531249996 0.172483765625 0.34557629843750004 0.16842532500000001 0.34557629843750004 0.1521915578125 0.32832792187500004 0.1613230515625 0.32426948125 0.169439934375
1 0.3415178578125 0.36931818125000004 0.32934253281250003 0.365259740625 0.3151379875 0.36728896093749996 0.30905032499999996 0.37134740312500003 0.29991883124999996 0.380478896875 0.2978896109375 0.39265422031249997 0.2958603890625 0.3946834421875 0.29991883124999996 0.412946428125 0.307021103125 0.42004870156249996 0.31919642812500004 0.42613636406250005 0.33543019531249996 0.42410714218749995 0.3486201296875 0.412946428125 0.35369318125000004 0.40178571406249997 0.35470779218750004 0.3865665578125 0.35064934999999997 0.37844967500000004 0.3415178578125 0.36931818125000004
1 0.30905032499999996 0.422077921875 0.2978896109375 0.4088879875 0.29484577968750003 0.39772727343750003 0.29078733749999996 0.39772727343750003 0.283685065625 0.40482954531250004 0.2796266234375 0.41497565 0.2796266234375 0.42309253281250003 0.283685065625 0.43323863593749995 0.296875 0.44439935 0.31107954531250004 0.44439935 0.31716720781249996 0.44237012968749995 0.32934253281250003 0.428165584375 0.32934253281250003 0.42613636406250005 0.31919642812500004 0.42613636406250005 0.30905032499999996 0.422077921875
1 0.307021103125 0.44439935 0.29890422031249997 0.44439935 0.2887581171875 0.44845779218750004 0.27759740312500003 0.45961850625 0.27556818125000004 0.47788149375 0.27759740312500003 0.47991071406249997 0.27759740312500003 0.48599837656249995 0.2928165578125 0.49918831093750005 0.30905032499999996 0.49918831093750005 0.313108765625 0.497159090625 0.3273133109375 0.480925325 0.32832792187500004 0.46367694843749996 0.3151379875 0.44845779218750004 0.307021103125 0.44439935
1 0.26440746718749997 0.5641233765625 0.25629058437499996 0.5600649343749999 0.2481737015625 0.5600649343749999 0.2390422078125 0.5671672078125 0.234983765625 0.5752840906250001 0.234983765625 0.581371753125 0.244115259375 0.5945616890625 0.2481737015625 0.5965909093749999 0.25831980468750004 0.5965909093749999 0.26846590937500003 0.5884740265625 0.26948051875 0.581371753125 0.26542207812499996 0.5732548703125 0.26440746718749997 0.5641233765625
1 0.35064934999999997 0.859375 0.3445616890625 0.847199675 0.34354707812499996 0.8340097406250001 0.33745941562500004 0.8360389609375 0.3303571421875 0.8431412343750001 0.32832792187500004 0.8553165578125 0.3303571421875 0.8614042203125001 0.34354707812499996 0.8766233765625 0.35572240312500003 0.88068181875 0.36586850625 0.88068181875 0.3739853890625 0.8766233765625 0.3739853890625 0.8705357140625001 0.36586850625 0.8705357140625001 0.35064934999999997 0.859375
1 0.3922483765625 0.8908279218749999 0.38210227343750003 0.88676948125 0.36586850625 0.88676948125 0.35978084374999997 0.8887987015625001 0.35267857187499996 0.8938717531249999 0.3486201296875 0.9019886359375 0.35267857187499996 0.91619318125 0.35978084374999997 0.9232954546875 0.37195616875000004 0.9293831171875 0.3922483765625 0.9273538968749999 0.40239448125 0.9151785718750001 0.403409090625 0.9060470781250001 0.39935065000000003 0.8979301953125001 0.3922483765625 0.8908279218749999
1 0.5062905843750001 1 0.5089285718750001 0.9973620125 0.5119724031249999 0.9902597406250001 0.5129870125 0.9770698046874999 0.5109577921875 0.9709821421875 0.505884740625 0.9659090906250001 0.493709415625 0.9598214281249999 0.481534090625 0.9577922078125001 0.47950487031250005 0.9557629875 0.45515422031249997 0.9577922078125001 0.43790584375 0.9730113640625 0.43587662343750005 0.9770698046874999 0.43587662343750005 0.9892451296875 0.440949675 0.99431818125 0.4470373375 0.99431818125 0.4546130953125 1 0.5062905843750001 1
0 0.7666396109375 0.41700487031250005 0.7625811687499999 0.40482954531250004 0.7544642859375 0.38859577968750003 0.7250405843750001 0.3571428578125 0.712865259375 0.35105519531249996 0.7006899343749999 0.34902597343749997 0.6986607140625 0.346996753125 0.6702516234375 0.346996753125 0.6682224031249999 0.34902597343749997 0.6560470781250001 0.35105519531249996 0.6377840906250001 0.36120129843750004 0.61850649375 0.380478896875 0.6103896109375 0.39671266250000004 0.6083603890625 0.41091720781249996 0.6063311687499999 0.412946428125 0.6063311687499999 0.43932629843750004 0.6083603890625 0.44135551875 0.6083603890625 0.449472403125 0.6103896109375 0.45150162343750005 0.6124188312500001 0.46367694843749996 0.61850649375 0.47585227343750003 0.6316964281249999 0.49310065 0.6519886359375 0.5073051953125 0.6560470781250001 0.5073051953125 0.6661931812499999 0.5133928578125 0.6803977265625 0.5154220781250001 0.6824269484375 0.5174512984375 0.7027191562499999 0.5174512984375 0.7047483765625 0.5154220781250001 0.7189529218749999 0.5133928578125 0.731128246875 0.5073051953125 0.7524350656250001 0.488027596875 0.7646103890625 0.46773538906249995 0.7676542203125 0.456574675 0.7686688312500001 0.42715097343749997 0.7666396109375 0.425121753125 0.7666396109375 0.41700487031250005
0 0.436891234375 0.1481331171875 0.42674512968749995 0.14407467499999999 0.41051136406250005 0.14407467499999999 0.39630681874999996 0.15016233750000002 0.38717532499999996 0.15929383125000002 0.38108766250000004 0.1734983765625 0.385146103125 0.1897321421875 0.3922483765625 0.19683441562499998 0.40848214218749995 0.202922078125 0.42674512968749995 0.2008928578125 0.4348620125 0.19683441562499998 0.44399350625 0.1897321421875 0.44906655781250004 0.178571428125 0.45008116875 0.169439934375 0.44602272656249997 0.1572646109375 0.436891234375 0.1481331171875
0 0.409496753125 0.09638798750000001 0.409496753125 0.0801542203125 0.41659902656250003 0.0710227265625 0.41964285781250005 0.0700081171875 0.418628246875 0.0669642859375 0.41456980468750004 0.0669642859375 0.40442370156249996 0.0710227265625 0.39732142812500004 0.078125 0.3932629875 0.090300325 0.39529220781249996 0.09638798750000001 0.40239448125 0.103490259375 0.412540584375 0.1075487015625 0.42065746718749997 0.1075487015625 0.421672078125 0.10653409062500001 0.41659902656250003 0.1014610390625 0.409496753125 0.09638798750000001
0 0.38007305156250004 0.1379870125 0.36789772656249997 0.1379870125 0.35267857187499996 0.14711850625 0.34659090937500003 0.1572646109375 0.34659090937500003 0.16741071406250002 0.35369318125000004 0.17654220781250002 0.361810065625 0.18060065 0.3739853890625 0.18060065 0.38108766250000004 0.175527596875 0.385146103125 0.1613230515625 0.3922483765625 0.1542207796875 0.3932629875 0.14711850625 0.388189934375 0.14204545468750002 0.38007305156250004 0.1379870125
0 0.34760551875 0.17045454531249998 0.3394886359375 0.17045454531249998 0.32629870156249996 0.17958603906249998 0.322240259375 0.19379058437500002 0.32426948125 0.199878246875 0.32934253281250003 0.2049512984375 0.3394886359375 0.209009740625 0.34760551875 0.209009740625 0.35369318125000004 0.2049512984375 0.3577516234375 0.2049512984375 0.3668831171875 0.1958198046875 0.36789772656249997 0.190746753125 0.36789772656249997 0.1826298703125 0.35369318125000004 0.17654220781250002 0.34760551875 0.17045454531249998
0 0.3273133109375 0.259740259375 0.313108765625 0.259740259375 0.3049918828125 0.26379870156249996 0.2978896109375 0.27090097343749997 0.29383116875000004 0.28104707812499996 0.29383116875000004 0.287134740625 0.2978896109375 0.2952516234375 0.307021103125 0.302353896875 0.32122565000000003 0.302353896875 0.32934253281250003 0.29829545468749996 0.3394886359375 0.2861201296875 0.340503246875 0.27495941562500004 0.33644480468750004 0.26684253281250003 0.3273133109375 0.259740259375
0 0.32122565000000003 0.2272727265625 0.31716720781249996 0.2272727265625 0.3151379875 0.22930194843749999 0.30905032499999996 0.22930194843749999 0.2978896109375 0.2384334421875 0.29383116875000004 0.2485795453125 0.29383116875000004 0.25466720781249996 0.3009334421875 0.26379870156249996 0.307021103125 0.26379870156249996 0.313108765625 0.259740259375 0.32934253281250003 0.259740259375 0.33441558437499996 0.25466720781249996 0.33543019531249996 0.24959415625 0.33644480468750004 0.244521103125 0.3323863640625 0.234375 0.32122565000000003 0.2272727265625
0 0.286728896875 0.34902597343749997 0.27658279218750004 0.34902597343749997 0.2633928578125 0.3601866890625 0.2613636359375 0.37642045468749996 0.26846590937500003 0.38555194843749996 0.27658279218750004 0.3896103890625 0.28165584374999997 0.3865665578125 0.28165584374999997 0.36830357187499996 0.2928165578125 0.3551136359375 0.29383116875000004 0.35409902656250003 0.29078733749999996 0.35105519531249996 0.286728896875 0.34902597343749997
0 0.3151379875 0.35105519531249996 0.3009334421875 0.35105519531249996 0.29484577968750003 0.35308441562500004 0.28774350625 0.35815746718749997 0.28165584374999997 0.36627434999999997 0.2796266234375 0.37844967500000004 0.283685065625 0.390625 0.2928165578125 0.39772727343750003 0.2978896109375 0.390625 0.29991883124999996 0.380478896875 0.30905032499999996 0.37134740312500003 0.3151379875 0.36728896093749996 0.32528409062499997 0.365259740625 0.32629870156249996 0.36221590937500003 0.32426948125 0.35815746718749997 0.3151379875 0.35105519531249996
0 0.26440746718749997 0.43628246718749997 0.26034902656250003 0.43831168906249995 0.25121753281250003 0.449472403125 0.25121753281250003 0.46367694843749996 0.253246753125 0.46773538906249995 0.26440746718749997 0.47686688281249995 0.27252434999999997 0.47686688281249995 0.27556818125000004 0.47382305156250004 0.27556818125000004 0.46367694843749996 0.27759740312500003 0.45961850625 0.286728896875 0.44845779218750004 0.28571428593750003 0.443384740625 0.27658279218750004 0.43628246718749997 0.26440746718749997 0.43628246718749997
0 0.3049918828125 0.5499188312500001 0.296875 0.5458603890625 0.28267045468749996 0.5458603890625 0.2786120125 0.5478896109375 0.26948051875 0.5570211031250001 0.26542207812499996 0.5691964281249999 0.26948051875 0.5834009734375 0.27658279218750004 0.590503246875 0.2887581171875 0.5965909093749999 0.3009334421875 0.5945616890625 0.31209415625000003 0.5834009734375 0.3151379875 0.5762987015625 0.31615259687499997 0.5651379875 0.3141233765625 0.5610795453125 0.3049918828125 0.5499188312500001
0 0.28469967500000004 0.6858766234375 0.27556818125000004 0.6929788968749999 0.27353896093749996 0.6970373375000001 0.27353896093749996 0.7112418828125 0.27556818125000004 0.7173295453125 0.28469967500000004 0.7264610390625 0.29484577968750003 0.73051948125 0.30296266250000004 0.7244318187500001 0.313108765625 0.7224025968750001 0.31818181874999996 0.7173295453125 0.31919642812500004 0.7081980515625 0.31818181874999996 0.6990665578125 0.3009334421875 0.6838474031249999 0.28469967500000004 0.6858766234375
1 0.40848214218749995 0.9293831171875 0.38210227343750003 0.9293831171875 0.3709415578125 0.9425730515625 0.3709415578125 0.95271915625 0.37297077968750003 0.9567775968750001 0.38210227343750003 0.9659090906250001 0.3922483765625 0.9699675328125 0.40848214218749995 0.9699675328125 0.41456980468750004 0.9679383109374999 0.424715909375 0.96185065 0.42877435 0.9557629875 0.427759740625 0.9446022734374999 0.41659902656250003 0.9334415578125 0.40848214218749995 0.9293831171875
2 0.2704951296875 0.38758116875000004 0.262378246875 0.38149350625 0.25527597343749997 0.38859577968750003 0.25121753281250003 0.402800325 0.253246753125 0.4088879875 0.26034902656250003 0.415990259375 0.2704951296875 0.41801948125 0.27658279218750004 0.415990259375 0.28165584374999997 0.41091720781249996 0.286728896875 0.39975649375 0.28774350625 0.39671266250000004 0.28267045468749996 0.3896103890625 0.2704951296875 0.38758116875000004
2 0.2522321421875 0.46672077968750003 0.2481737015625 0.46672077968750003 0.2370129875 0.47991071406249997 0.2370129875 0.49005681875 0.2390422078125 0.494115259375 0.25020292187500004 0.503246753125 0.26034902656250003 0.5012175328125 0.26948051875 0.49208603906250004 0.2704951296875 0.4870129875 0.26948051875 0.47788149375 0.26034902656250003 0.4748376625 0.2522321421875 0.46672077968750003
2 0.2704951296875 0.5154220781250001 0.262378246875 0.5113636359375 0.25629058437499996 0.5113636359375 0.2481737015625 0.5154220781250001 0.24107142812500001 0.5245535718750001 0.24107142812500001 0.5367288968749999 0.25020292187500004 0.5499188312500001 0.262378246875 0.5519480515625 0.27556818125000004 0.5407873375000001 0.27658279218750004 0.53774350625 0.27759740312500003 0.5286120125 0.27556818125000004 0.5225243500000001 0.2704951296875 0.5154220781250001
2 0.25020292187500004 0.5499188312500001 0.247159090625 0.546875 0.24005681874999998 0.5336850656250001 0.234983765625 0.5367288968749999 0.2329545453125 0.5407873375000001 0.2329545453125 0.5509334421875 0.24005681874999998 0.5600649343749999 0.24614448125 0.5620941562499999 0.262378246875 0.55600649375 0.2633928578125 0.5529626624999999 0.26034902656250003 0.5499188312500001 0.25020292187500004 0.5499188312500001
2 0.296875 0.6107954546875 0.2887581171875 0.6067370125 0.27658279218750004 0.608766234375 0.2633928578125 0.6239853890625 0.2633928578125 0.6381899343749999 0.26542207812499996 0.6422483765625 0.27455357187499996 0.6513798703125 0.28267045468749996 0.6554383109375 0.296875 0.6534090906250001 0.307021103125 0.641233765625 0.30803571406249997 0.6239853890625 0.30600649375 0.6199269484375 0.296875 0.6107954546875
2 0.28267045468749996 0.6554383109375 0.27658279218750004 0.6513798703125 0.27252434999999997 0.6513798703125 0.26542207812499996 0.6564529218749999 0.2633928578125 0.6605113640625 0.2633928578125 0.668628246875 0.2613636359375 0.6706574671875 0.2633928578125 0.6767451296875 0.27455357187499996 0.6899350656250001 0.2786120125 0.6899350656250001 0.29078733749999996 0.6838474031249999 0.3009334421875 0.6838474031249999 0.3049918828125 0.677759740625 0.30600649375 0.6645698046875 0.296875 0.6534090906250001 0.28267045468749996 0.6554383109375
2 0.32528409062499997 0.7244318187500001 0.31107954531250004 0.7224025968750001 0.30905032499999996 0.7244318187500001 0.30296266250000004 0.7244318187500001 0.29180194843749996 0.737621753125 0.29180194843749996 0.75385551875 0.307021103125 0.7711038968749999 0.313108765625 0.7711038968749999 0.3151379875 0.7731331171875 0.32528409062499997 0.765016234375 0.33745941562500004 0.7629870125 0.3415178578125 0.7568993500000001 0.34253246718749997 0.7457386359375 0.33847402656250003 0.7355925328125 0.32528409062499997 0.7244318187500001
2 0.29180194843749996 0.7518262984375 0.29383116875000004 0.7315340906250001 0.286728896875 0.73051948125 0.2796266234375 0.737621753125 0.27759740312500003 0.75385551875 0.29078733749999996 0.7690746749999999 0.30296266250000004 0.7711038968749999 0.30397727343750003 0.7680600656250001 0.2958603890625 0.7599431812499999 0.29180194843749996 0.7518262984375
2 0.34760551875 0.765016234375 0.331371753125 0.7629870125 0.32528409062499997 0.765016234375 0.31615259687499997 0.77211850625 0.31209415625000003 0.7802353890625 0.31209415625000003 0.7924107140625 0.31818181874999996 0.8045860390625 0.331371753125 0.8137175328125 0.33745941562500004 0.8157467531249999 0.35166396093749996 0.8157467531249999 0.36282467500000004 0.8066152593749999 0.36586850625 0.7995129875 0.3668831171875 0.7863230515625 0.36282467500000004 0.7782061687499999 0.34760551875 0.765016234375
2 0.3922483765625 0.8218344156249999 0.38413149375 0.8177759734375 0.361810065625 0.8177759734375 0.3486201296875 0.8269074671875 0.3445616890625 0.83502435 0.3445616890625 0.8492288968749999 0.3486201296875 0.8573457796874999 0.36586850625 0.8705357140625001 0.38413149375 0.8725649343749999 0.38616071406249997 0.8705357140625001 0.3922483765625 0.8705357140625001 0.40543831093750005 0.859375 0.406452921875 0.8543019484375 0.40746753281250003 0.8431412343750001 0.403409090625 0.8329951296875 0.3922483765625 0.8218344156249999
2 0.31716720781249996 0.8035714281249999 0.310064934375 0.8127029218749999 0.310064934375 0.8269074671875 0.3232548703125 0.8421266234375 0.3273133109375 0.84415584375 0.33745941562500004 0.8360389609375 0.34354707812499996 0.8340097406250001 0.35369318125000004 0.8218344156249999 0.35369318125000004 0.8157467531249999 0.33543019531249996 0.8157467531249999 0.31716720781249996 0.8035714281249999