2 0.6272106109375 0.6796623796875 0.6372588421875001 0.6796623796875 0.645297428125 0.6756430875 0.6543408359375 0.666599678125 0.658360128125 0.656551446875 0.6563504828125 0.64449356875 0.6523311890625 0.6384646296875001 0.6392684890625 0.63143086875 0.631229903125 0.63143086875 0.621181671875 0.6354501609375001 0.611133440625 0.6475080390625 0.6101286171875 0.666599678125 0.6171623796875 0.6756430875 0.6272106109375 0.6796623796875
2 0.488545015625 0.8163183281249999 0.5066318328125 0.8223472671875 0.5186897109374999 0.8203376203125 0.5307475890625 0.81430868125 0.539790996875 0.8052652734375 0.5438102890625001 0.7972266875 0.5438102890625001 0.7831591640625 0.53778135 0.7711012859374999 0.5287379421875 0.7640675234375001 0.5186897109374999 0.76004823125 0.49658360156250003 0.76004823125 0.488545015625 0.7640675234375001 0.48151125468749995 0.7711012859374999 0.4744774921875 0.7841639875 0.47347266875000005 0.7972266875 0.4774919609375 0.8052652734375 0.488545015625 0.8163183281249999
2 0.641278134375 0.7781350484375 0.648311896875 0.769091640625 0.648311896875 0.7570337625 0.6392684890625 0.75 0.62319131875 0.752009646875 0.61615755625 0.7570337625 0.6151527328124999 0.76004823125 0.614147909375 0.769091640625 0.62319131875 0.7801446953125 0.641278134375 0.7781350484375
2 0.63323955 0.826366559375 0.638263665625 0.8213424437500001 0.6402733125 0.8112942125 0.635249196875 0.8042604499999999 0.631229903125 0.802250803125 0.621181671875 0.802250803125 0.614147909375 0.8153135046875001 0.611133440625 0.8163183281249999 0.6101286171875 0.823352090625 0.62319131875 0.8303858515625 0.63323955 0.826366559375
2 0.6814710609375 0.6696141484375 0.6834807078125 0.6676045015625001 0.689509646875 0.6676045015625001 0.6985530546875001 0.656551446875 0.6965434078125 0.64449356875 0.6875 0.6374598078125 0.675442121875 0.639469453125 0.6674035375 0.649517684375 0.6663987140625001 0.65856109375 0.67041800625 0.6645900328125001 0.6814710609375 0.6696141484375
2 0.7015675234375001 0.5249196140625 0.71161575625 0.5249196140625 0.7186495171875 0.5198954984374999 0.7226688109375 0.513866559375 0.7226688109375 0.50180868125 0.7206591640625 0.49778938906250003 0.709606109375 0.4907556265625 0.699557878125 0.4927652734375 0.6915192921875 0.5028135046875 0.69051446875 0.513866559375 0.69754823125 0.5229099671874999 0.7015675234375001 0.5249196140625
2 0.709606109375 0.4907556265625 0.7156350484375 0.49477492031250003 0.7236736328125 0.4927652734375 0.7286977484375 0.483721865625 0.726688103125 0.47166398750000005 0.7176446953125 0.46463022499999995 0.7075964625 0.46463022499999995 0.7035771703125 0.466639871875 0.69754823125 0.476688103125 0.6965434078125 0.48171221875 0.7035771703125 0.4907556265625 0.709606109375 0.4907556265625
2 0.7176446953125 0.36615755625 0.72467845625 0.361133440625 0.7286977484375 0.3490755625 0.726688103125 0.347065915625 0.726688103125 0.341036978125 0.7216639875 0.3360128625 0.7075964625 0.33199356875 0.69754823125 0.3380225078125 0.6955385859375001 0.3420418 0.6945337625 0.351085209375 0.7055868171874999 0.364147909375 0.7176446953125 0.36615755625
2 0.709606109375 0.33199356875 0.71161575625 0.33199356875 0.7136254015625 0.334003215625 0.7176446953125 0.334003215625 0.726688103125 0.3430466234375 0.726688103125 0.3490755625 0.7276929265625001 0.3500803859375 0.729702571875 0.3500803859375 0.7327170421875 0.347065915625 0.7327170421875 0.3450562703125 0.7347266875 0.3430466234375 0.7347266875 0.3350080390625 0.7327170421875 0.3329983921875 0.7327170421875 0.3309887453125 0.7256832796875 0.323954984375 0.7156350484375 0.323954984375 0.7136254015625 0.3259646296875 0.71161575625 0.3259646296875 0.709606109375 0.3279742765625 0.7086012859374999 0.3289791 0.7086012859374999 0.3309887453125 0.709606109375 0.33199356875
2 0.72467845625 0.30486334375 0.72467845625 0.3108922828125 0.7256832796875 0.31189710625 0.729702571875 0.31189710625 0.7327170421875 0.3088826359375 0.7327170421875 0.296824759375 0.729702571875 0.2938102890625 0.7276929265625001 0.2938102890625 0.7236736328125 0.29782958125 0.7226688109375 0.2988344046875 0.7226688109375 0.3028536984375 0.72467845625 0.30486334375
2 0.456390675 0.9409163984375001 0.4624196140625 0.9429260453125 0.4825160765625 0.9429260453125 0.4905546625 0.9389067531249999 0.497588425 0.9318729906250001 0.49959807031250003 0.9258440515625 0.49959807031250003 0.9198151125 0.49256430937499995 0.9107717046875001 0.478496784375 0.9107717046875001 0.46442926093750003 0.90273311875 0.45237138281249994 0.9067524109375 0.44433279687500005 0.914790996875 0.443327975 0.9278536984375 0.4453376203125 0.9318729906250001 0.456390675 0.9409163984375001
2 0.566921221875 0.8926848875 0.5759646296875001 0.8836414796875 0.5759646296875001 0.8695739546875 0.5709405140625 0.8645498390625 0.5608922828125 0.860530546875 0.5538585203124999 0.8615353703125 0.5538585203124999 0.8655546624999999 0.5578778140625 0.8715836015624999 0.5578778140625 0.8796221859375001 0.5508440515624999 0.890675240625 0.5508440515624999 0.894694534375 0.5608922828125 0.894694534375 0.566921221875 0.8926848875
0 0.47045820000000005 0.9067524109375 0.48050643125 0.9107717046875001 0.49859324687499995 0.9107717046875001 0.5046221859375 0.9067524109375 0.5086414796875001 0.9067524109375 0.519694534375 0.8936897109374999 0.519694534375 0.887660771875 0.515675240625 0.8776125406249999 0.5086414796875001 0.8705787781250001 0.4945739546875 0.8645498390625 0.4744774921875 0.8665594859375 0.46643890624999995 0.8705787781250001 0.4604099671875 0.8786173640625 0.4594051453125 0.8936897109374999 0.461414790625 0.897709003125 0.47045820000000005 0.9067524109375
0 0.52069935625 0.894694534375 0.5448151125 0.894694534375 0.5538585203124999 0.887660771875 0.5578778140625 0.8796221859375001 0.5578778140625 0.8715836015624999 0.5538585203124999 0.863545015625 0.5387861734375 0.8565112546875 0.522709003125 0.8585209 0.510651125 0.8665594859375 0.5096463015625 0.8715836015624999 0.5176848875 0.8796221859375001 0.52069935625 0.894694534375
0 0.5850080390625 0.8223472671875 0.591036978125 0.8243569125000001 0.5990755625 0.8243569125000001 0.60912379375 0.8203376203125 0.618167203125 0.8072749203124999 0.61615755625 0.7952170421875 0.60912379375 0.7881832796875 0.6030948546875 0.7861736328125 0.58902733125 0.7881832796875 0.5789791 0.79421221875 0.576969453125 0.7982315109375 0.5759646296875001 0.8112942125 0.5779742765625 0.8153135046875001 0.5850080390625 0.8223472671875
0 0.7176446953125 0.418408359375 0.7286977484375 0.40936495156249997 0.7286977484375 0.395297428125 0.7256832796875 0.3902733125 0.7176446953125 0.3842443734375 0.709606109375 0.3842443734375 0.699557878125 0.3922829578125 0.6985530546875001 0.40735530468750003 0.7075964625 0.4163987140625 0.7176446953125 0.418408359375
0 0.7176446953125 0.3842443734375 0.7276929265625001 0.3822347265625 0.7327170421875 0.3772106109375 0.7347266875 0.371181671875 0.7327170421875 0.369172025 0.7327170421875 0.3631430875 0.7276929265625001 0.3581189703125 0.7156350484375 0.36615755625 0.7055868171874999 0.364147909375 0.7035771703125 0.36615755625 0.702572346875 0.37319131875 0.71161575625 0.3822347265625 0.7176446953125 0.3842443734375
0 0.7075964625 0.3259646296875 0.7136254015625 0.3259646296875 0.7216639875 0.3219453375 0.726688103125 0.3129019296875 0.7226688109375 0.3008440515625 0.7136254015625 0.2938102890625 0.7015675234375001 0.2938102890625 0.6965434078125 0.296824759375 0.6935289390625 0.301848875 0.692524115625 0.314911575 0.7015675234375001 0.323954984375 0.7075964625 0.3259646296875
0 0.7136254015625 0.2717041796875 0.719654340625 0.2737138265625 0.7256832796875 0.279742765625 0.7286977484375 0.2787379421875 0.7307073953125001 0.272709003125 0.726688103125 0.262660771875 0.7176446953125 0.255627009375 0.7055868171874999 0.25763665625 0.699557878125 0.265675240625 0.6985530546875001 0.27069935625 0.7015675234375001 0.2737138265625 0.7136254015625 0.2717041796875
0 0.665393890625 0.2676848875 0.6764469453124999 0.2767282953125 0.6814710609375 0.2837620578125 0.68448553125 0.282757234375 0.6885048234375 0.27069935625 0.6864951765625 0.260651125 0.682475884375 0.2546221859375 0.6714228296875 0.245578778125 0.655345659375 0.245578778125 0.6513263671875 0.247588425 0.6442926046874999 0.2546221859375 0.641278134375 0.2636655953125 0.641278134375 0.2676848875 0.6593649515625 0.265675240625 0.665393890625 0.2676848875
1 0.645297428125 0.3621382640625 0.655345659375 0.368167203125 0.6714228296875 0.36615755625 0.6804662375 0.3571141484375 0.68448553125 0.3490755625 0.68448553125 0.337017684375 0.6804662375 0.3289791 0.6714228296875 0.319935690625 0.66338424375 0.3159163984375 0.655345659375 0.3159163984375 0.645297428125 0.319935690625 0.638263665625 0.326969453125 0.635249196875 0.334003215625 0.6342443734375001 0.3490755625 0.63625401875 0.3530948546875 0.645297428125 0.3621382640625
1 0.6493167203125 0.3159163984375 0.66338424375 0.3159163984375 0.6694131828125001 0.313906753125 0.6764469453124999 0.306872990625 0.6804662375 0.2988344046875 0.6804662375 0.282757234375 0.6784565921875 0.2787379421875 0.6714228296875 0.2717041796875 0.6593649515625 0.265675240625 0.64328778125 0.2676848875 0.631229903125 0.2817524109375 0.6302250796875 0.2988344046875 0.6322347265625 0.3028536984375 0.6493167203125 0.3159163984375
1 0.699557878125 0.2596463015625 0.7086012859374999 0.248593246875 0.7086012859374999 0.23854501562500002 0.706591640625 0.2345257234375 0.6955385859375001 0.225482315625 0.685490353125 0.22347266875 0.6794614140624999 0.225482315625 0.6714228296875 0.23553054687500002 0.67041800625 0.2445739546875 0.6875 0.2596463015625 0.699557878125 0.2596463015625
1 0.6784565921875 0.1903135046875 0.6784565921875 0.1923231515625 0.6794614140624999 0.193327975 0.6814710609375 0.193327975 0.6875 0.1993569125 0.6935289390625 0.1993569125 0.6955385859375001 0.20136655937499998 0.69754823125 0.20136655937499998 0.699557878125 0.1993569125 0.7035771703125 0.1993569125 0.7086012859374999 0.194332796875 0.7086012859374999 0.1822749203125 0.706591640625 0.1802652734375 0.706591640625 0.1782556265625 0.7015675234375001 0.1732315109375 0.699557878125 0.1732315109375 0.69754823125 0.171221865625 0.685490353125 0.171221865625 0.6834807078125 0.1732315109375 0.6814710609375 0.1732315109375 0.6784565921875 0.17624598125 0.6784565921875 0.1782556265625 0.67745176875 0.17926045 0.6764469453124999 0.1802652734375 0.6764469453124999 0.1883038578125 0.6784565921875 0.1903135046875
1 0.69051446875 0.208400321875 0.69051446875 0.2104099671875 0.6915192921875 0.211414790625 0.6935289390625 0.211414790625 0.699557878125 0.21744372968749998 0.71161575625 0.21744372968749998 0.7186495171875 0.2104099671875 0.7186495171875 0.2023713828125 0.716639871875 0.2003617359375 0.716639871875 0.198352090625 0.71161575625 0.193327975 0.709606109375 0.193327975 0.7035771703125 0.1993569125 0.69754823125 0.1993569125 0.6955385859375001 0.20136655937499998 0.6935289390625 0.1993569125 0.689509646875 0.1993569125 0.6885048234375 0.2003617359375 0.6885048234375 0.20639067500000002 0.69051446875 0.208400321875
1 0.7005627015625 0.2264871375 0.7005627015625 0.228496784375 0.7075964625 0.23553054687500002 0.709606109375 0.23553054687500002 0.71161575625 0.2375401921875 0.7176446953125 0.2375401921875 0.719654340625 0.23553054687500002 0.7216639875 0.23553054687500002 0.726688103125 0.23050643124999998 0.726688103125 0.228496784375 0.7286977484375 0.2264871375 0.7286977484375 0.22246784531250002 0.72467845625 0.218448553125 0.72467845625 0.21643890625 0.7216639875 0.2134244375 0.7156350484375 0.2134244375 0.71161575625 0.21744372968749998 0.699557878125 0.21744372968749998 0.6985530546875001 0.218448553125 0.6985530546875001 0.2244774921875 0.7005627015625 0.2264871375
1 0.69754823125 0.2938102890625 0.7136254015625 0.2938102890625 0.7156350484375 0.2958199359375 0.7176446953125 0.2958199359375 0.7216639875 0.299839228125 0.7286977484375 0.292805465625 0.7286977484375 0.2887861734375 0.726688103125 0.2867765265625 0.726688103125 0.2807475890625 0.719654340625 0.2737138265625 0.7176446953125 0.2737138265625 0.7156350484375 0.2717041796875 0.7075964625 0.2717041796875 0.7055868171874999 0.2737138265625 0.7035771703125 0.2737138265625 0.69754823125 0.279742765625 0.6965434078125 0.2807475890625 0.6965434078125 0.292805465625 0.69754823125 0.2938102890625
1 0.4865353703125 0.959003215625 0.49859324687499995 0.959003215625 0.510651125 0.9549839234374999 0.515675240625 0.9499598078125 0.5176848875 0.9379019296875001 0.5086414796875001 0.9288585203125 0.50060289375 0.9268488749999999 0.4905546625 0.9389067531249999 0.4744774921875 0.9449356906249999 0.47347266875000005 0.9499598078125 0.478496784375 0.9549839234374999 0.4865353703125 0.959003215625
1 0.5287379421875 0.924839228125 0.542805465625 0.92282958125 0.551848875 0.9157958203125001 0.5538585203124999 0.9117765265625 0.5538585203124999 0.9017282953124999 0.5488344046875 0.894694534375 0.52069935625 0.894694534375 0.512660771875 0.90273311875 0.5116559484375001 0.9137861734375001 0.515675240625 0.9198151125 0.5287379421875 0.924839228125
1 0.6071141484375 0.7359324765624999 0.62319131875 0.737942121875 0.6292202578125 0.7359324765624999 0.6402733125 0.724879421875 0.6422829578125 0.720860128125 0.6422829578125 0.7067926046874999 0.6372588421875001 0.6997588421875001 0.631229903125 0.69573955 0.619172025 0.693729903125 0.6051045015625001 0.6997588421875001 0.5980707390625 0.7067926046874999 0.597065915625 0.7138263671875 0.59606109375 0.7188504828125 0.5980707390625 0.724879421875 0.6071141484375 0.7359324765624999
1 0.5850080390625 0.8565112546875 0.6030948546875 0.8565112546875 0.6101286171875 0.8514871375 0.614147909375 0.8434485531249999 0.6121382640624999 0.831390675 0.601085209375 0.8243569125000001 0.5850080390625 0.82837620625 0.576969453125 0.8384244375 0.5759646296875001 0.8434485531249999 0.5779742765625 0.8494774921875001 0.5850080390625 0.8565112546875
1 0.66338424375 0.7419614140624999 0.672427653125 0.734927653125 0.6744372984375 0.730908359375 0.6744372984375 0.720860128125 0.6613745984375 0.7118167203125 0.6473070734374999 0.717845659375 0.6442926046874999 0.720860128125 0.64328778125 0.72588424375 0.6422829578125 0.73291800625 0.6473070734374999 0.737942121875 0.66338424375 0.7419614140624999
1 0.71161575625 0.4485530546875 0.7216639875 0.4485530546875 0.7286977484375 0.44151929218749997 0.7307073953125001 0.4294614140625 0.7236736328125 0.418408359375 0.709606109375 0.418408359375 0.7015675234375001 0.42443729843750005 0.7005627015625 0.43950964687500005 0.7075964625 0.4465434078125 0.71161575625 0.4485530546875
0 0.4423231515625 0.989147909375 0.4543810296875 0.9931672031250001 0.468448553125 0.9931672031250001 0.4744774921875 0.9911575562499999 0.48151125468749995 0.98412379375 0.48151125468749995 0.9740755625 0.4744774921875 0.9670418 0.4624196140625 0.9630225078124999 0.44433279687500005 0.9650321546875 0.43729903593749997 0.9700562703125 0.4362942125 0.9730707390625 0.43528938906250003 0.9801045015625001 0.43729903593749997 0.98412379375 0.4423231515625 0.989147909375
0 0.665393890625 0.697749196875 0.67745176875 0.697749196875 0.6864951765625 0.6927250796875 0.6885048234375 0.6887057875 0.6885048234375 0.676647909375 0.6814710609375 0.6696141484375 0.6694131828125001 0.6696141484375 0.658360128125 0.67865755625 0.6573553046875 0.683681671875 0.6563504828125 0.6866961421875 0.658360128125 0.690715434375 0.665393890625 0.697749196875
1 0.5749598078125 0.8866559484375 0.5850080390625 0.8866559484375 0.5980707390625 0.87560289375 0.59606109375 0.863545015625 0.58902733125 0.8585209 0.5749598078125 0.8585209 0.5709405140625 0.8625401921875 0.569935690625 0.863545015625 0.5759646296875001 0.8715836015624999 0.5749598078125 0.8866559484375
0 0.597065915625 0.8665594859375 0.6051045015625001 0.8665594859375 0.614147909375 0.8575160765625001 0.614147909375 0.8494774921875001 0.611133440625 0.84847266875 0.601085209375 0.8565112546875 0.5850080390625 0.8565112546875 0.5850080390625 0.8585209 0.5950562703125 0.8625401921875 0.597065915625 0.8665594859375
1 0.6463022515625 0.755024115625 0.6493167203125 0.7680868171874999 0.655345659375 0.7660771703125 0.662379421875 0.7570337625 0.662379421875 0.744975884375 0.655345659375 0.73995176875 0.645297428125 0.737942121875 0.635249196875 0.7419614140624999 0.63323955 0.7459807078125 0.63323955 0.75 0.64328778125 0.752009646875 0.6463022515625 0.755024115625
1 0.6744372984375 0.74698553125 0.6764469453124999 0.7369372984375 0.6734324765624999 0.7339228296875 0.66338424375 0.73995176875 0.662379421875 0.75301446875 0.6674035375 0.7540192921875 0.6744372984375 0.74698553125
0 0.6674035375 0.7158360125 0.67745176875 0.7158360125 0.6814710609375 0.7138263671875 0.6885048234375 0.7047829578125 0.685490353125 0.69573955 0.665393890625 0.697749196875 0.6593649515625 0.69573955 0.6573553046875 0.7017684890625 0.6563504828125 0.7047829578125 0.658360128125 0.7088022515625 0.6674035375 0.7158360125