2 0.125408496875 0.44621119218749994 0.1172385625 0.4645935453125 0.1172385625 0.4829758984375 0.12336601250000001 0.5013582515625 0.1325571890625 0.5125919125 0.1448120921875 0.5187193625 0.16319444375 0.5187193625 0.175449346875 0.5125919125 0.18464052343749998 0.5034007359375 0.1928104578125 0.4850183828125 0.1928104578125 0.46050857812499996 0.188725490625 0.450296159375 0.1795343140625 0.4390625 0.1642156859375 0.43191380781250005 0.14685457500000001 0.43089256562499995 0.13664215625 0.4349775328125 0.125408496875 0.44621119218749994
2 0.008986928125 0.46255106250000005 0.015114379687500002 0.4850183828125 0.026348039062500002 0.49420955937500005 0.0365604578125 0.49420955937500005 0.0396241828125 0.49114583281249996 0.0396241828125 0.4850183828125 0.0375817 0.4829758984375 0.0375817 0.46255106250000005 0.04370915 0.44825367656250004 0.0498366015625 0.4400837421875 0.0396241828125 0.43191380781250005 0.0283905234375 0.43089256562499995 0.0171568625 0.4400837421875 0.008986928125 0.46255106250000005
2 0.215277778125 0.648417075 0.215277778125 0.6627144609375 0.221405228125 0.6749693625 0.22855392187499998 0.680075571875 0.23263888906250002 0.68211805625 0.244893790625 0.68211805625 0.2540849671875 0.6749693625 0.258169934375 0.6606719765625 0.252042484375 0.6463745921874999 0.246936275 0.6412683828125 0.23774509843749997 0.63820465625 0.23059640468749998 0.637183415625 0.2244689546875 0.6392258984375 0.215277778125 0.648417075
2 0.09068627500000001 0.5912275328125001 0.09068627500000001 0.603482434375 0.09477124218750001 0.61165236875 0.10396241875000001 0.6208435453125001 0.1141748359375 0.6208435453125001 0.11519607812499999 0.6157373359375 0.109068628125 0.60552491875 0.109068628125 0.593270015625 0.1131535953125 0.5810151140625 0.109068628125 0.57897263125 0.0998774515625 0.579993871875 0.09272875781249999 0.587142565625 0.09068627500000001 0.5912275328125001
2 0.194852940625 0.6463745921874999 0.1928104578125 0.6545445265625001 0.19689542499999999 0.6647569437499999 0.2030228765625 0.6729268796875 0.20608660156249997 0.6759906046874999 0.2142565359375 0.6780330875 0.2203839875 0.6759906046874999 0.221405228125 0.6729268796875 0.215277778125 0.6627144609375 0.215277778125 0.650459559375 0.2193627453125 0.6422896234375 0.21323529375 0.63820465625 0.20404411718749998 0.637183415625 0.19995915 0.6392258984375 0.194852940625 0.6463745921874999
2 0.1744281046875 0.656587009375 0.1744281046875 0.6647569437499999 0.178513071875 0.6729268796875 0.18566176406249998 0.680075571875 0.191789215625 0.68211805625 0.19995915 0.680075571875 0.20506535937499998 0.6749693625 0.194852940625 0.6606719765625 0.194852940625 0.6463745921874999 0.18361928125 0.6453533499999999 0.1795343140625 0.6473958328125 0.1744281046875 0.656587009375
2 0.35620915000000003 0.7178615203125001 0.35620915000000003 0.7260314546875 0.3602941171875 0.7342013890625 0.37152777812500004 0.74135008125 0.3837826796875 0.74135008125 0.39297385625 0.7342013890625 0.395016340625 0.730116421875 0.395016340625 0.7178615203125001 0.39297385625 0.7137765515625001 0.387867646875 0.7086703437499999 0.37867647031249996 0.7056066171875 0.36948529375 0.7045853765625 0.3654003265625 0.706627859375 0.35620915000000003 0.7178615203125001
2 0.54616013125 0.7382863562499999 0.544117646875 0.7505412578125 0.5482026140625 0.7587111921874999 0.557393790625 0.7658598859375 0.5716911765625 0.7658598859375 0.5829248359375 0.756668709375 0.5849673203125 0.7525837421875 0.5849673203125 0.7403288406249999 0.5829248359375 0.736243871875 0.577818628125 0.7311376640625 0.570669934375 0.7280739374999999 0.5614787578125 0.7270526953124999 0.5553513078125001 0.7290951796875 0.54616013125 0.7382863562499999
2 0.5849673203125 0.7505412578125 0.580882353125 0.7587111921874999 0.580882353125 0.762796159375 0.583946078125 0.7658598859375 0.5921160125 0.7699448531249999 0.6002859484374999 0.7699448531249999 0.6135620921875 0.762796159375 0.6176470593750001 0.754626225 0.6176470593750001 0.7464562906250001 0.607434640625 0.7342013890625 0.594158496875 0.733180146875 0.5849673203125 0.7403288406249999 0.5849673203125 0.7505412578125
2 0.7422385625000001 0.7178615203125001 0.7361111109375 0.7260314546875 0.734068628125 0.730116421875 0.734068628125 0.7423713234375 0.7391748359375 0.749520015625 0.7493872546875 0.753604984375 0.7595996734375 0.7515625 0.7708333328125 0.7403288406249999 0.7728758171875 0.736243871875 0.7728758171875 0.7239889703125 0.7647058828125 0.7137765515625001 0.753472221875 0.7127553109375 0.747344771875 0.7147977937500001 0.7422385625000001 0.7178615203125001
2 0.7943218953125 0.743392565625 0.793300653125 0.7484987750000001 0.7984068625 0.7515625 0.80861928125 0.7515625 0.8178104578125 0.7444138078125 0.81168300625 0.7403288406249999 0.8065767968750001 0.7393075984374999 0.800449346875 0.743392565625 0.7943218953125 0.743392565625
2 0.734068628125 0.7280739374999999 0.734068628125 0.7423713234375 0.737132353125 0.7474775328125001 0.7432598046875001 0.7515625 0.7595996734375 0.759732434375 0.7657271234375 0.759732434375 0.77900326875 0.7484987750000001 0.7830882359375 0.7382863562499999 0.7810457515625 0.7321589046875 0.7708333328125 0.7239889703125 0.7708333328125 0.719904003125 0.7626633984375 0.7137765515625001 0.753472221875 0.7127553109375 0.740196078125 0.719904003125 0.734068628125 0.7280739374999999
0 0.04370915 0.44825367656250004 0.0375817 0.46255106250000005 0.0375817 0.4829758984375 0.0416666671875 0.49318831718749995 0.05085784375 0.5044219765625 0.06719771249999999 0.5064644609375 0.0733251640625 0.5044219765625 0.0845588234375 0.49318831718749995 0.0845588234375 0.48910335 0.088643790625 0.4829758984375 0.088643790625 0.4564236109375 0.0866013078125 0.450296159375 0.07741013125 0.4390625 0.072303921875 0.43804125781250003 0.05698529375 0.43702001562500004 0.0529003265625 0.4390625 0.04370915 0.44825367656250004
0 0.0814950984375 0.5391442 0.075367646875 0.5391442 0.072303921875 0.542207925 0.072303921875 0.5524203437499999 0.07638888906249999 0.5626327609375 0.085580065625 0.5718239374999999 0.091707515625 0.573866421875 0.0998774515625 0.573866421875 0.1080473859375 0.5697814546875 0.1131535953125 0.5646752453125 0.1172385625 0.5524203437499999 0.1172385625 0.542207925 0.11519607812499999 0.5401654406249999 0.1131535953125 0.5279105390625001 0.1080473859375 0.5207618468749999 0.10498365937500001 0.5197406046874999 0.0998774515625 0.5187193625 0.091707515625 0.5330167484375 0.0814950984375 0.5391442
0 0.1111111109375 0.587142565625 0.109068628125 0.5912275328125001 0.109068628125 0.60552491875 0.1182598046875 0.6208435453125001 0.1264297390625 0.6249285125 0.13664215625 0.6249285125 0.1458333328125 0.6157373359375 0.1478758171875 0.5993974671875 0.14379085 0.587142565625 0.13664215625 0.579993871875 0.1315359484375 0.57897263125 0.1243872546875 0.5779513890625 0.1182598046875 0.579993871875 0.1111111109375 0.587142565625
0 0.6748366015625 0.736243871875 0.6748366015625 0.7382863562499999 0.6727941171875 0.7403288406249999 0.6727941171875 0.7505412578125 0.6748366015625 0.7525837421875 0.6748366015625 0.754626225 0.6799428109375001 0.759732434375 0.68198529375 0.759732434375 0.684027778125 0.76177491875 0.6962826796875 0.76177491875 0.6983251640625 0.759732434375 0.700367646875 0.759732434375 0.7095588234375 0.7505412578125 0.7095588234375 0.7484987750000001 0.7116013078125001 0.7464562906250001 0.7116013078125001 0.736243871875 0.7095588234375 0.7342013890625 0.7095588234375 0.7321589046875 0.703431371875 0.7260314546875 0.70241013125 0.7250102125 0.6860702609375 0.7250102125 0.6748366015625 0.736243871875
0 0.713643790625 0.736243871875 0.713643790625 0.754626225 0.720792484375 0.76177491875 0.7330473859375 0.76177491875 0.73508986875 0.759732434375 0.737132353125 0.759732434375 0.7442810453125001 0.7525837421875 0.7412173203125 0.749520015625 0.7391748359375 0.749520015625 0.7381535953125 0.7484987750000001 0.7381535953125 0.7464562906250001 0.734068628125 0.7423713234375 0.734068628125 0.7280739374999999 0.7330473859375 0.7270526953124999 0.7228349671875 0.7270526953124999 0.713643790625 0.736243871875
0 0.7810457515625 0.7178615203125001 0.77900326875 0.730116421875 0.790236928125 0.743392565625 0.800449346875 0.743392565625 0.80861928125 0.7393075984374999 0.8157679734375 0.7280739374999999 0.8178104578125 0.7178615203125001 0.8157679734375 0.71173406875 0.8075980390625 0.703564134375 0.7963643796875 0.7025428921875 0.7922794125 0.7045853765625 0.7810457515625 0.7178615203125001
0 0.875 0.603482434375 0.8688725484375001 0.6177798203125 0.8688725484375001 0.63207720625 0.872957515625 0.6443321078124999 0.886233659375 0.65556576875 0.8964460781250001 0.65556576875 0.9107434640625 0.6494383171875 0.9219771234374999 0.6279922390625 0.9219771234374999 0.60552491875 0.919934640625 0.6014399515625 0.9107434640625 0.5922487750000001 0.8995098046875001 0.5891850484375001 0.8944035953125 0.5881638078125 0.8841911765624999 0.5922487750000001 0.875 0.603482434375
1 0.8055555562500001 0.6239072718750001 0.8014705875000001 0.6341196890624999 0.8014705875000001 0.6545445265625001 0.8055555562500001 0.6627144609375 0.8127042484375 0.669863153125 0.8208741828124999 0.6739481203125 0.8372140515625001 0.6739481203125 0.8474264703125 0.6678206703125 0.856617646875 0.656587009375 0.8607026140625 0.6463745921874999 0.8607026140625 0.6279922390625 0.8545751640624999 0.6157373359375 0.8494689546874999 0.610631128125 0.840277778125 0.6075674015625 0.8290441171875 0.606546159375 0.81474673125 0.6126736109375 0.8055555562500001 0.6239072718750001
1 0.7442810453125001 0.6341196890624999 0.7381535953125 0.6443321078124999 0.7361111109375 0.6606719765625 0.7381535953125 0.666799428125 0.7422385625000001 0.6749693625 0.753472221875 0.6841605390625001 0.7595996734375 0.6862030234375001 0.7738970593750001 0.6862030234375001 0.780024509375 0.6841605390625001 0.7953431375 0.6708843953125 0.7994281046875 0.6627144609375 0.8014705875000001 0.656587009375 0.8014705875000001 0.63820465625 0.7881944437499999 0.6228860296875001 0.77900326875 0.6198223046875 0.763684640625 0.6188010625 0.75551470625 0.6228860296875001 0.7442810453125001 0.6341196890624999
1 0.8607026140625 0.6749693625 0.85866013125 0.6810968140625 0.85866013125 0.6974366828125 0.8658088234375001 0.706627859375 0.869893790625 0.7086703437499999 0.878063725 0.7086703437499999 0.886233659375 0.7045853765625 0.893382353125 0.6974366828125 0.8974673203125001 0.6872242640625 0.8974673203125001 0.6729268796875 0.8954248359375001 0.6688419125 0.8852124187499999 0.6627144609375 0.8760212421875 0.66169321875 0.869893790625 0.663735703125 0.8607026140625 0.6749693625
1 0.9158496734374999 0.6810968140625 0.91789215625 0.6974366828125 0.922998365625 0.7025428921875 0.93525326875 0.7005004078125 0.9464869281249999 0.6872242640625 0.9485294124999999 0.6770118468749999 0.9464869281249999 0.6708843953125 0.94138071875 0.663735703125 0.93831699375 0.6627144609375 0.9311683000000001 0.66169321875 0.9270833328125001 0.663735703125 0.9158496734374999 0.6810968140625
1 0.8954248359375001 0.6994791671875 0.8954248359375001 0.7076491015624999 0.9005310453125001 0.7168402781250001 0.9127859484374999 0.7168402781250001 0.9219771234374999 0.7076491015624999 0.9219771234374999 0.70152165 0.91789215625 0.6974366828125 0.9158496734374999 0.69130923125 0.9158496734374999 0.6831392968750001 0.9087009796875 0.68211805625 0.9046160125 0.6841605390625001 0.8954248359375001 0.6994791671875
1 0.875 0.709691584375 0.872957515625 0.7219464875 0.875 0.7280739374999999 0.8821486921874999 0.733180146875 0.8923611109375 0.7311376640625 0.8995098046875001 0.7219464875 0.8954248359375001 0.70152165 0.890318628125 0.7005004078125 0.886233659375 0.7045853765625 0.875 0.709691584375
1 0.8178104578125 0.7219464875 0.8096405234375 0.7382863562499999 0.816789215625 0.743392565625 0.8290441171875 0.74135008125 0.8361928109375001 0.7342013890625 0.840277778125 0.7260314546875 0.83823529375 0.71173406875 0.830065359375 0.7056066171875 0.8188316999999999 0.7045853765625 0.8157679734375 0.7076491015624999 0.8178104578125 0.7219464875
1 0.6360294125 0.7444138078125 0.6360294125 0.756668709375 0.6431781046875 0.7658598859375 0.6513480390625 0.76790236875 0.6533905234375 0.7658598859375 0.6615604578125 0.7658598859375 0.670751634375 0.7587111921874999 0.6727941171875 0.754626225 0.6727941171875 0.7403288406249999 0.6646241828125 0.7321589046875 0.6493055562500001 0.7311376640625 0.6380718953125 0.7403288406249999 0.6360294125 0.7444138078125
1 0.247957515625 0.6872242640625 0.25 0.6994791671875 0.26327614375 0.7107128265625 0.2734885625 0.7107128265625 0.27757352968750004 0.7086703437499999 0.28472222187499996 0.6994791671875 0.28472222187499996 0.6872242640625 0.27450980468749997 0.6749693625 0.2591911765625 0.6739481203125 0.25 0.6810968140625 0.247957515625 0.6872242640625
1 0.2826797390625 0.7137765515625001 0.29391339843750003 0.7250102125 0.3041258171875 0.7250102125 0.31535947656249996 0.7158190359375001 0.31535947656249996 0.70152165 0.3061683 0.690287990625 0.303104575 0.6892667484375 0.29391339843750003 0.68824550625 0.28472222187499996 0.6953942 0.2826797390625 0.7137765515625001
1 0.1376633984375 0.63207720625 0.14174836562499998 0.6422896234375 0.14685457500000001 0.6494383171875 0.155024509375 0.6535232843750001 0.1672794125 0.6514808000000001 0.1744281046875 0.6422896234375 0.1744281046875 0.6259497546875 0.1642156859375 0.6136948531249999 0.148897059375 0.6126736109375 0.1376633984375 0.6259497546875 0.1376633984375 0.63207720625
1 0.0845588234375 0.49318831718749995 0.0733251640625 0.5044219765625 0.06719771249999999 0.5064644609375 0.0498366015625 0.50544321875 0.051879084374999995 0.5176981203125 0.058006535937500006 0.5299530234375001 0.07128267968749999 0.5391442 0.0814950984375 0.5391442 0.085580065625 0.537101715625 0.09477124218750001 0.5279105390625001 0.098856209375 0.5197406046874999 0.098856209375 0.4952308 0.09272875781249999 0.4829758984375 0.0896650328125 0.48195465625 0.0866013078125 0.4850183828125 0.0845588234375 0.49318831718749995
1 0.0110294125 0.513613153125 0.015114379687500002 0.52586805625 0.022263071875000002 0.5330167484375 0.03043300625 0.53505923125 0.0416666671875 0.52586805625 0.0416666671875 0.523825571875 0.032475490625 0.5207618468749999 0.0232843140625 0.5115706703125 0.021241829687499998 0.50544321875 0.021241829687499998 0.49114583281249996 0.016135620312499998 0.4901245921875 0.0110294125 0.49931576875 0.0110294125 0.513613153125
1 0.0110294125 0.513613153125 0.015114379687500002 0.52586805625 0.022263071875000002 0.5330167484375 0.0283905234375 0.53505923125 0.0345179734375 0.5330167484375 0.0447303921875 0.5228043296875 0.05085784375 0.5207618468749999 0.051879084374999995 0.5156556375 0.0477941171875 0.5034007359375 0.040645425 0.49216707499999995 0.0365604578125 0.49420955937500005 0.026348039062500002 0.49420955937500005 0.021241829687499998 0.49114583281249996 0.016135620312499998 0.4901245921875 0.0110294125 0.49931576875 0.0110294125 0.513613153125