1 0.509375 0.51875 0.04375 0.0421875
1 0.528125 0.471875 0.04375 0.0390625
1 0.3375 0.509375 0.0453125 0.0421875
1 0.325 0.4625 0.0453125 0.040625
2 0.7140625 0.5265625 0.0515625 0.04375
2 0.703125 0.4796875 0.046875 0.0390625
2 0.165625 0.503125 0.05 0.0359375
2 0.159375 0.4578125 0.053125 0.0421875
2 0.1344339625 0.42117727968749996 0.139347484375 0.422159984375 0.14229559687499999 0.425108096875 0.14229559687499999 0.43100432343749995 0.14720911875 0.4359178453125 0.1747248421875 0.4359178453125 0.175707546875 0.4349351421875 0.1816037734375 0.42903891562499996 0.1816037734375 0.42707350625 0.1796383640625 0.425108096875 0.1835691828125 0.4231426890625 0.1835691828125 0.40741941875 0.17767295624999999 0.40152319218750004 0.1766902515625 0.39857507812500004 0.1747248421875 0.39857507812500004 0.17079402500000002 0.3946442609375 0.1668632078125 0.3946442609375 0.16489779843750002 0.39267885156250004 0.149174528125 0.39267885156250004 0.14720911875 0.3946442609375 0.14131289375 0.3966096703125 0.1363993703125 0.40152319218750004 0.1363993703125 0.40348860000000003 0.1344339625 0.405454009375 0.1344339625 0.40938482656249997 0.132468553125 0.41135023593750003 0.132468553125 0.415281053125 0.1344339625 0.41724646249999997 0.1344339625 0.42117727968749996
1 0.498034590625 0.44476218593750005 0.5068789312499999 0.45164111562500003 0.5186713843749999 0.45164111562500003 0.5196540875 0.4506584125 0.524567609375 0.44967570781250005 0.53341195 0.44279677656249994 0.53341195 0.438865959375 0.531446540625 0.4349351421875 0.5343946546875 0.4339524375 0.5393081765625001 0.42903891562499996 0.5393081765625001 0.425108096875 0.5373427671875 0.4231426890625 0.5373427671875 0.41724646249999997 0.5353773578125 0.41331564531250004 0.52653301875 0.4044713046875 0.5226022015625 0.402505896875 0.504913521875 0.402505896875 0.5009827046875001 0.4044713046875 0.49017295625 0.415281053125 0.49017295625 0.41921187031249996 0.488207546875 0.42117727968749996 0.488207546875 0.43100432343749995 0.4911556609375 0.4339524375 0.4960691828125 0.4349351421875 0.4960691828125 0.4408313671875 0.498034590625 0.44476218593750005
1 0.7152122640624999 0.46146816093750004 0.727987421875 0.46048545625 0.730935534375 0.4595027515625 0.7348663515625 0.453606525 0.7387971703125 0.455571934375 0.7456761000000001 0.448693003125 0.7437106921875001 0.44476218593750005 0.74960691875 0.4408313671875 0.74960691875 0.425108096875 0.747641509375 0.42117727968749996 0.740762578125 0.41429834843749996 0.73290094375 0.41036753125000003 0.7250393078124999 0.41036753125000003 0.721108490625 0.408402121875 0.71914308125 0.41036753125000003 0.7152122640624999 0.41036753125000003 0.7073506296875001 0.41429834843749996 0.7004716984375 0.42117727968749996 0.69654088125 0.42903891562499996 0.69654088125 0.438865959375 0.6985062890625 0.4408313671875 0.6985062890625 0.448693003125 0.7073506296875001 0.4575373421875 0.7152122640624999 0.46146816093750004
3 0.1625 0.475 0.0875 0.128125
3 0.33125 0.48125 0.084375 0.121875
3 0.5171875 0.4875 0.071875 0.13125
3 0.709375 0.490625 0.0859375 0.1171875
3 0.909375 0.5109375 0.1 0.134375