2 0.046875 0.6296875 0.0625 0.05625
1 0.471875 0.6234375 0.059375 0.0609375
1 0.2578125 0.6265625 0.0640625 0.059375
1 0.4828125 0.56875 0.05625 0.05625
2 0.690625 0.51875 0.0640625 0.0609375
2 0.7 0.571875 0.0609375 0.0546875
2 0.6984375 0.625 0.05625 0.0546875
1 0.0609375 0.5765625 0.0625 0.0578125
3 0.053125 0.5984375 0.0859375 0.13125
3 0.259375 0.596875 0.0828125 0.1359375
3 0.4765625 0.5921875 0.0765625 0.1359375
3 0.6953125 0.590625 0.0828125 0.1359375
3 0.9140625 0.5859375 0.0875 0.134375