0 0.7778003250000001 0.7366071421875 0.7899756499999999 0.7325487015625 0.7970779218749999 0.7234172078125 0.7970779218749999 0.6564529218749999 0.7950487015625 0.6544237015625 0.7950487015625 0.63413149375 0.7970779218749999 0.6321022734375 0.7970779218749999 0.6118100656250001 0.7950487015625 0.6097808437500001 0.7950487015625 0.599634740625 0.7970779218749999 0.59760551875 0.7950487015625 0.5955762984375 0.7950487015625 0.581371753125 0.7970779218749999 0.5793425328125 0.7970779218749999 0.5732548703125 0.7950487015625 0.5712256499999999 0.7970779218749999 0.5671672078125 0.7960633109375 0.5620941562499999 0.7920048703125 0.55600649375 0.7615665578125 0.55600649375 0.7534496749999999 0.5600649343749999 0.7473620125 0.5600649343749999 0.7351866890625 0.5681818187500001 0.731128246875 0.5681818187500001 0.703733765625 0.5935470781250001 0.6915584421875 0.6118100656250001 0.6915584421875 0.61586850625 0.6875 0.6219561687499999 0.6854707796875 0.63413149375 0.6834415578125 0.6361607140625 0.6834415578125 0.6726866890625 0.6915584421875 0.6970373375000001 0.7088068187500001 0.7183441562499999 0.7351866890625 0.7345779218749999 0.7433035718750001 0.7345779218749999 0.7453327921875 0.7366071421875 0.7778003250000001 0.7366071421875
0 0.424715909375 0.80560065 0.44196428593750003 0.79038149375 0.44196428593750003 0.7842938312500001 0.44399350625 0.7822646109375 0.44297889687499997 0.7711038968749999 0.43790584375 0.7599431812499999 0.42877435 0.7528409093749999 0.42268668906249995 0.7508116890625 0.39833603906250004 0.7508116890625 0.3831168828125 0.7640016234375 0.38108766250000004 0.7680600656250001 0.38108766250000004 0.7842938312500001 0.38717532499999996 0.7964691562499999 0.40239448125 0.80560065 0.424715909375 0.80560065
0 0.38616071406249997 0.797483765625 0.38717532499999996 0.7944399343749999 0.38108766250000004 0.7863230515625 0.38108766250000004 0.7680600656250001 0.38717532499999996 0.7579139609375 0.39630681874999996 0.7528409093749999 0.39630681874999996 0.7508116890625 0.388189934375 0.746753246875 0.3760146109375 0.7487824671875 0.3668831171875 0.755884740625 0.36282467500000004 0.7640016234375 0.36282467500000004 0.7761769484375 0.3668831171875 0.7863230515625 0.3739853890625 0.7934253250000001 0.38210227343750003 0.797483765625 0.38616071406249997 0.797483765625
0 0.38616071406249997 0.797483765625 0.38210227343750003 0.797483765625 0.37195616875000004 0.7913961031250001 0.3668831171875 0.7863230515625 0.361810065625 0.7731331171875 0.35166396093749996 0.7771915578125 0.34659090937500003 0.7863230515625 0.3486201296875 0.8005275968750001 0.3577516234375 0.8096590906250001 0.36789772656249997 0.8137175328125 0.38007305156250004 0.8116883109374999 0.38717532499999996 0.80255681875 0.38616071406249997 0.797483765625
0 0.430803571875 0.85633116875 0.40848214218749995 0.85633116875 0.39732142812500004 0.8654626625 0.39732142812500004 0.8816964281249999 0.40239448125 0.8887987015625001 0.412540584375 0.8948863640625 0.430803571875 0.8948863640625 0.44399350625 0.8857548703125 0.44602272656249997 0.8816964281249999 0.44500811718750005 0.8705357140625001 0.44196428593750003 0.8634334421875 0.430803571875 0.85633116875
0 0.39833603906250004 0.8887987015625001 0.391233765625 0.8796672078125001 0.391233765625 0.871550325 0.39529220781249996 0.8674918828125 0.39529220781249996 0.8634334421875 0.388189934375 0.86241883125 0.38413149375 0.8644480515625 0.3790584421875 0.871550325 0.3790584421875 0.8816964281249999 0.38413149375 0.8887987015625001 0.39630681874999996 0.8948863640625 0.39935065000000003 0.8938717531249999 0.39833603906250004 0.8887987015625001
0 0.39630681874999996 0.86241883125 0.391233765625 0.8674918828125 0.38920454531250004 0.8776379875 0.391233765625 0.88372565 0.39833603906250004 0.8908279218749999 0.40442370156249996 0.8928571421875 0.40442370156249996 0.8887987015625001 0.39732142812500004 0.8776379875 0.39732142812500004 0.8674918828125 0.39935065000000003 0.8634334421875 0.39630681874999996 0.86241883125
0 0.3760146109375 0.8482142859374999 0.36383928593750003 0.8400974031249999 0.358766234375 0.8431412343750001 0.36079545468749996 0.8553165578125 0.36789772656249997 0.86241883125 0.3739853890625 0.8644480515625 0.38616071406249997 0.8644480515625 0.39021915625000003 0.86241883125 0.39732142812500004 0.8532873375 0.39630681874999996 0.8461850656250001 0.39021915625000003 0.8482142859374999 0.3760146109375 0.8482142859374999
0 0.3141233765625 0.65239448125 0.3141233765625 0.6605113640625 0.31615259687499997 0.6665990265625 0.32528409062499997 0.677759740625 0.33340097343749997 0.6818181812499999 0.3394886359375 0.6818181812499999 0.35064934999999997 0.6625405843750001 0.35978084374999997 0.6574675328125 0.36383928593750003 0.6574675328125 0.3668831171875 0.6544237015625 0.36586850625 0.6513798703125 0.364853896875 0.6463068187500001 0.35572240312500003 0.6371753250000001 0.3394886359375 0.6310876624999999 0.33745941562500004 0.6331168828125 0.32934253281250003 0.6331168828125 0.32021103906250004 0.6402191562499999 0.3141233765625 0.65239448125
0 0.32528409062499997 0.677759740625 0.32021103906250004 0.6706574671875 0.3151379875 0.6676136359375 0.30803571406249997 0.6767451296875 0.30803571406249997 0.6909496749999999 0.31919642812500004 0.7041396109375 0.32528409062499997 0.7041396109375 0.3303571421875 0.6909496749999999 0.3394886359375 0.6858766234375 0.3394886359375 0.6818181812499999 0.33340097343749997 0.6818181812499999 0.32528409062499997 0.677759740625
0 0.3303571421875 0.719358765625 0.3415178578125 0.728490259375 0.3445616890625 0.7274756499999999 0.34557629843750004 0.7041396109375 0.34253246718749997 0.6889204546875 0.3394886359375 0.6858766234375 0.33340097343749997 0.6879058437500001 0.32832792187500004 0.6929788968749999 0.32629870156249996 0.7112418828125 0.3303571421875 0.719358765625
1 0.35166396093749996 0.7081980515625 0.36789772656249997 0.7163149343749999 0.38210227343750003 0.7163149343749999 0.3922483765625 0.71225649375 0.39935065000000003 0.703125 0.403409090625 0.6929788968749999 0.40239448125 0.6818181812499999 0.40137987031250005 0.6747159093749999 0.39427759687499997 0.6655844156249999 0.38210227343750003 0.6574675328125 0.36789772656249997 0.6554383109375 0.35572240312500003 0.659496753125 0.34659090937500003 0.668628246875 0.34253246718749997 0.6767451296875 0.34253246718749997 0.6929788968749999 0.35166396093749996 0.7081980515625
1 0.34253246718749997 0.7213879875 0.34659090937500003 0.7335633109375 0.35978084374999997 0.746753246875 0.36383928593750003 0.7487824671875 0.38007305156250004 0.7487824671875 0.39021915625000003 0.7447240265625 0.39732142812500004 0.737621753125 0.39935065000000003 0.7315340906250001 0.39833603906250004 0.7142857140625 0.39630681874999996 0.7102272734375 0.3922483765625 0.7102272734375 0.388189934375 0.7142857140625 0.38210227343750003 0.7163149343749999 0.36789772656249997 0.7163149343749999 0.349634740625 0.7061688312500001 0.3445616890625 0.7112418828125 0.34253246718749997 0.7213879875
1 0.32021103906250004 0.5225243500000001 0.32021103906250004 0.5428165578125 0.322240259375 0.5489042203125 0.32934253281250003 0.5580357140625 0.3394886359375 0.5641233765625 0.34557629843750004 0.5661525968750001 0.361810065625 0.5661525968750001 0.3739853890625 0.5600649343749999 0.38108766250000004 0.5509334421875 0.385146103125 0.5428165578125 0.38413149375 0.521509740625 0.3831168828125 0.5164366890625 0.37195616875000004 0.5052759734375 0.36383928593750003 0.5012175328125 0.3577516234375 0.49918831093750005 0.33745941562500004 0.5012175328125 0.32426948125 0.512378246875 0.32021103906250004 0.5225243500000001
1 0.39427759687499997 0.8015422078125001 0.388189934375 0.8015422078125001 0.38108766250000004 0.8106737015625001 0.38108766250000004 0.8248782468750001 0.39427759687499997 0.8400974031249999 0.41051136406250005 0.8421266234375 0.412540584375 0.84415584375 0.41456980468750004 0.8421266234375 0.42268668906249995 0.8421266234375 0.43587662343750005 0.8269074671875 0.4348620125 0.8116883109374999 0.42877435 0.8035714281249999 0.42674512968749995 0.80560065 0.41659902656250003 0.80560065 0.412540584375 0.8076298703125 0.41051136406250005 0.80560065 0.400365259375 0.80560065 0.39427759687499997 0.8015422078125001
1 0.39630681874999996 0.8400974031249999 0.3922483765625 0.83806818125 0.38108766250000004 0.8248782468750001 0.38007305156250004 0.8137175328125 0.36789772656249997 0.8137175328125 0.36079545468749996 0.8208198046874999 0.358766234375 0.8289366890625001 0.36282467500000004 0.8390827921874999 0.36789772656249997 0.84415584375 0.3760146109375 0.8482142859374999 0.39021915625000003 0.8482142859374999 0.39732142812500004 0.8431412343750001 0.39630681874999996 0.8400974031249999
1 0.400365259375 0.8928571421875 0.39732142812500004 0.8959009734375 0.39732142812500004 0.9060470781250001 0.41051136406250005 0.9172077921874999 0.424715909375 0.9192370125 0.43790584375 0.91010551875 0.436891234375 0.8969155843750001 0.4348620125 0.8948863640625 0.41051136406250005 0.8948863640625 0.40848214218749995 0.8928571421875 0.400365259375 0.8928571421875
1 0.45008116875 0.8918425328125 0.45413961093750005 0.9019886359375 0.46327110312500003 0.9111201296875 0.47950487031250005 0.9172077921874999 0.49573863593749995 0.9172077921874999 0.49878246718749997 0.9141639609375 0.49776785781250005 0.91314935 0.490665584375 0.9080762984374999 0.484577921875 0.8959009734375 0.484577921875 0.8776379875 0.49269480468750004 0.8654626625 0.49168019531249996 0.8644480515625 0.47341720781249996 0.8644480515625 0.46327110312500003 0.86850649375 0.45413961093750005 0.8756087656249999 0.45008116875 0.8918425328125
1 0.47341720781249996 0.9415584421875 0.453125 0.9415584421875 0.44196428593750003 0.9506899343749999 0.44196428593750003 0.9567775968750001 0.45109577968750003 0.9679383109374999 0.45718344218749996 0.9699675328125 0.475446428125 0.9699675328125 0.484577921875 0.9628652593749999 0.48660714218749995 0.95880681875 0.48559253281250003 0.9517045453125 0.481534090625 0.9456168828125 0.47341720781249996 0.9415584421875
1 0.5160308437500001 0.8543019484375 0.499797078125 0.8603896109375 0.48863636406250005 0.8695211031250001 0.484577921875 0.8776379875 0.484577921875 0.8938717531249999 0.490665584375 0.9080762984374999 0.505884740625 0.9172077921874999 0.5119724031249999 0.9192370125 0.5363230515625 0.9192370125 0.5505275968750001 0.91314935 0.5637175328125 0.8999594156249999 0.565746753125 0.8959009734375 0.5647321421875 0.8766233765625 0.5616883109375 0.8695211031250001 0.5525568187500001 0.8603896109375 0.5444399343749999 0.85633116875 0.5383522734375 0.85633116875 0.5363230515625 0.8543019484375 0.5160308437500001 0.8543019484375
1 0.5484983765625 0.7081980515625 0.5261769484375 0.7163149343749999 0.5129870125 0.7274756499999999 0.5048701296875 0.7416801953125 0.5008116890625 0.75385551875 0.5008116890625 0.7700892859375 0.5089285718750001 0.79038149375 0.5282061687499999 0.8076298703125 0.54038149375 0.8116883109374999 0.5484983765625 0.8116883109374999 0.5505275968750001 0.8137175328125 0.5769074671875 0.8116883109374999 0.593141234375 0.8035714281249999 0.6103896109375 0.7863230515625 0.6103896109375 0.7822646109375 0.6164772734375 0.7700892859375 0.6154626624999999 0.7508116890625 0.6083603890625 0.7295048703125 0.5951704546875 0.7183441562499999 0.5708198046875 0.7081980515625 0.5484983765625 0.7081980515625
0 0.36383928593750003 0.365259740625 0.34659090937500003 0.38453733749999996 0.34659090937500003 0.390625 0.3445616890625 0.39265422031249997 0.3445616890625 0.412946428125 0.35064934999999997 0.425121753125 0.361810065625 0.43628246718749997 0.38210227343750003 0.44439935 0.39630681874999996 0.44237012968749995 0.40848214218749995 0.43628246718749997 0.41964285781250005 0.425121753125 0.427759740625 0.402800325 0.42674512968749995 0.3916396109375 0.41964285781250005 0.374391234375 0.406452921875 0.36323051875 0.39427759687499997 0.36120129843750004 0.3922483765625 0.35917207812499996 0.3739853890625 0.36120129843750004 0.36383928593750003 0.365259740625
2 0.33543019531249996 0.1948051953125 0.3323863640625 0.1897321421875 0.32528409062499997 0.18465909062500002 0.307021103125 0.18465909062500002 0.30296266250000004 0.1866883109375 0.29180194843749996 0.199878246875 0.29180194843749996 0.2161120125 0.2958603890625 0.222199675 0.30296266250000004 0.2272727265625 0.31716720781249996 0.2272727265625 0.33441558437499996 0.2140827921875 0.33644480468750004 0.21002435 0.33543019531249996 0.1948051953125
2 0.34557629843750004 0.1197240265625 0.35470779218750004 0.1105925328125 0.35572240312500003 0.1014610390625 0.35470779218750004 0.09638798750000001 0.34760551875 0.0892857140625 0.33340097343749997 0.08725649375 0.3273133109375 0.0892857140625 0.31615259687499997 0.09841720781249999 0.31209415625000003 0.10653409062500001 0.31209415625000003 0.112621753125 0.3141233765625 0.1166801953125 0.3232548703125 0.1237824671875 0.33745941562500004 0.1237824671875 0.34557629843750004 0.1197240265625
2 0.38210227343750003 0.0324675328125 0.36789772656249997 0.034496753125 0.35978084374999997 0.0385551953125 0.3486201296875 0.049715909375 0.3486201296875 0.06189123437500001 0.35978084374999997 0.0710227265625 0.37804383124999996 0.0710227265625 0.3932629875 0.06189123437500001 0.39732142812500004 0.053774350000000005 0.39630681874999996 0.0426136359375 0.388189934375 0.034496753125 0.38210227343750003 0.0324675328125
2 0.33644480468750004 0.055803571875 0.3415178578125 0.0608766234375 0.34760551875 0.0608766234375 0.35064934999999997 0.0456574671875 0.36383928593750003 0.034496753125 0.36992694843749996 0.034496753125 0.36992694843749996 0.0304383109375 0.35572240312500003 0.0304383109375 0.34557629843750004 0.034496753125 0.33644480468750004 0.043628246875 0.33644480468750004 0.055803571875
1 0.530641234375 1 0.53125 0.9993912343750001 0.5302353890625 0.98823051875 0.5200892859375 0.9801136359375 0.49776785781250005 0.9801136359375 0.48660714218749995 0.9872159093749999 0.48660714218749995 0.9993912343750001 0.487215909375 1 0.530641234375 1