1 0.490099009375 0.50680693125 0.483910890625 0.521245875 0.483910890625 0.55218646875 0.488036303125 0.56043729375 0.50556930625 0.580033003125 0.511757425 0.5841584156249999 0.5179455453124999 0.5841584156249999 0.5261963703125 0.588283828125 0.5426980203125 0.588283828125 0.5633250828125 0.580033003125 0.5829207921874999 0.56043729375 0.5849834984375 0.54806105625 0.5870462046875 0.54599835 0.5849834984375 0.5398102312499999 0.5849834984375 0.521245875 0.5767326734375 0.5006188125000001 0.5674504953125 0.49133663437499997 0.5633250828125 0.49133663437499997 0.5550742578125 0.485148515625 0.5416666671875 0.4820544546875 0.5344471953125 0.4810231015625 0.5035065999999999 0.493399340625 0.490099009375 0.50680693125
1 0.2157590765625 0.47586633593750005 0.20750825156250002 0.49443069375000004 0.20750825156250002 0.51299505 0.2116336640625 0.5253712875 0.22504125468749997 0.5408415843750001 0.23948019843749999 0.549092409375 0.2642326734375 0.549092409375 0.2683580859375 0.547029703125 0.2838283828125 0.5336221125 0.29207920781249996 0.5150577562499999 0.29207920781249996 0.49443069375000004 0.2879537953125 0.4820544546875 0.2786716171875 0.4686468640625 0.2611386140625 0.4593646859375 0.2415429046875 0.4583333328125 0.2312293734375 0.4624587453125 0.2157590765625 0.47586633593750005
1 0.04867986875 0.4593646859375 0.0445544546875 0.4696782171875 0.0445544546875 0.488242575 0.0466171609375 0.49443069375000004 0.050742575 0.50268151875 0.062087459375 0.511963696875 0.076526403125 0.511963696875 0.080651815625 0.509900990625 0.0919967 0.49649340000000003 0.09405940625 0.4841171609375 0.0961221125 0.4820544546875 0.0919967 0.4531765671875 0.08683993437500001 0.4480198015625 0.07755775625 0.44492574218750003 0.070338284375 0.44389438906249995 0.05796204687499999 0.4480198015625 0.04867986875 0.4593646859375
1 0.2889851484375 0.5841584156249999 0.28692244218749996 0.588283828125 0.2766089109375 0.586221121875 0.2632013203125 0.59756600625 0.2611386140625 0.603754125 0.2611386140625 0.6202557750000001 0.26526402656250003 0.6285065999999999 0.2786716171875 0.6398514843750001 0.2931105609375 0.6419141921875 0.3013613859375 0.635726071875 0.3158003296875 0.637788778125 0.3178630359375 0.635726071875 0.33023927343750004 0.633663365625 0.33745874531250003 0.62644389375 0.3436468640625 0.6099422437500001 0.3436468640625 0.5913778875 0.3384900984375 0.5841584156249999 0.3323019796875 0.582095709375 0.3281765671875 0.577970296875 0.3147689765625 0.5748762375 0.3075495046875 0.5738448843749999 0.3013613859375 0.575907590625 0.2889851484375 0.5841584156249999
1 0.19925742500000002 0.57281353125 0.19925742500000002 0.59344059375 0.20132013125 0.59756600625 0.2106023109375 0.608910890625 0.22504125468749997 0.615099009375 0.2374174921875 0.613036303125 0.2487623765625 0.60169141875 0.2528877890625 0.58931518125 0.2508250828125 0.5748762375 0.2466996703125 0.56456270625 0.2322607265625 0.55631188125 0.2209158421875 0.5552805281250001 0.2106023109375 0.559405940625 0.19925742500000002 0.57281353125
1 0.15181518125 0.58106435625 0.15181518125 0.59756600625 0.1580033 0.6078795375 0.167285478125 0.615099009375 0.181724421875 0.615099009375 0.18894389375 0.6078795375 0.19306930625000002 0.59756600625 0.18894389375 0.57693894375 0.183787128125 0.571782178125 0.17656765624999998 0.56868811875 0.167285478125 0.567656765625 0.159034653125 0.571782178125 0.15181518125 0.58106435625
1 0.1621287125 0.61406765625 0.16006600625 0.6243811874999999 0.16934818437500002 0.637788778125 0.173473596875 0.6398514843750001 0.183787128125 0.6398514843750001 0.18894389375 0.6346947187499999 0.19306930625000002 0.62231848125 0.18894389375 0.61200495 0.185849834375 0.610973596875 0.179661715625 0.615099009375 0.1621287125 0.61406765625
1 0.11056105624999998 0.603754125 0.11571782187499999 0.613036303125 0.121905940625 0.617161715625 0.130156765625 0.617161715625 0.13531353125 0.61200495 0.13325082500000002 0.6099422437500001 0.13325082500000002 0.5996287125 0.126031353125 0.596534653125 0.11881188125 0.587252475 0.11468646874999999 0.587252475 0.11056105624999998 0.5955033000000001 0.11056105624999998 0.603754125
1 0.0919967 0.59756600625 0.09921617187500001 0.606848184375 0.103341584375 0.608910890625 0.10952970312500002 0.608910890625 0.11262376249999999 0.6058168312500001 0.11056105624999998 0.5955033000000001 0.11468646874999999 0.58931518125 0.11468646874999999 0.5831270625 0.10849835000000001 0.57693894375 0.101278878125 0.575907590625 0.0919967 0.5831270625 0.0919967 0.59756600625
0 0.116749175 0.5851897687500001 0.126031353125 0.596534653125 0.130156765625 0.598597359375 0.142533003125 0.598597359375 0.149752475 0.59344059375 0.15181518125 0.58931518125 0.1538778875 0.5748762375 0.15181518125 0.57281353125 0.15181518125 0.5666254125 0.14356435625 0.55631188125 0.126031353125 0.5552805281250001 0.116749175 0.5666254125 0.116749175 0.5851897687500001
0 0.1868811875 0.636757425 0.17656765624999998 0.6429455453124999 0.181724421875 0.6501650171875 0.185849834375 0.6522277234375 0.196163365625 0.6522277234375 0.20338283906250001 0.6450082515625 0.20338283906250001 0.6346947187499999 0.20132013125 0.6285065999999999 0.19719471875 0.6243811874999999 0.192037953125 0.623349834375 0.1910066 0.63056930625 0.1868811875 0.636757425
0 0.13531353125 0.6161303625000001 0.14665841562499998 0.627475246875 0.156971946875 0.625412540625 0.1621287125 0.6161303625000001 0.1621287125 0.61200495 0.15594059375 0.6058168312500001 0.15181518125 0.5955033000000001 0.148721121875 0.5944719468749999 0.13325082500000002 0.603754125 0.13531353125 0.6161303625000001
1 0.007425742187499999 0.52743399375 0.007425742187499999 0.5418729375 0.0146452140625 0.5511551156250001 0.0228960390625 0.5511551156250001 0.0280528046875 0.54393564375 0.0280528046875 0.52743399375 0.0249587453125 0.522277228125 0.0198019796875 0.5191831687499999 0.0167079203125 0.518151815625 0.0125825078125 0.5202145218750001 0.007425742187499999 0.52743399375