1 0.65 0.7390625 0.059375 0.065625
2 0.6296875 0.2515625 0.0640625 0.0578125
2 0.615625 0.0359375 0.0578125 0.0703125
2 0.571875 0.275 0.05625 0.0578125
2 0.5609375 0.0453125 0.0515625 0.06875
1 0.640625 0.503125 0.0609375 0.0609375
1 0.5796875 0.496875 0.0578125 0.059375
1 0.590625 0.7578125 0.0578125 0.065625
2 0.48904991249999996 0 0.48180379687499997 0.0061313296875 0.4778481015625 0.014042721875 0.475870253125 0.019976265625 0.475870253125 0.041732595312499995 0.48180379687499997 0.05557753125 0.488726265625 0.0625 0.502571203125 0.06843354375 0.5104825953125001 0.06843354375 0.5174050640625001 0.065466771875 0.5193829109375 0.059533228125000004 0.5174050640625001 0.0575553796875 0.5174050640625001 0.0476661390625 0.5183939875 0.046677215625000004 0.5223496828124999 0.0506329109375 0.5282832281250001 0.0506329109375 0.53125 0.0476661390625 0.5352056968750001 0.03579905 0.5342167718749999 0.028876582812500003 0.53125 0.014042721875 0.5272943031249999 0.0061313296875 0.521162975 0 0.48904991249999996 0
2 0.541139240625 0.241495253125 0.5361946203125 0.2365506328125 0.5302610765625 0.2365506328125 0.5263053796875 0.24248417656250001 0.52531645625 0.23160601249999999 0.5223496828124999 0.22666139218749998 0.5045490499999999 0.22863924062500002 0.4916930375 0.2395174046875 0.48575949375 0.25138449375 0.48575949375 0.2691851265625 0.489715190625 0.27709651874999996 0.5005933546875 0.2879746828125 0.508504746875 0.2919303796875 0.5223496828124999 0.2919303796875 0.52531645625 0.2889636078125 0.5263053796875 0.2761075953125 0.5272943031249999 0.2830300640625 0.5292721515625 0.286985759375 0.5322389234375 0.2879746828125 0.5431170890625 0.27511867031250004 0.5431170890625 0.2691851265625 0.5450949359374999 0.267207278125 0.5441060125 0.24841772187500002 0.541139240625 0.241495253125
1 0.5520174046874999 0.49960442968749996 0.5490506328125 0.49663765781249997 0.55102848125 0.49070411406250003 0.547072784375 0.482792721875 0.5401503171875001 0.475870253125 0.5342167718749999 0.4738924046875 0.5322389234375 0.475870253125 0.5282832281250001 0.46993670937500004 0.51246044375 0.46993670937500004 0.49861550625 0.4778481015625 0.4916930375 0.48674841718749995 0.489715190625 0.4926819625 0.489715190625 0.508504746875 0.495648734375 0.5203718359375 0.5005933546875 0.52531645625 0.5104825953125001 0.53125 0.5223496828124999 0.5332278484375 0.52432753125 0.53125 0.5302610765625 0.53125 0.5332278484375 0.5282832281250001 0.5342167718749999 0.5233386078125 0.5401503171875001 0.52531645625 0.547072784375 0.5183939875 0.55102848125 0.51246044375 0.5520174046874999 0.49960442968749996
1 0.514438290625 0.7112341765625 0.5075158234375 0.7181566453125 0.501582278125 0.730023734375 0.501582278125 0.74584651875 0.5094936703124999 0.7616693031249999 0.5183939875 0.7685917718749999 0.5223496828124999 0.7705696203125 0.5401503171875001 0.7705696203125 0.5441060125 0.7666139234375 0.5520174046874999 0.7646360765625 0.5589398734375 0.755735759375 0.5628955703125 0.74584651875 0.5619066453125 0.729034809375 0.560917721875 0.724090190625 0.55003955625 0.7112341765625 0.5441060125 0.713212025 0.5401503171875001 0.70727848125 0.5223496828124999 0.70727848125 0.514438290625 0.7112341765625
3 0.61875 0.9578125 0.1421875 0.0828125
3 0.64375 0.953125 0.0890625 0.0484375
3 0.634375 0.959375 0.13125 0.08125
3 0.61875 0.7515625 0.146875 0.0984375
3 0.6046875 0.496875 0.153125 0.096875
3 0.5828125 0.2578125 0.1421875 0.0921875
3 0.58125 0.0484375 0.140625 0.0953125