0 0.3512861734375 0.8458601281250001 0.359324759375 0.859927653125 0.3784163984375 0.875 0.3884646296875 0.8790192921875001 0.396503215625 0.8790192921875001 0.3985128625 0.8810289390625 0.41057073906249997 0.8810289390625 0.4206189703125 0.8770096468749999 0.42865755625 0.8770096468749999 0.44071543437500005 0.8689710609375 0.447749196875 0.8619372984375 0.45176848906249994 0.8538987140625001 0.453778134375 0.8398311890624999 0.45578778125 0.83782154375 0.4497588421875 0.8197347265625 0.4326768484375 0.8026527328125 0.41057073906249997 0.7926045015625001 0.3804260453125 0.7926045015625001 0.364348875 0.8006430874999999 0.3512861734375 0.8157154343749999 0.35028135 0.83078778125 0.3492765265625 0.83782154375 0.3512861734375 0.8398311890624999 0.3512861734375 0.8458601281250001
0 0.637660771875 0.4107717046875 0.6436897109374999 0.414790996875 0.6617765265625 0.41680064375 0.667805465625 0.414790996875 0.6808681671875 0.40373794218750003 0.684887459375 0.39569935625 0.684887459375 0.3796221859375 0.6828778140625 0.373593246875 0.6657958203125001 0.3585209 0.647709003125 0.3565112546875 0.637660771875 0.3625401921875 0.627612540625 0.372588425 0.6266077171875 0.3936897109375 0.6286173640625 0.39971865 0.637660771875 0.4107717046875
0 0.55426045 0.2088022515625 0.5673231515625 0.21985530468749998 0.5874196140625 0.227893890625 0.5974678453125 0.227893890625 0.613545015625 0.22186495156250002 0.6245980703125 0.210811896875 0.6286173640625 0.20277331250000002 0.6286173640625 0.1866961421875 0.622588425 0.1726286171875 0.613545015625 0.163585209375 0.6014871375 0.1575562703125 0.583400321875 0.1555466234375 0.581390675 0.1575562703125 0.573352090625 0.1575562703125 0.5582797421875 0.168609325 0.55124598125 0.1796623796875 0.5502411578124999 0.19875401875 0.55426045 0.2047829578125 0.55426045 0.2088022515625
0 0.69393086875 0.42081993593749994 0.7049839234374999 0.41177652656249997 0.70699356875 0.407757234375 0.70699356875 0.38967041875 0.6959405140625 0.3766077171875 0.6879019296875 0.372588425 0.6828778140625 0.373593246875 0.684887459375 0.3796221859375 0.684887459375 0.39569935625 0.6808681671875 0.40373794218750003 0.671824759375 0.41278135000000005 0.6708199359375 0.4157958203125 0.6758440515624999 0.42081993593749994 0.69393086875 0.42081993593749994
0 0.6698151125 0.49919614218749997 0.684887459375 0.4881430875 0.688906753125 0.4801045015625 0.6909163984375 0.46804662343750003 0.68689710625 0.45598874531250005 0.67986334375 0.448954984375 0.674839228125 0.46402733124999995 0.6657958203125001 0.4750803859375 0.657757234375 0.479099678125 0.63967041875 0.479099678125 0.63967041875 0.4831189703125 0.657757234375 0.489147909375 0.6698151125 0.49919614218749997
1 0.287982315625 0.9493569125000001 0.308078778125 0.9594051453124999 0.3241559484375 0.961414790625 0.3261655953125 0.9634244375 0.3462620578125 0.961414790625 0.36032958125 0.9553858515625 0.369372990625 0.9423231515625 0.369372990625 0.9222266875 0.3633440515625 0.91217845625 0.3482717046875 0.897106109375 0.3301848875 0.887057878125 0.318127009375 0.8850482312500001 0.3161173640625 0.8830385859375 0.287982315625 0.8830385859375 0.273914790625 0.8890675234375 0.263866559375 0.9031350484375 0.2628617359375 0.9202170421875 0.2729099671875 0.9362942125 0.287982315625 0.9493569125000001
1 0.5060289390625 0.7654742765625 0.51708199375 0.77652733125 0.529139871875 0.7825562703125 0.549236334375 0.7825562703125 0.5633038578125 0.77652733125 0.5743569125 0.7654742765625 0.5803858515625 0.7534163984375 0.57837620625 0.73532958125 0.5723472671875001 0.72528135 0.5612942125 0.7162379421875 0.55124598125 0.71221865 0.5311495171875 0.71221865 0.519091640625 0.7182475890625 0.5080385859375001 0.727290996875 0.50301446875 0.7403536984375 0.502009646875 0.751406753125 0.5040192921875 0.7534163984375 0.5060289390625 0.7654742765625
1 0.623593246875 0.543408359375 0.627612540625 0.543408359375 0.6336414796875001 0.547427653125 0.64971865 0.547427653125 0.657757234375 0.543408359375 0.66680064375 0.5343649515625 0.6708199359375 0.5263263671875 0.6708199359375 0.506229903125 0.664790996875 0.494172025 0.6557475890625 0.4871382640625 0.64971865 0.48512861718750006 0.635651125 0.48512861718750006 0.6296221859375 0.4871382640625 0.6165594859375 0.49819131875 0.6115353703124999 0.5092443734375001 0.610530546875 0.520297428125 0.61856913125 0.53838424375 0.623593246875 0.543408359375
1 0.635651125 0.4770900328125 0.6416800640625 0.479099678125 0.657757234375 0.479099678125 0.6657958203125001 0.4750803859375 0.674839228125 0.46402733124999995 0.6788585203124999 0.4539791 0.6788585203124999 0.439911575 0.674839228125 0.42986334375 0.667805465625 0.42282958125 0.6557475890625 0.41680064375 0.6416800640625 0.41680064375 0.6316318328125 0.42081993593749994 0.6245980703125 0.4278536984375 0.6195739546875 0.43890675312500005 0.61856913125 0.4539791 0.622588425 0.46402733124999995 0.635651125 0.4770900328125
1 0.65976688125 0.3565112546875 0.6758440515624999 0.3645498390625 0.68689710625 0.35550643125 0.6909163984375 0.3474678453125 0.6909163984375 0.331390675 0.688906753125 0.3273713828125 0.67986334375 0.316318328125 0.6698151125 0.3102893890625 0.6557475890625 0.3102893890625 0.64971865 0.3122990359375 0.640675240625 0.319332796875 0.635651125 0.32837620625 0.6346463015625 0.343448553125 0.6436897109374999 0.3565112546875 0.65976688125 0.3565112546875
1 0.5793810296874999 0.1575562703125 0.581390675 0.1555466234375 0.5954582 0.1555466234375 0.6115353703124999 0.1615755625 0.6215836015625 0.17162379375 0.63263665625 0.1625803859375 0.6346463015625 0.156551446875 0.6346463015625 0.1404742765625 0.630627009375 0.132435690625 0.623593246875 0.1254019296875 0.6095257234375 0.11736334374999999 0.5854099671874999 0.11736334374999999 0.5773713828125 0.12138263593750001 0.566318328125 0.132435690625 0.5633038578125 0.1414791 0.5622990359375 0.14449356875 0.5673231515625 0.159565915625 0.5793810296874999 0.1575562703125
1 0.5895297421875 0 0.5924437296875 0.005827975 0.5924437296875 0.013866559375 0.5793810296874999 0.0249196140625 0.5673231515625 0.02893890625 0.5673231515625 0.030948553125 0.573352090625 0.030948553125 0.5753617359375001 0.0329582 0.593448553125 0.0349678453125 0.610530546875 0.0259244375 0.6145498390624999 0.013866559375 0.60550643125 0.0008038578125 0.6041666671875 0 0.5895297421875 0
1 0.525465090625 0 0.525120578125 0.0008038578125 0.52411575625 0.005827975 0.5281350484375 0.01587620625 0.5351688109375 0.022909967187499998 0.5472266875 0.026929260937499998 0.5653135046875 0.02893890625 0.5673231515625 0.026929260937499998 0.573352090625 0.026929260937499998 0.581390675 0.022909967187499998 0.590434084375 0.013866559375 0.590434084375 0.00180868125 0.5895297421875 0 0.525465090625 0