1 0.5171875 0.525 0.0515625 0.0453125
1 0.534375 0.9125 0.05 0.05625
1 0.484375 0.9109375 0.046875 0.05625
1 0.5 0.159375 0.0453125 0.0515625
1 0.4546875 0.1578125 0.0390625 0.05
1 0.4109375 0.1609375 0.04375 0.0484375
2 0.509375 0.334375 0.0484375 0.053125
2 0.459375 0.3296875 0.04375 0.046875
2 0.4671875 0.5140625 0.0421875 0.04375
2 0.4203125 0.5296875 0.046875 0.04375
2 0.4765625 0.7078125 0.0421875 0.0484375
2 0.5234375 0.7203125 0.046875 0.05
3 0.4671875 0.1578125 0.1125 0.08125
3 0.475 0.3359375 0.109375 0.065625
3 0.484375 0.5203125 0.125 0.075
3 0.49375 0.7125 0.1265625 0.0875
3 0.4984375 0.9078125 0.128125 0.0859375