0 0.447265625 0.7509765625 0.447265625 0.7431640625 0.443359375 0.7314453125 0.435546875 0.7158203125 0.4169921875 0.6953125 0.3896484375 0.677734375 0.3720703125 0.673828125 0.3701171875 0.671875 0.3369140625 0.671875 0.3349609375 0.673828125 0.3232421875 0.67578125 0.3173828125 0.6796875 0.3134765625 0.6796875 0.2998046875 0.689453125 0.283203125 0.7080078125 0.28125 0.7158203125 0.27734375 0.7197265625 0.275390625 0.7353515625 0.2734375 0.7373046875 0.2734375 0.7568359375 0.275390625 0.7587890625 0.27734375 0.7744140625 0.2822265625 0.779296875 0.2880859375 0.78125 0.2978515625 0.78125 0.2998046875 0.779296875 0.3056640625 0.78125 0.4453125 0.7802734375 0.44921875 0.7724609375 0.44921875 0.7529296875 0.447265625 0.7509765625
0 0.5869140625 0.345703125 0.5810546875 0.34765625 0.5625 0.3642578125 0.5625 0.3681640625 0.55859375 0.3740234375 0.55859375 0.3955078125 0.56640625 0.4091796875 0.5751953125 0.41796875 0.5927734375 0.423828125 0.611328125 0.4228515625 0.6240234375 0.41796875 0.63671875 0.4013671875 0.638671875 0.3798828125 0.634765625 0.3681640625 0.626953125 0.3564453125 0.6142578125 0.34765625 0.6083984375 0.345703125 0.5869140625 0.345703125
0 0.5517578125 0.296875 0.5498046875 0.294921875 0.5478515625 0.296875 0.5419921875 0.296875 0.53125 0.3076171875 0.529296875 0.3115234375 0.529296875 0.3291015625 0.5380859375 0.341796875 0.5458984375 0.34765625 0.5546875 0.3486328125 0.5673828125 0.34765625 0.576171875 0.3408203125 0.58203125 0.3310546875 0.583984375 0.3173828125 0.580078125 0.3076171875 0.5732421875 0.30078125 0.5654296875 0.296875 0.5517578125 0.296875
0 0.5634765625 0.28125 0.5595703125 0.279296875 0.5439453125 0.279296875 0.5400390625 0.28125 0.529296875 0.2939453125 0.529296875 0.2998046875 0.52734375 0.3017578125 0.529296875 0.3076171875 0.53125 0.3076171875 0.5380859375 0.298828125 0.5478515625 0.294921875 0.5615234375 0.294921875 0.5712890625 0.30078125 0.5751953125 0.30078125 0.576171875 0.2978515625 0.57421875 0.2919921875 0.5634765625 0.28125
0 0.484375 0.2939453125 0.48046875 0.3017578125 0.48046875 0.3115234375 0.484375 0.3193359375 0.4951171875 0.328125 0.4990234375 0.330078125 0.509765625 0.3291015625 0.5166015625 0.328125 0.52734375 0.3154296875 0.52734375 0.2978515625 0.5205078125 0.2890625 0.5126953125 0.28515625 0.4970703125 0.28515625 0.4912109375 0.287109375 0.484375 0.2939453125
0 0.3828125 0.3037109375 0.37890625 0.3115234375 0.37890625 0.3212890625 0.380859375 0.3251953125 0.3896484375 0.333984375 0.3974609375 0.337890625 0.400390625 0.3369140625 0.4130859375 0.333984375 0.421875 0.3212890625 0.421875 0.3056640625 0.419921875 0.3017578125 0.4111328125 0.294921875 0.3935546875 0.294921875 0.3896484375 0.296875 0.3828125 0.3037109375
0 0.3173828125 0.3515625 0.318359375 0.3505859375 0.330078125 0.3349609375 0.3251953125 0.330078125 0.3134765625 0.328125 0.3115234375 0.326171875 0.294921875 0.3349609375 0.2958984375 0.341796875 0.3095703125 0.34375 0.3173828125 0.3515625
0 0.28515625 0.3427734375 0.2890625 0.3427734375 0.29296875 0.3408203125 0.2978515625 0.33203125 0.3056640625 0.328125 0.322265625 0.3271484375 0.3134765625 0.3203125 0.3017578125 0.3203125 0.287109375 0.3330078125 0.28515625 0.3427734375
0 0.224609375 0.3818359375 0.2431640625 0.380859375 0.2509765625 0.384765625 0.2578125 0.3916015625 0.26171875 0.3994140625 0.26171875 0.4072265625 0.265625 0.4072265625 0.2734375 0.3916015625 0.2734375 0.3818359375 0.26953125 0.3720703125 0.2568359375 0.36328125 0.2431640625 0.36328125 0.2353515625 0.3671875 0.2265625 0.3759765625 0.224609375 0.3818359375
0 0.212890625 0.3935546875 0.20703125 0.4052734375 0.208984375 0.4248046875 0.21484375 0.4345703125 0.2255859375 0.44140625 0.244140625 0.4404296875 0.2578125 0.4306640625 0.26171875 0.4189453125 0.26171875 0.4013671875 0.2578125 0.3916015625 0.2509765625 0.384765625 0.2431640625 0.380859375 0.2275390625 0.380859375 0.212890625 0.3935546875
0 0.125 0.4013671875 0.123046875 0.4072265625 0.125 0.4248046875 0.1318359375 0.431640625 0.140625 0.4326171875 0.1455078125 0.431640625 0.154296875 0.4228515625 0.158203125 0.4111328125 0.15625 0.3994140625 0.1474609375 0.390625 0.1357421875 0.390625 0.1318359375 0.392578125 0.125 0.4013671875
0 0.1357421875 0.37890625 0.1318359375 0.380859375 0.125 0.3896484375 0.123046875 0.3974609375 0.12890625 0.3974609375 0.1298828125 0.39453125 0.1376953125 0.390625 0.1455078125 0.390625 0.1513671875 0.39453125 0.154296875 0.3916015625 0.15234375 0.3857421875 0.1455078125 0.37890625 0.1357421875 0.37890625
1 0.1162109375 0.451171875 0.107421875 0.4599609375 0.1015625 0.4736328125 0.1015625 0.4931640625 0.109375 0.5068359375 0.1123046875 0.509765625 0.12109375 0.5126953125 0.126953125 0.4931640625 0.134765625 0.4833984375 0.1416015625 0.478515625 0.15234375 0.4755859375 0.146484375 0.4580078125 0.1396484375 0.451171875 0.1298828125 0.447265625 0.1162109375 0.451171875
1 0.1728515625 0.48046875 0.1650390625 0.4765625 0.1474609375 0.4765625 0.1396484375 0.48046875 0.12890625 0.4912109375 0.123046875 0.5009765625 0.123046875 0.5087890625 0.12109375 0.5107421875 0.123046875 0.5322265625 0.1328125 0.5498046875 0.1416015625 0.556640625 0.1494140625 0.560546875 0.16796875 0.5595703125 0.1748046875 0.556640625 0.1875 0.5439453125 0.19140625 0.5322265625 0.19140625 0.5224609375 0.193359375 0.5205078125 0.19140625 0.5048828125 0.185546875 0.4931640625 0.1728515625 0.48046875
1 0.3037109375 0.490234375 0.2822265625 0.48046875 0.2666015625 0.48046875 0.2646484375 0.482421875 0.2587890625 0.482421875 0.2451171875 0.490234375 0.23046875 0.5087890625 0.224609375 0.5263671875 0.224609375 0.5478515625 0.236328125 0.5693359375 0.2490234375 0.58203125 0.2666015625 0.58984375 0.2890625 0.5888671875 0.3037109375 0.583984375 0.3203125 0.5654296875 0.326171875 0.5517578125 0.326171875 0.5419921875 0.328125 0.5400390625 0.326171875 0.5205078125 0.318359375 0.5048828125 0.3037109375 0.490234375
1 0.26953125 0.3662109375 0.26953125 0.3720703125 0.2734375 0.3837890625 0.2822265625 0.392578125 0.2900390625 0.396484375 0.30078125 0.3955078125 0.3115234375 0.390625 0.318359375 0.3798828125 0.318359375 0.3525390625 0.3095703125 0.34375 0.3037109375 0.341796875 0.2900390625 0.341796875 0.275390625 0.3525390625 0.26953125 0.3662109375
1 0.3388671875 0.330078125 0.322265625 0.3427734375 0.318359375 0.3505859375 0.318359375 0.3662109375 0.3310546875 0.380859375 0.3388671875 0.384765625 0.35546875 0.3837890625 0.3623046875 0.380859375 0.369140625 0.3720703125 0.373046875 0.3623046875 0.373046875 0.3486328125 0.369140625 0.3408203125 0.3603515625 0.33203125 0.3564453125 0.330078125 0.3388671875 0.330078125
1 0.4814453125 0.322265625 0.4619140625 0.322265625 0.4501953125 0.328125 0.44140625 0.3388671875 0.439453125 0.3623046875 0.44140625 0.3681640625 0.4541015625 0.380859375 0.4619140625 0.384765625 0.47265625 0.3857421875 0.4814453125 0.384765625 0.4892578125 0.380859375 0.49609375 0.3740234375 0.50390625 0.3583984375 0.50390625 0.3466796875 0.498046875 0.3330078125 0.4912109375 0.326171875 0.4814453125 0.322265625
1 0.16796875 0.3896484375 0.169921875 0.3935546875 0.1787109375 0.400390625 0.189453125 0.3994140625 0.201171875 0.3896484375 0.203125 0.3720703125 0.1943359375 0.361328125 0.1865234375 0.359375 0.1767578125 0.36328125 0.169921875 0.3720703125 0.16796875 0.3759765625 0.16796875 0.3896484375
1 0.25 0.3583984375 0.248046875 0.3603515625 0.2509765625 0.36328125 0.2568359375 0.36328125 0.2646484375 0.369140625 0.26953125 0.3701171875 0.275390625 0.3525390625 0.28515625 0.3447265625 0.28515625 0.3427734375 0.2783203125 0.337890625 0.2666015625 0.337890625 0.2587890625 0.341796875 0.25 0.3525390625 0.25 0.3583984375
1 0.1064453125 0.43359375 0.1103515625 0.435546875 0.12109375 0.4345703125 0.126953125 0.4267578125 0.123046875 0.4189453125 0.125 0.3994140625 0.1220703125 0.396484375 0.1123046875 0.396484375 0.1015625 0.4091796875 0.099609375 0.4228515625 0.1064453125 0.43359375
1 0.0576171875 0.48046875 0.0615234375 0.482421875 0.068359375 0.4814453125 0.078125 0.4697265625 0.078125 0.4501953125 0.0712890625 0.44140625 0.0634765625 0.439453125 0.0546875 0.4462890625 0.05078125 0.4541015625 0.05078125 0.4716796875 0.0576171875 0.48046875
1 0.013671875 0.5107421875 0.017578125 0.5205078125 0.0224609375 0.525390625 0.033203125 0.5244140625 0.0390625 0.5185546875 0.041015625 0.5126953125 0.041015625 0.4931640625 0.0341796875 0.482421875 0.0224609375 0.482421875 0.017578125 0.4873046875 0.013671875 0.4970703125 0.013671875 0.5107421875
2 0.765625 0.3056640625 0.765625 0.3193359375 0.76953125 0.3271484375 0.7822265625 0.337890625 0.796875 0.3369140625 0.8017578125 0.333984375 0.806640625 0.3271484375 0.806640625 0.3115234375 0.802734375 0.3037109375 0.7900390625 0.294921875 0.7783203125 0.294921875 0.7705078125 0.298828125 0.765625 0.3056640625
2 0.865234375 0.3251953125 0.865234375 0.3388671875 0.8759765625 0.353515625 0.8837890625 0.357421875 0.88671875 0.3564453125 0.8916015625 0.35546875 0.8984375 0.3486328125 0.900390625 0.3349609375 0.8984375 0.3291015625 0.8896484375 0.318359375 0.8779296875 0.314453125 0.8671875 0.3212890625 0.865234375 0.3251953125
2 0.916015625 0.3583984375 0.916015625 0.3779296875 0.9248046875 0.392578125 0.9326171875 0.396484375 0.943359375 0.3955078125 0.951171875 0.3876953125 0.953125 0.3818359375 0.951171875 0.3662109375 0.947265625 0.3583984375 0.9404296875 0.3515625 0.9306640625 0.34765625 0.9248046875 0.349609375 0.916015625 0.3583984375
2 0.9404296875 0.3515625 0.947265625 0.3583984375 0.951171875 0.3701171875 0.953125 0.3701171875 0.955078125 0.3681640625 0.955078125 0.3564453125 0.951171875 0.3466796875 0.9423828125 0.337890625 0.9306640625 0.337890625 0.92578125 0.3427734375 0.92578125 0.3486328125 0.9404296875 0.3515625
2 0.990234375 0.4365234375 0.990234375 0.4619140625 0.99609375 0.4755859375 0.9990234375 0.478515625 1 0.4775390625 0.9990234375 0.42578125 0.990234375 0.4365234375