1 0.46650326875000003 0.530770015625 0.4603758171875 0.5471098859375 0.4603758171875 0.5654922390625 0.4705882359375 0.587959559375 0.4859068625 0.601235703125 0.5002042484375 0.607363153125 0.5247140515625001 0.607363153125 0.5390114374999999 0.601235703125 0.554330065625 0.585917075 0.5625 0.5654922390625 0.5625 0.5471098859375 0.55228758125 0.5266850484375001 0.5328839875 0.511366421875 0.5236928109375001 0.5083026953124999 0.50224673125 0.5072814546875 0.4818218953125 0.5154513890625 0.46650326875000003 0.530770015625
1 0.3490604578125 0.5215788406249999 0.34293300625 0.5236213234375 0.3337418296875 0.5328125 0.3276143796875 0.5471098859375 0.3276143796875 0.5573223046875 0.3255718953125 0.5614072718750001 0.33169934687499997 0.5797896234375 0.3490604578125 0.5971507359375 0.361315359375 0.6032781859375 0.3837826796875 0.6032781859375 0.398080065625 0.5971507359375 0.40931372499999996 0.585917075 0.4154411765625 0.5736621734375 0.41748365937500004 0.5573223046875 0.4154411765625 0.5552798203125 0.4154411765625 0.5450674015625 0.40931372499999996 0.5328125 0.3919526140625 0.517493871875 0.384803921875 0.514430146875 0.36335784375 0.5134089046875 0.353145425 0.517493871875 0.3490604578125 0.5215788406249999
1 0.247957515625 0.4735804734375 0.23978758125000002 0.48992034375 0.23978758125000002 0.5123876640625 0.247957515625 0.5328125 0.261233659375 0.54608864375 0.2755310453125 0.5522160953124999 0.29391339843750003 0.5522160953124999 0.31638071874999996 0.5399611921874999 0.3296568625 0.52260008125 0.3337418296875 0.5123876640625 0.3337418296875 0.48992034375 0.3276143796875 0.47562295781249997 0.31025326875000003 0.458261846875 0.2990196078125 0.4531556375 0.28370097968749997 0.4521343953125 0.265318628125 0.458261846875 0.247957515625 0.4735804734375
1 0.0682189546875 0.3673713234375 0.0600490203125 0.387796159375 0.058006535937500006 0.40617851250000003 0.0600490203125 0.408220996875 0.062091503125 0.4204758984375 0.0661764703125 0.42864583281249996 0.07741013125 0.43987949375 0.085580065625 0.44396446093749997 0.095792484375 0.44396446093749997 0.1080473859375 0.43987949375 0.12336601250000001 0.424560865625 0.1315359484375 0.4102634796875 0.13357843125 0.38983864375 0.135620915625 0.387796159375 0.135620915625 0.37145629062499996 0.1294934640625 0.3592013890625 0.1182598046875 0.347967728125 0.109068628125 0.344904003125 0.0978349671875 0.34388276093750003 0.085580065625 0.347967728125 0.0682189546875 0.3673713234375
1 0.20915032656250002 0.5001327609375 0.20506535937499998 0.5123876640625 0.20506535937499998 0.5389399515625 0.20915032656250002 0.5471098859375 0.2244689546875 0.5624285125 0.23672385624999998 0.5665134796875 0.25306372499999996 0.5665134796875 0.2694035953125 0.5583435453125001 0.2724673203125 0.5511948531249999 0.261233659375 0.54608864375 0.25 0.5368974671875 0.23978758125000002 0.514430146875 0.23978758125000002 0.48992034375 0.2438725484375 0.47970792500000003 0.23672385624999998 0.47868668281250004 0.22242647031249999 0.484814134375 0.20915032656250002 0.5001327609375
1 0.221405228125 0.6022569437499999 0.221405228125 0.6124693625 0.2254901953125 0.6185968140625 0.2254901953125 0.6226817812500001 0.234681371875 0.6339154406249999 0.2408088234375 0.6380004078125 0.255106209375 0.6380004078125 0.268382353125 0.62880923125 0.2724673203125 0.6165543296875 0.2724673203125 0.6063419125 0.2673611109375 0.601235703125 0.2489787578125 0.601235703125 0.23978758125000002 0.59612949375 0.23263888906250002 0.5951082515625 0.2244689546875 0.59919321875 0.221405228125 0.6022569437499999
1 0.255106209375 0.5665134796875 0.23672385624999998 0.5665134796875 0.2244689546875 0.5624285125 0.221405228125 0.5654922390625 0.221405228125 0.56957720625 0.2254901953125 0.5818321078124999 0.23672385624999998 0.5951082515625 0.2428513078125 0.59919321875 0.2489787578125 0.601235703125 0.265318628125 0.601235703125 0.271446078125 0.59919321875 0.2826797390625 0.5900020421875001 0.2826797390625 0.5797896234375 0.27859477187500004 0.5716196890624999 0.27859477187500004 0.5552798203125 0.2765522875 0.5532373359375 0.2734885625 0.5522160953124999 0.2694035953125 0.5583435453125001 0.255106209375 0.5665134796875
1 0.2724673203125 0.6185968140625 0.2704248359375 0.630851715625 0.2765522875 0.647191584375 0.2806372546875 0.64923406875 0.281658496875 0.6522977937500001 0.291870915625 0.6584252453125 0.3061683 0.6584252453125 0.321486928125 0.6451491015624999 0.321486928125 0.6247242640625 0.3143382359375 0.6114481203125 0.2969771234375 0.604299428125 0.291870915625 0.6032781859375 0.28370097968749997 0.607363153125 0.2724673203125 0.6185968140625
1 0.1662581703125 0.5532373359375 0.162173203125 0.5614072718750001 0.16013071875 0.57570465625 0.1662581703125 0.5920445265625001 0.17340686249999998 0.59919321875 0.181576796875 0.6032781859375 0.1938317 0.6032781859375 0.20098039218750002 0.5981719765625 0.20098039218750002 0.594087009375 0.19076797343750002 0.5838745921874999 0.19076797343750002 0.5797896234375 0.18668300625 0.5736621734375 0.18668300625 0.5552798203125 0.19076797343750002 0.54915236875 0.19076797343750002 0.5450674015625 0.18668300625 0.54302491875 0.18361928125 0.5420036765625 0.17340686249999998 0.54608864375 0.1662581703125 0.5532373359375
1 0.5318627453125 0.6431066171875 0.527777778125 0.64923406875 0.527777778125 0.6655739374999999 0.5318627453125 0.6757863562499999 0.5369689546874999 0.6829350484375001 0.5533088234375 0.691104984375 0.57577614375 0.6890625 0.591094771875 0.673743871875 0.5931372546875 0.667616421875 0.5931372546875 0.6512765515625001 0.5890522875 0.6431066171875 0.57577614375 0.6298304734375 0.5686274515624999 0.6267667484375 0.557393790625 0.62574550625 0.547181371875 0.6298304734375 0.5318627453125 0.6431066171875
1 0.6380718953125 0.6798713234375 0.6360294125 0.692126225 0.6380718953125 0.6982536765625 0.6421568625 0.7064236109375 0.6513480390625 0.7135723046875 0.6676879078125 0.7156147875000001 0.673815359375 0.7135723046875 0.687091503125 0.70233864375 0.6911764703125 0.694168709375 0.6891339875 0.6757863562499999 0.6799428109375001 0.6645526953124999 0.6727941171875 0.6635314546875 0.6595179734375 0.6625102125 0.6452205875 0.670680146875 0.6380718953125 0.6798713234375
1 0.70547385625 0.5532373359375 0.6993464046875 0.5654922390625 0.6993464046875 0.587959559375 0.7013888890625 0.5900020421875001 0.703431371875 0.6022569437499999 0.7146650328125 0.6155330875 0.7228349671875 0.6216605390625001 0.73508986875 0.62574550625 0.753472221875 0.62574550625 0.7677696078125 0.61961805625 0.7810457515625 0.6063419125 0.7892156859375 0.5900020421875001 0.7892156859375 0.577747140625 0.7912581703125 0.57570465625 0.7892156859375 0.5736621734375 0.7892156859375 0.5634497546875 0.7830882359375 0.5511948531249999 0.7657271234375 0.5338337421875 0.7565359484374999 0.530770015625 0.737132353125 0.5297487750000001 0.720792484375 0.537918709375 0.70547385625 0.5532373359375
0 0.5890522875 0.567534721875 0.5829248359375 0.5818321078124999 0.580882353125 0.5981719765625 0.5870098046875001 0.6165543296875 0.5962009796875 0.627787990625 0.61254085 0.6380004078125 0.6268382359375 0.6400428921875 0.62888071875 0.6380004078125 0.6390931375 0.6380004078125 0.647263071875 0.6339154406249999 0.6646241828125 0.6185968140625 0.670751634375 0.6063419125 0.670751634375 0.5797896234375 0.6646241828125 0.567534721875 0.647263071875 0.5522160953124999 0.6360294125 0.54915236875 0.62275326875 0.548131128125 0.604370915625 0.554258578125 0.5890522875 0.567534721875
0 0.8055555562500001 0.5001327609375 0.7973856203125 0.514430146875 0.793300653125 0.5266850484375001 0.7953431375 0.5532373359375 0.8035130718750001 0.56957720625 0.816789215625 0.5828533499999999 0.8351715687500001 0.5889808000000001 0.8515114374999999 0.5869383171875 0.8658088234375001 0.5787683828125 0.877042484375 0.5654922390625 0.8852124187499999 0.5471098859375 0.8852124187499999 0.52260008125 0.8831699343749999 0.5205575984374999 0.8811274515624999 0.5083026953124999 0.8658088234375001 0.49094158437499996 0.859681371875 0.4868566171875 0.8484477125 0.4837928921875 0.8310866015625 0.48277165 0.8208741828124999 0.4868566171875 0.8055555562500001 0.5001327609375
0 0.875 0.56957720625 0.8576388890625 0.5848958328125 0.8453839875 0.5869383171875 0.843341503125 0.5889808000000001 0.8331290843750001 0.5889808000000001 0.8229166671874999 0.5848958328125 0.8178104578125 0.585917075 0.8239379078125 0.604299428125 0.8392565359375 0.61961805625 0.8515114374999999 0.6237030234375001 0.8658088234375001 0.6216605390625001 0.878063725 0.6155330875 0.8872549015625 0.604299428125 0.89133986875 0.5981719765625 0.893382353125 0.585917075 0.8954248359375001 0.5838745921874999 0.8954248359375001 0.5614072718750001 0.8872549015625 0.5511948531249999 0.8831699343749999 0.5511948531249999 0.8811274515624999 0.5614072718750001 0.875 0.56957720625
0 0.41850490156250003 0.5869383171875 0.41135620937499995 0.59612949375 0.41135620937499995 0.6002144609375 0.4072712421875 0.6063419125 0.4072712421875 0.6267667484375 0.41339869218749997 0.63902165 0.42258986875 0.6482128265625 0.4368872546875 0.6543402781250001 0.45731209218749996 0.6522977937500001 0.46548202656250004 0.6482128265625 0.47467320312499994 0.63902165 0.47467320312499994 0.6328942 0.46650326875000003 0.6226817812500001 0.46241830000000006 0.6124693625 0.46241830000000006 0.587959559375 0.45731209218749996 0.580810865625 0.45016339843750003 0.577747140625 0.44301470624999995 0.5767258984375 0.424632353125 0.5828533499999999 0.41850490156250003 0.5869383171875
0 0.46241830000000006 0.6104268796875 0.47263071874999996 0.630851715625 0.4859068625 0.6420853765625 0.4981617640625 0.644127859375 0.5002042484375 0.6461703437499999 0.5185866015625 0.644127859375 0.5328839875 0.635957925 0.544117646875 0.6226817812500001 0.54616013125 0.6165543296875 0.5451388890625 0.5971507359375 0.530841503125 0.6053206703125 0.5104166671875 0.6094056375 0.5083741828125 0.607363153125 0.49407679687500006 0.6053206703125 0.4818218953125 0.59919321875 0.4705882359375 0.587959559375 0.467524509375 0.5869383171875 0.46241830000000006 0.594087009375 0.46241830000000006 0.6104268796875
0 0.45731209218749996 0.6522977937500001 0.437908496875 0.6553615203125001 0.44199346406249995 0.667616421875 0.4532271234375 0.67885008125 0.47160947656249996 0.6849775328125001 0.47365196093749995 0.6829350484375001 0.4797794125 0.6829350484375001 0.48794934687499997 0.67885008125 0.49714052343750004 0.667616421875 0.501225490625 0.64923406875 0.49611928125000004 0.644127859375 0.4899918296875 0.644127859375 0.48080065312500003 0.63902165 0.47569444375 0.6380004078125 0.46548202656250004 0.6482128265625 0.45731209218749996 0.6522977937500001
0 0.2806372546875 0.5552798203125 0.27859477187500004 0.567534721875 0.28676470625 0.5920445265625001 0.30004084999999997 0.6053206703125 0.308210784375 0.6094056375 0.3286356203125 0.6094056375 0.34293300625 0.601235703125 0.34599673124999997 0.59612949375 0.33169934687499997 0.5797896234375 0.3276143796875 0.5716196890624999 0.3255718953125 0.5552798203125 0.3276143796875 0.5532373359375 0.3276143796875 0.540982434375 0.3255718953125 0.5389399515625 0.3204656859375 0.537918709375 0.3020833328125 0.5501736109375 0.2806372546875 0.5552798203125
0 0.3235294125 0.6349366828125 0.3235294125 0.6512765515625001 0.3276143796875 0.6614889703125 0.33680555624999997 0.670680146875 0.34293300625 0.67272263125 0.361315359375 0.67272263125 0.3654003265625 0.670680146875 0.3766339875 0.6553615203125001 0.3766339875 0.63902165 0.37254902031250003 0.630851715625 0.361315359375 0.61961805625 0.3541666671875 0.6185968140625 0.344975490625 0.617575571875 0.334763071875 0.6216605390625001 0.3235294125 0.6349366828125
0 0.3807189546875 0.641064134375 0.3766339875 0.6512765515625001 0.3766339875 0.6614889703125 0.3807189546875 0.6696589046875 0.38991013125 0.67885008125 0.398080065625 0.6829350484375001 0.41646241875 0.6829350484375001 0.42973856250000003 0.6717013890625 0.43382352968750004 0.6553615203125001 0.4287173203125 0.6502553109375 0.42258986875 0.6482128265625 0.41339869218749997 0.63902165 0.4072712421875 0.62880923125 0.398080065625 0.627787990625 0.38991013125 0.6318729578125 0.3807189546875 0.641064134375
0 0.18668300625 0.5573223046875 0.18668300625 0.5716196890624999 0.19076797343750002 0.5838745921874999 0.20200163437500002 0.5971507359375 0.2122140515625 0.601235703125 0.2203839875 0.601235703125 0.23059640468749998 0.5971507359375 0.23366013125 0.594087009375 0.23366013125 0.5900020421875001 0.2275326796875 0.585917075 0.2234477125 0.577747140625 0.221405228125 0.5593647875000001 0.20915032656250002 0.5471098859375 0.20506535937499998 0.5389399515625 0.19995915 0.537918709375 0.19076797343750002 0.5471098859375 0.18668300625 0.5573223046875
0 0.18361928125 0.6032781859375 0.1825980390625 0.6083843953125 0.1979166671875 0.6216605390625001 0.2122140515625 0.6216605390625001 0.221405228125 0.6145118468749999 0.221405228125 0.6022569437499999 0.20915032656250002 0.6002144609375 0.19995915 0.59919321875 0.1938317 0.6032781859375 0.18361928125 0.6032781859375
2 0.6850490203125 0.6247242640625 0.687091503125 0.63902165 0.6932189546874999 0.6512765515625001 0.7044526140625 0.660467728125 0.70853758125 0.660467728125 0.7146650328125 0.6645526953124999 0.726919934375 0.6645526953124999 0.7391748359375 0.660467728125 0.7524509796875 0.64923406875 0.7565359484374999 0.6431066171875 0.760620915625 0.6328942 0.760620915625 0.6247242640625 0.75551470625 0.6237030234375001 0.7453022875 0.627787990625 0.7432598046875001 0.62574550625 0.72896241875 0.6237030234375001 0.716707515625 0.617575571875 0.70547385625 0.6063419125 0.7013888890625 0.5981719765625 0.6962826796875 0.59919321875 0.6911764703125 0.6063419125 0.6850490203125 0.6247242640625
2 0.78513071875 0.6002144609375 0.7677696078125 0.61961805625 0.7626633984375 0.6226817812500001 0.7626633984375 0.62880923125 0.766748365625 0.6328942 0.76879085 0.63902165 0.7759395421875 0.6461703437499999 0.7841094765625 0.6502553109375 0.8024918296875001 0.6502553109375 0.81474673125 0.644127859375 0.8259803921875 0.6328942 0.83210784375 0.6165543296875 0.830065359375 0.6104268796875 0.8218954249999999 0.6022569437499999 0.8178104578125 0.585917075 0.8035130718750001 0.5716196890624999 0.7912581703125 0.5716196890624999 0.7892156859375 0.5900020421875001 0.78513071875 0.6002144609375
2 0.93525326875 0.57264093125 0.9189133984375 0.57264093125 0.8984885625000001 0.5624285125 0.8954248359375001 0.5654922390625 0.8974673203125001 0.5736621734375 0.8954248359375001 0.57570465625 0.893382353125 0.59612949375 0.9005310453125001 0.6053206703125 0.9168709156249999 0.6134906046874999 0.92504085 0.6134906046874999 0.93525326875 0.6094056375 0.9464869281249999 0.6002144609375 0.9546568625 0.5838745921874999 0.956699346875 0.577747140625 0.956699346875 0.5634497546875 0.9546568625 0.5614072718750001 0.9536356203125 0.5603860296875001 0.94138071875 0.5705984484375 0.93525326875 0.57264093125
2 0.893382353125 0.49400531093750005 0.8872549015625 0.5103451796875 0.8872549015625 0.5389399515625 0.893382353125 0.5532373359375 0.9025735296875 0.564470996875 0.9189133984375 0.57264093125 0.93525326875 0.57264093125 0.94138071875 0.5705984484375 0.9515931375 0.5624285125 0.9587418296875001 0.5532373359375 0.9669117640625 0.5328125 0.9669117640625 0.5123876640625 0.9628267968750001 0.5021752453125 0.9546568625 0.49400531093750005 0.9485294124999999 0.4817504078125 0.9434232031249999 0.47664419999999996 0.9342320265625 0.4735804734375 0.9189133984375 0.47255923125 0.9046160125 0.48072916718750003 0.893382353125 0.49400531093750005
2 1 0.41000817031250003 0.9873366015625 0.4020935453125 0.9740604578125 0.40107230468750005 0.96793300625 0.4031147875 0.9587418296875001 0.4102634796875 0.9464869281249999 0.42864583281249996 0.9444444437499999 0.44498570312499997 0.9424019609375 0.44702818593750004 0.9424019609375 0.46132557187499995 0.9444444437499999 0.46336805625000005 0.9444444437499999 0.471537990625 0.9485294124999999 0.4837928921875 0.9577205875000001 0.4991115203125 0.9720179734375 0.5093239374999999 0.9781454249999999 0.511366421875 0.996527778125 0.511366421875 1 0.5083026953124999 1 0.41000817031250003
2 0.5931372546875 0.667616421875 0.591094771875 0.673743871875 0.580882353125 0.6859987750000001 0.5829248359375 0.692126225 0.5880310453125001 0.697232434375 0.60232843125 0.7033598859375 0.61254085 0.7033598859375 0.6247957515625 0.697232434375 0.633986928125 0.6880412578125 0.6380718953125 0.6778288406249999 0.6380718953125 0.667616421875 0.6319444437499999 0.6553615203125001 0.6186683000000001 0.6461703437499999 0.6115196078125 0.6451491015624999 0.60232843125 0.644127859375 0.5931372546875 0.64923406875 0.5931372546875 0.667616421875
2 0.60232843125 0.7033598859375 0.6002859484374999 0.7013174015625 0.594158496875 0.7013174015625 0.5931372546875 0.704381128125 0.6064133984375 0.7196997546875 0.6247957515625 0.7217422390625 0.6421568625 0.7064236109375 0.633986928125 0.6900837421875 0.6329656859375 0.6890625 0.6186683000000001 0.7013174015625 0.60232843125 0.7033598859375
2 0.49918300625 0.6635314546875 0.491013071875 0.6757863562499999 0.491013071875 0.6819138078125 0.49509803906250005 0.6900837421875 0.514501634375 0.7115298203125 0.520629084375 0.7135723046875 0.5349264703125 0.7135723046875 0.5482026140625 0.704381128125 0.55228758125 0.692126225 0.5390114374999999 0.6849775328125001 0.5318627453125 0.6757863562499999 0.527777778125 0.6655739374999999 0.527777778125 0.6451491015624999 0.514501634375 0.644127859375 0.501225490625 0.6512765515625001 0.49918300625 0.6635314546875
0 0.43178104531250006 0.6635314546875 0.43178104531250006 0.673743871875 0.4358660125 0.6839562906250001 0.44505718906249997 0.6931474671875 0.4552696078125 0.697232434375 0.467524509375 0.697232434375 0.47365196093749995 0.6951899515625 0.4848856203125 0.6839562906250001 0.4838643796875 0.680892565625 0.4818218953125 0.6829350484375001 0.46139705937500003 0.6829350484375001 0.4532271234375 0.67885008125 0.44199346406249995 0.667616421875 0.437908496875 0.657404003125 0.4368872546875 0.6563827609375 0.43382352968750004 0.6594464875 0.43178104531250006 0.6635314546875