0 0.3049918828125 0.1741071421875 0.296875 0.165990259375 0.286728896875 0.165990259375 0.28267045468749996 0.16801948125 0.27353896093749996 0.1771509734375 0.271509740625 0.1832386359375 0.27556818125000004 0.193384740625 0.280641234375 0.196428571875 0.29078733749999996 0.196428571875 0.29890422031249997 0.1923701296875 0.30600649375 0.1832386359375 0.3049918828125 0.1741071421875
1 0.31716720781249996 0.29180194843749996 0.30803571406249997 0.30296266250000004 0.30397727343750003 0.32122565000000003 0.30803571406249997 0.33340097343749997 0.31716720781249996 0.34253246718749997 0.3273133109375 0.34659090937500003 0.3394886359375 0.34659090937500003 0.3415178578125 0.3445616890625 0.34760551875 0.3445616890625 0.36282467500000004 0.331371753125 0.364853896875 0.31919642812500004 0.3668831171875 0.31716720781249996 0.36586850625 0.310064934375 0.364853896875 0.30296266250000004 0.35572240312500003 0.29180194843749996 0.34354707812499996 0.28571428593750003 0.32934253281250003 0.28571428593750003 0.31716720781249996 0.29180194843749996
1 0.313108765625 0.29180194843749996 0.30296266250000004 0.28571428593750003 0.2928165578125 0.28571428593750003 0.2796266234375 0.29484577968750003 0.27556818125000004 0.30296266250000004 0.27556818125000004 0.31716720781249996 0.286728896875 0.3303571421875 0.296875 0.3323863640625 0.30600649375 0.32528409062499997 0.30600649375 0.30905032499999996 0.3141233765625 0.29484577968750003 0.313108765625 0.29180194843749996
1 0.42268668906249995 0.29383116875000004 0.412540584375 0.2978896109375 0.40442370156249996 0.30397727343750003 0.391233765625 0.31919642812500004 0.38717532499999996 0.32934253281250003 0.385146103125 0.349634740625 0.391233765625 0.36586850625 0.39935065000000003 0.37804383124999996 0.40848214218749995 0.385146103125 0.42268668906249995 0.391233765625 0.44906655781250004 0.391233765625 0.46732954531250004 0.3831168828125 0.484577921875 0.36383928593750003 0.48863636406250005 0.35572240312500003 0.487621753125 0.33644480468750004 0.48051948125 0.3151379875 0.46124188281249995 0.2978896109375 0.44906655781250004 0.29383116875000004 0.42268668906249995 0.29383116875000004
1 0.313108765625 0.48051948125 0.30600649375 0.487621753125 0.30194805156250004 0.49573863593749995 0.30194805156250004 0.5119724031249999 0.30600649375 0.5200892859375 0.3151379875 0.5292207796875 0.32528409062499997 0.5332792203125 0.32832792187500004 0.5302353890625 0.3323863640625 0.5180600656250001 0.34354707812499996 0.5068993500000001 0.35572240312500003 0.5028409093749999 0.358766234375 0.499797078125 0.3577516234375 0.49472402656250003 0.35470779218750004 0.487621753125 0.34354707812499996 0.478490259375 0.331371753125 0.47443181875 0.32122565000000003 0.47646103906250004 0.313108765625 0.48051948125
1 0.3303571421875 0.52211850625 0.32832792187500004 0.5282061687499999 0.32832792187500004 0.5444399343749999 0.33644480468750004 0.5606737015625 0.3415178578125 0.565746753125 0.3577516234375 0.5718344156249999 0.37195616875000004 0.5718344156249999 0.38210227343750003 0.565746753125 0.39732142812500004 0.5505275968750001 0.39935065000000003 0.5444399343749999 0.39833603906250004 0.5332792203125 0.39529220781249996 0.52211850625 0.3760146109375 0.5048701296875 0.37195616875000004 0.5028409093749999 0.35166396093749996 0.5028409093749999 0.34354707812499996 0.5068993500000001 0.3303571421875 0.52211850625
1 0.3232548703125 0.5353084421875 0.3141233765625 0.5484983765625 0.3141233765625 0.5545860390625 0.31209415625000003 0.556615259375 0.3141233765625 0.5687905843750001 0.31818181874999996 0.5769074671875 0.331371753125 0.5880681812499999 0.33745941562500004 0.5900974031249999 0.35369318125000004 0.5900974031249999 0.36891233749999996 0.5769074671875 0.36992694843749996 0.5718344156249999 0.35572240312500003 0.5718344156249999 0.349634740625 0.5677759734375 0.3394886359375 0.565746753125 0.32832792187500004 0.5464691562499999 0.3273133109375 0.5353084421875 0.3232548703125 0.5353084421875
1 0.44906655781250004 0.6854707796875 0.44297889687499997 0.6834415578125 0.42065746718749997 0.6834415578125 0.40848214218749995 0.6895292203125 0.39935065000000003 0.6986607140625 0.39529220781249996 0.7067775968750001 0.3932629875 0.7230113640625 0.39935065000000003 0.7372159093749999 0.41456980468750004 0.7524350656250001 0.43283279218750004 0.75649350625 0.43587662343750005 0.7534496749999999 0.43587662343750005 0.7473620125 0.44500811718750005 0.7341720781250001 0.45718344218749996 0.7240259734375 0.46327110312500003 0.7240259734375 0.472402596875 0.7189529218749999 0.4713879875 0.7077922078125 0.47037337656249995 0.7027191562499999 0.45718344218749996 0.6895292203125 0.44906655781250004 0.6854707796875
1 0.4713879875 0.8924512984374999 0.46022727343750003 0.9036120125 0.45819805156250004 0.9076704546875 0.45819805156250004 0.9198457796874999 0.469358765625 0.9330357140625001 0.47747565 0.93709415625 0.493709415625 0.9391233765625 0.5079139609375 0.9269480515625 0.5211038968749999 0.921875 0.5231331171875 0.9178165578125 0.52211850625 0.90665584375 0.5190746749999999 0.8995535718750001 0.5140016234375 0.89448051875 0.505884740625 0.8904220781250001 0.48559253281250003 0.8883928578125 0.48356331093750005 0.8904220781250001 0.4713879875 0.8924512984374999
1 0.5971996749999999 1 0.6043019484375 0.9928977265625001 0.6083603890625 0.98478084375 0.6073457796875 0.9736201296875 0.593141234375 0.9614448046874999 0.5809659093749999 0.9614448046874999 0.5789366890625 0.9594155843750001 0.5627029218749999 0.9614448046874999 0.5525568187500001 0.9655032468750001 0.5393668828125 0.9766639609375 0.5373376624999999 0.99086850625 0.5450643093750001 1 0.5971996749999999 1
0 0.44906655781250004 0.7301136359375 0.439935065625 0.7412743500000001 0.43587662343750005 0.749391234375 0.43587662343750005 0.7717126624999999 0.439935065625 0.7798295453125 0.45515422031249997 0.7950487015625 0.46732954531250004 0.8011363640625 0.493709415625 0.8011363640625 0.499797078125 0.7970779218749999 0.50385551875 0.7970779218749999 0.5211038968749999 0.7778003250000001 0.5251623375000001 0.7676542203125 0.5241477265625 0.7524350656250001 0.5211038968749999 0.7433035718750001 0.5140016234375 0.7321428578125 0.49168019531249996 0.721996753125 0.4713879875 0.7199675328125 0.44906655781250004 0.7301136359375
0 0.48559253281250003 0.9797077921874999 0.50385551875 0.9817370125 0.5160308437500001 0.9776785718750001 0.5211038968749999 0.97260551875 0.5200892859375 0.9715909093749999 0.50385551875 0.9655032468750001 0.49878246718749997 0.9604301953125001 0.49472402656250003 0.9523133109374999 0.493709415625 0.94318181875 0.487621753125 0.94318181875 0.47950487031250005 0.9472402593749999 0.472402596875 0.9563717531249999 0.472402596875 0.9685470781250001 0.48559253281250003 0.9797077921874999
0 0.5119724031249999 0.9695616890625001 0.5180600656250001 0.9715909093749999 0.5363230515625 0.9715909093749999 0.5525568187500001 0.9655032468750001 0.5637175328125 0.9543425328125 0.565746753125 0.9482548703125 0.5647321421875 0.93709415625 0.5545860390625 0.92491883125 0.5484983765625 0.9228896109375 0.5180600656250001 0.9228896109375 0.49878246718749997 0.934050325 0.49472402656250003 0.9421672078125001 0.49472402656250003 0.9523133109374999 0.49878246718749997 0.9604301953125001 0.5119724031249999 0.9695616890625001