0 0.3833934734375 0 0.3841196890625 0.0065359484374999995 0.3943321078125 0.016748365625 0.40862949375 0.016748365625 0.4106719765625 0.01879085 0.427011846875 0.016748365625 0.4423304734375 0.0075571890625 0.4468647875 0 0.3833934734375 0
0 0.48828635625 0.0024509796875 0.4821589046875 0.00040849687500000003 0.46377655156250003 0.00040849687500000003 0.4556066171875 0.0044934640625 0.440287990625 0.019812092187499998 0.4362030234375 0.030024509375 0.43722426406250003 0.0392156859375 0.44947916718750003 0.0494281046875 0.46173406874999995 0.0494281046875 0.46377655156250003 0.0514705875 0.47603145468749997 0.0494281046875 0.4893075984375 0.040236928125 0.4954350484375 0.030024509375 0.49952001562500004 0.0157271234375 0.48828635625 0.0024509796875
0 0.5485396234375 0.0994689546875 0.5485396234375 0.0892565359375 0.54445465625 0.0810866015625 0.5352634796875 0.07393790781250001 0.523008578125 0.071895425 0.5209660953124999 0.069852940625 0.5005412578125 0.071895425 0.49237132343749995 0.0759803921875 0.49237132343749995 0.090277778125 0.49441380781250005 0.0923202609375 0.516881128125 0.0923202609375 0.523008578125 0.0943627453125 0.5291360296875001 0.09844771249999999 0.5373059640625 0.10866013125 0.54139093125 0.10866013125 0.5485396234375 0.0994689546875
0 0.53832720625 0.130106209375 0.5403696890624999 0.1260212421875 0.5403696890624999 0.11172385625 0.53832720625 0.1076388890625 0.523008578125 0.0943627453125 0.516881128125 0.0923202609375 0.498498775 0.0923202609375 0.486243871875 0.09844771249999999 0.47909517968750004 0.1055964046875 0.4750102125 0.11580882343750001 0.47603145468749997 0.125 0.47909517968750004 0.1321486921875 0.486243871875 0.13929738593750002 0.5025837421875 0.1454248359375 0.51483864375 0.1454248359375 0.5270935453125001 0.14133986875 0.53832720625 0.130106209375
0 0.54139093125 0.24142156875 0.5516033499999999 0.249591503125 0.5577308000000001 0.249591503125 0.562837009375 0.24448529375 0.5669219765625 0.23631535937499998 0.5669219765625 0.2138480390625 0.5536458328125 0.1985294125 0.54139093125 0.1924019609375 0.5291360296875001 0.19035947656250002 0.5270935453125001 0.1924019609375 0.5107536765625 0.19444444375 0.503604984375 0.199550653125 0.504626225 0.2026143796875 0.5138174015625 0.21180555625 0.5199448531249999 0.2240604578125 0.5219873359375 0.23631535937499998 0.5250510625 0.23937908437500002 0.54139093125 0.24142156875
0 0.5904105390625001 0.20874182968750002 0.58836805625 0.20669934687499997 0.5740706703125 0.20874182968750002 0.5669219765625 0.2138480390625 0.5689644609375 0.23018790781249998 0.562837009375 0.24448529375 0.5638582515625 0.249591503125 0.5801981203125 0.259803921875 0.5924530234375001 0.259803921875 0.6067504078125 0.25367647031249996 0.6138991015624999 0.2424428109375 0.6138991015624999 0.226102940625 0.6118566171875 0.2220179734375 0.596537990625 0.20874182968750002 0.5904105390625001 0.20874182968750002
0 0.6445363562499999 0.3547794125 0.6445363562499999 0.3384395421875 0.6312602125 0.323120915625 0.6230902781250001 0.3190359484375 0.6087928921875 0.3190359484375 0.6026654406249999 0.32107843125 0.5934742640625 0.3282271234375 0.5873468140625 0.342524509375 0.58836805625 0.3537581703125 0.5893892968750001 0.3588643796875 0.6006229578125 0.3700980390625 0.6149203437499999 0.376225490625 0.6210477937500001 0.376225490625 0.6312602125 0.37214052343750004 0.642493871875 0.3609068625 0.6445363562499999 0.3547794125
0 0.5985804734375 0.55392156875 0.612877859375 0.545751634375 0.6241115203125001 0.532475490625 0.6281964875 0.5202205875 0.6281964875 0.50388071875 0.6200265515625001 0.4895833328125 0.6108353765625 0.48039215625000004 0.596537990625 0.47426470624999995 0.5781556375 0.47426470624999995 0.5659007359375 0.48039215625000004 0.5526245921874999 0.49366830000000006 0.5526245921874999 0.49775326875000003 0.5485396234375 0.5018382359375 0.546497140625 0.5079656859375 0.5475183828125 0.5253267968750001 0.5526245921874999 0.5345179734375 0.5720281859375 0.551879084375 0.576113153125 0.55392156875 0.5985804734375 0.55392156875
0 0.6190053109375 0.75 0.6312602125 0.7438725484375001 0.6445363562499999 0.728553921875 0.6465788406249999 0.708129084375 0.642493871875 0.6979166671875 0.6333026953124999 0.688725490625 0.6271752453125 0.68668300625 0.6230902781250001 0.6825980390625 0.6067504078125 0.6805555562500001 0.6026654406249999 0.6846405234375 0.5985804734375 0.6846405234375 0.58836805625 0.6907679734375 0.5791768796875 0.69995915 0.573049428125 0.7122140515625001 0.5740706703125 0.7254901953124999 0.5853043296875 0.7428513078125001 0.5924530234375001 0.747957515625 0.5985804734375 0.75 0.6190053109375 0.75
1 0.523008578125 0.96650326875 0.54139093125 0.96650326875 0.5597732843750001 0.9583333328125001 0.5689644609375 0.94914215625 0.573049428125 0.9389297390625 0.573049428125 0.9328022875 0.5669219765625 0.9185049015625 0.56181576875 0.9133986921874999 0.5475183828125 0.9072712421875 0.523008578125 0.9072712421875 0.5087111921874999 0.9133986921874999 0.5056474671875 0.9164624187499999 0.506668709375 0.921568628125 0.5158598859375 0.9287173203125001 0.5219873359375 0.9389297390625 0.5240298203125 0.9552696078125 0.5199448531249999 0.9634395421875 0.523008578125 0.96650326875
1 0.553564134375 1 0.554667075 0.9981617640625 0.554667075 0.9859068625 0.5526245921874999 0.9818218953125 0.5393484484375 0.9705882359375 0.533220996875 0.9685457515625 0.516881128125 0.9685457515625 0.5087111921874999 0.9767156859374999 0.496456290625 0.9828431375 0.4821589046875 0.9848856203125 0.4821589046875 1 0.553564134375 1
1 0.6935559640625 0.5100081703125 0.689470996875 0.4997957515625 0.6782373359375 0.490604575 0.6721098859375 0.490604575 0.6700674015625 0.48856209218749996 0.659854984375 0.490604575 0.6537275328125001 0.49468954218750005 0.6465788406249999 0.50388071875 0.64760008125 0.5253267968750001 0.6537275328125001 0.53349673125 0.6618974671875 0.5375816999999999 0.6782373359375 0.5375816999999999 0.6823223046875 0.535539215625 0.6915134796875 0.5243055562500001 0.6935559640625 0.5181781046875 0.6935559640625 0.5100081703125
1 0.5812193625 0.3833741828125 0.5873468140625 0.3649918296875 0.5873468140625 0.352736928125 0.5812193625 0.3384395421875 0.5659007359375 0.323120915625 0.5516033499999999 0.3169934640625 0.5352634796875 0.3169934640625 0.51483864375 0.32516339843750003 0.5076899515625 0.3323120921875 0.4974775328125 0.3568218953125 0.498498775 0.36805555624999997 0.503604984375 0.3813317 0.5189236109375 0.3966503265625 0.533220996875 0.40277777812500004 0.549560865625 0.4048202609375 0.5659007359375 0.3986928109375 0.5812193625 0.3833741828125
1 0.5087111921874999 0.3169934640625 0.51483864375 0.3190359484375 0.5475183828125 0.3169934640625 0.5516033499999999 0.31495097968749997 0.5669219765625 0.29758986875 0.5689644609375 0.29146241875 0.5689644609375 0.26899509843749997 0.56487949375 0.2608251640625 0.5454758984375 0.2434640515625 0.533220996875 0.23937908437500002 0.523008578125 0.23937908437500002 0.5199448531249999 0.246527778125 0.5199448531249999 0.25265522812499996 0.51177491875 0.2669526140625 0.5025837421875 0.276143790625 0.486243871875 0.28431372499999996 0.486243871875 0.2904411765625 0.4872651140625 0.2955473859375 0.4974775328125 0.3078022875 0.5087111921874999 0.3169934640625
1 0.5025837421875 0.276143790625 0.5138174015625 0.26491013125 0.5219873359375 0.24448529375 0.5219873359375 0.23018790781249998 0.5158598859375 0.2158905234375 0.509732434375 0.20772058750000003 0.5005412578125 0.20057189531250003 0.48828635625 0.19444444375 0.45969158437499996 0.19444444375 0.443351715625 0.2026143796875 0.43211805625000005 0.2138480390625 0.4239481203125 0.2342728765625 0.4249693625 0.2516339875 0.43007557187499995 0.262867646875 0.44947916718750003 0.2802287578125 0.45969158437499996 0.28431372499999996 0.486243871875 0.28431372499999996 0.5025837421875 0.276143790625
1 0.27791053906249996 0.13521241875 0.2656556375 0.1372549015625 0.24931576875 0.1454248359375 0.2278696890625 0.166870915625 0.217657271875 0.1872957515625 0.2156147875 0.199550653125 0.2135723046875 0.20159313750000002 0.2145935453125 0.22099673125 0.22378472187499998 0.2424428109375 0.23297589843750002 0.2516339875 0.2431883171875 0.2577614375 0.2595281859375 0.259803921875 0.2615706703125 0.2618464046875 0.284037990625 0.2618464046875 0.2860804734375 0.259803921875 0.2942504078125 0.259803921875 0.3065053109375 0.2557189546875 0.3228451796875 0.2455065359375 0.34429125781250003 0.2220179734375 0.350418709375 0.209763071875 0.3524611921875 0.193423203125 0.3545036765625 0.19138071875 0.3524611921875 0.1689133984375 0.3463337421875 0.156658496875 0.32897263125 0.13929738593750002 0.3208026953125 0.13521241875 0.290165440625 0.1311274515625 0.2881229578125 0.133169934375 0.2799530234375 0.133169934375 0.27791053906249996 0.13521241875
1 0.25585171562500003 0 0.2513582515625 0.00040849687500000003 0.23297589843750002 0.0065359484374999995 0.2145935453125 0.024918299999999997 0.2125510625 0.024918299999999997 0.19518995156250002 0.0443218953125 0.1962111921875 0.08210784374999999 0.204381128125 0.0861928109375 0.2227634796875 0.090277778125 0.22480596406250003 0.08823529375 0.23297589843750002 0.08823529375 0.2350183828125 0.0861928109375 0.24727328437499999 0.0841503265625 0.273825571875 0.069852940625 0.2891442 0.0545343140625 0.2993566171875 0.0361519609375 0.3013991015625 0.019812092187499998 0.297314134375 0.01164215625 0.2881229578125 0.0024509796875 0.27586805625 0.00040849687500000003 0.275459559375 0 0.25585171562500003 0
2 0.6343239374999999 0.2853349671875 0.636366421875 0.28125 0.636366421875 0.27103758125 0.6343239374999999 0.26491013125 0.6251327609375 0.25367647031249996 0.6190053109375 0.249591503125 0.6108353765625 0.249591503125 0.604707925 0.2557189546875 0.6006229578125 0.2557189546875 0.59449550625 0.259803921875 0.58836805625 0.259803921875 0.5832618468749999 0.26491013125 0.5842830875 0.2802287578125 0.5924530234375001 0.292483659375 0.6067504078125 0.2986111109375 0.6169628265625 0.2986111109375 0.6230902781250001 0.296568628125 0.6343239374999999 0.2853349671875
2 0.67108864375 0.40379902031250003 0.6751736109375 0.395629084375 0.6751736109375 0.3833741828125 0.67108864375 0.3752042484375 0.6639399515625 0.36805555624999997 0.655770015625 0.3639705875 0.6435151140625 0.3639705875 0.6322814546875 0.3731617640625 0.6302389703125 0.3854166671875 0.6281964875 0.38745915000000003 0.629217728125 0.3905228765625 0.6302389703125 0.39767156875 0.6373876640625 0.4068627453125 0.6435151140625 0.41094771249999995 0.6537275328125001 0.4129901953125 0.665982434375 0.40890522812499996 0.67108864375 0.40379902031250003
2 0.6578125 0.42524509843749997 0.639430146875 0.42524509843749997 0.626154003125 0.4364787578125 0.6241115203125001 0.44260620937499995 0.6251327609375 0.4620098046875 0.6353451796875 0.47426470624999995 0.6435151140625 0.4783496734375 0.6578125 0.4783496734375 0.67108864375 0.4671160125 0.6751736109375 0.458946078125 0.6751736109375 0.44464869218749997 0.67108864375 0.4364787578125 0.6618974671875 0.42728758125 0.6578125 0.42524509843749997
2 0.6782373359375 0.44771241875 0.6751736109375 0.45077614375 0.6751736109375 0.458946078125 0.67108864375 0.4671160125 0.6618974671875 0.47630718906249997 0.6516850484375001 0.4783496734375 0.6516850484375001 0.4844771234375 0.659854984375 0.490604575 0.6618974671875 0.48856209218749996 0.6802798203125 0.490604575 0.689470996875 0.48141339843750003 0.6935559640625 0.47324346406249995 0.6935559640625 0.4671160125 0.6874285125 0.4548611109375 0.6782373359375 0.44771241875
2 0.6210477937500001 0.6397058828125 0.6271752453125 0.6376633984375 0.6333026953124999 0.63357843125 0.6465788406249999 0.6182598046875001 0.6486213234375 0.612132353125 0.6465788406249999 0.5876225484375001 0.6271752453125 0.5702614374999999 0.6210477937500001 0.5682189546874999 0.604707925 0.5682189546874999 0.5985804734375 0.5702614374999999 0.5924530234375001 0.5743464046875 0.5791768796875 0.5896650328125 0.5791768796875 0.595792484375 0.5771343953125 0.5978349671875 0.5781556375 0.6111111109375 0.5791768796875 0.6182598046875001 0.5853043296875 0.628472221875 0.6006229578125 0.6397058828125 0.6210477937500001 0.6397058828125
2 0.64147263125 0.6846405234375 0.6455575984374999 0.6825980390625 0.6567912578125 0.6693218953125 0.6588337421875 0.6631944437499999 0.6588337421875 0.646854575 0.6567912578125 0.6407271234375 0.6435151140625 0.6294934640625 0.6373876640625 0.6294934640625 0.6271752453125 0.6376633984375 0.6210477937500001 0.6397058828125 0.6006229578125 0.6397058828125 0.5934742640625 0.6529820265625 0.59449550625 0.6662581703125 0.5955167484375 0.6734068625 0.6026654406249999 0.6805555562500001 0.6169628265625 0.6805555562500001 0.629217728125 0.68668300625 0.64147263125 0.6846405234375
2 0.61798406875 0.791870915625 0.6138991015624999 0.797998365625 0.6149203437499999 0.8051470593750001 0.6190053109375 0.8051470593750001 0.6312602125 0.7990196078125 0.642493871875 0.7877859484374999 0.6465788406249999 0.7775735296875 0.6465788406249999 0.765318628125 0.6445363562499999 0.7591911765625 0.6353451796875 0.747957515625 0.6251327609375 0.7459150328125 0.6190053109375 0.75 0.6108353765625 0.75 0.6087928921875 0.752042484375 0.6067504078125 0.75 0.59449550625 0.75 0.59449550625 0.7540849671875 0.5985804734375 0.7561274515624999 0.615941584375 0.7755310453125001 0.61798406875 0.791870915625
2 0.59449550625 0.8214869281249999 0.609814134375 0.808210784375 0.61798406875 0.78982843125 0.615941584375 0.7857434640625 0.615941584375 0.7755310453125001 0.6057291671875 0.761233659375 0.5985804734375 0.7561274515624999 0.586325571875 0.752042484375 0.5720281859375 0.752042484375 0.5556883171875 0.758169934375 0.5424121734375 0.771446078125 0.536284721875 0.7857434640625 0.5373059640625 0.8010620921875 0.5403696890624999 0.808210784375 0.5516033499999999 0.8194444437499999 0.56794321875 0.8255718953125 0.5822406046874999 0.8255718953125 0.59449550625 0.8214869281249999
2 0.543433415625 0.8970588234375001 0.5454758984375 0.895016340625 0.5516033499999999 0.895016340625 0.56181576875 0.8888888890625 0.5750919125 0.8756127453125 0.5812193625 0.86335784375 0.5812193625 0.8531454249999999 0.5750919125 0.8388480390625 0.56794321875 0.831699346875 0.549560865625 0.8235294124999999 0.5311785125 0.8235294124999999 0.5107536765625 0.831699346875 0.503604984375 0.8388480390625 0.49339256562499995 0.8551879078125 0.49441380781250005 0.8684640515625001 0.4974775328125 0.877655228125 0.5107536765625 0.890931371875 0.5250510625 0.8970588234375001 0.543433415625 0.8970588234375001
2 0.5822406046874999 0.911356209375 0.599601715625 0.8960375812500001 0.6036866828125 0.8858251640624999 0.6036866828125 0.8756127453125 0.59449550625 0.8623366015625 0.58836805625 0.858251634375 0.5822406046874999 0.858251634375 0.5812193625 0.8654003265625001 0.5750919125 0.877655228125 0.5659007359375 0.8868464046875 0.5516033499999999 0.895016340625 0.5352634796875 0.8970588234375001 0.5352634796875 0.901143790625 0.5393484484375 0.9052287578125 0.5556883171875 0.909313725 0.5659007359375 0.9154411765624999 0.56794321875 0.9133986921874999 0.5822406046874999 0.911356209375
2 0.486243871875 0.9848856203125 0.504626225 0.9787581703124999 0.51790236875 0.967524509375 0.5240298203125 0.9552696078125 0.5240298203125 0.9450571890624999 0.5158598859375 0.9287173203125001 0.5025837421875 0.91952614375 0.49237132343749995 0.9154411765624999 0.4658190359375 0.9133986921874999 0.443351715625 0.921568628125 0.43007557187499995 0.934844771875 0.4259906046875 0.94301470625 0.427011846875 0.9583333328125001 0.43722426406250003 0.97263071875 0.45152165 0.980800653125 0.4658190359375 0.9828431375 0.4678615203125 0.9848856203125 0.486243871875 0.9848856203125
0 0.506668709375 0.0330882359375 0.49441380781250005 0.0330882359375 0.4821589046875 0.0473856203125 0.4678615203125 0.0514705875 0.4678615203125 0.057598039062499995 0.4739889703125 0.0678104578125 0.4821589046875 0.071895425 0.49441380781250005 0.07393790781250001 0.496456290625 0.071895425 0.512796159375 0.069852940625 0.5219873359375 0.0606617640625 0.5240298203125 0.048406862499999995 0.51483864375 0.037173203125 0.506668709375 0.0330882359375