1 0.4859375 0.509375 0.0421875 0.04375
1 0.515625 0.9234375 0.0390625 0.04375
2 0.478125 0.7125 0.04375 0.053125
2 0.525 0.7015625 0.0390625 0.046875
2 0.503125 0.15 0.0359375 0.0515625
2 0.546875 0.14375 0.0421875 0.0546875
1 0.46875 0.903125 0.0515625 0.0578125
2 0.4953125 0.3296875 0.0421875 0.04375
1 0.5328125 0.5125 0.0375 0.04375
2 0.57094774375 0.7505031859375 0.5810283890625 0.74848705625 0.5850606468749999 0.746470928125 0.594133228125 0.7353822171875 0.59614935625 0.7293338312500001 0.594133228125 0.715220928125 0.5850606468749999 0.7041322171875 0.57699613125 0.7000999593749999 0.56489935625 0.7000999593749999 0.562883228125 0.7101806046875 0.5618751625 0.7051402828125 0.556834840625 0.7041322171875 0.5528025828125 0.7061483468749999 0.547762259375 0.7132047984375001 0.5487703234375 0.734374153125 0.5528025828125 0.74243866875 0.556834840625 0.7444547984375001 0.5588509687500001 0.74243866875 0.57094774375 0.7505031859375
1 0.5507816171875 0.9325338546875 0.5548138765624999 0.9305177265625 0.555821940625 0.9355580484375 0.558846134375 0.9385822421875 0.5689267796874999 0.9385822421875 0.5769912953125 0.934549984375 0.5840477468749999 0.9274935328125 0.5880800046875 0.919429015625 0.5880800046875 0.9012838546875 0.5820316171875 0.891203209375 0.574975165625 0.8861628874999999 0.5608622624999999 0.8861628874999999 0.55783806875 0.88918708125 0.5568300046875 0.8942274031249999 0.546749359375 0.8962435328125 0.543725165625 0.903299984375 0.543725165625 0.9133806296874999 0.5417090375 0.9153967578125 0.5427171015625001 0.9244693390625001 0.546749359375 0.9305177265625 0.5507816171875 0.9325338546875
1 0.58271169375 0.1618951609375 0.5837197578125 0.1689516125 0.5958165328125 0.1689516125 0.6038810484375 0.16491935468750002 0.6149697578125 0.15181451562499998 0.6149697578125 0.1457661296875 0.6169858875 0.14375 0.6149697578125 0.129637096875 0.605897178125 0.1185483875 0.5917842734375001 0.1145161296875 0.5847278218749999 0.11955645156250001 0.5817036296875 0.126612903125 0.5796875 0.1245967734375 0.5726310484375 0.129637096875 0.57061491875 0.1457661296875 0.5685987906250001 0.1477822578125 0.5696068546874999 0.1508064515625 0.57061491875 0.1558467734375 0.5776713703125 0.1629032265625 0.58271169375 0.1618951609375
3 0.5296875 0.146875 0.1171875 0.084375
3 0.528125 0.31875 0.109375 0.0671875
3 0.5234375 0.509375 0.121875 0.0859375
3 0.5109375 0.7109375 0.1234375 0.0734375
3 0.5046875 0.9046875 0.125 0.0875