1 0.43633192187500003 0.89443086875 0.44222814843749997 0.896396278125 0.446158965625 0.8905000515625 0.4481243734375 0.8905000515625 0.44910707812500006 0.8954135734375 0.45402060000000005 0.8983616874999999 0.46581305312500004 0.89443086875 0.47465739375 0.8875519390625 0.482519028125 0.8757594859375001 0.48448443750000003 0.869863259375 0.482519028125 0.8541399890625 0.48448443750000003 0.8521745796875001 0.48448443750000003 0.8344859015624999 0.47564009687500003 0.823676153125 0.46581305312500004 0.82171074375 0.4667957578125 0.816797221875 0.4618822359375 0.8138491078125 0.4500897828125 0.8158145171875001 0.4481243734375 0.8138491078125 0.44222814843749997 0.8197453343750001 0.4304356953125 0.82171074375 0.419625946875 0.8325204921875 0.414712425 0.8492264671875001 0.4137297203125 0.8659324421875001 0.4215913546875 0.8816557125 0.43633192187500003 0.89443086875
2 0.49372051875 0.5878537734375 0.5025648578124999 0.5966981125 0.51042649375 0.6006289312499999 0.5281151734375 0.6006289312499999 0.5330286953125001 0.595715409375 0.5340114 0.5908018875 0.5359768078125 0.5947327046875001 0.5399076265625 0.5947327046875001 0.54678655625 0.5898191828125 0.5507173734374999 0.58392295625 0.5546481921875 0.5760613203125 0.5566136 0.5642688671875 0.5507173734374999 0.5465801890625 0.5399076265625 0.535770440625 0.532045990625 0.5377358484375 0.53008058125 0.535770440625 0.50059945 0.535770440625 0.49372051875 0.5406839625 0.49273781406249995 0.5495283015625 0.491755109375 0.5681996859375 0.49372051875 0.57016509375 0.49372051875 0.5878537734375
2 0.4249312109375 0.581957546875 0.4377063671875 0.5966981125 0.4475334125 0.6025943390624999 0.4671875 0.6025943390624999 0.47308372656250003 0.6006289312499999 0.48585888437499997 0.5898191828125 0.48782429218749995 0.5858883640625 0.48782429218749995 0.55051100625 0.47897995312499997 0.5416666671875 0.469152909375 0.535770440625 0.4534296390625 0.5377358484375 0.4494988203125 0.535770440625 0.4475334125 0.5377358484375 0.4416371859375 0.5377358484375 0.42689661875 0.5544418234374999 0.42394850625 0.565251571875 0.42296580156249997 0.572130503125 0.4249312109375 0.5740959125 0.4249312109375 0.581957546875
1 0.495685928125 0.322523584375 0.495685928125 0.3323506296875 0.49961674531250005 0.34414308125000004 0.5064956765625 0.3510220125 0.5163227203125 0.3549528296875 0.5281151734375 0.3549528296875 0.5340114 0.352987421875 0.5379422171875 0.34905660312500003 0.541873034375 0.34905660312500003 0.54678655625 0.34414308125000004 0.5546481921875 0.3303852203125 0.5546481921875 0.3087657234375 0.5507173734374999 0.30090408750000003 0.541873034375 0.2920597484375 0.5281151734375 0.286163521875 0.5202535375 0.286163521875 0.5182881296875 0.28812893125 0.5123919031249999 0.28812893125 0.5025648578124999 0.2940251578125 0.4966686328125 0.30188679218750003 0.495685928125 0.3166273578125 0.4976513359375 0.32055817656249996 0.495685928125 0.322523584375
1 0.428862028125 0.32645440312499996 0.435740959375 0.3352987421875 0.45146422968750005 0.3451257859375 0.47111831718749997 0.3451257859375 0.47897995312499997 0.34119496875 0.48782429218749995 0.3323506296875 0.491755109375 0.32448899375 0.4897897015625 0.3185927671875 0.49372051875 0.3068003140625 0.491755109375 0.30090408750000003 0.48782429218749995 0.293042453125 0.47701454375 0.2822327046875 0.469152909375 0.27830188749999996 0.46325668281250004 0.276336478125 0.4593258640625 0.27830188749999996 0.455395046875 0.276336478125 0.4416371859375 0.2822327046875 0.43279284531249995 0.29107704375 0.42787932343749996 0.30188679218750003 0.42689661875 0.3166273578125 0.43082743749999997 0.32055817656249996 0.428862028125 0.32645440312499996
2 0.5546481921875 0.32055817656249996 0.5566136 0.32448899375 0.56349253125 0.331367925 0.573319575 0.3333333328125 0.575284984375 0.3372641515625 0.5890428453125 0.3372641515625 0.598869890625 0.3333333328125 0.611645046875 0.322523584375 0.6175412734375 0.31073113281250003 0.6175412734375 0.2891116359375 0.6155758640625 0.283215409375 0.6028007078125001 0.2704402515625 0.5929736640625001 0.26650943437499997 0.57725039375 0.26650943437499997 0.5723368703125 0.269457546875 0.5693887578125 0.27437106875 0.565457940625 0.27240566093749996 0.5566136 0.28125 0.5497346703125 0.297955975 0.5507173734374999 0.312696540625 0.5566136 0.3166273578125 0.5546481921875 0.32055817656249996
2 0.4976513359375 0.8767688671875 0.5025648578124999 0.8836477984375 0.5163227203125 0.889544025 0.532045990625 0.889544025 0.5359768078125 0.8856132078125001 0.54383844375 0.8836477984375 0.548751965625 0.8787342765625 0.5546481921875 0.8708726421874999 0.558579009375 0.8610455968749999 0.5605444187499999 0.8394261000000001 0.5566136 0.82959905625 0.5507173734374999 0.8256682390625001 0.5507173734374999 0.8217374218750001 0.541873034375 0.81289308125 0.532045990625 0.8069968546874999 0.5123919031249999 0.8069968546874999 0.5045302671874999 0.8109276734374999 0.4976513359375 0.817806603125 0.4976513359375 0.8237028296875 0.49077240624999996 0.8286163515625 0.4897897015625 0.8669418234374999 0.49372051875 0.874803459375 0.4976513359375 0.8767688671875
3 0.503125 0.8546875 0.1625 0.109375
3 0.49375 0.5625 0.1703125 0.1109375
3 0.5015625 0.3171875 0.1578125 0.1
3 0.49375 0.103125 0.15 0.0921875