1 0.43488745937499995 0.6613745984375 0.4338826359375 0.6563504828125 0.42986334375 0.65032154375 0.421824759375 0.65032154375 0.4198151125 0.6422829578125 0.4157958203125 0.6422829578125 0.4137861734375 0.6402733125 0.41177652656249997 0.6422829578125 0.4017282953125 0.6422829578125 0.39971865 0.6442926046874999 0.397709003125 0.6442926046874999 0.3886655953125 0.6533360125 0.3886655953125 0.6573553046875 0.3866559484375 0.6593649515625 0.3866559484375 0.675442121875 0.3886655953125 0.67745176875 0.390675240625 0.6834807078125 0.3936897109375 0.6864951765625 0.39569935625 0.6864951765625 0.4017282953125 0.69051446875 0.4157958203125 0.69051446875 0.4198151125 0.6864951765625 0.42383440468750005 0.6864951765625 0.43287781406250003 0.6794614140624999 0.43287781406250003 0.66338424375 0.43488745937499995 0.6613745984375
1 0.407757234375 0.8834405140625 0.4157958203125 0.877411575 0.417805465625 0.877411575 0.42282958125 0.8723874593750001 0.42282958125 0.8703778140624999 0.426848875 0.8643488749999999 0.426848875 0.8422427656249999 0.4258440515625 0.8412379421875 0.421824759375 0.835209003125 0.4198151125 0.835209003125 0.417805465625 0.83319935625 0.4157958203125 0.835209003125 0.4137861734375 0.8291800640625 0.4017282953125 0.8291800640625 0.39971865 0.8311897109374999 0.3936897109375 0.83319935625 0.3866559484375 0.84023311875 0.3866559484375 0.8422427656249999 0.38263665625 0.8482717046875001 0.38263665625 0.85430064375 0.380627009375 0.8563102890625001 0.380627009375 0.862339228125 0.38263665625 0.8643488749999999 0.38263665625 0.8683681671875 0.3846463015625 0.8703778140624999 0.3846463015625 0.8723874593750001 0.3916800640625 0.8794212218749999 0.3936897109375 0.8794212218749999 0.39569935625 0.8814308687500001 0.39971865 0.8814308687500001 0.4017282953125 0.8834405140625 0.407757234375 0.8834405140625
2 0.4469453375 0.2634646296875 0.448954984375 0.257435690625 0.44192122187500005 0.2504019296875 0.43790192968749997 0.24839228281249998 0.43589228281250003 0.2504019296875 0.42986334375 0.244372990625 0.4258440515625 0.244372990625 0.42383440468750005 0.2463826359375 0.4157958203125 0.2463826359375 0.41177652656249997 0.24839228281249998 0.40072347343750003 0.261454984375 0.40072347343750003 0.2795418 0.404742765625 0.2875803859375 0.4137861734375 0.29662379375 0.417805465625 0.298633440625 0.42986334375 0.298633440625 0.43187299062499995 0.29662379375 0.44192122187500005 0.29662379375 0.448954984375 0.2895900328125 0.45297427656249994 0.281551446875 0.451969453125 0.2684887453125 0.4509646296875 0.2654742765625 0.4469453375 0.2634646296875
2 0.471875 0.2921875 0.0453125 0.046875
2 0.521875 0.28125 0.046875 0.0515625
2 0.4640625 0.4828125 0.0484375 0.0484375
2 0.5015625 0.6703125 0.04375 0.053125
2 0.4953125 0.853125 0.0421875 0.053125
1 0.45 0.846875 0.04375 0.05
1 0.45625 0.6734375 0.04375 0.046875
1 0.5125 0.4890625 0.04375 0.0453125
1 0.5328125 0.075 0.05625 0.059375
3 0.4640625 0.85 0.121875 0.0828125
3 0.4671875 0.6671875 0.1203125 0.0703125
3 0.4734375 0.4828125 0.128125 0.0703125
3 0.4890625 0.284375 0.134375 0.078125
3 0.49375 0.0875 0.1265625 0.0828125