2 0.6671875 0.425 0.0515625 0.053125
2 0.4859375 0.421875 0.0453125 0.04375
2 0.2796875 0.4109375 0.0515625 0.04375
1 0.29375 0.459375 0.0515625 0.0421875
2 0.0890625 0.4 0.0578125 0.046875
1 0.078125 0.4515625 0.059375 0.0453125
1 0.4828125 0.4671875 0.05 0.046875
2 0.6796875 0.4734375 0.0453125 0.04375
1 0.6447580640624999 0.5049963171875 0.6508064515624999 0.5070124468749999 0.638709678125 0.5090285765625 0.6366935484375 0.5150769625 0.638709678125 0.5271737375 0.6538306453125 0.5402785765625 0.669959678125 0.5402785765625 0.67802419375 0.5362463171875 0.6850806453125 0.529189865625 0.6870967734375 0.5251576078125 0.6870967734375 0.5110447046875 0.6770161296875 0.5090285765625 0.6820564515624999 0.5080205109375 0.683064515625 0.5029801890625001 0.6739919359375001 0.4939076078125 0.6679435484375 0.49189147968749997 0.654838709375 0.49289954375 0.6497983875 0.4939076078125 0.6447580640624999 0.49894793125000003 0.6447580640624999 0.5049963171875
2 0.8453125 0.434375 0.0515625 0.0453125
1 0.4975806453125 0.50186491875 0.4975806453125 0.4978326609375 0.4935483875 0.493800403125 0.49254032187499996 0.490776209375 0.4663306453125 0.490776209375 0.46532258125 0.49178427343750003 0.45927419374999995 0.49581653281250004 0.45927419374999995 0.49984879062500004 0.46129032187499996 0.50186491875 0.45322580625000003 0.5079133062500001 0.45322580625000003 0.5179939515624999 0.45524193593750006 0.5200100812499999 0.45725806406249997 0.5260584671874999 0.4663306453125 0.5351310484375 0.46834677343750003 0.5351310484375 0.470362903125 0.537147178125 0.48447580625000003 0.537147178125 0.48649193593750006 0.5351310484375 0.49254032187499996 0.53311491875 0.49959677343750003 0.5260584671874999 0.49959677343750003 0.5240423390625 0.5016129031250001 0.522026209375 0.5016129031250001 0.515977821875 0.5036290328125 0.51396169375 0.5036290328125 0.5099294359375001 0.498588709375 0.5048891125 0.4935483875 0.5038810484375 0.4975806453125 0.50186491875
3 0.8515625 0.4609375 0.0828125 0.121875
3 0.6734375 0.4578125 0.090625 0.125
3 0.484375 0.4515625 0.0671875 0.128125
3 0.28125 0.440625 0.084375 0.1328125
3 0.084375 0.4296875 0.08125 0.1375