1 0.481602821875 0.6508064515624999 0.4614415328125 0.6427419359375001 0.4432963703125 0.6427419359375001 0.42313508125 0.6508064515624999 0.40801411249999997 0.66592741875 0.40196572656249996 0.6840725812499999 0.40196572656249996 0.7002016125 0.4120463703125 0.7203629031250001 0.42515120937499995 0.7334677421875 0.437247984375 0.7395161296875 0.4453125 0.7395161296875 0.4473286296875 0.7415322578125 0.47353830625000004 0.7375 0.4896673390625 0.7274193546875 0.5027721781250001 0.7082661296875 0.5037802421875 0.6991935484375 0.50478830625 0.686088709375 0.49873991875 0.669959678125 0.481602821875 0.6508064515624999
1 0.4493447578125 0.382661290625 0.43321572656249996 0.376612903125 0.42111895156249995 0.376612903125 0.40498991875 0.382661290625 0.39188508125 0.3957661296875 0.3838205640625 0.41391129062500004 0.3838205640625 0.42600806406249997 0.3898689515625 0.44213709687499997 0.3989415328125 0.45322580625000003 0.4130544359375 0.46129032187499996 0.42313508125 0.46129032187499996 0.4271673390625 0.46330645156249994 0.4291834671875 0.46129032187499996 0.437247984375 0.46129032187499996 0.4473286296875 0.45725806406249997 0.462449596875 0.44616935468749996 0.46950604843750005 0.4290322578125 0.47051411249999997 0.41592741875000006 0.46446572656249996 0.3977822578125 0.4493447578125 0.382661290625
1 0.437247984375 0.21129032187500002 0.42111895156249995 0.2052419359375 0.40700604843750005 0.2072580640625 0.396925403125 0.2133064515625 0.39188508125 0.21834677343750003 0.38583669375 0.23245967812499999 0.38583669375 0.2385080640625 0.3898689515625 0.24858870937500002 0.3989415328125 0.257661290625 0.40700604843750005 0.2616935484375 0.42313508125 0.2616935484375 0.4352318546875 0.2556451609375 0.4412802421875 0.2556451609375 0.4463205640625 0.24858870937500002 0.4473286296875 0.24354838750000002 0.44833669374999996 0.22842741875 0.4443044359375 0.21834677343750003 0.437247984375 0.21129032187500002
1 0.35660282187500003 0.47338709687499997 0.3364415328125 0.47338709687499997 0.33240927343750004 0.4754032265625 0.3213205640625 0.48649193593750006 0.31728830625 0.49455645156249994 0.31728830625 0.5086693546875 0.3193044359375 0.5147177421875 0.328377015625 0.5278225812499999 0.334425403125 0.529838709375 0.362651209375 0.5318548390625 0.36970766093749996 0.526814515625 0.374747984375 0.5116935484375 0.3757560484375 0.49455645156249994 0.36970766093749996 0.48447580625000003 0.35660282187500003 0.47338709687499997
1 0.34853830625 0.45524193593750006 0.340473790625 0.451209678125 0.33240927343750004 0.451209678125 0.3223286296875 0.45524193593750006 0.31123991875 0.4663306453125 0.309223790625 0.47237903281250004 0.309223790625 0.48850806406249997 0.31426411249999997 0.49556451562500003 0.3162802421875 0.49556451562500003 0.32535282187500003 0.48044354843750003 0.33240927343750004 0.4754032265625 0.3364415328125 0.47338709687499997 0.3586189515625 0.47338709687499997 0.359627015625 0.46834677343750003 0.35761088750000003 0.46431451562500003 0.34853830625 0.45524193593750006
1 0.36063508125 0.3866935484375 0.34652217812499997 0.38467741875 0.340473790625 0.3866935484375 0.32535282187500003 0.3997983875 0.32333669375 0.4038306453125 0.32333669375 0.42399193593750006 0.33240927343750004 0.4350806453125 0.33845766093749996 0.439112903125 0.3505544359375 0.44112903281250004 0.3525705640625 0.439112903125 0.36063508125 0.439112903125 0.37373991875 0.42802419374999995 0.374747984375 0.425 0.3757560484375 0.4038306453125 0.371723790625 0.3957661296875 0.36063508125 0.3866935484375
1 0.34248991875 0.34032258125000003 0.32636088750000003 0.34032258125000003 0.3223286296875 0.342338709375 0.3203125 0.3463709671875 0.31728830625 0.34737903281250004 0.31123991875 0.3614919359375 0.3132560484375 0.37157258125000003 0.32636088750000003 0.382661290625 0.33845766093749996 0.382661290625 0.3505544359375 0.376612903125 0.35458669375 0.3665322578125 0.3555947578125 0.3554435484375 0.3515625 0.34737903281250004 0.34248991875 0.34032258125000003
1 0.409022178125 0.08427419375 0.3989415328125 0.0883064515625 0.393901209375 0.0973790328125 0.39591733906250004 0.10342741875000001 0.4009576609375 0.1084677421875 0.40700604843750005 0.1104838703125 0.41708669374999996 0.1084677421875 0.42515120937499995 0.1024193546875 0.42615927343750004 0.0913306453125 0.41708669374999996 0.08427419375 0.409022178125 0.08427419375
1 0.3525705640625 0.175 0.3414818546875 0.1881048390625 0.343497984375 0.1941532265625 0.3505544359375 0.20120967812499999 0.36466733906250004 0.19919354843749998 0.37071572656249996 0.1911290328125 0.371723790625 0.1820564515625 0.36466733906250004 0.175 0.3525705640625 0.175
1 0.31123991875 0.36552419375 0.31123991875 0.3554435484375 0.30216733906250004 0.354435484375 0.29813508125 0.3564516125 0.2910786296875 0.36552419375 0.2910786296875 0.3776209671875 0.2930947578125 0.3816532265625 0.300151209375 0.3866935484375 0.312247984375 0.3866935484375 0.3182963703125 0.382661290625 0.3193044359375 0.3776209671875 0.3132560484375 0.37157258125000003 0.31123991875 0.36552419375
1 0.3162802421875 0.27782258125000003 0.312247984375 0.279838709375 0.3051915328125 0.29092741875 0.30821572656249996 0.3 0.3243447578125 0.3 0.3303931453125 0.3020161296875 0.334425403125 0.2979838703125 0.3354334671875 0.2868951609375 0.328377015625 0.27782258125000003 0.3162802421875 0.27782258125000003
0 0.34652217812499997 0.3 0.3303931453125 0.3020161296875 0.3193044359375 0.31713709687499997 0.3213205640625 0.33125 0.328377015625 0.3383064515625 0.34652217812499997 0.34032258125000003 0.359627015625 0.3292338703125 0.36063508125 0.326209678125 0.3616431453125 0.31713709687499997 0.35761088750000003 0.3070564515625 0.34652217812499997 0.3
0 0.30115927343750004 0.3292338703125 0.297127015625 0.3372983875 0.297127015625 0.34737903281250004 0.3041834671875 0.354435484375 0.312247984375 0.354435484375 0.3223286296875 0.342338709375 0.32636088750000003 0.34032258125000003 0.3213205640625 0.3292338703125 0.31426411249999997 0.3241935484375 0.30115927343750004 0.3292338703125
0 0.3868447578125 0.1185483875 0.37777217812499997 0.1256048390625 0.3757560484375 0.135685484375 0.3828125 0.1427419359375 0.396925403125 0.1427419359375 0.405997984375 0.135685484375 0.40700604843750005 0.132661290625 0.40801411249999997 0.1276209671875 0.4009576609375 0.1185483875 0.3868447578125 0.1185483875
0 0.2961189515625 0.38467741875 0.2900705640625 0.37459677343750003 0.28603830625 0.37459677343750003 0.28301411249999997 0.3776209671875 0.280997984375 0.3816532265625 0.280997984375 0.3917338703125 0.2880544359375 0.40080645156249994 0.2961189515625 0.40282258125 0.30821572656249996 0.3947580640625 0.309223790625 0.3897177421875 0.306199596875 0.3866935484375 0.2961189515625 0.38467741875