2 0.5015625 0.171875 0.040625 0.0265625
1 0.515625 0.5265625 0.04375 0.046875
2 0.4703125 0.521875 0.0421875 0.046875
2 0.5234375 0.725 0.05 0.0484375
2 0.478125 0.7109375 0.0421875 0.05
1 0.50625 0.3390625 0.0421875 0.0484375
1 0.53125 0.9125 0.0484375 0.0546875
1 0.4828125 0.9109375 0.04375 0.0546875
2 0.458860759375 0.9111946203124999 0.4558939875 0.9082278484374999 0.4469936703125 0.9092167718749999 0.4469936703125 0.9032832281250001 0.4440268984375 0.896360759375 0.432159809375 0.896360759375 0.42424841718749995 0.90031645625 0.41930379687499997 0.9052610765625 0.413370253125 0.9171281640625001 0.413370253125 0.92503955625 0.4113924046875 0.9270174046875 0.4153481015625 0.9448180374999999 0.42820411406250003 0.955696203125 0.44204904999999994 0.955696203125 0.446004746875 0.9537183546874999 0.44996044375000005 0.947784809375 0.4539161390625 0.947784809375 0.458860759375 0.942840190625 0.46182753125 0.931962025 0.46281645625 0.928995253125 0.458860759375 0.9191060125 0.458860759375 0.9111946203124999
1 0.43710442968749996 0.3277294296875 0.4301819625 0.322784809375 0.426226265625 0.3247626578125 0.42227057031250004 0.31882911406250003 0.4084256328125 0.31882911406250003 0.3955696203125 0.329707278125 0.393591771875 0.3356408234375 0.393591771875 0.349485759375 0.39754746875 0.35739715156249996 0.4084256328125 0.36629746875 0.42424841718749995 0.36629746875 0.427215190625 0.36333069687499997 0.42820411406250003 0.3583860765625 0.43413765781249997 0.3583860765625 0.43710442968749996 0.35541930312500003 0.44007120312500003 0.34849683593749997 0.4410601265625 0.3415743671875 0.439082278125 0.33959651874999996 0.43710442968749996 0.3277294296875
1 0.4625 0.328125 0.040625 0.05
3 0.478125 0.1703125 0.10625 0.05625
3 0.4765625 0.3390625 0.1171875 0.071875
3 0.4828125 0.5234375 0.1203125 0.0640625
3 0.49375 0.7140625 0.125 0.08125
3 0.5 0.91875 0.1328125 0.0921875