2 0.346537990625 0.5040849671875 0.3669628265625 0.5061274515624999 0.3771752453125 0.5 0.3802389703125 0.49489379062500005 0.3802389703125 0.48059640468750003 0.3781964875 0.47651143749999997 0.3822814546875 0.47242647031249996 0.3822814546875 0.46629902031250003 0.3669628265625 0.4530228765625 0.3506229578125 0.4530228765625 0.3424530234375 0.45710784374999996 0.3353043296875 0.46425653593750005 0.333261846875 0.4703839875 0.3353043296875 0.47242647031249996 0.3322406046875 0.4754901953125 0.3312193625 0.48876634062499996 0.3424530234375 0.502042484375 0.346537990625 0.5040849671875
1 0.365912665625 0.0800972046875 0.3699976328125 0.084182171875 0.3863375015625 0.0862246546875 0.3975711625 0.077033478125 0.395528678125 0.07090602812499999 0.4006348875 0.0698847859375 0.40369861250000005 0.0668210609375 0.40369861250000005 0.048438707812499995 0.395528678125 0.0320988375 0.38429501875 0.020865178125 0.3699976328125 0.01882269375 0.3597852140625 0.022907662500000002 0.3475303125 0.03924753125 0.3465090703125 0.06273609375 0.3597852140625 0.0780547203125 0.365912665625 0.0800972046875
1 0.34846888125 0.2963933328125 0.3607237828125 0.2963933328125 0.36276626562500003 0.29435085 0.36480875 0.2963933328125 0.3791061359375 0.2963933328125 0.3882973125 0.28515967343750004 0.39033979531249996 0.2688198046875 0.3882973125 0.2667773203125 0.3882973125 0.26064986874999996 0.3821698609375 0.25043745156249997 0.37502116874999997 0.24533124218750002 0.366851234375 0.241246275 0.3607237828125 0.24328875781249998 0.35868129843749996 0.241246275 0.35255384843750004 0.241246275 0.3443839140625 0.24533124218750002 0.3341714953125 0.25758614375 0.333150253125 0.2769897390625 0.3392777046875 0.28720215625 0.34846888125 0.2963933328125
1 0.332430490625 0.92188824375 0.340600425 0.9239307265625 0.35285532656249996 0.919845759375 0.36817395468749997 0.9024846484375001 0.3702164375 0.8841022953125 0.36817395468749997 0.8779748453125 0.358982778125 0.8646987015625 0.35081284375 0.860613734375 0.3344729734375 0.8626562171875 0.319154346875 0.8759323609375 0.3160906203125 0.8830810546875 0.31506937968750004 0.9045271328125001 0.3283455234375 0.919845759375 0.332430490625 0.92188824375
2 0.4022627640625 0.296709278125 0.41247518281250006 0.296709278125 0.41451766718750005 0.29466679375 0.41656015 0.296709278125 0.42881505156250005 0.296709278125 0.4400487125 0.28547561718750003 0.44209119531249996 0.273220715625 0.44413367968750006 0.27117823125 0.4400487125 0.256880846875 0.42677256874999997 0.2456471859375 0.408390215625 0.2456471859375 0.39511407187500003 0.256880846875 0.39000786249999997 0.26607202343749997 0.3889866203125 0.2793481671875 0.39307158750000004 0.2875181015625 0.4022627640625 0.296709278125
1 0.36954845937499997 0.9088700624999999 0.37465466875 0.9160187546874999 0.38078211875 0.9160187546874999 0.38486708593749996 0.9221462062500001 0.393037021875 0.9241886890625001 0.3950795046875 0.9221462062500001 0.40120695624999997 0.9221462062500001 0.4052919234375 0.9201037218750001 0.4144831 0.9109125453125 0.41856806718749995 0.9027426109375 0.41856806718749995 0.882317775 0.4144831 0.874147840625 0.40733440625000006 0.866999146875 0.4032494390625 0.8649566640625 0.399164471875 0.8649566640625 0.3971219890625 0.8629141796875001 0.3909945375 0.8629141796875001 0.3838458453125 0.8680203890625 0.382824603125 0.8731265984375 0.38078211875 0.86904163125 0.37873963593750004 0.86904163125 0.3715909421875 0.8761903234374999 0.3685272171875 0.8853815 0.367505975 0.896615159375 0.36954845937499997 0.89865764375 0.36954845937499997 0.9088700624999999
2 0.4302097625 0.09479228125 0.4342947296875 0.092749796875 0.4383796984375 0.09479228125 0.4496133578125 0.0856011046875 0.45369832499999996 0.0753886859375 0.45369832499999996 0.06517626875 0.4475708734375 0.050878882812500005 0.44042218125000004 0.0437301890625 0.4363372140625 0.0437301890625 0.43225224687499997 0.039645221875 0.4179548609375 0.039645221875 0.4046787171875 0.050878882812500005 0.403657475 0.0539426078125 0.40263623437499996 0.0815161375 0.411827409375 0.092749796875 0.4302097625 0.09479228125
1 0.3991065828125 0.5123502375 0.40455300625 0.51439231875 0.4124957 0.5141654140624999 0.4172612921875 0.51280403125 0.4231615875 0.5116695390625 0.42724639687500005 0.5078122796875 0.43087734062500005 0.5041819125 0.433373603125 0.5000977484375 0.43496214999999994 0.49578669375000006 0.434054409375 0.48875284687500004 0.434054409375 0.4812652046875 0.43155813906249996 0.47763485 0.42928880156250004 0.4730968921875 0.4231615875 0.464928565625 0.41998451093750006 0.4617519921875 0.4145381046875 0.4599368140625 0.40999942968749997 0.459256115625 0.40228367656249997 0.46061749843750005 0.399333540625 0.4617519921875 0.394340984375 0.4642478671875 0.3886676359375 0.46833203125 0.385263634375 0.471281715625 0.3841289609375 0.4746851796875 0.3829943046875 0.47786173906249996 0.38208654062499997 0.4817190125 0.38208654062499997 0.4862569703125 0.3843993265625 0.48951723593749996 0.3877598890625 0.4971480625 0.3913908484375 0.50554329375 0.39524873125000004 0.5098543609374999 0.3991065828125 0.5123502375
3 0.378125 0.8875 0.13125 0.0875
3 0.38125 0.6953125 0.125 0.084375
3 0.390625 0.484375 0.1328125 0.0953125
3 0.4046875 0.2734375 0.121875 0.0953125
3 0.4109375 0.0625 0.1265625 0.103125