1 0.7919921875 0.46875 0.7744140625 0.462890625 0.7607421875 0.462890625 0.7587890625 0.46484375 0.7509765625 0.46484375 0.7392578125 0.470703125 0.73046875 0.4775390625 0.72265625 0.4892578125 0.712890625 0.5146484375 0.712890625 0.5361328125 0.72265625 0.5576171875 0.73046875 0.5673828125 0.7392578125 0.57421875 0.7548828125 0.58203125 0.77734375 0.5810546875 0.7919921875 0.57421875 0.8125 0.5517578125 0.8125 0.5478515625 0.818359375 0.5400390625 0.8203125 0.5126953125 0.814453125 0.4951171875 0.806640625 0.4833984375 0.7919921875 0.46875
1 0.796875 0.4326171875 0.796875 0.4267578125 0.791015625 0.4189453125 0.7763671875 0.40625 0.7666015625 0.40234375 0.7548828125 0.40234375 0.7529296875 0.400390625 0.7509765625 0.40234375 0.7431640625 0.40234375 0.7333984375 0.40625 0.720703125 0.4189453125 0.7109375 0.4404296875 0.7109375 0.4560546875 0.71875 0.4736328125 0.7255859375 0.48046875 0.728515625 0.4794921875 0.7353515625 0.47265625 0.7587890625 0.462890625 0.7783203125 0.462890625 0.7939453125 0.470703125 0.796875 0.4697265625 0.80078125 0.4599609375 0.80078125 0.4404296875 0.796875 0.4326171875
1 0.8505859375 0.4296875 0.8330078125 0.4296875 0.8154296875 0.4375 0.80859375 0.4443359375 0.802734375 0.4541015625 0.798828125 0.4716796875 0.81640625 0.4970703125 0.8203125 0.5087890625 0.822265625 0.5244140625 0.8330078125 0.529296875 0.849609375 0.5283203125 0.8603515625 0.525390625 0.869140625 0.5166015625 0.875 0.5009765625 0.8828125 0.4931640625 0.8828125 0.4677734375 0.87890625 0.4560546875 0.8623046875 0.435546875 0.8505859375 0.4296875
1 0.9013671875 0.48046875 0.8876953125 0.48828125 0.87890625 0.4970703125 0.873046875 0.5068359375 0.873046875 0.5107421875 0.869140625 0.5166015625 0.869140625 0.5322265625 0.8671875 0.5341796875 0.869140625 0.5380859375 0.869140625 0.5517578125 0.876953125 0.5673828125 0.8935546875 0.583984375 0.8974609375 0.5859375 0.91796875 0.5849609375 0.9248046875 0.583984375 0.94140625 0.5693359375 0.951171875 0.5439453125 0.951171875 0.5185546875 0.9453125 0.5009765625 0.9306640625 0.484375 0.9208984375 0.48046875 0.9013671875 0.48046875
1 0.736328125 0.3759765625 0.73046875 0.3876953125 0.73046875 0.3974609375 0.728515625 0.3994140625 0.7314453125 0.408203125 0.7431640625 0.40234375 0.7685546875 0.40234375 0.7822265625 0.41015625 0.7958984375 0.423828125 0.798828125 0.4228515625 0.802734375 0.4150390625 0.802734375 0.3935546875 0.796875 0.3798828125 0.7841796875 0.3671875 0.7705078125 0.361328125 0.7626953125 0.361328125 0.7431640625 0.369140625 0.736328125 0.3759765625
1 0.9755859375 0.478515625 0.9658203125 0.474609375 0.9560546875 0.474609375 0.9443359375 0.48046875 0.9375 0.4873046875 0.9375 0.4912109375 0.9453125 0.5009765625 0.9453125 0.5048828125 0.951171875 0.5166015625 0.951171875 0.5458984375 0.9453125 0.5595703125 0.9453125 0.5693359375 0.962890625 0.5693359375 0.9736328125 0.56640625 0.982421875 0.5576171875 0.984375 0.5517578125 0.98828125 0.5478515625 0.994140625 0.5322265625 0.994140625 0.5107421875 0.986328125 0.4912109375 0.9755859375 0.478515625
1 0.416015625 0.2744140625 0.41796875 0.2802734375 0.4228515625 0.28515625 0.4267578125 0.287109375 0.4375 0.2861328125 0.447265625 0.2783203125 0.44921875 0.2744140625 0.44921875 0.2646484375 0.4443359375 0.2578125 0.4365234375 0.25390625 0.4287109375 0.25390625 0.416015625 0.2646484375 0.416015625 0.2744140625
0 0.443359375 0.2919921875 0.439453125 0.2998046875 0.44140625 0.3134765625 0.4521484375 0.32421875 0.4580078125 0.326171875 0.47265625 0.3251953125 0.4755859375 0.32421875 0.486328125 0.3115234375 0.48828125 0.2978515625 0.484375 0.2900390625 0.4716796875 0.28125 0.4580078125 0.28125 0.4521484375 0.283203125 0.443359375 0.2919921875
0 0.494140625 0.2802734375 0.4921875 0.2841796875 0.4921875 0.2998046875 0.5009765625 0.310546875 0.5087890625 0.314453125 0.5234375 0.3134765625 0.5263671875 0.3125 0.537109375 0.2998046875 0.537109375 0.2841796875 0.5283203125 0.2734375 0.5185546875 0.26953125 0.5087890625 0.26953125 0.5009765625 0.2734375 0.494140625 0.2802734375
0 0.6298828125 0.287109375 0.62109375 0.2978515625 0.619140625 0.3154296875 0.623046875 0.3232421875 0.6337890625 0.333984375 0.6455078125 0.337890625 0.6484375 0.3369140625 0.6572265625 0.3359375 0.669921875 0.3251953125 0.671875 0.3212890625 0.671875 0.3037109375 0.6591796875 0.287109375 0.6513671875 0.283203125 0.6376953125 0.283203125 0.6298828125 0.287109375
0 0.568359375 0.2607421875 0.5810546875 0.271484375 0.591796875 0.2705078125 0.59765625 0.2666015625 0.6015625 0.2587890625 0.599609375 0.2470703125 0.5927734375 0.240234375 0.5771484375 0.240234375 0.5732421875 0.2421875 0.56640625 0.2509765625 0.568359375 0.2607421875
0 0.7138671875 0.25 0.705078125 0.2626953125 0.705078125 0.2705078125 0.70703125 0.2705078125 0.7177734375 0.265625 0.7236328125 0.265625 0.7275390625 0.26171875 0.7333984375 0.259765625 0.734375 0.2548828125 0.7294921875 0.25 0.7236328125 0.248046875 0.7138671875 0.25
0 0.703125 0.2841796875 0.7109375 0.2919921875 0.71484375 0.3056640625 0.7197265625 0.30859375 0.736328125 0.3076171875 0.74609375 0.2958984375 0.74609375 0.2822265625 0.7421875 0.2763671875 0.7255859375 0.265625 0.7177734375 0.265625 0.7099609375 0.26953125 0.703125 0.2802734375 0.703125 0.2841796875
0 0.701171875 0.2607421875 0.703125 0.2607421875 0.7060546875 0.259765625 0.7109375 0.2509765625 0.716796875 0.2470703125 0.7099609375 0.2421875 0.6982421875 0.2421875 0.693359375 0.2451171875 0.69921875 0.2529296875 0.701171875 0.2607421875
1 0.66796875 0.2685546875 0.6767578125 0.27734375 0.693359375 0.2763671875 0.701171875 0.2646484375 0.69921875 0.2529296875 0.6865234375 0.244140625 0.6748046875 0.244140625 0.6708984375 0.24609375 0.666015625 0.2529296875 0.666015625 0.2646484375 0.66796875 0.2685546875
1 0.75390625 0.2548828125 0.7490234375 0.248046875 0.7373046875 0.24609375 0.732421875 0.2490234375 0.732421875 0.2529296875 0.7392578125 0.259765625 0.748046875 0.2587890625 0.75390625 0.2548828125
1 0.7587890625 0.255859375 0.7490234375 0.2578125 0.748046875 0.2587890625 0.759765625 0.2724609375 0.76171875 0.2724609375 0.771484375 0.2666015625 0.7587890625 0.255859375
1 0.724609375 0.2666015625 0.7333984375 0.26953125 0.7421875 0.2763671875 0.74609375 0.2822265625 0.74609375 0.2958984375 0.751953125 0.2958984375 0.755859375 0.2939453125 0.755859375 0.2861328125 0.759765625 0.2763671875 0.7578125 0.2685546875 0.7470703125 0.259765625 0.7333984375 0.259765625 0.7275390625 0.26171875 0.724609375 0.2666015625
0 0.02734375 0.5009765625 0.025390625 0.4833984375 0.029296875 0.4736328125 0.0263671875 0.470703125 0.0185546875 0.470703125 0.013671875 0.4775390625 0.01171875 0.4892578125 0.0185546875 0.501953125 0.02734375 0.5009765625
1 0.0419921875 0.470703125 0.0478515625 0.4765625 0.052734375 0.4755859375 0.056640625 0.4697265625 0.056640625 0.4521484375 0.0498046875 0.4453125 0.0439453125 0.4453125 0.037109375 0.4521484375 0.03515625 0.4677734375 0.0380859375 0.470703125 0.0419921875 0.470703125
1 0.1220703125 0.396484375 0.1328125 0.3955078125 0.13671875 0.3916015625 0.138671875 0.3857421875 0.138671875 0.3740234375 0.1318359375 0.3671875 0.1259765625 0.3671875 0.1171875 0.3759765625 0.115234375 0.3876953125 0.1220703125 0.396484375
0 0.08203125 0.4169921875 0.083984375 0.4091796875 0.0908203125 0.40234375 0.103515625 0.4033203125 0.0966796875 0.396484375 0.0869140625 0.396484375 0.080078125 0.4052734375 0.080078125 0.4169921875 0.08203125 0.4169921875
0 0.2626953125 0.31640625 0.267578125 0.3154296875 0.2724609375 0.314453125 0.27734375 0.3095703125 0.279296875 0.2998046875 0.2744140625 0.291015625 0.2646484375 0.2890625 0.25390625 0.2978515625 0.25390625 0.3095703125 0.2626953125 0.31640625
1 0.2138671875 0.318359375 0.2119140625 0.31640625 0.2099609375 0.318359375 0.2060546875 0.318359375 0.19921875 0.3251953125 0.19921875 0.3271484375 0.197265625 0.3291015625 0.197265625 0.3369140625 0.19921875 0.3388671875 0.19921875 0.3408203125 0.2021484375 0.34375 0.2041015625 0.34375 0.2060546875 0.345703125 0.2119140625 0.345703125 0.212890625 0.3447265625 0.2138671875 0.34375 0.2158203125 0.34375 0.220703125 0.3388671875 0.220703125 0.3369140625 0.22265625 0.3349609375 0.22265625 0.3232421875 0.2177734375 0.318359375 0.2138671875 0.318359375
1 0.2444900328125 0.310408953125 0.2375129109375 0.30523774062500003 0.22995109687499998 0.3059912046875 0.2239556265625 0.3114715125 0.22331088437500002 0.312751515625 0.22280646875 0.32358634531249997 0.225805784375 0.3303915359375 0.23339414687499999 0.33286936875 0.24081310625 0.3296203734375 0.24469104062499997 0.3210257078125 0.2444900328125 0.310408953125
1 0.239648778125 0.3030652125 0.23829418750000003 0.3015785125 0.239663315625 0.3015785125 0.23691810468750002 0.3006569109375 0.23476706875 0.30087625 0.2323195765625 0.301417328125 0.2298733484375 0.302625903125 0.22739804375 0.304215634375 0.2253664734375 0.30575985625 0.224602896875 0.30694061875 0.229565515625 0.3054709859375 0.2344093 0.3041770765625 0.23778534687500003 0.3048812359375 0.241730915625 0.306812934375 0.24469167343749998 0.3074576765625 0.243082978125 0.3046777 0.2414900859375 0.3030652125 0.239648778125 0.3030652125
0 0.5791015625 0.380859375 0.5595703125 0.380859375 0.5439453125 0.38671875 0.533203125 0.3955078125 0.5234375 0.4169921875 0.5234375 0.4326171875 0.53125 0.4501953125 0.5361328125 0.455078125 0.5478515625 0.455078125 0.5517578125 0.453125 0.5537109375 0.455078125 0.5673828125 0.45703125 0.5830078125 0.46484375 0.587890625 0.4638671875 0.5947265625 0.4609375 0.6015625 0.4541015625 0.611328125 0.4326171875 0.615234375 0.4287109375 0.61328125 0.4111328125 0.607421875 0.3994140625 0.5908203125 0.384765625 0.5791015625 0.380859375