2 0.20698051875 0.5034496749999999 0.2008928578125 0.5196834421875 0.2008928578125 0.531858765625 0.20698051875 0.5480925328125 0.2161120125 0.559253246875 0.2282873375 0.5653409093749999 0.246550325 0.5653409093749999 0.25669642812500004 0.5612824671875 0.26582792187500004 0.5521509734375 0.27191558437499996 0.5379464281249999 0.27191558437499996 0.515625 0.26582792187500004 0.5034496749999999 0.2526379875 0.49228896093749996 0.24350649375 0.48924512968749995 0.2282873375 0.48823051875 0.2161120125 0.49431818125 0.20698051875 0.5034496749999999
2 0.0710227265625 0.49127435 0.0710227265625 0.5095373375000001 0.07711038906249999 0.5217126624999999 0.0862418828125 0.5288149343749999 0.09232954531250001 0.5288149343749999 0.094358765625 0.5308441562499999 0.10551948124999999 0.5257711031250001 0.10551948124999999 0.5014204546875 0.11160714218750001 0.48924512968749995 0.11160714218750001 0.481128246875 0.09943181875 0.47098214218749995 0.088271103125 0.46996753281250003 0.0801542203125 0.47402597343749997 0.0710227265625 0.49127435
2 0.26582792187500004 0.6536120125 0.26379870156249996 0.6596996749999999 0.26582792187500004 0.6739042203125 0.2790178578125 0.6850649343749999 0.29322240312500003 0.6850649343749999 0.29728084374999997 0.6830357140625 0.302353896875 0.6779626624999999 0.3043831171875 0.671875 0.3043831171875 0.6617288968749999 0.30032467500000004 0.6536120125 0.2952516234375 0.6485389609375 0.28814934999999997 0.6454951296875 0.2769886359375 0.64448051875 0.27293019531249996 0.646509740625 0.26582792187500004 0.6536120125
2 0.23741883125 0.6617288968749999 0.2414772734375 0.6698457796875 0.2485795453125 0.6769480515625 0.2526379875 0.6789772734375 0.26278409062499997 0.6789772734375 0.26582792187500004 0.6759334421875 0.26379870156249996 0.6596996749999999 0.26582792187500004 0.6576704546875 0.26582792187500004 0.6495535718750001 0.2607548703125 0.64448051875 0.25568181874999996 0.6434659093749999 0.246550325 0.6424512984375 0.23741883125 0.6515827921875 0.23741883125 0.6617288968749999
2 0.215097403125 0.6576704546875 0.215097403125 0.6698457796875 0.2201704546875 0.6769480515625 0.2262581171875 0.68100649375 0.2384334421875 0.68100649375 0.24350649375 0.6759334421875 0.24350649375 0.6698457796875 0.23741883125 0.6617288968749999 0.23741883125 0.6495535718750001 0.23133116875 0.6475243500000001 0.224228896875 0.6485389609375 0.2171266234375 0.6536120125 0.215097403125 0.6576704546875
2 0.38758116875000004 0.7144886359375 0.38555194843749996 0.7165178578125 0.390625 0.7276785718750001 0.40077110312500003 0.733766234375 0.41091720781249996 0.733766234375 0.42004870156249996 0.7266639609375 0.422077921875 0.7144886359375 0.41497565 0.7033279218749999 0.403814934375 0.7002840906250001 0.39265422031249997 0.7033279218749999 0.38758116875000004 0.7084009734375 0.38758116875000004 0.7144886359375
2 0.55600649375 0.7347808437500001 0.55600649375 0.74086850625 0.5600649343749999 0.7489853890625 0.5671672078125 0.7540584421875 0.581371753125 0.7540584421875 0.590503246875 0.7469561687499999 0.5925324671875 0.7428977265625 0.5925324671875 0.7307224031249999 0.5803571421875 0.7205762984375 0.5732548703125 0.7195616890625 0.563108765625 0.7236201296875 0.55600649375 0.7347808437500001
2 0.5925324671875 0.74086850625 0.5884740265625 0.7510146109375 0.5935470781250001 0.7560876624999999 0.59760551875 0.7581168828125 0.6077516234375 0.7581168828125 0.6209415578125 0.7469561687499999 0.6209415578125 0.7347808437500001 0.6128246749999999 0.7266639609375 0.59760551875 0.7256493500000001 0.5925324671875 0.7307224031249999 0.5925324671875 0.74086850625
2 0.7264610390625 0.72260551875 0.7264610390625 0.7286931812499999 0.7244318187500001 0.7307224031249999 0.7264610390625 0.7368100656250001 0.7335633109375 0.7439123375000001 0.7477678578125 0.7439123375000001 0.7568993500000001 0.7368100656250001 0.7609577921875 0.7286931812499999 0.7609577921875 0.7205762984375 0.7528409093749999 0.7104301953125 0.7416801953125 0.7094155843750001 0.7335633109375 0.7134740265625 0.7264610390625 0.72260551875
2 0.7802353890625 0.7378246749999999 0.7792207796875 0.74086850625 0.7822646109375 0.7439123375000001 0.7924107140625 0.7459415578125 0.8015422078125001 0.74086850625 0.8005275968750001 0.7378246749999999 0.7954545453125 0.7347808437500001 0.7924107140625 0.733766234375 0.7863230515625 0.7378246749999999 0.7802353890625 0.7378246749999999
1 0.7853084421875 0.6414366890625 0.78125 0.6495535718750001 0.78125 0.6698457796875 0.79038149375 0.68100649375 0.8005275968750001 0.6850649343749999 0.8147321421875 0.6830357140625 0.8238636359375 0.6759334421875 0.83198051875 0.6617288968749999 0.83198051875 0.6454951296875 0.8279220781250001 0.637378246875 0.8228490265625 0.6323051953125 0.8137175328125 0.6292613640625 0.8005275968750001 0.628246753125 0.7964691562499999 0.6302759734375 0.7853084421875 0.6414366890625
1 0.73051948125 0.6515827921875 0.7264610390625 0.6596996749999999 0.7264610390625 0.6779626624999999 0.728490259375 0.6820211031250001 0.7355925328125 0.6891233765625 0.7437094156249999 0.6931818187500001 0.7579139609375 0.6931818187500001 0.7660308437500001 0.6891233765625 0.7751623375000001 0.6799918828125 0.78125 0.6678165578125 0.7792207796875 0.6515827921875 0.77211850625 0.6424512984375 0.7589285718750001 0.637378246875 0.7477678578125 0.6363636359375 0.7437094156249999 0.6383928578125 0.73051948125 0.6515827921875
1 0.8360389609375 0.688108765625 0.8360389609375 0.7002840906250001 0.83806818125 0.7043425328125 0.8512581171875 0.7114448046875 0.8614042203125001 0.7073863640625 0.86850649375 0.7002840906250001 0.8725649343749999 0.6921672078125 0.8725649343749999 0.6799918828125 0.8705357140625001 0.6759334421875 0.8634334421875 0.6708603890625 0.8543019484375 0.6698457796875 0.8512581171875 0.6688311687499999 0.84415584375 0.6739042203125 0.8360389609375 0.688108765625
1 0.8948863640625 0.6820211031250001 0.8948863640625 0.7002840906250001 0.8999594156249999 0.7053571421875 0.9121347406250001 0.7033279218749999 0.9212662343750001 0.6921672078125 0.9232954546875 0.6820211031250001 0.9212662343750001 0.6759334421875 0.91314935 0.6698457796875 0.9080762984374999 0.6688311687499999 0.9040178578125 0.6708603890625 0.8948863640625 0.6820211031250001
1 0.6371753250000001 0.7368100656250001 0.6371753250000001 0.7469561687499999 0.6402191562499999 0.7520292203125 0.6463068187500001 0.7560876624999999 0.6584821421875 0.7560876624999999 0.6625405843750001 0.7540584421875 0.6716720781250001 0.7428977265625 0.6696428578125 0.7307224031249999 0.6615259734375 0.724634740625 0.650365259375 0.7236201296875 0.6463068187500001 0.7256493500000001 0.6371753250000001 0.7368100656250001
1 0.7995129875 0.724634740625 0.7934253250000001 0.7327516234375 0.8005275968750001 0.7378246749999999 0.8127029218749999 0.7357954546875 0.8218344156249999 0.724634740625 0.8218344156249999 0.7124594156249999 0.8167613640625 0.7053571421875 0.8137175328125 0.7043425328125 0.80255681875 0.7033279218749999 0.7995129875 0.706371753125 0.7995129875 0.724634740625
1 0.85633116875 0.724634740625 0.8634334421875 0.7297077921875 0.8695211031250001 0.7297077921875 0.8786525968750001 0.72260551875 0.8786525968750001 0.7165178578125 0.87459415625 0.7104301953125 0.87459415625 0.7002840906250001 0.8695211031250001 0.69926948125 0.85633116875 0.7104301953125 0.85633116875 0.724634740625
0 0.8137175328125 0.7347808437500001 0.8167613640625 0.7378246749999999 0.8248782468750001 0.7378246749999999 0.8360389609375 0.7266639609375 0.83806818125 0.7185470781250001 0.8360389609375 0.7124594156249999 0.8299512984374999 0.706371753125 0.8198051953125001 0.706371753125 0.8218344156249999 0.724634740625 0.8137175328125 0.7347808437500001
0 0.7670454546875 0.7165178578125 0.7690746749999999 0.7327516234375 0.7761769484375 0.7378246749999999 0.7863230515625 0.7378246749999999 0.79038149375 0.7357954546875 0.7995129875 0.724634740625 0.7995129875 0.7104301953125 0.7964691562499999 0.7053571421875 0.7893668828125 0.7023133109375 0.7802353890625 0.7012987015625 0.7761769484375 0.7033279218749999 0.7670454546875 0.7165178578125
0 0.6737012984375 0.7266639609375 0.6716720781250001 0.7307224031249999 0.6716720781250001 0.7449269484375 0.6767451296875 0.75 0.6808035718750001 0.7520292203125 0.6909496749999999 0.7520292203125 0.6990665578125 0.7479707796875 0.7061688312500001 0.7388392859375 0.7041396109375 0.7266639609375 0.6960227265625 0.7185470781250001 0.686891234375 0.7175324671875 0.6808035718750001 0.7195616890625 0.6737012984375 0.7266639609375
0 0.7081980515625 0.7286931812499999 0.7061688312500001 0.7347808437500001 0.7081980515625 0.7469561687499999 0.7173295453125 0.7540584421875 0.7274756499999999 0.7520292203125 0.7345779218749999 0.7469561687499999 0.7264610390625 0.7368100656250001 0.7264610390625 0.7205762984375 0.719358765625 0.7195616890625 0.7153003250000001 0.7215909093749999 0.7081980515625 0.7286931812499999
0 0.31452922031249997 0.7043425328125 0.3165584421875 0.7124594156249999 0.32366071406249997 0.7195616890625 0.33583603906250004 0.7195616890625 0.33989448125 0.7175324671875 0.346996753125 0.7104301953125 0.34902597343749997 0.7043425328125 0.3429383109375 0.6901379875 0.33989448125 0.6870941562499999 0.33482142812500004 0.6860795453125 0.325689934375 0.6850649343749999 0.3206168828125 0.6901379875 0.31452922031249997 0.7043425328125
0 0.28916396093749996 0.6850649343749999 0.2861201296875 0.688108765625 0.2861201296875 0.6962256499999999 0.299310065625 0.7073863640625 0.30945616875000004 0.7073863640625 0.3165584421875 0.7023133109375 0.31858766250000004 0.6982548703125 0.31858766250000004 0.6921672078125 0.3206168828125 0.6901379875 0.31858766250000004 0.6840503250000001 0.3114853890625 0.6749188312500001 0.3084415578125 0.6739042203125 0.30539772656249997 0.6728896109375 0.29728084374999997 0.6830357140625 0.28916396093749996 0.6850649343749999
0 0.022321428125 0.5075081171875 0.0334821421875 0.5206980515625 0.0456574671875 0.5186688312500001 0.052759740624999996 0.5095373375000001 0.0547889609375 0.49127435 0.050730518749999995 0.47909902656250003 0.046672078125 0.475040584375 0.031452921875 0.47402597343749997 0.022321428125 0.487215909375 0.022321428125 0.5075081171875
0 0.10551948124999999 0.5014204546875 0.10551948124999999 0.5237418828125 0.11160714218750001 0.5359172078125 0.1166801953125 0.540990259375 0.12885551875 0.5450487015625 0.14711850625 0.5389610390625 0.15625 0.5257711031250001 0.15625 0.499391234375 0.15016233750000002 0.487215909375 0.140016234375 0.481128246875 0.12682629843749998 0.48011363593749995 0.1146509734375 0.484172078125 0.10551948124999999 0.5014204546875
0 0.15320616874999998 0.5653409093749999 0.14103084375 0.5714285718750001 0.136972403125 0.5693993500000001 0.13189935 0.5704139609375 0.13189935 0.5785308437500001 0.13595779218749998 0.5866477265625 0.1491477265625 0.5957792203125 0.15929383125000002 0.5957792203125 0.172483765625 0.58461850625 0.1745129875 0.5785308437500001 0.1745129875 0.5643262984375 0.166396103125 0.5480925328125 0.16233766249999998 0.5480925328125 0.1603084421875 0.5562094156249999 0.15320616874999998 0.5653409093749999
0 0.1603084421875 0.60288149375 0.1603084421875 0.6089691562499999 0.1582792203125 0.6109983765625 0.1603084421875 0.62114448125 0.1643668828125 0.6272321421875 0.17146915625 0.6343344156249999 0.17755681875 0.6363636359375 0.18770292187499998 0.6343344156249999 0.1948051953125 0.6272321421875 0.19683441562499998 0.62114448125 0.1948051953125 0.6069399343749999 0.190746753125 0.5988230515625 0.18465909062500002 0.5947646109375 0.169439934375 0.59375 0.16538149375 0.5957792203125 0.1603084421875 0.60288149375
0 0.8421266234375 0.6333198046875 0.8400974031249999 0.6495535718750001 0.8421266234375 0.6515827921875 0.8421266234375 0.6576704546875 0.8512581171875 0.6688311687499999 0.8634334421875 0.6708603890625 0.8776379875 0.6647727265625 0.88676948125 0.6495535718750001 0.8887987015625001 0.6333198046875 0.88676948125 0.6272321421875 0.8796672078125001 0.6181006499999999 0.8705357140625001 0.6150568187500001 0.8614042203125001 0.6140422078125 0.8532873375 0.6181006499999999 0.8421266234375 0.6333198046875
1 0.14711850625 0.5389610390625 0.1390016234375 0.54301948125 0.12885551875 0.5450487015625 0.118709415625 0.540990259375 0.115665584375 0.5420048703125 0.1176948046875 0.5541801953125 0.12682629843749998 0.5653409093749999 0.13291396093750002 0.5693993500000001 0.14103084375 0.5714285718750001 0.15320616874999998 0.5653409093749999 0.1603084421875 0.5562094156249999 0.1643668828125 0.5399756499999999 0.16233766249999998 0.5379464281249999 0.16233766249999998 0.5298295453125 0.1582792203125 0.5237418828125 0.15625 0.5237418828125 0.1521915578125 0.5338879875 0.14711850625 0.5389610390625
1 0.18465909062500002 0.6353490265625 0.18465909062500002 0.6434659093749999 0.1887175328125 0.6515827921875 0.19379058437500002 0.6566558437500001 0.199878246875 0.6586850656250001 0.21205357187499999 0.6566558437500001 0.2171266234375 0.6515827921875 0.21915584375 0.6454951296875 0.21915584375 0.637378246875 0.215097403125 0.6272321421875 0.20698051875 0.62114448125 0.1978490265625 0.6201298703125 0.1948051953125 0.6272321421875 0.18465909062500002 0.6353490265625