0 0.25492334843750003 0.0636792453125 0.26868121093749997 0.06957547187499999 0.279490959375 0.0823506296875 0.2814563671875 0.0921776734375 0.2903007078125 0.093160378125 0.3119202046875 0.081367925 0.32862617968749996 0.06466195 0.33452240624999996 0.05483490625 0.33452240624999996 0.0391116359375 0.332556996875 0.035180817187500005 0.3197818390625 0.02437106875 0.3119202046875 0.02437106875 0.30995479531250003 0.0224056609375 0.2883352984375 0.02437106875 0.28047366406249996 0.0283018875 0.27457743749999997 0.0283018875 0.260819575 0.036163521875 0.2421481921875 0.052869496875 0.2411654875 0.059748428124999996 0.24509630468750002 0.0636792453125 0.25492334843750003 0.0636792453125
0 0.39053655625 0.0676100625 0.3964327828125 0.06957547187499999 0.42001768906250003 0.06957547187499999 0.421983096875 0.0676100625 0.42787932343749996 0.0676100625 0.435740959375 0.0636792453125 0.44655070781250006 0.052869496875 0.44851611562500004 0.0489386796875 0.44851611562500004 0.0371462265625 0.43967177656249995 0.0283018875 0.4318101421875 0.02437106875 0.42001768906250003 0.02437106875 0.4180522796875 0.0224056609375 0.41608687031249997 0.02437106875 0.4062598265625 0.02437106875 0.3964327828125 0.0283018875 0.385623034375 0.0371462265625 0.3816922171875 0.043042453125000005 0.3816922171875 0.0489386796875 0.3797268078125 0.05090408749999999 0.3807095125 0.055817609375 0.39053655625 0.0676100625
0 0.4976513359375 0.07055817656249999 0.49077240624999996 0.061713835937499996 0.48291077031249996 0.057783018750000005 0.47504913593750003 0.057783018750000005 0.47308372656250003 0.055817609375 0.455395046875 0.057783018750000005 0.44065448125 0.0685927671875 0.43475825468749996 0.0823506296875 0.435740959375 0.0852987421875 0.4367236640625 0.0882468546875 0.4494988203125 0.099056603125 0.47308372656250003 0.10102201250000001 0.4848761796875 0.0970911953125 0.495685928125 0.086281446875 0.4976513359375 0.0823506296875 0.4976513359375 0.07055817656249999
0 0.548751965625 0.17079402500000002 0.5448211484375001 0.162932390625 0.53008058125 0.1521226421875 0.5241843546875 0.15015723281249999 0.5045302671874999 0.15015723281249999 0.4966686328125 0.15408805 0.48585888437499997 0.16489779843750002 0.4799626578125 0.17865566093750002 0.48094536093749995 0.1835691828125 0.49077240624999996 0.199292453125 0.51042649375 0.20715408750000003 0.522218946875 0.20715408750000003 0.5379422171875 0.20125786093750003 0.5428557390625001 0.19634433906249998 0.548751965625 0.1865172953125 0.548751965625 0.17079402500000002
0 0.5507173734374999 0.1314858484375 0.5399076265625 0.122641509375 0.5340114 0.1206761 0.5123919031249999 0.1206761 0.508461084375 0.122641509375 0.4976513359375 0.1354166671875 0.498634040625 0.15015723281249999 0.50059945 0.1521226421875 0.5045302671874999 0.15015723281249999 0.5261497640624999 0.15015723281249999 0.5379422171875 0.15605345937499998 0.54383844375 0.1619496859375 0.5526827828124999 0.1531053453125 0.5546481921875 0.14131289375 0.5507173734374999 0.1314858484375
0 0.5349941031250001 0.322130503125 0.54383844375 0.327044025 0.551700078125 0.327044025 0.5595617140625 0.3309748421875 0.565457940625 0.3309748421875 0.5762676890625 0.322130503125 0.58019850625 0.312303459375 0.58019850625 0.2946147796875 0.5762676890625 0.2847877359375 0.565457940625 0.2739779875 0.5536654875 0.2680817609375 0.5379422171875 0.2661163515625 0.5359768078125 0.2680817609375 0.5281151734375 0.2680817609375 0.5182881296875 0.272012578125 0.50747838125 0.2847877359375 0.5064956765625 0.293632075 0.5241843546875 0.305424528125 0.5330286953125001 0.3162342765625 0.5349941031250001 0.322130503125
0 0.6195066828125 0.278891509375 0.6086969343749999 0.2680817609375 0.6008352984374999 0.26415094375 0.585112028125 0.26415094375 0.5792158015625 0.2661163515625 0.5703714625 0.2729952828125 0.5713541671875 0.2798742140625 0.58019850625 0.2926493703125 0.58019850625 0.31033805000000003 0.5890428453125 0.31721698125 0.6008352984374999 0.31721698125 0.6106623421874999 0.3132861640625 0.621472090625 0.30051100625 0.621472090625 0.2828223265625 0.6195066828125 0.278891509375
0 0.64702240625 0.38895440312499996 0.6362126578125 0.3801100625 0.63031643125 0.37814465468749997 0.6145931609375 0.37814465468749997 0.59985259375 0.3909198109375 0.5959217765625 0.4007468546875 0.59690448125 0.41155660312500003 0.59985259375 0.42040094375 0.6106623421874999 0.42924528281249996 0.618523978125 0.4331761 0.6342472484375 0.4331761 0.638178065625 0.4312106921875 0.6509532234375001 0.41647012656250004 0.6509532234375001 0.3968160375 0.64702240625 0.38895440312499996
0 0.6244202046875 0.617924528125 0.63326454375 0.6071147796874999 0.6371953609375 0.5972877359375001 0.6371953609375 0.5756682390625001 0.63326454375 0.571737421875 0.6312991359375 0.5658411953125 0.618523978125 0.555031446875 0.606731525 0.5511006296875001 0.5949390718750001 0.5511006296875001 0.5811812109375001 0.5569968546874999 0.568406053125 0.5697720125 0.5625098265624999 0.581564465625 0.56349253125 0.598270440625 0.568406053125 0.6090801890625 0.5811812109375001 0.6218553453125 0.5910082546875 0.6257861640625 0.6106623421874999 0.6257861640625 0.6244202046875 0.617924528125
0 0.6489878140625 0.77220911875 0.6529186328125001 0.764347484375 0.6529186328125001 0.75255503125 0.6489878140625 0.7427279875 0.640143475 0.7338836484375 0.6342472484375 0.7299528296875 0.6204893874999999 0.727987421875 0.6028007078125001 0.73584905625 0.591990959375 0.7466588046875 0.5880601421875 0.7564858484375 0.5890428453125 0.76926100625 0.5939563671875 0.7781053453125 0.6028007078125001 0.7869496859375 0.6086969343749999 0.78891509375 0.6244202046875 0.78891509375 0.638178065625 0.7830188671875 0.6489878140625 0.77220911875
1 0.5831466187500001 0.488207546875 0.5959217765625 0.475432390625 0.601818003125 0.45774371093750005 0.601818003125 0.4439858484375 0.5939563671875 0.42629717031250003 0.5831466187500001 0.415487421875 0.5693887578125 0.40959119531250004 0.5477692609375 0.40959119531250004 0.53008058125 0.41941823906250003 0.5212362421875001 0.4302279875 0.5212362421875001 0.43415880468749996 0.515340015625 0.44595125781249995 0.5163227203125 0.46265723281250004 0.5232016515625 0.475432390625 0.5359768078125 0.488207546875 0.5497346703125 0.49410377343749995 0.56349253125 0.4960691828125 0.5831466187500001 0.488207546875
1 0.5743022796874999 0.3968160375 0.58019850625 0.38895440312499996 0.5841293234375 0.3791273578125 0.5841293234375 0.3594732703125 0.578233096875 0.345715409375 0.565457940625 0.3329402515625 0.5575963046875 0.32900943437499997 0.5399076265625 0.327044025 0.538924921875 0.3516116359375 0.5369595125 0.35750786093750003 0.529097878125 0.37323113281250003 0.5114091984375 0.38895440312499996 0.5123919031249999 0.393867925 0.5202535375 0.40369496875 0.5281151734375 0.4076257859375 0.5497346703125 0.40959119531250004 0.565457940625 0.40369496875 0.5743022796874999 0.3968160375
1 0.4671875 0.3860062890625 0.47504913593750003 0.38993710625 0.4848761796875 0.38993710625 0.4868415875 0.391902515625 0.5045302671874999 0.38993710625 0.5143573109374999 0.3860062890625 0.529097878125 0.37323113281250003 0.538924921875 0.3516116359375 0.538924921875 0.32999213906249997 0.5310632859375 0.31426886718749997 0.5163227203125 0.2995283015625 0.498634040625 0.293632075 0.47308372656250003 0.295597484375 0.4612912734375 0.3014937109375 0.44655070781250006 0.3162342765625 0.438689071875 0.3398191828125 0.43967177656249995 0.35062893125 0.44458529843749994 0.365369496875 0.455395046875 0.37814465468749997 0.4671875 0.3860062890625
1 0.3020931609375 0.2700471703125 0.3001277515625 0.2680817609375 0.282439071875 0.2700471703125 0.26475039375 0.27594339687499997 0.2588541671875 0.2798742140625 0.25492334843750003 0.2798742140625 0.236251965625 0.2965801890625 0.2303557390625 0.30444182343750004 0.2244595125 0.32016509375 0.2205286953125 0.32409591249999997 0.21659787812500003 0.3358883640625 0.21758058125000002 0.37028301875 0.2205286953125 0.38305817656249996 0.2283903296875 0.3968160375 0.23920007812500002 0.4076257859375 0.252957940625 0.415487421875 0.26475039375 0.41745282968749997 0.2667158015625 0.41941823906250003 0.27457743749999997 0.41941823906250003 0.2765428453125 0.42138364843750004 0.3001277515625 0.42138364843750004 0.3020931609375 0.41941823906250003 0.3138856125 0.41745282968749997 0.33747051875 0.40369496875 0.3482802671875 0.3928852203125 0.36400353750000003 0.365369496875 0.36400353750000003 0.3594732703125 0.365968946875 0.35750786093750003 0.365968946875 0.322130503125 0.36203812968750004 0.31033805000000003 0.35221108437500004 0.2946147796875 0.33747051875 0.2798742140625 0.315851021875 0.2700471703125 0.3020931609375 0.2700471703125
1 0.27752555 0.0784198109375 0.26868121093749997 0.06957547187499999 0.252957940625 0.0636792453125 0.23920007812500002 0.0636792453125 0.23723467031249998 0.0656446546875 0.229373034375 0.0656446546875 0.2234768078125 0.06957547187499999 0.21463246875 0.0803852203125 0.21561517343749997 0.165880503125 0.22151139999999997 0.165880503125 0.24902712187499998 0.15015723281249999 0.265733096875 0.1334512578125 0.2735947328125 0.12165880468750001 0.2814563671875 0.1020047171875 0.2814563671875 0.0882468546875 0.27752555 0.0784198109375
1 0.488806996875 0.0951257859375 0.4701356125 0.1020047171875 0.47111831718749997 0.10888364843750001 0.47701454375 0.1167452828125 0.4868415875 0.1206761 0.51042649375 0.1206761 0.5163227203125 0.11871069218750001 0.525167059375 0.10986635156249999 0.52713246875 0.105935534375 0.52713246875 0.09414308125000001 0.5182881296875 0.08333333281250001 0.50059945 0.07743710625 0.488806996875 0.0951257859375
1 0.48291077031249996 0.0440251578125 0.4671875 0.0440251578125 0.45736045625 0.047955975 0.44851611562500004 0.0568003140625 0.4494988203125 0.061713835937499996 0.455395046875 0.057783018750000005 0.47308372656250003 0.055817609375 0.47504913593750003 0.057783018750000005 0.4868415875 0.059748428124999996 0.498634040625 0.07154088125 0.5015821546875 0.0666273578125 0.49961674531250005 0.05483490625 0.49273781406249995 0.047955975 0.48291077031249996 0.0440251578125
1 0.6941922171875 0.54618710625 0.68338246875 0.53341195 0.6794516515625 0.531446540625 0.6656937890625 0.531446540625 0.6597975625 0.5353773578125 0.6509532234375001 0.54618710625 0.651935928125 0.56289308125 0.65684945 0.571737421875 0.661762971875 0.574685534375 0.6676591984375 0.57665094375 0.681417059375 0.57665094375 0.6892786953125001 0.5707547171875 0.6941922171875 0.5638757859375 0.6961576265625 0.557979559375 0.6941922171875 0.54618710625
1 0.5880601421875 0.937303459375 0.5792158015625 0.92845911875 0.5693887578125 0.9245283015625001 0.5458038515625 0.9264937109375 0.5340114 0.9323899375 0.529097878125 0.937303459375 0.53008058125 0.94221698125 0.5448211484375001 0.9510613203125 0.5507173734374999 0.9608883640625001 0.551700078125 0.9736635218749999 0.5674233484375 0.9736635218749999 0.5792158015625 0.9677672953125 0.59002555 0.9549921390625 0.59002555 0.9412342765625 0.5880601421875 0.937303459375
1 0.5752063671875 1 0.5762676890625 0.9982311328125 0.5762676890625 0.9884040875 0.5743022796874999 0.9844732703125001 0.56349253125 0.9756289312499999 0.551700078125 0.9756289312499999 0.5379422171875 0.9893867921874999 0.5143573109374999 0.997248428125 0.5116057390625001 1 0.5752063671875 1
2 0.654884040625 0.6700078609375 0.654884040625 0.6503537734375 0.6440742921875 0.6356132078125001 0.63031643125 0.62971698125 0.6145931609375 0.62971698125 0.606731525 0.6336477984375 0.5939563671875 0.64642295625 0.59002555 0.658215409375 0.5910082546875 0.6670597484375 0.5939563671875 0.67983490625 0.604766115625 0.6906446546875 0.6126277515624999 0.694575471875 0.63031643125 0.694575471875 0.6440742921875 0.6867138359375 0.6529186328125001 0.6759040875 0.654884040625 0.6700078609375
2 0.628351021875 0.727987421875 0.640143475 0.7319182390625001 0.6539013359375 0.7260220125 0.6627456765625 0.7152122640624999 0.664711084375 0.7093160375 0.664711084375 0.6935927671875 0.6539013359375 0.680817609375 0.64997051875 0.680817609375 0.6440742921875 0.6867138359375 0.63031643125 0.694575471875 0.6126277515624999 0.694575471875 0.6106623421874999 0.6926100625 0.6057488203125 0.6975235843750001 0.6037834125 0.7034198109375 0.604766115625 0.7083333328125 0.6057488203125 0.7152122640624999 0.6126277515624999 0.7260220125 0.61655856875 0.727987421875 0.628351021875 0.727987421875
2 0.642108884375 0.8262578609375 0.64702240625 0.8213443390625 0.6529186328125001 0.8095518875 0.6509532234375001 0.7918632078125001 0.6489878140625 0.787932390625 0.640143475 0.781053459375 0.6362126578125 0.7849842765624999 0.6263856125 0.78891509375 0.604766115625 0.78891509375 0.59985259375 0.7938286156250001 0.6008352984374999 0.7967767296875 0.6126277515624999 0.8007075468749999 0.6234375 0.8115172953125 0.6273683171875 0.8193789312499999 0.628351021875 0.8301886796875 0.6342472484375 0.8301886796875 0.642108884375 0.8262578609375
2 0.5831466187500001 0.8577044031250001 0.585112028125 0.8596698109375 0.6008352984374999 0.8577044031250001 0.6126277515624999 0.8518081765625001 0.621472090625 0.8429638359375 0.6273683171875 0.831171384375 0.6273683171875 0.8193789312499999 0.6234375 0.8115172953125 0.6126277515624999 0.8007075468749999 0.604766115625 0.7967767296875 0.5870774375 0.7967767296875 0.5693887578125 0.8046383640625001 0.5644752359375 0.8095518875 0.558579009375 0.8193789312499999 0.558579009375 0.8252751578125 0.5566136 0.8272405656249999 0.5575963046875 0.8400157234375 0.5674233484375 0.8518081765625001 0.57725039375 0.8577044031250001 0.5831466187500001 0.8577044031250001
2 0.5693887578125 0.9205974843750001 0.575284984375 0.918632075 0.59002555 0.9078223265625001 0.5959217765625 0.8979952828125001 0.5978871859375 0.8862028296875 0.591990959375 0.87244496875 0.5870774375 0.8675314468750001 0.573319575 0.8616352203125001 0.5536654875 0.8616352203125001 0.5379422171875 0.8675314468750001 0.52713246875 0.8783411953125 0.5232016515625 0.8862028296875 0.5241843546875 0.900943396875 0.52713246875 0.9078223265625001 0.54383844375 0.9205974843750001 0.555630896875 0.9205974843750001 0.5575963046875 0.92256289375 0.5693887578125 0.9205974843750001
2 0.6155758640625 0.9097877359375 0.6155758640625 0.903891509375 0.6175412734375 0.9019261000000001 0.6155758640625 0.8999606921875 0.6155758640625 0.89209905625 0.606731525 0.8832547171874999 0.59690448125 0.8812893078125 0.5978871859375 0.8901336484375 0.5939563671875 0.9019261000000001 0.585112028125 0.9127358484375 0.5792158015625 0.9147012578125 0.575284984375 0.918632075 0.5713541671875 0.918632075 0.568406053125 0.9215801890625 0.5693887578125 0.9245283015625001 0.5792158015625 0.92845911875 0.5910082546875 0.92845911875 0.604766115625 0.92256289375 0.6155758640625 0.9097877359375
2 0.5507173734374999 0.9608883640625001 0.5379422171875 0.9461477984375 0.53008058125 0.94221698125 0.5241843546875 0.940251571875 0.5025648578124999 0.940251571875 0.4848761796875 0.9461477984375 0.472101021875 0.95892295625 0.4701356125 0.9648191828125 0.47111831718749997 0.9756289312499999 0.472101021875 0.9805424531250001 0.48094536093749995 0.9893867921874999 0.49470322343750006 0.99528301875 0.5143573109374999 0.997248428125 0.5379422171875 0.9893867921874999 0.5507173734374999 0.9746462265625 0.5507173734374999 0.9608883640625001
2 0.678468946875 0.4911556609375 0.66962460625 0.48034591249999997 0.661762971875 0.47641509375 0.6460397015625 0.47641509375 0.63326454375 0.48722484218749995 0.6293337265625001 0.49705188749999996 0.63031643125 0.5078616359375 0.635229953125 0.5186713843749999 0.6440742921875 0.5255503140625 0.661762971875 0.5275157234375001 0.66962460625 0.52358490625 0.678468946875 0.5108097484375 0.678468946875 0.5029481125 0.6804343546875 0.5009827046875001 0.678468946875 0.4911556609375
2 0.678468946875 0.428262578125 0.671590015625 0.41745282968749997 0.661762971875 0.41155660312500003 0.6539013359375 0.41155660312500003 0.6489878140625 0.42040094375 0.635229953125 0.43219339687499997 0.6342472484375 0.43710691874999996 0.635229953125 0.4439858484375 0.642108884375 0.45283018906250005 0.648005109375 0.45676100625 0.6597975625 0.458726415625 0.66962460625 0.45479559687500004 0.6745381296875 0.449882075 0.678468946875 0.442020440625 0.678468946875 0.428262578125
2 0.6391607703125 0.3162342765625 0.628351021875 0.305424528125 0.6204893874999999 0.30345911875 0.6175412734375 0.3083726421875 0.6106623421874999 0.3132861640625 0.6028007078125001 0.31721698125 0.5929736640625001 0.31721698125 0.59002555 0.32016509375 0.5910082546875 0.3329402515625 0.5939563671875 0.3398191828125 0.606731525 0.35062893125 0.6224547953124999 0.35259433906250004 0.6322818390625 0.348663521875 0.6391607703125 0.341784590625 0.6430915875000001 0.3280267296875 0.6391607703125 0.3162342765625
2 0.6676591984375 0.52358490625 0.6627456765625 0.528498428125 0.66372838125 0.5294811328125 0.681417059375 0.531446540625 0.6922268078125 0.5226022015625 0.6941922171875 0.5186713843749999 0.6941922171875 0.5029481125 0.685347878125 0.4921383640625 0.681417059375 0.49017295625 0.678468946875 0.4911556609375 0.678468946875 0.5108097484375 0.6725727203125 0.5206367921874999 0.6676591984375 0.52358490625
0 0.3205286953125 0 0.30897209062500003 0.009630503125 0.30995479531250003 0.0106132078125 0.3119202046875 0.012578615625000001 0.3335397015625 0.012578615625000001 0.35712460625000003 0.002751571875 0.35987617968749996 0 0.3205286953125 0
0 0.3698997640625 0 0.37677869531249997 0.002751571875 0.392501965625 0.002751571875 0.399656053125 0 0.3698997640625 0
1 0.3057619234375 0 0.3020931609375 0.002751571875 0.2932488203125 0.0115959125 0.294231525 0.012578615625000001 0.3079893875 0.0106132078125 0.321868196875 0 0.3057619234375 0