2 0.4697265625 0.296875 0.462890625 0.3095703125 0.46484375 0.3193359375 0.4755859375 0.328125 0.4921875 0.3271484375 0.49609375 0.3251953125 0.5 0.3173828125 0.5 0.3056640625 0.498046875 0.3017578125 0.4912109375 0.294921875 0.4853515625 0.29296875 0.4775390625 0.29296875 0.4697265625 0.296875
2 0.5078125 0.2939453125 0.5146484375 0.30078125 0.52734375 0.2998046875 0.53515625 0.2939453125 0.537109375 0.2822265625 0.533203125 0.2763671875 0.5263671875 0.271484375 0.5185546875 0.271484375 0.505859375 0.2822265625 0.505859375 0.2880859375 0.5078125 0.2939453125
2 0.25 0.3857421875 0.24609375 0.4033203125 0.248046875 0.4091796875 0.2568359375 0.41796875 0.2607421875 0.419921875 0.27734375 0.4189453125 0.287109375 0.4111328125 0.291015625 0.3994140625 0.291015625 0.3896484375 0.28515625 0.3798828125 0.2763671875 0.373046875 0.2646484375 0.373046875 0.2548828125 0.37890625 0.25 0.3857421875
2 0.13671875 0.4208984375 0.1435546875 0.427734375 0.154296875 0.4267578125 0.162109375 0.4169921875 0.162109375 0.4013671875 0.1552734375 0.39453125 0.1494140625 0.392578125 0.138671875 0.4013671875 0.13671875 0.4130859375 0.134765625 0.4150390625 0.13671875 0.4208984375
2 0.1337890625 0.408203125 0.13671875 0.4072265625 0.13671875 0.4033203125 0.150390625 0.3916015625 0.150390625 0.3876953125 0.1455078125 0.3828125 0.1357421875 0.3828125 0.12890625 0.3916015625 0.12890625 0.4033203125 0.1337890625 0.408203125
2 0.08984375 0.4462890625 0.095703125 0.4365234375 0.095703125 0.4306640625 0.0908203125 0.421875 0.0791015625 0.421875 0.07421875 0.4306640625 0.07421875 0.4404296875 0.0791015625 0.447265625 0.08984375 0.4462890625
2 0.00390625 0.5126953125 0.0068359375 0.515625 0.0107421875 0.517578125 0.015625 0.5166015625 0.021484375 0.5087890625 0.021484375 0.4990234375 0.0146484375 0.48828125 0.0087890625 0.48828125 0.001953125 0.4970703125 0.001953125 0.5048828125 0.00390625 0.5068359375 0.00390625 0.5126953125
2 0.09375 0.4267578125 0.0947265625 0.43359375 0.09765625 0.4326171875 0.099609375 0.4287109375 0.099609375 0.4189453125 0.09765625 0.4150390625 0.0947265625 0.412109375 0.0869140625 0.412109375 0.08203125 0.4189453125 0.0869140625 0.419921875 0.09375 0.4267578125
1 0.16796875 0.4033203125 0.17578125 0.3974609375 0.1796875 0.3876953125 0.1728515625 0.375 0.1591796875 0.375 0.154296875 0.3798828125 0.15234375 0.3916015625 0.1650390625 0.404296875 0.16796875 0.4033203125
1 0.181640625 0.3701171875 0.1787109375 0.3671875 0.1689453125 0.365234375 0.16015625 0.3740234375 0.1748046875 0.376953125 0.177734375 0.3857421875 0.181640625 0.3857421875 0.181640625 0.3701171875
1 0.3779296875 0.3203125 0.390625 0.3193359375 0.3935546875 0.318359375 0.3984375 0.3115234375 0.3984375 0.2998046875 0.3916015625 0.29296875 0.3798828125 0.29296875 0.37109375 0.2998046875 0.369140625 0.3095703125 0.3779296875 0.3203125
1 0.4775390625 0.29296875 0.4853515625 0.29296875 0.4912109375 0.294921875 0.4951171875 0.298828125 0.498046875 0.2978515625 0.501953125 0.2919921875 0.501953125 0.2822265625 0.4951171875 0.275390625 0.4833984375 0.2734375 0.47265625 0.2822265625 0.47265625 0.2919921875 0.4755859375 0.294921875 0.4775390625 0.29296875
1 0.5048828125 0.291015625 0.505859375 0.2900390625 0.5078125 0.2802734375 0.5126953125 0.275390625 0.5205078125 0.2734375 0.5205078125 0.26953125 0.5126953125 0.267578125 0.501953125 0.2763671875 0.501953125 0.2880859375 0.5048828125 0.291015625