0 0.5672442249999999 0.28444719531249996 0.5631188125000001 0.2926980203125 0.5631188125000001 0.3030115515625 0.5672442249999999 0.3112623765625 0.576526403125 0.3184818484375 0.580651815625 0.3205445546875 0.5919966999999999 0.3195132015625 0.6043729375 0.3112623765625 0.60849835 0.3030115515625 0.60849835 0.2926980203125 0.6043729375 0.28444719531249996 0.595090759375 0.2772277234375 0.588902640625 0.2772277234375 0.586839934375 0.2751650171875 0.576526403125 0.2772277234375 0.5672442249999999 0.28444719531249996
0 0.5672442249999999 0.3112623765625 0.5631188125000001 0.3030115515625 0.5631188125000001 0.2926980203125 0.5672442249999999 0.28444719531249996 0.57549505 0.27825907656250004 0.570338284375 0.27310231093750004 0.564150165625 0.2710396046875 0.551773928125 0.27310231093750004 0.5476485156249999 0.2751650171875 0.5404290421875 0.28444719531249996 0.5404290421875 0.2968234328125 0.553836634375 0.3122937296875 0.5672442249999999 0.3112623765625
0 0.576526403125 0.264851484375 0.568275578125 0.264851484375 0.56105610625 0.2700082515625 0.574463696875 0.2772277234375 0.5816831687499999 0.2761963703125 0.586839934375 0.2751650171875 0.5878712875 0.2720709578125 0.576526403125 0.264851484375
0 0.5301155109375 0.2823844890625 0.5301155109375 0.3030115515625 0.5404290421875 0.3030115515625 0.5424917484375 0.3009488453125 0.5404290421875 0.2968234328125 0.5404290421875 0.2865099015625 0.5445544546875001 0.27825907656250004 0.5486798687500001 0.2761963703125 0.5486798687500001 0.2720709578125 0.5435231015624999 0.2669141921875 0.5270214515625 0.2669141921875 0.5228960390624999 0.2689768984375 0.5198019796875 0.2741336640625 0.5301155109375 0.2823844890625
0 0.4929867984375 0.2885726078125 0.4909240921875 0.2906353140625 0.4929867984375 0.2926980203125 0.4929867984375 0.3009488453125 0.49608085781250005 0.3061056109375 0.5063943890625 0.3122937296875 0.5177392734375 0.3112623765625 0.5249587453125 0.3081683171875 0.5301155109375 0.3009488453125 0.5301155109375 0.2926980203125 0.5321782171875 0.2906353140625 0.5301155109375 0.2823844890625 0.5228960390624999 0.2751650171875 0.5043316828125 0.27310231093750004 0.4929867984375 0.2823844890625 0.4929867984375 0.2885726078125
0 0.4909240921875 0.2885726078125 0.4991749171875 0.2761963703125 0.49401815156250006 0.2710396046875 0.48370462031250006 0.2689768984375 0.4702970296875 0.2761963703125 0.47339108906250005 0.2813531359375 0.4816419140625 0.2813531359375 0.4898927390625 0.28960396093749996 0.4909240921875 0.2885726078125
0 0.45379537968749994 0.3133250828125 0.46307755781250004 0.3205445546875 0.4785478546875 0.3195132015625 0.4816419140625 0.3184818484375 0.4909240921875 0.3071369640625 0.4929867984375 0.3009488453125 0.4909240921875 0.2988861390625 0.4909240921875 0.2926980203125 0.4816419140625 0.2813531359375 0.46514026406250003 0.2813531359375 0.4610148515625 0.2834158421875 0.45173267343749995 0.29476072656249996 0.45173267343749995 0.3091996703125 0.45379537968749994 0.3133250828125
0 0.43316831718750004 0.3030115515625 0.4424504953125 0.3122937296875 0.4465759078125 0.3143564359375 0.45173267343749995 0.3133250828125 0.45173267343749995 0.2926980203125 0.46204620468749996 0.2823844890625 0.4589521453125 0.2772277234375 0.4445132015625 0.2772277234375 0.43316831718750004 0.2906353140625 0.43316831718750004 0.3030115515625
0 0.583745875 0.25969471875 0.583745875 0.2535066 0.576526403125 0.248349834375 0.564150165625 0.248349834375 0.55693069375 0.25556930625 0.557962046875 0.260726071875 0.583745875 0.25969471875
0 0.630156765625 0.244224421875 0.6260313531249999 0.246287128125 0.6208745875 0.25556930625 0.6239686468750001 0.260726071875 0.649752475 0.25969471875 0.6476897687500001 0.2493811875 0.640470296875 0.244224421875 0.630156765625 0.244224421875
0 0.6951320125 0.26382013125000003 0.6951320125 0.25556930625 0.685849834375 0.246287128125 0.675536303125 0.246287128125 0.666254125 0.2535066 0.6672854781249999 0.262788778125 0.681724421875 0.262788778125 0.683787128125 0.264851484375 0.6951320125 0.26382013125000003
2 0.8044554453125 0.27825907656250004 0.8044554453125 0.2761963703125 0.7972359734375 0.2710396046875 0.7755775578125 0.2720709578125 0.7766089109375 0.2751650171875 0.7827970296875 0.2772277234375 0.7931105609375 0.2772277234375 0.7951732671875 0.2792904296875 0.8044554453125 0.27825907656250004
2 0.7972359734375 0.260726071875 0.7910478546874999 0.25866336562500003 0.7807343234374999 0.260726071875 0.7755775578125 0.2700082515625 0.7786716171875 0.27310231093750004 0.7931105609375 0.2710396046875 0.7992986796875 0.27310231093750004 0.8003300328125 0.2761963703125 0.8034240921875 0.2792904296875 0.8044554453125 0.27825907656250004 0.8044554453125 0.26794554531250003 0.7972359734375 0.260726071875
2 0.8209570953125 0.28032178281250003 0.8302392734374999 0.2792904296875 0.8353960390624999 0.2761963703125 0.8261138609374999 0.264851484375 0.8158003296875 0.262788778125 0.8065181515625 0.2720709578125 0.8065181515625 0.27825907656250004 0.8096122109375001 0.2813531359375 0.8209570953125 0.28032178281250003
2 0.8539603953125001 0.2885726078125 0.8498350468750001 0.2837013796875 0.842663615625 0.2797878796875 0.8323019796875 0.2772277234375 0.8292079203125 0.2823844890625 0.8364273921875001 0.28754125468749997 0.8446782171875 0.28754125468749997 0.8467409234375 0.28960396093749996 0.8539603953125001 0.2885726078125
2 0.8611798687500001 0.2710396046875 0.8529290421875 0.2710396046875 0.8508663359374999 0.27310231093750004 0.8488036296875 0.27310231093750004 0.8477722765625 0.2741336640625 0.8477722765625 0.2761963703125 0.8508663359374999 0.2792904296875 0.8570544546875001 0.2792904296875 0.8580858078125001 0.28032178281250003 0.8580858078125001 0.2865099015625 0.8591171609374999 0.28754125468749997 0.8714934 0.28754125468749997 0.872524753125 0.2865099015625 0.872524753125 0.2823844890625 0.868399340625 0.27825907656250004 0.868399340625 0.2761963703125 0.8653052812500001 0.27310231093750004 0.8632425749999999 0.27310231093750004 0.8611798687500001 0.2710396046875
2 0.880775578125 0.2968234328125 0.880775578125 0.29476072656249996 0.87355610625 0.28754125468749997 0.8611798687500001 0.28754125468749997 0.8601485156249999 0.2885726078125 0.8601485156249999 0.2906353140625 0.8632425749999999 0.2937293734375 0.8673679875 0.2937293734375 0.86943069375 0.2957920796875 0.8756188125 0.2957920796875 0.87768151875 0.2978547859375 0.8797442249999999 0.2978547859375 0.880775578125 0.2968234328125
2 0.9044966999999999 0.2957920796875 0.9024339937500001 0.2957920796875 0.9003712875 0.2937293734375 0.8921204625 0.2937293734375 0.89005775625 0.2957920796875 0.88799505 0.2957920796875 0.8869636968749999 0.2968234328125 0.8869636968749999 0.2988861390625 0.88799505 0.29991749218749997 0.89005775625 0.29991749218749997 0.8921204625 0.3019801984375 0.89830858125 0.3019801984375 0.9003712875 0.3040429046875 0.9065594062500001 0.3040429046875 0.9086221125 0.3061056109375 0.9106848187500001 0.3061056109375 0.911716171875 0.30507425781249997 0.911716171875 0.3009488453125 0.9086221125 0.2978547859375 0.9065594062500001 0.2978547859375 0.9044966999999999 0.2957920796875