1 0.7002817625 0.5106557375 0.71257684375 0.5106557375 0.7238473359375 0.5014344265624999 0.725896515625 0.48913934374999996 0.7187243859375 0.47581967187499996 0.7105276640625 0.47172131093749997 0.7043801234375 0.47172131093749997 0.6961834015624999 0.47581967187499996 0.6900358609375 0.4819672125 0.6890112703125 0.4993852453125 0.6961834015624999 0.5086065578125 0.7002817625 0.5106557375
0 0.7043801234375 0.45532786875 0.7166752046875 0.45532786875 0.725896515625 0.44815573750000004 0.727945696875 0.44405737656250005 0.727945696875 0.42766393437500005 0.7187243859375 0.41844262343749994 0.7084784843749999 0.4163934421875 0.7023309421875 0.41844262343749994 0.6951588109375 0.4235655734375 0.692085040625 0.43073770468749994 0.6910604515625 0.4379098359375 0.6951588109375 0.44815573750000004 0.7043801234375 0.45532786875
1 0.71257684375 0.371311475 0.7166752046875 0.37336065625 0.7269211062500001 0.37336065625 0.73614241875 0.366188525 0.7381915984375 0.3538934421875 0.7289702874999999 0.34057377031249997 0.7248719265625 0.338524590625 0.714626025 0.338524590625 0.7043801234375 0.3487704921875 0.7033555328125 0.357991803125 0.7054047125 0.36413934375 0.71257684375 0.371311475
1 0.5506915984375 0.21762295156250003 0.5629866796874999 0.22377049218749998 0.5834784843749999 0.225819671875 0.5855276640625 0.22377049218749998 0.5937243859375 0.22377049218749998 0.6019211062500001 0.21967213124999999 0.6131915984375 0.2084016390625 0.6193391390625 0.1961065578125 0.6193391390625 0.17971311406249998 0.615240778125 0.16946721250000002 0.6039702874999999 0.156147540625 0.5834784843749999 0.1459016390625 0.5609375 0.1459016390625 0.5465932375 0.1520491796875 0.5353227453125 0.16331967187500002 0.5301997953125 0.172540984375 0.5291752046875 0.18586065624999998 0.533273565625 0.19815573749999998 0.5506915984375 0.21762295156250003
1 0.53771345625 0 0.532248975 0.0065573765625 0.5312243859375 0.0157786890625 0.538396515625 0.0290983609375 0.5506915984375 0.0352459015625 0.5650358609375 0.03729508125 0.567085040625 0.0393442625 0.5752817625 0.0393442625 0.5773309421875 0.03729508125 0.589626025 0.0352459015625 0.5988473359375 0.026024590625 0.600896515625 0.0198770484375 0.600896515625 0.0137295078125 0.59679815625 0.0055327875 0.5902594078125001 0 0.53771345625 0
1 0.6183145484375 0.11311475468750001 0.6326588109375 0.11926229531250002 0.651101434375 0.11721311406249998 0.658273565625 0.11209016406250001 0.6623719265625 0.10594262343750001 0.6623719265625 0.093647540625 0.651101434375 0.08032786875 0.6408555328125 0.074180328125 0.6265112703125 0.074180328125 0.6203637296875 0.0762295078125 0.6131915984375 0.08135245937499999 0.608068646875 0.088524590625 0.6070440578125 0.093647540625 0.61114241875 0.10594262343750001 0.6183145484375 0.11311475468750001
1 0.6756915984375 0.13770491875 0.6859375 0.13770491875 0.6972079921875001 0.12848360625 0.6972079921875001 0.11823770468749999 0.6951588109375 0.11413934375000001 0.6838883203125 0.102868853125 0.6674948765625001 0.102868853125 0.657248975 0.11311475468750001 0.6562243859375 0.1202868859375 0.665445696875 0.1254098359375 0.6756915984375 0.13770491875
1 0.6961834015624999 0.20532786875000003 0.7023309421875 0.20532786875000003 0.7084784843749999 0.20327868906250002 0.713601434375 0.19815573749999998 0.7156506140625 0.1940573765625 0.7156506140625 0.183811475 0.7043801234375 0.170491803125 0.6838883203125 0.172540984375 0.6797899593750001 0.17663934375 0.6787653687499999 0.189959015625 0.6879866796874999 0.2012295078125 0.6961834015624999 0.20532786875000003
1 0.7105276640625 0.23606557343749998 0.7166752046875 0.23401639375 0.7238473359375 0.2268442625 0.7238473359375 0.2145491796875 0.7166752046875 0.20532786875000003 0.71257684375 0.20327868906250002 0.694134221875 0.20532786875000003 0.6900358609375 0.21147540937499998 0.6890112703125 0.22274590156250001 0.7002817625 0.23401639375 0.7105276640625 0.23606557343749998
0 0.6408555328125 0.1643442625 0.651101434375 0.1684426234375 0.6613473359375 0.1684426234375 0.6695440578125 0.1643442625 0.6787653687499999 0.1530737703125 0.6787653687499999 0.14282786875 0.6746670078125 0.134631146875 0.665445696875 0.1254098359375 0.6551997953125 0.12131147499999999 0.64495389375 0.12131147499999999 0.6326588109375 0.127459015625 0.6265112703125 0.13770491875 0.6254866796874999 0.1448770484375 0.629585040625 0.1530737703125 0.6408555328125 0.1643442625
0 0.7002817625 0.170491803125 0.7054047125 0.16331967187500002 0.7054047125 0.151024590625 0.69823258125 0.141803278125 0.6900358609375 0.13770491875 0.6797899593750001 0.13770491875 0.6767161890625 0.1407786890625 0.6787653687499999 0.14282786875 0.6787653687499999 0.1530737703125 0.67364241875 0.16229508125 0.67364241875 0.16639344218750002 0.6838883203125 0.172540984375 0.7002817625 0.170491803125
0 0.7115522546874999 0.177663934375 0.713601434375 0.18586065624999998 0.7166752046875 0.1868852453125 0.7176997953125 0.1735655734375 0.7084784843749999 0.1643442625 0.7043801234375 0.1643442625 0.7023309421875 0.1684426234375 0.701306353125 0.16946721250000002 0.7043801234375 0.172540984375 0.7115522546874999 0.177663934375