1 0.78253825625 0.464517121875 0.76496013125 0.458657746875 0.75128825625 0.458657746875 0.74933513125 0.460610871875 0.74152263125 0.460610871875 0.72980388125 0.466470246875 0.72101481875 0.473306184375 0.71320231875 0.485024934375 0.70343669375 0.5104155593749999 0.70343669375 0.5318999343749999 0.71320231875 0.5533843093749999 0.72101481875 0.5631499343749999 0.72980388125 0.5699858718749999 0.74542888125 0.5777983718749999 0.76788981875 0.5768218093749999 0.78253825625 0.5699858718749999 0.80304606875 0.5475249343749999 0.80304606875 0.5436186843749999 0.80890544375 0.5358061843749999 0.81085856875 0.5084624343749999 0.80499919375 0.490884309375 0.79718669375 0.479165559375 0.78253825625 0.464517121875
1 0.7886818453125 0.430606759375 0.7886818453125 0.424747384375 0.7828224703125 0.416934884375 0.7681740328125 0.404239571875 0.7584084078125 0.400333321875 0.7466896578125 0.400333321875 0.7447365328125 0.398380196875 0.7427834078125 0.400333321875 0.7349709078125 0.400333321875 0.7252052828125 0.404239571875 0.7125099703125 0.416934884375 0.7027443453125 0.438419259375 0.7027443453125 0.454044259375 0.7105568453125 0.471622384375 0.7173927828125 0.478458321875 0.7203224703125 0.477481759375 0.7271584078125 0.470645821875 0.7505959078125 0.460880196875 0.7701271578125 0.460880196875 0.7857521578125 0.468692696875 0.7886818453125 0.467716134375 0.7925880953125 0.457950509375 0.7925880953125 0.438419259375 0.7886818453125 0.430606759375
1 0.8428054703125 0.42683276875000004 0.8252273453125 0.42683276875000004 0.8076492203125 0.43464526875000004 0.8008132828125 0.44148120625000004 0.7949539078125001 0.45124683125000004 0.7910476578125001 0.46882495625000004 0.8086257828125 0.49421558125000004 0.8125320328125 0.50593433125 0.8144851578125 0.52155933125 0.8252273453125 0.52644214375 0.8418289078125 0.52546558125 0.8525710953125 0.52253589375 0.8613601578125 0.51374683125 0.8672195328125 0.49812183125000004 0.8750320328125 0.49030933125000004 0.8750320328125 0.46491870625000004 0.8711257828125 0.45319995625000004 0.8545242203125 0.43269214375000004 0.8428054703125 0.42683276875000004
1 0.8916255124999999 0.47548622187499995 0.8779536374999999 0.48329872187499995 0.8691645749999999 0.49208778437499995 0.8633051999999999 0.501853409375 0.8633051999999999 0.505759659375 0.8593989499999999 0.511619034375 0.8593989499999999 0.527244034375 0.8574458249999999 0.529197159375 0.8593989499999999 0.533103409375 0.8593989499999999 0.546775284375 0.8672114499999999 0.562400284375 0.8838130124999999 0.579001846875 0.8877192624999999 0.580954971875 0.9082270749999999 0.579978409375 0.9150630124999999 0.579001846875 0.9316645749999999 0.564353409375 0.9414301999999999 0.538962784375 0.9414301999999999 0.513572159375 0.9355708249999999 0.49599403437499995 0.9209223874999999 0.47939247187499995 0.9111567624999999 0.47548622187499995 0.8916255124999999 0.47548622187499995
1 0.7261964796875 0.375745609375 0.7203371046875 0.387464359375 0.7203371046875 0.397229984375 0.7183839796875 0.399183109375 0.7213136671875 0.407972171875 0.7330324171875 0.402112796875 0.7584230421875 0.402112796875 0.7720949171875 0.409925296875 0.7857667921875 0.423597171875 0.7886964796875 0.422620609375 0.7926027296875 0.414808109375 0.7926027296875 0.393323734375 0.7867433546875 0.379651859375 0.7740480421875 0.366956546875 0.7603761671875 0.361097171875 0.7525636671875 0.361097171875 0.7330324171875 0.368909671875 0.7261964796875 0.375745609375
1 0.968021278125 0.47295760781249996 0.958255653125 0.46905135781249996 0.948490028125 0.46905135781249996 0.936771278125 0.47491073281249996 0.929935340625 0.48174667031249996 0.929935340625 0.48565292031249996 0.937747840625 0.49541854531249996 0.937747840625 0.49932479531249996 0.943607215625 0.5110435453125 0.943607215625 0.5403404203125 0.937747840625 0.5540122953125 0.937747840625 0.5637779203125 0.955325965625 0.5637779203125 0.966068153125 0.5608482328125 0.974857215625 0.5520591703125 0.976810340625 0.5461997953125 0.980716590625 0.5422935453125 0.986575965625 0.5266685453125 0.986575965625 0.5051841703125 0.978763465625 0.48565292031249996 0.968021278125 0.47295760781249996
1 0.416015625 0.2744140625 0.41796875 0.2802734375 0.4228515625 0.28515625 0.4267578125 0.287109375 0.4375 0.2861328125 0.447265625 0.2783203125 0.44921875 0.2744140625 0.44921875 0.2646484375 0.4443359375 0.2578125 0.4365234375 0.25390625 0.4287109375 0.25390625 0.416015625 0.2646484375 0.416015625 0.2744140625
0 0.443359375 0.2919921875 0.439453125 0.2998046875 0.44140625 0.3134765625 0.4521484375 0.32421875 0.4580078125 0.326171875 0.47265625 0.3251953125 0.4755859375 0.32421875 0.486328125 0.3115234375 0.48828125 0.2978515625 0.484375 0.2900390625 0.4716796875 0.28125 0.4580078125 0.28125 0.4521484375 0.283203125 0.443359375 0.2919921875
0 0.494140625 0.2802734375 0.4921875 0.2841796875 0.4921875 0.2998046875 0.5009765625 0.310546875 0.5087890625 0.314453125 0.5234375 0.3134765625 0.5263671875 0.3125 0.537109375 0.2998046875 0.537109375 0.2841796875 0.5283203125 0.2734375 0.5185546875 0.26953125 0.5087890625 0.26953125 0.5009765625 0.2734375 0.494140625 0.2802734375
0 0.6271416640624999 0.28924095781250003 0.6183526015624999 0.29998314531250003 0.6163994765624999 0.31756127031250003 0.6203057265624999 0.32537377031250003 0.6310479140624999 0.33611595781250003 0.6427666640624999 0.34002220781250003 0.6456963515624999 0.33904564531250003 0.6544854140624999 0.33806908281250003 0.6671807265624999 0.32732689531250003 0.6691338515624999 0.32342064531250003 0.6691338515624999 0.30584252031250003 0.6564385390624999 0.28924095781250003 0.6486260390624999 0.28533470781250003 0.6349541640624999 0.28533470781250003 0.6271416640624999 0.28924095781250003
0 0.568359375 0.2607421875 0.5810546875 0.271484375 0.591796875 0.2705078125 0.59765625 0.2666015625 0.6015625 0.2587890625 0.599609375 0.2470703125 0.5927734375 0.240234375 0.5771484375 0.240234375 0.5732421875 0.2421875 0.56640625 0.2509765625 0.568359375 0.2607421875
0 0.7138671875 0.25 0.705078125 0.2626953125 0.705078125 0.2705078125 0.70703125 0.2705078125 0.7177734375 0.265625 0.7236328125 0.265625 0.7275390625 0.26171875 0.7333984375 0.259765625 0.734375 0.2548828125 0.7294921875 0.25 0.7236328125 0.248046875 0.7138671875 0.25
0 0.703125 0.2841796875 0.7109375 0.2919921875 0.71484375 0.3056640625 0.7197265625 0.30859375 0.736328125 0.3076171875 0.74609375 0.2958984375 0.74609375 0.2822265625 0.7421875 0.2763671875 0.7255859375 0.265625 0.7177734375 0.265625 0.7099609375 0.26953125 0.703125 0.2802734375 0.703125 0.2841796875
0 0.701171875 0.2607421875 0.703125 0.2607421875 0.7060546875 0.259765625 0.7109375 0.2509765625 0.716796875 0.2470703125 0.7099609375 0.2421875 0.6982421875 0.2421875 0.693359375 0.2451171875 0.69921875 0.2529296875 0.701171875 0.2607421875
1 0.66796875 0.2685546875 0.6767578125 0.27734375 0.693359375 0.2763671875 0.701171875 0.2646484375 0.69921875 0.2529296875 0.6865234375 0.244140625 0.6748046875 0.244140625 0.6708984375 0.24609375 0.666015625 0.2529296875 0.666015625 0.2646484375 0.66796875 0.2685546875
1 0.75390625 0.2548828125 0.7490234375 0.248046875 0.7373046875 0.24609375 0.732421875 0.2490234375 0.732421875 0.2529296875 0.7392578125 0.259765625 0.748046875 0.2587890625 0.75390625 0.2548828125
1 0.7587890625 0.255859375 0.7490234375 0.2578125 0.748046875 0.2587890625 0.759765625 0.2724609375 0.76171875 0.2724609375 0.771484375 0.2666015625 0.7587890625 0.255859375
1 0.724609375 0.2666015625 0.7333984375 0.26953125 0.7421875 0.2763671875 0.74609375 0.2822265625 0.74609375 0.2958984375 0.751953125 0.2958984375 0.755859375 0.2939453125 0.755859375 0.2861328125 0.759765625 0.2763671875 0.7578125 0.2685546875 0.7470703125 0.259765625 0.7333984375 0.259765625 0.7275390625 0.26171875 0.724609375 0.2666015625
0 0.02734375 0.5009765625 0.025390625 0.4833984375 0.029296875 0.4736328125 0.0263671875 0.470703125 0.0185546875 0.470703125 0.013671875 0.4775390625 0.01171875 0.4892578125 0.0185546875 0.501953125 0.02734375 0.5009765625
1 0.0419921875 0.470703125 0.0478515625 0.4765625 0.052734375 0.4755859375 0.056640625 0.4697265625 0.056640625 0.4521484375 0.0498046875 0.4453125 0.0439453125 0.4453125 0.037109375 0.4521484375 0.03515625 0.4677734375 0.0380859375 0.470703125 0.0419921875 0.470703125
1 0.1220703125 0.396484375 0.1328125 0.3955078125 0.13671875 0.3916015625 0.138671875 0.3857421875 0.138671875 0.3740234375 0.1318359375 0.3671875 0.1259765625 0.3671875 0.1171875 0.3759765625 0.115234375 0.3876953125 0.1220703125 0.396484375
0 0.08203125 0.4169921875 0.083984375 0.4091796875 0.0908203125 0.40234375 0.103515625 0.4033203125 0.0966796875 0.396484375 0.0869140625 0.396484375 0.080078125 0.4052734375 0.080078125 0.4169921875 0.08203125 0.4169921875
0 0.2640853015625 0.31959733749999997 0.2689681140625 0.31862077499999997 0.2738509265625 0.31764421249999997 0.2787337390625 0.31276139999999997 0.2806868640625 0.30299577499999997 0.2758040515625 0.29420671249999997 0.2660384265625 0.29225358749999997 0.2552962390625 0.30104264999999997 0.2552962390625 0.31276139999999997 0.2640853015625 0.31959733749999997
1 0.2145606859375 0.320536659375 0.2126075609375 0.318583534375 0.2106544359375 0.320536659375 0.2067481859375 0.320536659375 0.1999122484375 0.327372596875 0.1999122484375 0.329325721875 0.1979591234375 0.331278846875 0.1979591234375 0.339091346875 0.1999122484375 0.341044471875 0.1999122484375 0.342997596875 0.2028419359375 0.345927284375 0.2047950609375 0.345927284375 0.2067481859375 0.347880409375 0.2126075609375 0.347880409375 0.2135841234375 0.346903846875 0.2145606859375 0.345927284375 0.2165138109375 0.345927284375 0.2213966234375 0.341044471875 0.2213966234375 0.339091346875 0.2233497484375 0.337138221875 0.2233497484375 0.325419471875 0.2184669359375 0.320536659375 0.2145606859375 0.320536659375
1 0.2465655375 0.311552475 0.23958841562500002 0.3063812640625 0.23202660156250002 0.307134728125 0.22603113125 0.3126150359375 0.2253863890625 0.3138950390625 0.2248819734375 0.32472986875 0.2278812890625 0.331535059375 0.23546965156250002 0.33401289218749997 0.2428886109375 0.330763896875 0.2467665453125 0.32216923125 0.2465655375 0.311552475
1 0.2413031953125 0.30524948125 0.239948603125 0.30376278125 0.24131773281250002 0.30376278125 0.23857252187500003 0.3028411796875 0.23642148437500002 0.30306051875 0.2339739921875 0.303601596875 0.23152776562500002 0.304810171875 0.22905246093749998 0.306399903125 0.22702089062500003 0.307944125 0.2262573140625 0.3091248875 0.23121993281250003 0.3076552546875 0.236063715625 0.3063613453125 0.2394397625 0.3070655046875 0.24338533281250002 0.308997203125 0.24634609062499999 0.3096419453125 0.2447373953125 0.30686196875 0.243144503125 0.30524948125 0.2413031953125 0.30524948125
0 0.5762657625000001 0.3792199875 0.5567345125000001 0.3792199875 0.5411095125000001 0.3850793625 0.5303673250000001 0.393868425 0.5206017000000001 0.41535279999999997 0.5206017000000001 0.43097779999999997 0.5284142000000001 0.44855592499999997 0.5332970125000001 0.45343873749999997 0.5450157625000001 0.45343873749999997 0.5489220125000001 0.45148561249999997 0.5508751375000001 0.45343873749999997 0.5645470125000001 0.45539186249999997 0.5801720125000001 0.46320436249999997 0.5850548250000001 0.46222779999999997 0.5918907625000001 0.45929811249999997 0.5987267000000001 0.45246217499999997 0.6084923250000001 0.43097779999999997 0.6123985750000001 0.42707154999999997 0.6104454500000001 0.40949342499999997 0.6045860750000001 0.397774675 0.5879845125000001 0.3831262375 0.5762657625000001 0.3792199875