1 0.6065020156250001 0.7207661296875 0.6065020156250001 0.704637096875 0.5984375 0.6864919359375 0.5833165328125001 0.673387096875 0.5732358875 0.6693548390624999 0.5510584671875 0.6693548390624999 0.53291330625 0.6774193546875 0.5177923390625 0.6925403218749999 0.51376008125 0.710685484375 0.5117439515625 0.7127016125 0.5127520156250001 0.72782258125 0.51376008125 0.7348790328125 0.5369455640624999 0.7540322578125 0.5490423390625 0.758064515625 0.5671875 0.758064515625 0.5833165328125001 0.7520161296875 0.5984375 0.738911290625 0.6065020156250001 0.7207661296875
1 0.5540826609375 0.9707661296874999 0.5581149187500001 0.9627016125000001 0.5581149187500001 0.9465725812500001 0.5540826609375 0.9385080640625001 0.540977821875 0.9274193546875 0.524848790625 0.9213709671875 0.5087197578125 0.9213709671875 0.490574596875 0.9274193546875 0.4754536296875 0.9385080640625001 0.4673891125 0.9566532265625 0.46839717812500004 0.96572580625 0.48049395156249997 0.979838709375 0.490574596875 0.9858870968750001 0.5046875 0.9879032265625 0.5067036296875 0.9899193546875 0.5228326609375 0.9899193546875 0.5389616937499999 0.9838709671875 0.5540826609375 0.9707661296874999
1 0.6206149187500001 0.44657258125 0.62666330625 0.43447580625000004 0.62666330625 0.414314515625 0.6206149187500001 0.4022177421875 0.609526209375 0.3911290328125 0.5994455640624999 0.38709677343750004 0.5792842734375 0.38709677343750004 0.5671875 0.39314516093749996 0.5581149187500001 0.4022177421875 0.5520665328125001 0.420362903125 0.5530745968749999 0.4395161296875 0.5540826609375 0.44455645156249995 0.559122984375 0.44959677343750004 0.5772681453125 0.45967741875 0.5833165328125001 0.46169354843750005 0.5994455640624999 0.46169354843750005 0.6054939515625 0.45967741875 0.6206149187500001 0.44657258125
1 0.6730342734375 0.5957661296875 0.6639616937499999 0.5866935484375 0.65791330625 0.58467741875 0.643800403125 0.58467741875 0.6317036296875 0.59072580625 0.6206149187500001 0.6058467734375 0.621622984375 0.6310483875 0.6317036296875 0.6411290328125 0.6417842734375 0.645161290625 0.6538810484375001 0.645161290625 0.6639616937499999 0.6411290328125 0.675050403125 0.6300403218749999 0.6770665328125001 0.6179435484375 0.6790826609375 0.61592741875 0.6770665328125001 0.6038306453125 0.6730342734375 0.5957661296875
1 0.681098790625 0.69052419375 0.6851310484375001 0.6824596781250001 0.6851310484375001 0.6683467734375 0.681098790625 0.6602822578125 0.6740423390625 0.65322580625 0.665977821875 0.6491935484375 0.6518649187500001 0.6491935484375 0.643800403125 0.65322580625 0.6306955640624999 0.664314515625 0.6286794359375001 0.6683467734375 0.6296875 0.6834677421875 0.6337197578125 0.6875 0.6478326609375 0.6854838703125 0.649848790625 0.6875 0.6619455640624999 0.6895161296875 0.6690020156250001 0.698588709375 0.672026209375 0.6995967734375 0.681098790625 0.69052419375
1 0.6377520156250001 0.6854838703125 0.6276713703125 0.6895161296875 0.6145665328125001 0.704637096875 0.612550403125 0.710685484375 0.6135584671875 0.7318548390624999 0.6165826609375 0.7368951609375001 0.6276713703125 0.7459677421875 0.643800403125 0.7459677421875 0.655897178125 0.741935484375 0.6710181453125 0.7247983875 0.6730342734375 0.7086693546875 0.6690020156250001 0.69657258125 0.6639616937499999 0.6915322578125 0.6518649187500001 0.6854838703125 0.6377520156250001 0.6854838703125
1 0.649848790625 0.53427419375 0.6639616937499999 0.5463709671875 0.6800907265625 0.5463709671875 0.684122984375 0.5443548390624999 0.68916330625 0.539314515625 0.6952116937499999 0.5272177421875 0.6931955640624999 0.511088709375 0.6800907265625 0.5 0.6740423390625 0.4979838703125 0.6619455640624999 0.5 0.652872984375 0.5070564515625 0.6488407265625 0.5151209671875 0.649848790625 0.53427419375
1 0.6690020156250001 0.2913306453125 0.6710181453125 0.2792338703125 0.6619455640624999 0.26814516093749996 0.649848790625 0.2661290328125 0.640776209375 0.273185484375 0.63876008125 0.2772177421875 0.6397681453125 0.28629032187500003 0.643800403125 0.292338709375 0.6518649187500001 0.2963709671875 0.6619455640624999 0.2963709671875 0.6690020156250001 0.2913306453125
1 0.5833165328125001 0.1774193546875 0.5893649187500001 0.1854838703125 0.603477821875 0.1895161296875 0.6135584671875 0.1854838703125 0.6165826609375 0.182459678125 0.618598790625 0.17439516093750002 0.6165826609375 0.16834677343749999 0.609526209375 0.161290321875 0.6014616937499999 0.1572580640625 0.59541330625 0.1572580640625 0.5893649187500001 0.15927419375000001 0.5823084671875 0.1663306453125 0.5833165328125001 0.1774193546875
0 0.687147178125 0.460685484375 0.6740423390625 0.44959677343750004 0.65791330625 0.44959677343750004 0.6518649187500001 0.4536290328125 0.6468245968749999 0.460685484375 0.6448084671875 0.4667338703125 0.6458165328125001 0.4818548390625 0.6468245968749999 0.4848790328125 0.65791330625 0.49395161249999997 0.6639616937499999 0.4959677421875 0.6800907265625 0.49395161249999997 0.68916330625 0.482862903125 0.68916330625 0.476814515625 0.6911794359375001 0.47479838750000003 0.68916330625 0.4647177421875 0.687147178125 0.460685484375
0 0.6881552421875 0.44959677343750004 0.6821068546875 0.451612903125 0.6821068546875 0.4536290328125 0.68916330625 0.4647177421875 0.68916330625 0.4707661296875 0.6911794359375001 0.4727822578125 0.68916330625 0.482862903125 0.6921875 0.485887096875 0.7022681453125 0.4838709671875 0.7113407265625 0.4727822578125 0.7113407265625 0.46270161249999997 0.7073084671875 0.454637096875 0.6982358875 0.44959677343750004 0.6881552421875 0.44959677343750004
0 0.7022681453125 0.451612903125 0.706300403125 0.4556451609375 0.7103326609375 0.4556451609375 0.7133568546875 0.4526209671875 0.7133568546875 0.44052419374999996 0.7083165328125001 0.4354838703125 0.7073084671875 0.442540321875 0.703276209375 0.44657258125 0.7022681453125 0.451612903125
0 0.7234375 0.5050403218749999 0.7163810484375001 0.4959677421875 0.7133568546875 0.5131048390624999 0.706300403125 0.520161290625 0.7022681453125 0.520161290625 0.6992439515625 0.523185484375 0.7002520156250001 0.5262096781250001 0.7022681453125 0.52822580625 0.7103326609375 0.52822580625 0.7234375 0.517137096875 0.7234375 0.5050403218749999
1 0.6800907265625 0.4979838703125 0.681098790625 0.5010080640625 0.6931955640624999 0.511088709375 0.6962197578125 0.52217741875 0.7022681453125 0.52217741875 0.715372984375 0.5131048390624999 0.715372984375 0.49697580625000004 0.7093245968749999 0.48891129062500005 0.7042842734375 0.485887096875 0.6921875 0.485887096875 0.6881552421875 0.48790322656249996 0.6790826609375 0.49697580625000004 0.6800907265625 0.4979838703125
1 0.7073084671875 0.442540321875 0.7052923390625 0.42641129062500005 0.6982358875 0.4193548390625 0.684122984375 0.4193548390625 0.6800907265625 0.4213709671875 0.675050403125 0.42842741875 0.6740423390625 0.4375 0.675050403125 0.442540321875 0.6800907265625 0.44959677343750004 0.7022681453125 0.44959677343750004 0.7073084671875 0.442540321875
1 0.7052923390625 0.40625 0.70126008125 0.3961693546875 0.6962197578125 0.3911290328125 0.6821068546875 0.389112903125 0.675050403125 0.39415322656249996 0.6710181453125 0.4022177421875 0.672026209375 0.40927419374999996 0.675050403125 0.4163306453125 0.6800907265625 0.4193548390625 0.6982358875 0.4193548390625 0.7052923390625 0.40625
0 0.6115423390625 0.229838709375 0.6256552421875 0.2318548390625 0.6367439515625 0.2247983875 0.6367439515625 0.21068548437499998 0.6276713703125 0.20161290312500002 0.6155745968749999 0.19959677343749999 0.609526209375 0.20161290312500002 0.6044858875 0.2066532265625 0.6024697578125 0.21068548437499998 0.603477821875 0.22177419375000001 0.6044858875 0.2247983875 0.6115423390625 0.229838709375