2 0.153125 0.4578125 0.05 0.0421875
2 0.31875 0.4546875 0.05 0.0515625
2 0.503125 0.44375 0.0453125 0.04375
2 0.709375 0.434375 0.05 0.04375
1 0.3296875 0.4953125 0.0421875 0.040625
1 0.696875 0.48125 0.05 0.0421875
1 0.146875 0.503125 0.0484375 0.0421875
2 0.13313492031250002 0.5371753078125 0.1261904765625 0.5401514984375 0.1242063484375 0.5500721328125 0.1261904765625 0.5560245140625 0.137103175 0.5669372125 0.141071428125 0.5689213390625001 0.15694444375 0.5689213390625001 0.162896825 0.5669372125 0.171825396875 0.55999276875 0.1757936515625 0.5540403875 0.177777778125 0.5401514984375 0.16984127031250001 0.5341991171875 0.171825396875 0.532214990625 0.1668650796875 0.5272546734375 0.16388888906250001 0.526262609375 0.1390873015625 0.5272546734375 0.13412698437499998 0.5302308640625 0.13313492031250002 0.5371753078125
3 0.15 0.4890625 0.084375 0.1234375
3 0.321875 0.478125 0.0734375 0.121875
3 0.5078125 0.475 0.0734375 0.1171875
3 0.7015625 0.4625 0.0703125 0.1265625