2 0.5759803921875 0.71949550625 0.571895425 0.7235804734375 0.571895425 0.7358353765625 0.5780228765625 0.7460477937500001 0.58517156875 0.751154003125 0.6015114374999999 0.7531964875 0.6076388890625 0.751154003125 0.6178513078125001 0.7450265515625001 0.622957515625 0.737877859375 0.625 0.7235804734375 0.622957515625 0.7174530234375001 0.6158088234375 0.7103043296875 0.60866013125 0.7072406046874999 0.5892565359375 0.7062193625 0.5780228765625 0.71336805625 0.5759803921875 0.71949550625
2 0.47283496718749995 0.63677491875 0.46262254843750006 0.64290236875 0.45547385625 0.6500510625 0.44934640468750003 0.6643484484375 0.44934640468750003 0.674560865625 0.453431371875 0.68681576875 0.466707515625 0.7000919125 0.47487745156249994 0.7041768796875 0.49734477187500004 0.7041768796875 0.5014297390625 0.7021343953125 0.516748365625 0.6888582515625 0.5228758171875 0.674560865625 0.5228758171875 0.66639093125 0.516748365625 0.6500510625 0.5095996734375 0.64290236875 0.49734477187500004 0.63677491875 0.490196078125 0.6357536765625 0.48100490156250003 0.634732434375 0.47896241875 0.63677491875 0.47283496718749995 0.63677491875
2 0.06535947656249999 0.4662275328125 0.06331699375 0.47848243437500004 0.061274509374999994 0.48052491875000003 0.06331699375 0.498907271875 0.06944444375 0.5111621734375 0.0827205875 0.5223958328125 0.0970179734375 0.5223958328125 0.101102940625 0.5203533499999999 0.1102941171875 0.5111621734375 0.11642156875000001 0.498907271875 0.11642156875000001 0.472354984375 0.1102941171875 0.46010008124999996 0.098039215625 0.4498876640625 0.0827205875 0.44886642187500003 0.074550653125 0.4529513890625 0.06535947656249999 0.4662275328125
2 0.044934640625 0.5438419125 0.044934640625 0.5601817812500001 0.0490196078125 0.568351715625 0.058210784375000005 0.5755004078125 0.0643382359375 0.5755004078125 0.0735294125 0.56630923125 0.0735294125 0.5458843953125 0.0674019609375 0.5356719765625 0.06331699375 0.53362949375 0.0541258171875 0.5326082515625 0.050040850000000005 0.5346507359375 0.044934640625 0.5438419125
2 0.0224673203125 0.5642667484375 0.0296160125 0.573457925 0.0377859484375 0.573457925 0.044934640625 0.5642667484375 0.04289215625 0.5520118468749999 0.034722221875 0.541799428125 0.027573529687499997 0.5407781859375 0.0224673203125 0.5458843953125 0.0224673203125 0.5642667484375
2 0.034722221875 0.5806066171875 0.039828431250000004 0.5877553109375 0.047998365625 0.5897977937500001 0.055147059374999995 0.5806066171875 0.055147059374999995 0.5744791671875 0.044934640625 0.5642667484375 0.04289215625 0.5642667484375 0.034722221875 0.5744791671875 0.034722221875 0.5806066171875
2 0.0735294125 0.6071589046875 0.0827205875 0.618392565625 0.0888480390625 0.6204350484375001 0.0919117640625 0.6153288406249999 0.087826796875 0.611243871875 0.0837418296875 0.6010314546875 0.0857843140625 0.58673406875 0.0806781046875 0.5857128265625 0.0735294125 0.5928615203125001 0.0735294125 0.6071589046875
1 0.10620915 0.6194138078125 0.10620915 0.629626225 0.108251634375 0.6337111921874999 0.121527778125 0.6408598859375 0.12765522812500002 0.6388174015625 0.1327614375 0.631668709375 0.1327614375 0.6173713234375 0.1256127453125 0.608180146875 0.12254902031249999 0.6071589046875 0.11335784374999999 0.6061376640625 0.1123366015625 0.6132863562499999 0.10620915 0.6194138078125
1 0.0837418296875 0.5928615203125001 0.0857843140625 0.6092013890625 0.09293300625 0.618392565625 0.0970179734375 0.6204350484375001 0.10518790781250001 0.6204350484375001 0.1123366015625 0.6132863562499999 0.1123366015625 0.5928615203125001 0.10518790781250001 0.5836703437499999 0.10212418281249999 0.5826491015624999 0.094975490625 0.581627859375 0.0888480390625 0.5836703437499999 0.0837418296875 0.5928615203125001
1 0.35539215625 0.7051981203125 0.357434640625 0.721537990625 0.3666258171875 0.7307291671875 0.3768382359375 0.734814134375 0.3850081703125 0.734814134375 0.3931781046875 0.7307291671875 0.40032679687500006 0.721537990625 0.40032679687500006 0.7051981203125 0.3962418296875 0.6970281859375 0.3890931375 0.6919219765625 0.383986928125 0.6909007359375 0.37275326875000003 0.68987949375 0.3645833328125 0.6939644609375 0.35539215625 0.7051981203125
1 0.516748365625 0.7256229578125 0.516748365625 0.7399203437499999 0.51879085 0.7440053109375 0.5259395421875 0.751154003125 0.5341094765625 0.7552389703125 0.550449346875 0.7552389703125 0.5545343140625 0.7531964875 0.563725490625 0.7440053109375 0.5678104578125 0.7337928921875 0.5657679734375 0.7235804734375 0.5596405234375 0.71336805625 0.5565767968750001 0.7103043296875 0.5494281046875 0.7092830875 0.5381944437499999 0.7082618468749999 0.5259395421875 0.7143892968750001 0.516748365625 0.7256229578125
1 0.5759803921875 0.754217728125 0.5810866015625 0.7593239374999999 0.5912990203125 0.7634089046875 0.5994689546874999 0.7634089046875 0.609681371875 0.7593239374999999 0.6188725484375001 0.7480902781250001 0.6178513078125001 0.7450265515625001 0.6158088234375 0.7450265515625001 0.6076388890625 0.751154003125 0.593341503125 0.7531964875 0.583129084375 0.7491115203125001 0.5739379078125 0.7399203437499999 0.571895425 0.7399203437499999 0.571895425 0.7460477937500001 0.5759803921875 0.754217728125