2 0.6245980703125 0.3133038578125 0.617564309375 0.306270096875 0.6095257234375 0.302250803125 0.59143890625 0.302250803125 0.5803858515625 0.3112942125 0.576366559375 0.319332796875 0.5773713828125 0.3323954984375 0.5803858515625 0.3394292609375 0.5854099671874999 0.3444533765625 0.5954582 0.350482315625 0.6075160765625001 0.3524919609375 0.617564309375 0.34847266875 0.6266077171875 0.3394292609375 0.6286173640625 0.3354099671875 0.6286173640625 0.32134244375 0.6245980703125 0.3133038578125
2 0.6698151125 0.3987138265625 0.6758440515624999 0.3987138265625 0.6838826359375 0.394694534375 0.688906753125 0.387660771875 0.688906753125 0.377612540625 0.68689710625 0.373593246875 0.6758440515624999 0.3645498390625 0.6637861734375 0.3645498390625 0.65273311875 0.373593246875 0.6537379421875 0.380627009375 0.6567524109375 0.38967041875 0.6698151125 0.3987138265625
2 0.7059887453125 0.4750803859375 0.6999598078125 0.4770900328125 0.6929260453125 0.48412379375 0.69393086875 0.49718649531250003 0.6999598078125 0.503215434375 0.7079983921874999 0.5052250796875 0.7145862125 0.5015781703125 0.719051446875 0.494172025 0.719051446875 0.4801045015625 0.7059887453125 0.4750803859375
2 0.716036978125 0.5052250796875 0.722065915625 0.503215434375 0.7270900328125001 0.494172025 0.7270900328125001 0.4901527328125 0.722065915625 0.481109325 0.719051446875 0.48211414843749995 0.719051446875 0.494172025 0.7150321546875 0.49819131875 0.716036978125 0.5052250796875
2 0.71402733125 0.5052250796875 0.7039791 0.5072347265625 0.6969453375 0.516278134375 0.6979501609375001 0.5293408359375 0.7100080390625 0.537379421875 0.7180466234375 0.535369775 0.7250803859375 0.5263263671875 0.7250803859375 0.516278134375 0.7230707390625 0.5122588421875001 0.71402733125 0.5052250796875
2 0.7079983921874999 0.57958199375 0.71402733125 0.5856109328125 0.726085209375 0.5856109328125 0.7331189703125001 0.5785771703125 0.7351286171875 0.5685289390625 0.7280948546875 0.55948553125 0.7180466234375 0.557475884375 0.70699356875 0.5665192921875 0.7079983921874999 0.57958199375
2 0.7371382640624999 0.703175240625 0.7351286171875 0.6971463015625 0.7301045015625001 0.6921221859375 0.7200562703125 0.6921221859375 0.716036978125 0.6941318328125 0.7110128625 0.7011655953125 0.712017684375 0.71221865 0.7200562703125 0.7182475890625 0.7280948546875 0.7162379421875 0.7351286171875 0.7092041796874999 0.7371382640624999 0.703175240625
1 0.6778536984375 0.45699356875 0.689911575 0.46101286249999995 0.6959405140625 0.459003215625 0.7029742765625 0.451969453125 0.7049839234374999 0.4479501609375 0.7049839234374999 0.43790192968749997 0.69393086875 0.424839228125 0.681872990625 0.424839228125 0.6688102890625001 0.43589228281250003 0.6698151125 0.44493569062500005 0.6708199359375 0.44995980781249995 0.6778536984375 0.45699356875
1 0.7371382640624999 0.5966639875 0.7351286171875 0.58661575625 0.7301045015625001 0.5836012859374999 0.726085209375 0.5856109328125 0.71402733125 0.5856109328125 0.7110128625 0.5886254015625 0.712017684375 0.6036977484375 0.7200562703125 0.6097266875 0.7301045015625001 0.6077170421875 0.7351286171875 0.6026929265625001 0.7371382640624999 0.5966639875
1 0.7059887453125 0.8046623796875 0.7009646296875001 0.8096864953124999 0.698954984375 0.8157154343749999 0.6999598078125 0.8207395500000001 0.7059887453125 0.8267684890625 0.71402733125 0.8267684890625 0.7250803859375 0.8177250796875001 0.7250803859375 0.8096864953124999 0.7180466234375 0.8026527328125 0.7059887453125 0.8046623796875
1 0.6979501609375001 0.875 0.689911575 0.8790192921875001 0.68689710625 0.8860530546875 0.6879019296875 0.8950964625 0.691921221875 0.89911575625 0.7073778671875 0.8912614218750001 0.7110128625 0.8840434078125 0.709003215625 0.87801446875 0.7039791 0.875 0.6979501609375001 0.875
2 0.6637861734375 0.921221865625 0.6698151125 0.9252411578125 0.67986334375 0.9252411578125 0.6909163984375 0.9161977484375001 0.6909163984375 0.9081591640625 0.6838826359375 0.9011254015624999 0.671824759375 0.9031350484375 0.66278135 0.91217845625 0.6637861734375 0.921221865625
2 0.7029742765625 0.902130225 0.6959405140625 0.897106109375 0.6858922828125 0.89911575625 0.6858922828125 0.9031350484375 0.6909163984375 0.9101688109375001 0.688906753125 0.914188103125 0.691921221875 0.917202571875 0.6979501609375001 0.9151929265625001 0.7029742765625 0.9101688109375001 0.7029742765625 0.902130225
1 0.709003215625 0.894091640625 0.7079983921874999 0.8930868171874999 0.7039791 0.8930868171874999 0.701969453125 0.8950964625 0.6999598078125 0.8950964625 0.6969453375 0.8981109328124999 0.6979501609375001 0.89911575625 0.701969453125 0.9031350484375 0.7059887453125 0.9031350484375 0.709003215625 0.900120578125 0.709003215625 0.894091640625
1 0.5924437296875 0.1887057875 0.590434084375 0.1846864953125 0.583400321875 0.1776527328125 0.5753617359375001 0.173633440625 0.5612942125 0.173633440625 0.5502411578124999 0.1826768484375 0.55124598125 0.18569131875 0.5753617359375001 0.2118167203125 0.5854099671874999 0.2098070734375 0.5924437296875 0.20076366562499998 0.5924437296875 0.1887057875