1 0.6365079359375 0.652976190625 0.647420634375 0.6599206343749999 0.659325396875 0.6599206343749999 0.6672619046875 0.65595238125 0.6761904765625 0.64305555625 0.6761904765625 0.6291666671875 0.6692460312499999 0.6202380953125 0.659325396875 0.616269840625 0.647420634375 0.61825396875 0.6414682546875 0.622222221875 0.6365079359375 0.6271825390625 0.6335317453125 0.634126984375 0.6325396828125001 0.64305555625 0.6365079359375 0.6490079359375 0.6365079359375 0.652976190625
0 0.650396825 0.5894841265624999 0.6613095234374999 0.5984126984375 0.6751984125 0.5984126984375 0.6791666671875001 0.596428571875 0.6861111109375 0.5894841265624999 0.690079365625 0.5795634921875 0.6880952375 0.565674603125 0.6771825390624999 0.55674603125 0.6613095234374999 0.55674603125 0.650396825 0.565674603125 0.647420634375 0.574603175 0.646428571875 0.5795634921875 0.650396825 0.5855158734375 0.650396825 0.5894841265624999
0 0.6890873015625 0.515079365625 0.7009920640625 0.515079365625 0.7119047625 0.50615079375 0.7138888890625 0.49424603125 0.7119047625 0.48829365156250004 0.7049603171875 0.47936507968750003 0.7009920640625 0.47738095312500006 0.691071428125 0.47738095312500006 0.6831349203125 0.48134920625 0.6771825390624999 0.4892857140625 0.6761904765625 0.5021825390625 0.6851190468749999 0.5130952375 0.6890873015625 0.515079365625
1 0.7049603171875 0.3642857140625 0.7109126984375 0.3623015875 0.7198412703125 0.353373015625 0.7198412703125 0.33948412656250004 0.7109126984375 0.328571428125 0.70694444375 0.3265873015625 0.6950396828125001 0.3265873015625 0.6861111109375 0.3335317453125 0.6851190468749999 0.3365079359375 0.684126984375 0.34940476249999997 0.6950396828125001 0.3623015875 0.7049603171875 0.3642857140625
1 0.69305555625 0.3265873015625 0.702976190625 0.3265873015625 0.7158730156249999 0.315674603125 0.7158730156249999 0.3017857140625 0.70694444375 0.290873015625 0.702976190625 0.2888888890625 0.6871031750000001 0.2888888890625 0.6791666671875001 0.296825396875 0.678174603125 0.31369047656250004 0.6890873015625 0.324603175 0.69305555625 0.3265873015625
1 0.68115079375 0.2492063484375 0.6950396828125001 0.2492063484375 0.6990079359375 0.24722222187499998 0.70595238125 0.23630952343749997 0.7039682546875 0.222420634375 0.6950396828125001 0.2134920640625 0.6890873015625 0.2115079359375 0.6791666671875001 0.2115079359375 0.6751984125 0.2134920640625 0.6761904765625 0.2382936515625 0.6742063484374999 0.24424603125000002 0.68115079375 0.2492063484375
1 0.6335317453125 0.197619046875 0.64345238125 0.199603175 0.6454365078125 0.197619046875 0.6533730156249999 0.197619046875 0.6642857140625 0.1886904765625 0.6662698406249999 0.184722221875 0.6662698406249999 0.16884920625 0.6623015875 0.1609126984375 0.6513888890625 0.1519841265625 0.6295634921875 0.15 0.6236111109375 0.1519841265625 0.6136904765625 0.16388888906250001 0.6126984125 0.17678571406250002 0.6166666671875001 0.1867063484375 0.6335317453125 0.197619046875
0 0.64345238125 0.253174603125 0.6613095234374999 0.253174603125 0.6742063484374999 0.2422619046875 0.6761904765625 0.2382936515625 0.6761904765625 0.222420634375 0.6742063484374999 0.21845238125000002 0.665277778125 0.20753968281250001 0.6573412703125 0.203571428125 0.6394841265625 0.203571428125 0.6265873015625 0.2125 0.6236111109375 0.21944444375 0.6226190468749999 0.22837301562499998 0.6265873015625 0.2382936515625 0.64345238125 0.253174603125
0 0.6871031750000001 0.2888888890625 0.697023809375 0.2888888890625 0.7049603171875 0.28492063437500004 0.709920634375 0.277976190625 0.709920634375 0.2640873015625 0.7009920640625 0.253174603125 0.697023809375 0.25119047656250004 0.68115079375 0.25119047656250004 0.6742063484374999 0.25615079375 0.6712301593750001 0.2611111109375 0.6702380953125 0.2700396828125 0.672222221875 0.2759920640625 0.6871031750000001 0.2888888890625
0 0.70694444375 0.253174603125 0.7138888890625 0.2482142859375 0.7158730156249999 0.24424603125000002 0.7158730156249999 0.234325396875 0.70694444375 0.2234126984375 0.7039682546875 0.2244047625 0.70595238125 0.23630952343749997 0.7019841265625 0.24424603125000002 0.6950396828125001 0.2492063484375 0.6950396828125001 0.25119047656250004 0.7009920640625 0.253174603125 0.70694444375 0.253174603125
1 0.502579365625 0.21944444375 0.5263888890625 0.23134920625 0.5482142859375 0.23134920625 0.5601190468749999 0.227380953125 0.5789682546875 0.21051587343749997 0.584920634375 0.19662698437499998 0.5829365078125 0.17480158750000002 0.5710317453125 0.158928571875 0.566071428125 0.1539682546875 0.5422619046875 0.14404761875 0.5204365078125 0.14404761875 0.50654761875 0.15 0.4916666671875 0.164880953125 0.48670634843749994 0.1738095234375 0.4857142859375 0.1926587296875 0.4896825390625 0.2045634921875 0.502579365625 0.21944444375
1 0.5521825390624999 0.078571428125 0.566071428125 0.08452380937500001 0.59384920625 0.08452380937500001 0.6067460312499999 0.0736111109375 0.6087301593750001 0.0696428578125 0.6087301593750001 0.05575396875000001 0.6067460312499999 0.0517857140625 0.5958333328125 0.040873015624999995 0.58194444375 0.034920634374999995 0.5621031750000001 0.034920634374999995 0.55615079375 0.0369047625 0.5422619046875 0.052777778124999994 0.5412698406249999 0.0577380953125 0.547222221875 0.0736111109375 0.5521825390624999 0.078571428125
1 0.5452380953125 0.027976190625 0.5521825390624999 0.0388888890625 0.5621031750000001 0.034920634374999995 0.58194444375 0.034920634374999995 0.5978174609375 0.040873015624999995 0.6047619046875 0.03194444375 0.6047619046875 0.0200396828125 0.583928571875 0.003174603125 0.5700396828125001 0.003174603125 0.5581349203125 0.009126984375 0.5501984125 0.009126984375 0.5452380953125 0.012103174999999999 0.5442460312499999 0.015079365624999999 0.54325396875 0.0200396828125 0.5452380953125 0.022023809375 0.5452380953125 0.027976190625
1 0.51924603125 0 0.522420634375 0.003174603125 0.5363095234374999 0.009126984375 0.55615079375 0.009126984375 0.5581349203125 0.0071428578125 0.5640873015625 0.0071428578125 0.5730158734375 0.00019841250000000003 0.5731150796875 0 0.51924603125 0