0 0.6583466453125 0.3426517578125 0.6523562296875001 0.34065495156250003 0.6303913734375 0.34065495156250003 0.61841054375 0.3466453671875 0.605431309375 0.36162140625 0.6034345046875 0.365615015625 0.6034345046875 0.3895766765625 0.611421725 0.40555111874999994 0.6244009578124999 0.41653354687500005 0.6323881796874999 0.42052715625000003 0.6473642171875 0.421525559375 0.6543530343749999 0.42052715625000003 0.671325878125 0.41154153281249994 0.67731629375 0.4035543125 0.683306709375 0.387579871875 0.683306709375 0.3736022359375 0.67731629375 0.35962459999999996 0.6583466453125 0.3426517578125
0 0.5764776359375 0.3146964859375 0.5625 0.32268370625 0.5575079875 0.32967252343750003 0.5535143765625 0.33765974375 0.5535143765625 0.35363418593749996 0.5595047921875 0.365615015625 0.57448083125 0.3785942484375 0.5804712453125 0.3805910546875 0.5954472843749999 0.3795926515625 0.6014377 0.3755990421875 0.605431309375 0.36162140625 0.6214057515625 0.343650159375 0.6214057515625 0.33965655 0.6134185296875 0.3256789140625 0.6024361015624999 0.316693290625 0.5964456874999999 0.3146964859375 0.5764776359375 0.3146964859375
0 0.5375399359374999 0.3736022359375 0.5435303515625 0.3636182109375 0.54552715625 0.3416533546875 0.541533546875 0.33765974375 0.539536740625 0.3316693296875 0.5305511187499999 0.32268370625 0.5205670921875 0.3186900953125 0.502595846875 0.3186900953125 0.49660543125 0.3206869015625 0.48761980781250003 0.32767571875 0.4836261984375 0.33765974375 0.4796325875 0.3416533546875 0.4796325875 0.349640575 0.48162939375 0.3516373796875 0.48162939375 0.35962459999999996 0.485623003125 0.37160543125 0.49460862656250004 0.3805910546875 0.502595846875 0.3845846640625 0.5085862624999999 0.3845846640625 0.5105830671875 0.3865814703125 0.5155750796875 0.3855830671875 0.5305511187499999 0.3805910546875 0.5375399359374999 0.3736022359375
0 0.4566693296875 0.33266773125000004 0.44269169374999995 0.33266773125000004 0.4406948875 0.3346645375 0.4327076671875 0.3346645375 0.41773162968750005 0.3476437703125 0.4117412140625 0.35962459999999996 0.4117412140625 0.377595846875 0.41773162968750005 0.3895766765625 0.424720446875 0.3965654953125 0.4406948875 0.40455271562500006 0.451677315625 0.4035543125 0.46665335468749997 0.3985623 0.475638978125 0.3895766765625 0.48162939375 0.3755990421875 0.48162939375 0.35962459999999996 0.475638978125 0.34564696562499997 0.468650159375 0.338658146875 0.4566693296875 0.33266773125000004
0 0.46665335468749997 0.3366613421875 0.474640575 0.34464856250000003 0.47763578281249996 0.343650159375 0.48761980781250003 0.3256789140625 0.48063099062500003 0.3186900953125 0.4726437703125 0.3146964859375 0.46665335468749997 0.3146964859375 0.46465655000000006 0.31269968125 0.45267571875 0.3146964859375 0.44269169374999995 0.3206869015625 0.4337060703125 0.3316693296875 0.4347044734375 0.3346645375 0.4566693296875 0.33266773125000004 0.46665335468749997 0.3366613421875
0 0.49660543125 0.3206869015625 0.502595846875 0.3186900953125 0.5225638984375001 0.3186900953125 0.5305511187499999 0.32268370625 0.539536740625 0.3316693296875 0.54552715625 0.34564696562499997 0.5475239609375 0.34564696562499997 0.5515175718750001 0.33965655 0.5515175718750001 0.3256789140625 0.54552715625 0.3136980828125 0.5385383390625 0.306709265625 0.5305511187499999 0.3027156546875 0.5145766765625 0.3027156546875 0.502595846875 0.3087060703125 0.49560702812499996 0.31569488749999997 0.49660543125 0.3206869015625
0 0.5575079875 0.3037140578125 0.5495207671875 0.31769169375 0.5515175718750001 0.32967252343750003 0.5535143765625 0.333666134375 0.5555111828125 0.333666134375 0.5625 0.32268370625 0.5764776359375 0.3146964859375 0.5964456874999999 0.3146964859375 0.6024361015624999 0.316693290625 0.605431309375 0.31170127812500004 0.6034345046875 0.3077076671875 0.590455271875 0.29672523906250003 0.58446485625 0.29472843437499996 0.568490415625 0.29672523906250003 0.5575079875 0.3037140578125
0 0.6154153359375 0.32767571875 0.622404153125 0.3426517578125 0.62839456875 0.3426517578125 0.6303913734375 0.34065495156250003 0.6593450484375001 0.3416533546875 0.6613418531249999 0.33965655 0.6613418531249999 0.323682109375 0.6573482421875 0.31569488749999997 0.644369009375 0.304712459375 0.6323881796874999 0.30071885 0.62839456875 0.3027156546875 0.61841054375 0.3027156546875 0.605431309375 0.3136980828125 0.605431309375 0.31769169375 0.6154153359375 0.32767571875
0 0.66234025625 0.2667731625 0.651357828125 0.27575878593750003 0.649361021875 0.289736421875 0.6523562296875001 0.2927316296875 0.68230830625 0.29672523906250003 0.6843051124999999 0.2987220453125 0.6892971250000001 0.29772364218749997 0.693290734375 0.2857428109375 0.6843051124999999 0.2707667734375 0.676317890625 0.2667731625 0.66234025625 0.2667731625
0 0.7621805109374999 0.2707667734375 0.7482028749999999 0.2707667734375 0.7412140578125 0.277755590625 0.739217253125 0.28374600625 0.7412140578125 0.299720446875 0.7521964859375 0.310702875 0.7691693296875 0.30970447343749996 0.7771565500000001 0.299720446875 0.7771565500000001 0.2857428109375 0.77515974375 0.2817492015625 0.7621805109374999 0.2707667734375
0 0.8370607031249999 0.31569488749999997 0.8350638984375 0.29772364218749997 0.8240814703125 0.28674121406249997 0.820087859375 0.284744409375 0.810103834375 0.284744409375 0.8061102234374999 0.28674121406249997 0.79912140625 0.2957268375 0.8011182109374999 0.31170127812500004 0.81409744375 0.326677315625 0.8270766765625 0.3256789140625 0.8300718843749999 0.3246805109375 0.8370607031249999 0.31569488749999997
2 0.9988019171875001 0.365615015625 0.9928115015625 0.35363418593749996 0.985822684375 0.3466453671875 0.9758386578125 0.3466453671875 0.9718450484375 0.348642171875 0.968849840625 0.35363418593749996 0.968849840625 0.3676118203125 0.9818290734374999 0.372603834375 0.9918130984375001 0.3845846640625 0.99480830625 0.3835862625 0.9988019171875001 0.3795926515625 0.9988019171875001 0.365615015625
2 0.9498801921875 0.3346645375 0.9458865812499999 0.3366613421875 0.9388977640625 0.34564696562499997 0.9388977640625 0.36162140625 0.9478833859375 0.36661341875 0.9558706062500001 0.37460063906249996 0.9588658140625 0.3736022359375 0.968849840625 0.3676118203125 0.968849840625 0.3476437703125 0.961861021875 0.338658146875 0.9498801921875 0.3346645375
2 0.9928115015625 0.39157348281250004 0.9928115015625 0.3855830671875 0.9888178906249999 0.3795926515625 0.9778354625000001 0.370607028125 0.9678514375 0.3686102234375 0.956869009375 0.377595846875 0.9578674125 0.3805910546875 0.9778354625000001 0.3905750796875 0.9928115015625 0.39157348281250004
2 0.941892971875 0.37460063906249996 0.9458865812499999 0.37460063906249996 0.951876996875 0.3785942484375 0.956869009375 0.377595846875 0.9548722046875 0.3736022359375 0.9438897765625001 0.3646166140625 0.9339057515625001 0.3626198078125 0.9289137375 0.365615015625 0.929912140625 0.3686102234375 0.941892971875 0.37460063906249996