2 0.6272689765624999 0.522277228125 0.6066419140625 0.5202145218750001 0.5963283828125 0.526402640625 0.5932343234374999 0.53155940625 0.5932343234374999 0.54599835 0.5952970296875 0.5501237625 0.5911716171875 0.554249175 0.5911716171875 0.56043729375 0.6066419140625 0.5738448843749999 0.6231435640625 0.5738448843749999 0.6313943890625 0.5697194718749999 0.6386138609375 0.5625 0.6406765671875 0.55631188125 0.6386138609375 0.554249175 0.6417079203125 0.5511551156250001 0.6427392734375 0.537747525 0.6313943890625 0.524339934375 0.6272689765624999 0.522277228125
1 0.620054590625 1 0.6262668296875 0.991717015625 0.6272981828125 0.9679958921875 0.6138905921875 0.9525255953125 0.6077024734375 0.9504628890625 0.6035770609375 0.9463374765625 0.5870754109375 0.9442747703125001 0.5757305265625 0.9535569484374999 0.5777932328125 0.9597450671875001 0.5726364671875 0.9607764203125001 0.5695424078125 0.9638704796875001 0.5695424078125 0.9824348359374999 0.5777932328125 0.9989364875 0.5788567453125 1 0.620054590625 1
1 0.62531896875 0.7320252140625 0.61294273125 0.7320252140625 0.6108800249999999 0.7340879203124999 0.60881731875 0.7320252140625 0.594378375 0.7320252140625 0.585096196875 0.7433700984375 0.583033490625 0.7598717484375 0.585096196875 0.7619344546875 0.585096196875 0.768122575 0.5912843156250001 0.77843610625 0.5985037875 0.783592871875 0.6067546125 0.787718284375 0.61294273125 0.785655578125 0.6150054375 0.787718284375 0.62119355625 0.787718284375 0.62944438125 0.783592871875 0.6397579125 0.771216634375 0.6407892656249999 0.7516209234375 0.634601146875 0.7413073921875 0.62531896875 0.7320252140625
1 0.6415161546875 0.10033728593749999 0.6332653296874999 0.0982745796875 0.6208890921875 0.1023999921875 0.6054187953125 0.11993299531249998 0.6033560890625 0.1384973515625 0.6054187953125 0.1446854703125 0.6147009734375 0.1580930609375 0.6229517984374999 0.1622184734375 0.6394534484375 0.1601557671875 0.6549237453125001 0.1467481765625 0.6580178046875 0.1395287046875 0.6590491578125001 0.11787028906250001 0.6456415671875 0.1023999921875 0.6415161546875 0.10033728593749999
2 0.570992471875 0.7317061421875 0.560678940625 0.7317061421875 0.558616234375 0.7337688484375 0.556553528125 0.7317061421875 0.544177290625 0.7317061421875 0.5328324062500001 0.7430510265625 0.5307697 0.7554272640625 0.52870699375 0.7574899703125 0.5328324062500001 0.7719289140625001 0.546239996875 0.7832737984375 0.564804353125 0.7832737984375 0.57821194375 0.7719289140625001 0.583368709375 0.7626467359375 0.5844000625 0.7492391453125 0.58027465 0.7409883203125001 0.570992471875 0.7317061421875
1 0.60403068125 0.11348435937500001 0.598873915625 0.1062648875 0.592685796875 0.1062648875 0.588560384375 0.10007676875 0.5803095593750001 0.0980140625 0.578246853125 0.10007676875 0.572058734375 0.10007676875 0.567933321875 0.10213947500000001 0.5586511437499999 0.111421653125 0.55452573125 0.119672478125 0.55452573125 0.140299540625 0.5586511437499999 0.14855036562499999 0.565870615625 0.1557698390625 0.569996028125 0.1578325453125 0.574121440625 0.1578325453125 0.576184146875 0.1598952515625 0.582372265625 0.1598952515625 0.5895917374999999 0.15473848437499998 0.5906230906250001 0.14958171874999998 0.592685796875 0.15370713125 0.594748503125 0.15370713125 0.601967975 0.146487659375 0.6050620343750001 0.13720548125 0.6060933875 0.125860596875 0.60403068125 0.12379789062499999 0.60403068125 0.11348435937500001
2 0.5427687703124999 0.9356223171875 0.5386433578125 0.9376850234375 0.5345179453125 0.9356223171875 0.5231730609375 0.9449044953125 0.5190476484375 0.9552180265624999 0.5190476484375 0.9655315578125 0.5252357671875 0.9799705015625 0.5324552390624999 0.9871899734375 0.5365806515625 0.9871899734375 0.5407060640625 0.9913153859375001 0.5551450078125 0.9913153859375001 0.5685525984375001 0.9799705015625 0.5695839515625 0.9768764421875 0.5706153046875 0.9490299078125 0.5613331265625 0.9376850234375 0.5427687703124999 0.9356223171875
1 0.574179903125 0.5139301234375 0.5686795546875001 0.5118678234375 0.560658221875 0.5120969750000001 0.55584544375 0.5134718359375 0.5498867296875 0.5146175609375 0.5457614765625001 0.5185130109375 0.542094584375 0.5221793234375001 0.5395736062500001 0.5263039234375 0.5379693296875 0.5306576609375 0.5388860578125 0.5377611515625 0.5388860578125 0.5453229296875 0.5414070453125001 0.5489892281250001 0.54369885 0.553572115625 0.5498867296875 0.5618213171875001 0.5530952625000001 0.5650293421875 0.55859559375 0.5668624921875 0.56317920625 0.5675499296875001 0.570971353125 0.5661750671875 0.5739506984375 0.5650293421875 0.5789926859375 0.5625087546875001 0.58472220625 0.558384153125 0.5881599109375 0.5554052640625 0.58930581875 0.5519681015625 0.590451709375 0.5487600921875 0.5913684609375001 0.5448646265625 0.5913684609375001 0.5402817390625 0.589032775 0.5369891953125 0.585638940625 0.529282815625 0.5819720312500001 0.5208044625 0.57807595 0.5164507109375001 0.574179903125 0.5139301234375
3 0.5984375 0.1234375 0.1296875 0.0875
3 0.59375 0.3234375 0.1265625 0.08125
3 0.5859375 0.5484375 0.1484375 0.09375
3 0.575 0.759375 0.140625 0.096875
3 0.571875 0.9578125 0.1484375 0.0828125