2 0.140625 0.4546875 0.0515625 0.04375
2 0.3125 0.4484375 0.046875 0.04375
2 0.50625 0.440625 0.046875 0.0421875
2 0.7203125 0.4296875 0.0515625 0.0453125
2 0.1328125 0.5046875 0.046875 0.0390625
1 0.3296875 0.496875 0.04375 0.0421875
1 0.5125 0.4890625 0.0515625 0.04375
1 0.7046875 0.48125 0.0515625 0.04375
1 0.9125 0.4203125 0.0484375 0.0484375
2 0.48741196249999996 0.51727321875 0.48741196249999996 0.5254699390625001 0.481264421875 0.5295683 0.481264421875 0.5398142015625 0.48741196249999996 0.5500601031250001 0.4966332734375 0.557232234375 0.5027808140625 0.5592814140625 0.5171250765625001 0.5592814140625 0.52327261875 0.557232234375 0.5324939296875 0.5500601031250001 0.5386414703125 0.5377650218750001 0.536592290625 0.5254699390625001 0.5304447484375 0.521371578125 0.5324939296875 0.5193223984374999 0.5253217984375 0.5121502671875 0.5191742578125 0.5121502671875 0.5161004874999999 0.509076496875 0.500731634375 0.50805190625 0.49458409375 0.5101010875 0.48741196249999996 0.51727321875
1 0.9109375 0.471875 0.05 0.04375
3 0.1375 0.4828125 0.0890625 0.115625
3 0.321875 0.4796875 0.0703125 0.1375
3 0.509375 0.471875 0.0734375 0.1328125
3 0.709375 0.4625 0.08125 0.128125
3 0.9125 0.4515625 0.0703125 0.128125