1 0.5906506140625 0.34979508125000003 0.588601434375 0.345696721875 0.58245389375 0.345696721875 0.5845030734375001 0.3395491796875 0.5773309421875 0.33032786875000003 0.5609375 0.322131146875 0.538396515625 0.322131146875 0.5220030734375001 0.33032786875000003 0.5148309421875 0.3395491796875 0.5158555328125 0.352868853125 0.518929303125 0.37643442656250004 0.5209784843749999 0.37848360625 0.5209784843749999 0.38872950781250004 0.526101434375 0.3959016390625 0.538396515625 0.4020491796875 0.5588883203125 0.4040983609375 0.5773309421875 0.3979508203125 0.58245389375 0.39282786875000003 0.581429303125 0.391803278125 0.567085040625 0.393852459375 0.5650358609375 0.3959016390625 0.5629866796874999 0.3959016390625 0.561962090625 0.39282786875000003 0.5711834015624999 0.38360655781249997 0.5752817625 0.3856557375 0.5773309421875 0.38360655781249997 0.58757684375 0.3856557375 0.588601434375 0.3743852453125 0.5926997953125 0.3743852453125 0.5926997953125 0.3559426234375 0.588601434375 0.3538934421875 0.5906506140625 0.34979508125000003
1 0.6767161890625 0.43586065625000003 0.6767161890625 0.42151639375 0.672617828125 0.4112704921875 0.6613473359375 0.4 0.6531506140625 0.3959016390625 0.6347079921875001 0.3959016390625 0.6203637296875 0.4040983609375 0.615240778125 0.4112704921875 0.6121670078125 0.428688525 0.6131915984375 0.4379098359375 0.6172899593750001 0.44610655781249997 0.636757171875 0.45942622968749997 0.6551997953125 0.45942622968749997 0.65929815625 0.45737704843750004 0.670568646875 0.44815573750000004 0.6767161890625 0.43586065625000003
1 0.54864241875 0.06598360625000001 0.545568646875 0.0690573765625 0.5465932375 0.08442622968749999 0.5650358609375 0.088524590625 0.56810963125 0.0854508203125 0.56810963125 0.0772540984375 0.5629866796874999 0.07008196718750001 0.5547899593750001 0.06598360625000001 0.54864241875 0.06598360625000001
0 0.5004866796874999 0.064959015625 0.4984375 0.0690573765625 0.49946209062499997 0.07827868906249999 0.5035604515625 0.08442622968749999 0.511757171875 0.088524590625 0.532248975 0.0905737703125 0.545568646875 0.0834016390625 0.547617828125 0.079303278125 0.547617828125 0.0690573765625 0.540445696875 0.059836065625000004 0.532248975 0.0557377046875 0.513806353125 0.0557377046875 0.5004866796874999 0.064959015625
0 0.574257171875 0.0977459015625 0.567085040625 0.088524590625 0.5547899593750001 0.086475409375 0.552740778125 0.08442622968749999 0.5445440578125 0.08442622968749999 0.5363473359375 0.088524590625 0.5291752046875 0.095696721875 0.527126025 0.09979508125 0.5281506140625 0.1069672125 0.5363473359375 0.11721311406249998 0.552740778125 0.12131147499999999 0.5547899593750001 0.11926229531250002 0.567085040625 0.11721311406249998 0.5722079921875001 0.11209016406250001 0.574257171875 0.10799180312500001 0.574257171875 0.0977459015625
2 0.569134221875 0.1254098359375 0.57323258125 0.1315573765625 0.581429303125 0.13565573749999998 0.5978227453125 0.13565573749999998 0.6019211062500001 0.1336065578125 0.6070440578125 0.12643442656249998 0.6070440578125 0.11618852500000001 0.5978227453125 0.1069672125 0.5916752046875 0.1049180328125 0.5773309421875 0.1049180328125 0.56810963125 0.11618852500000001 0.569134221875 0.1254098359375
1 0.6039702874999999 0.158196721875 0.610117828125 0.1643442625 0.624462090625 0.1684426234375 0.6347079921875001 0.1643442625 0.6377817625 0.1612704921875 0.6398309421875 0.1530737703125 0.6377817625 0.1469262296875 0.63060963125 0.1397540984375 0.6265112703125 0.13770491875 0.610117828125 0.13770491875 0.602945696875 0.1448770484375 0.6039702874999999 0.158196721875
0 0.6183145484375 0.1827868859375 0.6193391390625 0.1879098359375 0.624462090625 0.1930327875 0.6347079921875001 0.197131146875 0.64495389375 0.197131146875 0.6541752046875 0.189959015625 0.6541752046875 0.1756147546875 0.6470030734375001 0.1684426234375 0.6347079921875001 0.1643442625 0.6213883203125 0.16946721250000002 0.6172899593750001 0.1756147546875 0.6183145484375 0.1827868859375
1 0.6613473359375 0.22991803281249998 0.67364241875 0.2319672125 0.684912909375 0.22274590156250001 0.684912909375 0.2145491796875 0.6756915984375 0.20327868906250002 0.663396515625 0.2012295078125 0.6541752046875 0.206352459375 0.652126025 0.2104508203125 0.6531506140625 0.22172131093749997 0.6541752046875 0.22479508125 0.6613473359375 0.22991803281249998
0 0.692085040625 0.32008196718750004 0.69310963125 0.32520491875 0.6961834015624999 0.3282786890625 0.7084784843749999 0.3344262296875 0.7166752046875 0.3323770484375 0.7238473359375 0.32520491875 0.7238473359375 0.314959015625 0.72179815625 0.31086065625 0.7105276640625 0.30163934375 0.69823258125 0.303688525 0.6910604515625 0.314959015625 0.692085040625 0.32008196718750004
1 0.7095030734375001 0.37643442656250004 0.70745389375 0.3805327875 0.7084784843749999 0.3897540984375 0.7115522546874999 0.3969262296875 0.7187243859375 0.4020491796875 0.7310194671875 0.4020491796875 0.73614241875 0.398975409375 0.740240778125 0.3907786890625 0.740240778125 0.38258196718750004 0.733068646875 0.371311475 0.7228227453125 0.3672131140625 0.7166752046875 0.3692622953125 0.7095030734375001 0.37643442656250004
1 0.7453637296875 0.496311475 0.7535604515625 0.49426229531250004 0.76073258125 0.4870901640625 0.76073258125 0.47274590156249996 0.7586834015624999 0.46864754062499997 0.749462090625 0.46147540937500003 0.7371670078125 0.46352459062499995 0.7299948765625001 0.470696721875 0.7289702874999999 0.4799180328125 0.7320440578125 0.48913934374999996 0.7453637296875 0.496311475
0 0.7730276640625 0.56086065625 0.7709784843749999 0.5506147546875 0.761757171875 0.5434426234374999 0.749462090625 0.545491803125 0.7422899593750001 0.5547131140625 0.7433145484375 0.5680327875 0.7515112703125 0.5762295078124999 0.761757171875 0.5762295078124999 0.7658555328125 0.574180328125 0.7730276640625 0.56086065625
0 0.7453637296875 0.496311475 0.7535604515625 0.49426229531250004 0.76073258125 0.4870901640625 0.76073258125 0.47274590156249996 0.7586834015624999 0.46864754062499997 0.749462090625 0.46147540937500003 0.7371670078125 0.46352459062499995 0.7299948765625001 0.470696721875 0.7289702874999999 0.4799180328125 0.7320440578125 0.48913934374999996 0.7453637296875 0.496311475
1 0.7340932375 0.5977459015625 0.7248719265625 0.586475409375 0.7187243859375 0.5844262296875 0.7043801234375 0.586475409375 0.69310963125 0.595696721875 0.6890112703125 0.6038934421875 0.6900358609375 0.6172131140625 0.69310963125 0.6243852453125001 0.7002817625 0.6315573765625 0.7043801234375 0.6336065578125 0.720773565625 0.6336065578125 0.7248719265625 0.6315573765625 0.7340932375 0.6202868859375 0.73614241875 0.61413934375 0.7340932375 0.5977459015625
2 0.740240778125 0.6715163937499999 0.733068646875 0.6663934421875 0.7269211062500001 0.6643442625 0.714626025 0.6663934421875 0.7033555328125 0.6797131140625 0.701306353125 0.683811475 0.7023309421875 0.69098360625 0.7054047125 0.70020491875 0.71257684375 0.7073770484375 0.7166752046875 0.7094262296875 0.7269211062500001 0.7094262296875 0.740240778125 0.70020491875 0.7443391390625 0.692008196875 0.7443391390625 0.6797131140625 0.740240778125 0.6715163937499999
2 0.7320440578125 0.6243852453125001 0.7238473359375 0.6325819671875 0.7248719265625 0.6336065578125 0.7289702874999999 0.63770491875 0.7412653687499999 0.6397540984375001 0.754585040625 0.6305327875 0.756634221875 0.6264344265624999 0.756634221875 0.6120901640625 0.749462090625 0.600819671875 0.7453637296875 0.5987704921875 0.73614241875 0.59979508125 0.73614241875 0.61413934375 0.7320440578125 0.6243852453125001
2 0.7515112703125 0.5782786890625 0.7392161890625 0.5782786890625 0.735117828125 0.58032786875 0.7299948765625001 0.5854508203125001 0.7289702874999999 0.5905737703125 0.735117828125 0.5987704921875 0.749462090625 0.600819671875 0.7525358609375 0.6038934421875 0.7535604515625 0.6090163937499999 0.7576588109375 0.6090163937499999 0.7627817625 0.6018442625 0.7627817625 0.5895491796875 0.76073258125 0.5854508203125001 0.7515112703125 0.5782786890625
2 0.763806353125 0.6930327875 0.7730276640625 0.6817622953125 0.7730276640625 0.6694672125000001 0.763806353125 0.66229508125 0.76073258125 0.6715163937499999 0.7515112703125 0.6807377046875 0.7463883203125 0.6817622953125 0.7443391390625 0.68586065625 0.7453637296875 0.6889344265624999 0.7515112703125 0.6950819671875 0.763806353125 0.6930327875
0 0.7658555328125 0.7176229515625 0.77507684375 0.7104508203125001 0.777126025 0.70020491875 0.76995389375 0.69098360625 0.763806353125 0.69098360625 0.7576588109375 0.6950819671875 0.749462090625 0.6950819671875 0.7463883203125 0.70020491875 0.747412909375 0.711475409375 0.75560963125 0.7176229515625 0.7658555328125 0.7176229515625
0 0.768929303125 0.735040984375 0.7648309421875 0.72479508125 0.7576588109375 0.7196721312500001 0.749462090625 0.7217213109375 0.740240778125 0.732991803125 0.7412653687499999 0.7442622953125 0.747412909375 0.7504098359375 0.7597079921875001 0.7504098359375 0.768929303125 0.741188525 0.768929303125 0.735040984375
0 0.7504866796874999 0.747336065625 0.7504866796874999 0.7452868859375 0.7453637296875 0.7422131140625 0.7453637296875 0.746311475 0.747412909375 0.74836065625 0.7504866796874999 0.747336065625
0 0.777126025 0.7268442625 0.77507684375 0.720696721875 0.76995389375 0.7155737703125 0.75560963125 0.7176229515625 0.7525358609375 0.720696721875 0.7535604515625 0.7217213109375 0.7627817625 0.72479508125 0.7679047125 0.740163934375 0.77507684375 0.7370901640625 0.777126025 0.7268442625
1 0.761757171875 0.7729508203125001 0.7709784843749999 0.7637295078124999 0.7730276640625 0.75348360625 0.7679047125 0.746311475 0.763806353125 0.746311475 0.7597079921875001 0.7504098359375 0.7453637296875 0.7504098359375 0.7422899593750001 0.759631146875 0.7433145484375 0.7647540984375001 0.7515112703125 0.7729508203125001 0.761757171875 0.7729508203125001
1 0.720773565625 0.8385245906250001 0.7228227453125 0.8426229515625 0.7310194671875 0.8467213109375 0.7392161890625 0.8467213109375 0.7504866796874999 0.8375 0.7525358609375 0.8334016390625001 0.7525358609375 0.8231557374999999 0.747412909375 0.8180327875 0.7433145484375 0.8180327875 0.7248719265625 0.8303278687500001 0.719748975 0.8354508203125001 0.720773565625 0.8385245906250001
1 0.7412653687499999 0.7893442625 0.7310194671875 0.7913934421875 0.7310194671875 0.795491803125 0.7166752046875 0.795491803125 0.7084784843749999 0.7995901640625 0.699257171875 0.8088114750000001 0.7002817625 0.8221311468750001 0.701306353125 0.8252049187500001 0.7105276640625 0.8323770484375 0.7228227453125 0.8323770484375 0.7371670078125 0.8200819671874999 0.7412653687499999 0.8200819671874999 0.7504866796874999 0.81086065625 0.7504866796874999 0.7985655734375 0.7412653687499999 0.7893442625
2 0.7504866796874999 0.8006147546875001 0.7504866796874999 0.81086065625 0.7535604515625 0.8118852453125 0.7627817625 0.802663934375 0.7627817625 0.790368853125 0.7576588109375 0.7852459015625 0.749462090625 0.783196721875 0.7422899593750001 0.788319671875 0.7433145484375 0.7913934421875 0.7484375 0.7965163937499999 0.7504866796874999 0.8006147546875001
2 0.7002817625 0.87336065625 0.706429303125 0.87336065625 0.713601434375 0.8661885249999999 0.7156506140625 0.8620901640625 0.7156506140625 0.8497950812499999 0.7115522546874999 0.843647540625 0.706429303125 0.8405737703125 0.692085040625 0.8405737703125 0.6900358609375 0.8426229515625 0.6715932375 0.84467213125 0.658273565625 0.8538934421875 0.6541752046875 0.8620901640625 0.6551997953125 0.8754098359375 0.6562243859375 0.87848360625 0.665445696875 0.8856557374999999 0.6715932375 0.8877049187500001 0.6859375 0.8856557374999999 0.7002817625 0.87336065625
2 0.6715932375 0.9245901640625 0.6797899593750001 0.9307377046875001 0.692085040625 0.9307377046875001 0.7002817625 0.92663934375 0.7095030734375001 0.9174180328125001 0.7095030734375001 0.90717213125 0.7054047125 0.9010245906250001 0.7002817625 0.8979508203125001 0.6859375 0.8979508203125001 0.677740778125 0.9020491796875 0.670568646875 0.9112704921875 0.6715932375 0.9245901640625
0 0.63060963125 0.5844262296875 0.6418801234375 0.5711065578125 0.6480276640625 0.552663934375 0.6459784843749999 0.538319671875 0.6398309421875 0.5280737703125 0.6265112703125 0.5147540984375001 0.6142161890625 0.5106557375 0.5978227453125 0.5106557375 0.5916752046875 0.5147540984375001 0.58757684375 0.5147540984375001 0.5701588109375 0.5321721312500001 0.56810963125 0.538319671875 0.569134221875 0.5639344265624999 0.5722079921875001 0.5731557375 0.5855276640625 0.586475409375 0.5998719265625 0.5926229515625 0.6183145484375 0.5905737703125 0.63060963125 0.5844262296875
1 0.6490522546874999 0.6540983609375 0.6603227453125 0.6387295078124999 0.6623719265625 0.6325819671875 0.6623719265625 0.6120901640625 0.6541752046875 0.5977459015625 0.6490522546874999 0.5926229515625 0.636757171875 0.586475409375 0.624462090625 0.586475409375 0.610117828125 0.5926229515625 0.6039702874999999 0.5926229515625 0.59679815625 0.5977459015625 0.5865522546874999 0.61413934375 0.58757684375 0.6356557375 0.5926997953125 0.6469262296875 0.608068646875 0.6602459015625 0.6142161890625 0.66229508125 0.6347079921875001 0.66229508125 0.6490522546874999 0.6540983609375
1 0.6890112703125 0.741188525 0.6951588109375 0.7309426234374999 0.6972079921875001 0.7186475406249999 0.6910604515625 0.704303278125 0.6859375 0.699180328125 0.67364241875 0.6930327875 0.6613473359375 0.6930327875 0.651101434375 0.697131146875 0.63573258125 0.7125 0.6336834015624999 0.7186475406249999 0.6347079921875001 0.7319672125000001 0.6377817625 0.741188525 0.6470030734375001 0.7504098359375 0.6551997953125 0.754508196875 0.6695440578125 0.754508196875 0.6797899593750001 0.7504098359375 0.6890112703125 0.741188525