1 0.64449356875 0.8452572343750001 0.636454984375 0.8412379421875 0.62439710625 0.8392282953124999 0.622387459375 0.83721865 0.5962620578125 0.8392282953124999 0.578175240625 0.84726688125 0.56310289375 0.862339228125 0.5570739546875 0.8723874593750001 0.5570739546875 0.8784163984375001 0.555064309375 0.8804260453125 0.5570739546875 0.89449356875 0.5661173640625 0.9075562703125 0.5801848875 0.9155948546875001 0.5862138265625 0.9176045015625001 0.612339228125 0.9176045015625001 0.614348875 0.9155948546875001 0.6203778140625 0.9155948546875001 0.6384646296875001 0.9075562703125 0.649517684375 0.896503215625 0.6575562703125 0.8804260453125 0.656551446875 0.8633440515625 0.653536978125 0.85430064375 0.64449356875 0.8452572343750001
1 0.3842443734375 0.6292202578125 0.3842443734375 0.63323955 0.3802250796875 0.6392684890625 0.3802250796875 0.6573553046875 0.38625401875 0.6694131828125001 0.3973070734375 0.6804662375 0.40735530468750003 0.68448553125 0.42142282968749994 0.6864951765625 0.4234324765625 0.68448553125 0.43549035312499995 0.682475884375 0.4485530546875 0.6714228296875 0.45458199375 0.6573553046875 0.45357717031250006 0.6402733125 0.4485530546875 0.6292202578125 0.4375 0.618167203125 0.4234324765625 0.6121382640624999 0.40735530468750003 0.6121382640624999 0.391278134375 0.6201768484375 0.3842443734375 0.6292202578125
1 0.3772106109375 0.53778135 0.364147909375 0.5488344046875 0.3581189703125 0.5588826359375 0.3581189703125 0.5789791 0.3701768484375 0.5990755625 0.3772106109375 0.604099678125 0.385249196875 0.6081189703125001 0.405345659375 0.6081189703125001 0.4174035375 0.6000803859375 0.4284565921875 0.58902733125 0.4284565921875 0.5829983921874999 0.4304662375 0.5809887453125 0.4294614140625 0.56189710625 0.4264469453125 0.55486334375 0.41338424375000005 0.539790996875 0.405345659375 0.5357717046875 0.391278134375 0.5337620578125 0.3892684890625 0.5357717046875 0.3772106109375 0.53778135
1 0.3219453375 0.4604099671875 0.3279742765625 0.4744774921875 0.337017684375 0.4835209 0.3450562703125 0.485530546875 0.3480707390625 0.48050643125 0.35912379375 0.471463021875 0.38323955 0.46744372968750003 0.38625401875 0.4624196140625 0.385249196875 0.4453376203125 0.3802250796875 0.43428456562499995 0.37319131875 0.427250803125 0.3631430875 0.42323151093750006 0.3450562703125 0.42323151093750006 0.33902733125 0.4252411578125 0.3279742765625 0.4362942125 0.323954984375 0.44433279687500005 0.3219453375 0.4604099671875
1 0.385249196875 0.180064309375 0.371181671875 0.186093246875 0.3581189703125 0.2011655953125 0.356109325 0.21322347343749998 0.354099678125 0.21523311875 0.356109325 0.227290996875 0.3631430875 0.2383440515625 0.369172025 0.24236334375 0.37319131875 0.24236334375 0.3822347265625 0.22126205781250002 0.3892684890625 0.2142282953125 0.40333601249999995 0.20819935625000002 0.415393890625 0.20819935625000002 0.4174035375 0.2061897109375 0.4194131828125 0.20819935625000002 0.4294614140625 0.20819935625000002 0.4294614140625 0.2041800640625 0.4264469453125 0.19513665625 0.41338424375000005 0.1840836015625 0.405345659375 0.180064309375 0.385249196875 0.180064309375
1 0.3721864953125 0.0825964625 0.38323955 0.091639871875 0.395297428125 0.0956591640625 0.40333601249999995 0.0956591640625 0.405345659375 0.0936495171875 0.4234324765625 0.089630225 0.4304662375 0.084606109375 0.43649517656250003 0.07254823125 0.43549035312499995 0.0614951765625 0.4234324765625 0.047427653125000004 0.4113745984375 0.043408359375 0.40132636718750003 0.043408359375 0.385249196875 0.0494372984375 0.3741961421875 0.06049035312499999 0.3701768484375 0.0705385859375 0.3701768484375 0.07656752343749999 0.3721864953125 0.0825964625
1 0.35912379375 0.11374598124999999 0.3651527328125 0.1157556265625 0.3792202578125 0.1157556265625 0.381229903125 0.11374598124999999 0.39328778125 0.111736334375 0.4023311890625 0.1026929265625 0.40132636718750003 0.0956591640625 0.3872588421875 0.0936495171875 0.38323955 0.089630225 0.3772106109375 0.087620578125 0.3721864953125 0.0825964625 0.369172025 0.0695337625 0.3571141484375 0.0755627015625 0.3480707390625 0.08661575625 0.3480707390625 0.1026929265625 0.35912379375 0.11374598124999999
1 0.3741961421875 0.06049035312499999 0.385249196875 0.0494372984375 0.39328778125 0.04541800625 0.40936495156249997 0.043408359375 0.40936495156249997 0.0393890671875 0.405345659375 0.035369775 0.395297428125 0.031350482812500004 0.3772106109375 0.033360128125 0.369172025 0.037379421875 0.3601286171875 0.0464228296875 0.3581189703125 0.0584807078125 0.3621382640625 0.0665192921875 0.3651527328125 0.0695337625 0.369172025 0.0695337625 0.3741961421875 0.06049035312499999
0 0.40333601249999995 0.20819935625000002 0.3973070734375 0.21221865 0.39328778125 0.21221865 0.3762057875 0.2313102890625 0.3721864953125 0.2433681671875 0.3741961421875 0.247387459375 0.3741961421875 0.261454984375 0.378215434375 0.26949356875 0.391278134375 0.2825562703125 0.40735530468750003 0.288585209375 0.4234324765625 0.288585209375 0.43348070781250003 0.284565915625 0.452572346875 0.271503215625 0.4586012859375 0.2554260453125 0.4575964625 0.23432475937500002 0.45458199375 0.227290996875 0.4435289390625 0.21623794218749998 0.43348070781250003 0.210209003125 0.42745176875 0.20819935625000002 0.40333601249999995 0.20819935625000002
0 0.3400321546875 0.49256430937499995 0.3400321546875 0.502612540625 0.3380225078125 0.5046221859375 0.3400321546875 0.5166800640625 0.3480707390625 0.5287379421875 0.361133440625 0.53778135 0.37319131875 0.539790996875 0.381229903125 0.5357717046875 0.39328778125 0.5337620578125 0.4023311890625 0.52471865 0.40635048281249997 0.5166800640625 0.408360128125 0.510651125 0.40735530468750003 0.49356913125 0.40635048281249997 0.488545015625 0.385249196875 0.46945337656249997 0.3651527328125 0.46945337656249997 0.35912379375 0.471463021875 0.3480707390625 0.48050643125 0.3400321546875 0.49256430937499995
0 0.3159163984375 0.5488344046875 0.3209405140625 0.5558681671875 0.337017684375 0.563906753125 0.351085209375 0.56189710625 0.3571141484375 0.5578778140625 0.368167203125 0.542805465625 0.3671623796875 0.539790996875 0.3480707390625 0.5287379421875 0.3420418 0.52069935625 0.3400321546875 0.510651125 0.337017684375 0.50763665625 0.3249598078125 0.5116559484375001 0.3179260453125 0.5186897109374999 0.313906753125 0.5267282953125 0.313906753125 0.542805465625 0.3159163984375 0.5488344046875
0 0.3480707390625 0.5990755625 0.3480707390625 0.6131430875 0.354099678125 0.6252009640625 0.361133440625 0.6322347265625 0.371181671875 0.638263665625 0.3792202578125 0.638263665625 0.388263665625 0.62319131875 0.3973070734375 0.61615755625 0.40936495156249997 0.6121382640624999 0.4143890671875 0.6071141484375 0.41338424375000005 0.604099678125 0.40735530468750003 0.6081189703125001 0.385249196875 0.6081189703125001 0.37319131875 0.6020900328125001 0.3621382640625 0.58902733125 0.3621382640625 0.5850080390625 0.3571141484375 0.58199356875 0.3480707390625 0.5990755625