1 0 0.5813780734375 0.0038934421875 0.5872182375 0.0172131140625 0.5882428281250001 0.030532787500000002 0.5872182375 0.0387295078125 0.5831198765625001 0.05 0.5718493859375 0.047950820312499996 0.56570184375 0.053073770312500004 0.5646772546875 0.056147540625000006 0.561603484375 0.056147540625000006 0.5493084015624999 0.0520491796875 0.5411116796875 0.0407786890625 0.5298411890625 0.026434426562500002 0.523693646875 0.007991803124999999 0.523693646875 0 0.52711870625 0 0.5813780734375
1 0.0163848703125 0.639397809375 0.023177651562500002 0.642849940625 0.02968919375 0.6443536765625 0.0368328890625 0.646004365625 0.041491046875 0.646004365625 0.048201484375 0.6453076046875 0.054683889062500005 0.6428879453125 0.058328578124999995 0.640953546875 0.062327984375 0.638826528125 0.0689649421875 0.6339922765625 0.073077096875 0.6295608796875001 0.077922746875 0.6180592671875 0.07835980625 0.6111942765625 0.077130975 0.603372825 0.0714694796875 0.5949888984375 0.065745909375 0.588635709375 0.0551868234375 0.5853584015625 0.0471259390625 0.58353035625 0.037522046875 0.583284590625 0.023899746875 0.587600703125 0.016876403125 0.591996628125 0.0106752359375 0.597298340625 0.005237971875 0.608283025 0.0030957515625 0.615965125 0.00440819375 0.6250458125 0.006976071875000001 0.6304729421874999 0.0099113328125 0.6345800296874999 0.0163848703125 0.639397809375
1 0 0.706392190625 0.00097253125 0.706707396875 0.0082657109375 0.7070063703125 0.0156108328125 0.708255471875 0.0222059875 0.7083302140625001 0.02900636875 0.7069303609375 0.0352379390625 0.7045436390625001 0.0391930046875 0.6994129484375 0.0448988390625 0.694596434375 0.05044505312499999 0.689981346875 0.053382846875 0.68475564375 0.056632284374999994 0.680281175 0.05746712968749999 0.6748147734375001 0.057174490625 0.6690265953125001 0.055617546875 0.664108734375 0.0518981140625 0.657704871875 0.046902975 0.6510273734375 0.042133334375 0.6478134078125 0.03824034375 0.646683390625 0.033791210937499996 0.6456775218749999 0.029926092187499996 0.645090975 0.02560364375 0.6434884265624999 0.0205020921875 0.643822871875 0.016823196874999998 0.6439470218750001 0.0147633203125 0.6455913765625 0.012484279687499999 0.6455102984375001 0.00964403125 0.6457674671875 0.006611223437499999 0.6466593203125 0.0040610796875 0.6477209296875001 0 0.6498131515625001 0 0.706392190625
1 0.3040983609375 0.655865778125 0.3 0.6476690578125 0.29077868906250004 0.6384477453125 0.2805327875 0.6343493859375 0.2549180328125 0.63742315625 0.2379051390625 0.6524058 0.233258090625 0.66888063125 0.239150325 0.6879285187499999 0.249704375 0.6965316140625 0.260040984375 0.7019723359375 0.27336065625 0.7009477453125 0.2805327875 0.69992315625 0.29077868906250004 0.691726434375 0.2979508203125 0.684554303125 0.3040983609375 0.672259221875 0.3020491796875 0.6681608609375 0.3040983609375 0.655865778125
1 0.560590178125 0.66835991875 0.5627527640625 0.65909633125 0.559956265625 0.6448529890625 0.5579816890625 0.6376023703125 0.545513103125 0.6257529328125 0.5394397515625 0.6247321765625 0.5343448265624999 0.6238728515624999 0.5299674859375 0.622963325 0.5233261687499999 0.6248109234375 0.519764840625 0.6253473875 0.5168846734375 0.6256987953125 0.5108703796875 0.62931524375 0.5028688531250001 0.635373975 0.4967213109375 0.6538165984375001 0.49934479062500003 0.6641420375 0.5027535453125 0.6716928796875 0.5164387703125 0.6861173390624999 0.5206655078125 0.6880190765624999 0.5261748374999999 0.6881155421875 0.5327009859375 0.6888459203124999 0.5503806453125 0.6818837109375 0.560590178125 0.66835991875
1 0.7800252578125 0.61651001875 0.7700125921875001 0.6166596359375001 0.7611535671875 0.6179432109375 0.7538291234375001 0.6240913734375 0.7489674875000001 0.6318912531249999 0.7450153765625 0.6401832984375 0.7456010578125001 0.6460351765625 0.7467625734375 0.6528369390625001 0.7506802312499999 0.660624021875 0.758989996875 0.6704654125 0.7705776 0.6790891796875 0.7885712625 0.679570521875 0.7992700109374999 0.6749943421875 0.8044958515625 0.6719497921875 0.811850809375 0.6637551937499999 0.8168758453124999 0.6490501984375 0.8154652921875 0.6405130531250001 0.8108900984374999 0.6326423 0.8078898421874999 0.62683865625 0.8017082109375 0.6219868640625 0.797164515625 0.6188438781250001 0.79085590625 0.6160237562499999 0.7800252578125 0.61651001875
1 1 0.5471925296875 0.9963376296875 0.5462165015625 0.9880495249999999 0.545800928125 0.9792930312499999 0.54668921875 0.971576340625 0.5506804609375 0.9644527078125 0.5548578453124999 0.9589013312500001 0.56164209375 0.9571593843749999 0.5648272953125 0.9564390546875 0.5706964125 0.9560018359375 0.575832215625 0.9570329781250001 0.582194828125 0.9600883140625 0.5872267375 0.96377566875 0.592475959375 0.9669972328125 0.597479296875 0.976137265625 0.5988100000000001 0.9846270984375 0.59907233125 0.99040790625 0.5985909578124999 0.999624128125 0.59989741875 1 0.5999070546875 1 0.5471925296875
1 1 0.6069654953125 0.9971384750000001 0.607867784375 0.9915663203125 0.611681540625 0.987684165625 0.61438190625 0.9838158625 0.6185099421875 0.980625465625 0.623504625 0.9795917265625 0.62970100625 0.9797060078125 0.6326134890625 0.9808436421875 0.638480009375 0.9837621859375 0.6436833421875 0.9877499640625 0.6496736703125 0.991492728125 0.6548337140625 0.9943541296875 0.6566137578125 1 0.6616103109375 1 0.6069654953125
3 0.04375 0.6359375 0.0859375 0.1625
3 0.2640625 0.6296875 0.1015625 0.1515625
3 0.525 0.6171875 0.084375 0.1578125
3 0.7703125 0.6171875 0.0921875 0.1515625
3 0.978125 0.6 0.04375 0.15