1 0.6532590765624999 0.5565181515625001 0.6676980203125 0.5627062703125 0.6903877890625 0.5627062703125 0.7068894390625 0.5544554453125 0.7202970296875 0.5389851484375 0.7244224421875 0.5286716171875 0.7244224421875 0.5204207921874999 0.7264851484375 0.5183580859375 0.7244224421875 0.49773102343750003 0.7161716171875 0.48329207968750004 0.7007013203125 0.46988448906249997 0.6945132015625 0.4678217828125 0.6687293734375 0.4688531359375 0.6573844890625 0.4740099015625 0.6419141921875 0.4894801984375 0.635726071875 0.5080445546875 0.635726071875 0.5286716171875 0.6419141921875 0.5451732671875 0.6532590765624999 0.5565181515625001
1 0.6161303625000001 0.661716171875 0.6326320125 0.6555280531250001 0.6419141921875 0.646245875 0.6481023109375 0.63180693125 0.6481023109375 0.6173679875 0.6439768984375001 0.6070544546875001 0.636757425 0.5977722765625 0.62231848125 0.5915841578125 0.6047854781249999 0.5926155109375 0.5955033000000001 0.5957095703124999 0.5841584156249999 0.6091171609375 0.580033003125 0.6173679875 0.580033003125 0.63799505 0.5841584156249999 0.646245875 0.59344059375 0.6555280531250001 0.60169141875 0.659653465625 0.6161303625000001 0.661716171875
1 0.9791666671874999 0.45957095781249996 0.9750412546874999 0.45750825156249997 0.9636963703125 0.4585396046875 0.9575082515625001 0.4647277234375 0.9533828390625001 0.4894801984375 0.9616336640625001 0.5039191421875 0.9709158421874999 0.5090759078125 0.9729785484375 0.5070132015625 0.9791666671874999 0.5070132015625 0.9863861390625001 0.49773102343750003 0.9884488453125 0.4771039609375 0.9863861390625001 0.4750412546875 0.9863861390625001 0.4688531359375 0.9791666671874999 0.45957095781249996
1 0.9781353140625001 0.5183580859375 0.9781353140625001 0.5080445546875 0.9667904296875 0.5070132015625 0.9647277234375 0.5049504953125 0.9616336640625001 0.5059818484374999 0.9575082515625001 0.5307343234374999 0.9688531359375 0.5317656765625001 0.9781353140625001 0.5183580859375
0 0.9410066 0.4894801984375 0.935849834375 0.4905115515625 0.9286303625000001 0.49773102343750003 0.9286303625000001 0.5039191421875 0.9265676562499999 0.5059818484374999 0.9265676562499999 0.5245462046875 0.935849834375 0.5379537953125 0.9461633656249999 0.5400165015625 0.9502887781249999 0.5379537953125 0.9595709578125 0.5266089109375 0.9616336640625001 0.5039191421875 0.9523514843750001 0.4905115515625 0.9410066 0.4894801984375
2 0.9100660062499999 0.5596122109375 0.9121287125 0.5616749171875 0.9121287125 0.5678630359375 0.917285478125 0.5750825078124999 0.9296617156250001 0.5771452140625 0.93894389375 0.5678630359375 0.9410066 0.5616749171875 0.9410066 0.5451732671875 0.9337871281250001 0.5358910890625 0.9203795375 0.5369224421875 0.9121287125 0.5472359734375 0.9100660062499999 0.5596122109375
1 0.9100660062499999 0.5967409234375001 0.9100660062499999 0.5843646859375 0.902846534375 0.5750825078124999 0.8894389437499999 0.5761138609375 0.8811881187499999 0.5864273921875001 0.8791254125 0.5988036296875 0.8863448843749999 0.612211221875 0.898721121875 0.612211221875 0.9059405937499999 0.6049917484375 0.9100660062499999 0.5967409234375001
0 0.873968646875 0.5936468640625 0.869843234375 0.5915841578125 0.8646864687500001 0.5926155109375 0.85643564375 0.5967409234375001 0.850247525 0.6091171609375 0.850247525 0.61943069375 0.859529703125 0.630775578125 0.869843234375 0.630775578125 0.873968646875 0.628712871875 0.8811881187499999 0.61943069375 0.8811881187499999 0.613242575 0.883250825 0.6111798687500001 0.8811881187499999 0.6008663359375 0.873968646875 0.5936468640625
1 0.8461221125 0.6441831687499999 0.8409653468749999 0.632838284375 0.8368399343749999 0.630775578125 0.82549505 0.63180693125 0.8172442249999999 0.6421204625 0.81518151875 0.6544966999999999 0.822400990625 0.663778878125 0.830651815625 0.6658415843750001 0.8440594062500001 0.6544966999999999 0.8461221125 0.6441831687499999
0 0.7233910890625 0.711221121875 0.7295792078125001 0.711221121875 0.7378300328125 0.707095709375 0.7450495046875 0.695750825 0.7429867984375 0.6833745875 0.7316419140625 0.6761551156250001 0.7264851484375 0.67718646875 0.7213283828125 0.678217821875 0.7120462046875 0.6916254125 0.7120462046875 0.70193894375 0.7233910890625 0.711221121875
1 0.6491336640625 0.7297854781249999 0.6635726078124999 0.7297854781249999 0.6749174921875001 0.7205033000000001 0.6769801984375 0.7081270625 0.6749174921875001 0.70400165 0.6656353140625 0.696782178125 0.6542904296875001 0.69781353125 0.6470709578125 0.700907590625 0.6419141921875 0.7081270625 0.6419141921875 0.72256600625 0.6491336640625 0.7297854781249999
0 0.580033003125 0.7328795375 0.577970296875 0.728754125 0.570750825 0.723597359375 0.5666254125 0.721534653125 0.559405940625 0.72256600625 0.554249175 0.723597359375 0.547029703125 0.7308168312500001 0.544966996875 0.7349422437500001 0.544966996875 0.7452557750000001 0.55218646875 0.754537953125 0.56456270625 0.756600659375 0.570750825 0.754537953125 0.577970296875 0.74731848125 0.580033003125 0.74319306875 0.580033003125 0.7328795375
0 0.4696782171875 0.7689768984375001 0.4841171609375 0.7689768984375001 0.488242575 0.7669141921875 0.493399340625 0.761757425 0.493399340625 0.74731848125 0.4841171609375 0.738036303125 0.4686468640625 0.73906765625 0.4603960390625 0.7493811874999999 0.4603960390625 0.7596947187499999 0.4624587453125 0.7638201312499999 0.4696782171875 0.7689768984375001
1 0.41501650156250003 0.6833745875 0.4036716171875 0.6885313531249999 0.3964521453125 0.69781353125 0.3964521453125 0.7163778875 0.4057343234375 0.727722771875 0.4139851484375 0.731848184375 0.4304867984375 0.731848184375 0.44389438906249995 0.72256600625 0.4480198015625 0.71431518125 0.4480198015625 0.70193894375 0.4366749171875 0.6864686468750001 0.4284240921875 0.682343234375 0.41501650156250003 0.6833745875
1 0.49030528125000006 0.628712871875 0.50680693125 0.618399340625 0.516089109375 0.6070544546875001 0.5202145218750001 0.5967409234375001 0.5202145218750001 0.5740511546875 0.511963696875 0.5575495046875 0.50268151875 0.5482673265625 0.488242575 0.5420792078125001 0.46658415781249996 0.5431105609375 0.4490511546875 0.5503300328125 0.4377062703125 0.5616749171875 0.43151815156250006 0.5781765671875 0.43151815156250006 0.5905528046875 0.43976897656249997 0.6111798687500001 0.4593646859375 0.626650165625 0.46555280468750004 0.628712871875 0.49030528125000006 0.628712871875
1 0.35726072656249996 0.62355610625 0.3706683171875 0.639026403125 0.3830445546875 0.647277228125 0.3892326734375 0.647277228125 0.3912953796875 0.649339934375 0.40985973593749997 0.649339934375 0.4160478546875 0.647277228125 0.43151815156250006 0.63593234375 0.43976897656249997 0.61943069375 0.43976897656249997 0.6091171609375 0.43358085781250005 0.5988036296875 0.43151815156250006 0.5843646859375 0.4263613859375 0.5771452140625 0.4181105609375 0.5709570953124999 0.4057343234375 0.5688943890625 0.4036716171875 0.5668316828125 0.3861386140625 0.5678630359375 0.3706683171875 0.5750825078124999 0.3634488453125 0.5823019796875 0.3551980203125 0.6029290421875 0.35726072656249996 0.62355610625
0 0.488242575 0.628712871875 0.50680693125 0.618399340625 0.516089109375 0.6070544546875001 0.5202145218750001 0.5967409234375001 0.5202145218750001 0.5740511546875 0.514026403125 0.5596122109375 0.50268151875 0.5482673265625 0.488242575 0.5420792078125001 0.46658415781249996 0.5431105609375 0.4490511546875 0.5503300328125 0.4377062703125 0.5616749171875 0.43151815156250006 0.5781765671875 0.43151815156250006 0.5905528046875 0.43976897656249997 0.6111798687500001 0.4469884484375 0.618399340625 0.46555280468750004 0.628712871875 0.488242575 0.628712871875
1 0.3201320125 0.68131188125 0.3283828390625 0.6648102312499999 0.3283828390625 0.6544966999999999 0.32219471875 0.6400577562499999 0.306724421875 0.626650165625 0.300536303125 0.624587459375 0.28300329999999996 0.6256188125000001 0.275783828125 0.628712871875 0.26650165000000003 0.63799505 0.2623762375 0.646245875 0.2623762375 0.662747525 0.26650165000000003 0.67306105625 0.277846534375 0.684405940625 0.292285478125 0.690594059375 0.302599009375 0.690594059375 0.3201320125 0.68131188125
1 0.3706683171875 0.752475246875 0.3840759078125 0.74319306875 0.3861386140625 0.73906765625 0.3861386140625 0.72669141875 0.3747937296875 0.713283828125 0.3706683171875 0.711221121875 0.3634488453125 0.712252475 0.3634488453125 0.728754125 0.3490099015625 0.7452557750000001 0.3603547859375 0.752475246875 0.3706683171875 0.752475246875
2 0.3325082515625 0.6998762375 0.327351484375 0.700907590625 0.31806930625 0.7101897687500001 0.3160066 0.7205033000000001 0.3201320125 0.7308168312500001 0.3294141921875 0.740099009375 0.3438531359375 0.744224421875 0.3541666671875 0.740099009375 0.3613861390625 0.7328795375 0.3634488453125 0.728754125 0.3634488453125 0.71431518125 0.3459158421875 0.6988448843749999 0.3325082515625 0.6998762375
2 0.3964521453125 0.72256600625 0.3923267328125 0.7308168312500001 0.3923267328125 0.7411303625000001 0.40160891093749995 0.752475246875 0.4139851484375 0.756600659375 0.4242986796875 0.752475246875 0.42533003281250004 0.7493811874999999 0.43358085781250005 0.74319306875 0.4325495046875 0.731848184375 0.4139851484375 0.731848184375 0.4057343234375 0.727722771875 0.3995462046875 0.721534653125 0.3964521453125 0.72256600625
2 0.4346122109375 0.760726071875 0.4428630359375 0.760726071875 0.4511138609375 0.756600659375 0.4583333328125 0.7452557750000001 0.4583333328125 0.73906765625 0.45420792031249996 0.7308168312500001 0.4469884484375 0.725660065625 0.4408003296875 0.725660065625 0.4325495046875 0.731848184375 0.4139851484375 0.731848184375 0.4057343234375 0.727722771875 0.3995462046875 0.721534653125 0.3985148515625 0.72256600625 0.3943894390625 0.72669141875 0.3923267328125 0.73700495 0.3964521453125 0.74731848125 0.4057343234375 0.754537953125 0.4242986796875 0.754537953125 0.4346122109375 0.760726071875
1 0.3882013203125 0.74731848125 0.3737623765625 0.7658828390625 0.3809818484375 0.7751650171875 0.38510726093750003 0.7772277234375 0.39542079218750004 0.7772277234375 0.3995462046875 0.7751650171875 0.40264026406250003 0.7700082515625 0.40057755781250004 0.7638201312499999 0.3964521453125 0.7596947187499999 0.3964521453125 0.75556930625 0.40057755781250004 0.7535065999999999 0.39542079218750004 0.746287128125 0.3882013203125 0.74731848125
0 0.3118811875 0.7658828390625 0.31394389375 0.7700082515625 0.323226071875 0.7772277234375 0.3335396046875 0.7772277234375 0.3376650171875 0.7751650171875 0.34075907656250004 0.7658828390625 0.3366336640625 0.7596947187499999 0.3366336640625 0.7493811874999999 0.3314768984375 0.746287128125 0.3201320125 0.74731848125 0.3118811875 0.75556930625 0.3118811875 0.7658828390625
0 0.3758250828125 0.7700082515625 0.3809818484375 0.7751650171875 0.38510726093750003 0.7772277234375 0.39542079218750004 0.7772277234375 0.40264026406250003 0.7720709578125 0.40264026406250003 0.7679455453124999 0.3985148515625 0.7638201312499999 0.3985148515625 0.75144389375 0.3964521453125 0.74731848125 0.3882013203125 0.74731848125 0.3737623765625 0.7638201312499999 0.3758250828125 0.7700082515625
2 0.3686056109375 0.762788778125 0.3789191421875 0.758663365625 0.3861386140625 0.75144389375 0.3861386140625 0.74319306875 0.3820132015625 0.74319306875 0.3747937296875 0.750412540625 0.3686056109375 0.752475246875 0.3603547859375 0.752475246875 0.3438531359375 0.744224421875 0.3366336640625 0.75144389375 0.3366336640625 0.761757425 0.3459158421875 0.7710396046875 0.3582920796875 0.7731023109375 0.36241749218749997 0.7710396046875 0.3686056109375 0.762788778125
1 0.40264026406250003 0.7535065999999999 0.40264026406250003 0.7576320125 0.4160478546875 0.7689768984375001 0.4242986796875 0.7689768984375001 0.43358085781250005 0.761757425 0.4242986796875 0.754537953125 0.40264026406250003 0.7535065999999999
0 0.294348184375 0.7710396046875 0.3036303625 0.7658828390625 0.307755775 0.7596947187499999 0.307755775 0.75144389375 0.300536303125 0.742161715625 0.296410890625 0.740099009375 0.2871287125 0.7411303625000001 0.27887788750000003 0.74731848125 0.27887788750000003 0.761757425 0.28609735937499997 0.7689768984375001 0.294348184375 0.7710396046875
0 0.2871287125 0.7411303625000001 0.27887788750000003 0.74731848125 0.27887788750000003 0.761757425 0.281971946875 0.762788778125 0.292285478125 0.7751650171875 0.29847359687499997 0.7772277234375 0.308787128125 0.7751650171875 0.3118811875 0.7720709578125 0.3118811875 0.7576320125 0.30981848125 0.7535065999999999 0.300536303125 0.742161715625 0.294348184375 0.740099009375 0.2871287125 0.7411303625000001
1 0.27681518125000004 0.75144389375 0.27887788750000003 0.7493811874999999 0.27372112187500003 0.744224421875 0.26443894375 0.7452557750000001 0.259282178125 0.750412540625 0.255156765625 0.750412540625 0.251031353125 0.746287128125 0.244843234375 0.746287128125 0.24174917499999998 0.7493811874999999 0.24381188125 0.75556930625 0.2376237625 0.7638201312499999 0.2376237625 0.7679455453124999 0.244843234375 0.7751650171875 0.251031353125 0.7751650171875 0.258250825 0.7720709578125 0.26031353125 0.7658828390625 0.25618811875 0.761757425 0.25618811875 0.7576320125 0.259282178125 0.754537953125 0.26443894375 0.75556930625 0.26443894375 0.761757425 0.26856435625 0.7638201312499999 0.269595709375 0.7731023109375 0.277846534375 0.7731023109375 0.28300329999999996 0.7700082515625 0.28300329999999996 0.7658828390625 0.27681518125000004 0.7576320125 0.27681518125000004 0.75144389375
1 0.1881188125 0.72256600625 0.185024753125 0.723597359375 0.17780528125 0.7328795375 0.1798679875 0.7452557750000001 0.191212871875 0.754537953125 0.199463696875 0.754537953125 0.20358910937500002 0.752475246875 0.205651815625 0.748349834375 0.22421617187499998 0.752475246875 0.228341584375 0.750412540625 0.23556105624999998 0.7411303625000001 0.23556105624999998 0.7349422437500001 0.22731023125 0.7246287125 0.22731023125 0.7163778875 0.22318481874999999 0.7081270625 0.21390264062500003 0.6988448843749999 0.20462046250000002 0.69781353125 0.199463696875 0.6988448843749999 0.192244225 0.70400165 0.1881188125 0.7101897687500001 0.1881188125 0.72256600625
2 0.1582095703125 0.651402640625 0.1520214515625 0.649339934375 0.1406765671875 0.6503712875 0.1375825078125 0.651402640625 0.1283003296875 0.662747525 0.1262376234375 0.66893564375 0.1283003296875 0.68131188125 0.1437706265625 0.6988448843749999 0.1499587453125 0.6988448843749999 0.1520214515625 0.700907590625 0.1623349828125 0.6988448843749999 0.17367986875000002 0.68543729375 0.17161716093749999 0.6668729375 0.1582095703125 0.651402640625
2 0.0952970296875 0.66893564375 0.08704620468749999 0.6751237625 0.0849834984375 0.68131188125 0.08704620468749999 0.695750825 0.0963283828125 0.707095709375 0.10045379531250001 0.7091584156249999 0.11076732656249999 0.7091584156249999 0.1148927390625 0.707095709375 0.1200495046875 0.6998762375 0.1200495046875 0.68543729375 0.11076732656249999 0.672029703125 0.1025165015625 0.667904290625 0.0952970296875 0.66893564375
2 0.1798679875 0.70400165 0.1798679875 0.6916254125 0.17780528125 0.68543729375 0.174711221875 0.682343234375 0.17161716093749999 0.6833745875 0.1695544546875 0.6916254125 0.16439768906250002 0.696782178125 0.1602722765625 0.6988448843749999 0.1448019796875 0.6998762375 0.1448019796875 0.70606435625 0.1520214515625 0.713283828125 0.1561468640625 0.715346534375 0.1685231015625 0.715346534375 0.17780528125 0.7081270625 0.1798679875 0.70400165
2 0 0.6386654296875001 0.00144389375 0.639026403125 0.012788778125 0.6297442249999999 0.012788778125 0.61943069375 0.014851484374999998 0.6173679875 0.012788778125 0.6153052812500001 0.012788778125 0.6091171609375 0.008663365624999999 0.6008663359375 0.00144389375 0.5936468640625 0 0.5929249171875 0 0.6386654296875001
2 0.22421617187499998 0.7648514843750001 0.23659240937499998 0.7648514843750001 0.24381188125 0.7576320125 0.24381188125 0.7493811874999999 0.24174917499999998 0.7452557750000001 0.23659240937499998 0.740099009375 0.23556105624999998 0.7411303625000001 0.23143564374999998 0.74731848125 0.22421617187499998 0.752475246875 0.21493399375000002 0.7535065999999999 0.22421617187499998 0.7648514843750001