1 0.506229903125 0.7504019296875 0.494172025 0.744372990625 0.47407556250000005 0.744372990625 0.4600080390625 0.7504019296875 0.4509646296875 0.7594453375 0.44493569062500005 0.771503215625 0.44493569062500005 0.7855707390625 0.448954984375 0.7956189703125001 0.4549839234375 0.8036575562499999 0.46402733124999995 0.81069131875 0.47407556250000005 0.8147106109375001 0.48412379375 0.8147106109375001 0.486133440625 0.8167202578125 0.4881430875 0.8147106109375001 0.49819131875 0.8147106109375001 0.510249196875 0.8086816718750001 0.5213022515625 0.7976286171875 0.523311896875 0.791599678125 0.5223070734374999 0.7664791 0.5213022515625 0.761454984375 0.5122588421875001 0.7504019296875 0.506229903125 0.7504019296875
1 0.4198151125 0.4469453375 0.404742765625 0.46402733124999995 0.40072347343750003 0.472065915625 0.40072347343750003 0.5002009640625 0.404742765625 0.5042202578125 0.40876205781249997 0.5142684890625 0.4198151125 0.52532154375 0.439911575 0.533360128125 0.4579983921875 0.533360128125 0.476085209375 0.523311896875 0.48512861718750006 0.5142684890625 0.49316720312499995 0.49819131875 0.49316720312499995 0.4881430875 0.4951768484375 0.486133440625 0.494172025 0.4770900328125 0.49115755625 0.46402733124999995 0.48211414843749995 0.4509646296875 0.462017684375 0.44091639843749997 0.43790192968749997 0.43890675312500005 0.4198151125 0.4469453375
1 0.462017684375 0.1997588421875 0.45598874531250005 0.1917202578125 0.44995980781249995 0.1897106109375 0.4459405140625 0.18569131875 0.439911575 0.18569131875 0.43790192968749997 0.183681671875 0.4157958203125 0.183681671875 0.40976688125000005 0.18569131875 0.40574758906249997 0.1897106109375 0.39971865 0.1917202578125 0.3886655953125 0.2047829578125 0.3886655953125 0.2088022515625 0.3846463015625 0.2148311890625 0.3846463015625 0.23492765312500002 0.3886655953125 0.2429662375 0.40574758906249997 0.2580385859375 0.417805465625 0.262057878125 0.43187299062499995 0.262057878125 0.43790192968749997 0.26004823125 0.44995980781249995 0.2540192921875 0.46503215468750003 0.2389469453125 0.469051446875 0.2268890671875 0.46804662343750003 0.20377813437499998 0.462017684375 0.1997588421875
1 0.3384244375 0.5263263671875 0.3454582 0.535369775 0.3655546625 0.5393890671875 0.3816318328125 0.533360128125 0.3886655953125 0.5263263671875 0.394694534375 0.5142684890625 0.3936897109375 0.5012057875 0.3926848875 0.494172025 0.385651125 0.4831189703125 0.3715836015625 0.4750803859375 0.3615353703125 0.4750803859375 0.3494774921875 0.479099678125 0.3384244375 0.4881430875 0.3323954984375 0.5022106109375 0.3323954984375 0.5122588421875001 0.3384244375 0.5263263671875
1 0.3374196140625 0.5273311890625 0.3303858515625 0.53838424375 0.3303858515625 0.5444131828125001 0.32837620625 0.5464228296875 0.3303858515625 0.5584807078125 0.3344051453125 0.5665192921875 0.343448553125 0.5755627015625 0.353496784375 0.57958199375 0.3655546625 0.57958199375 0.3695739546875 0.5755627015625 0.37560289375 0.5735530546875001 0.3866559484375 0.5564710609375 0.385651125 0.547427653125 0.3846463015625 0.5424035375 0.3796221859375 0.535369775 0.367564309375 0.5393890671875 0.3575160765625 0.5393890671875 0.3454582 0.535369775 0.3374196140625 0.5273311890625
1 0.363545015625 0.5836012859374999 0.3524919609375 0.594654340625 0.350482315625 0.5986736328125 0.350482315625 0.61676045 0.363545015625 0.635852090625 0.3715836015625 0.6398713828125 0.38967041875 0.6398713828125 0.397709003125 0.635852090625 0.40675241093750003 0.62680868125 0.4107717046875 0.61676045 0.40976688125000005 0.601688103125 0.40675241093750003 0.5926446953125 0.39971865 0.5856109328125 0.39569935625 0.5856109328125 0.3916800640625 0.581591640625 0.385651125 0.57958199375 0.373593246875 0.57958199375 0.363545015625 0.5836012859374999
1 0.40072347343750003 0.717242765625 0.40273311874999995 0.7112138265625 0.4017282953125 0.698151125 0.39569935625 0.68810289375 0.3836414796875 0.6820739546875 0.3695739546875 0.6820739546875 0.3565112546875 0.6911173640625 0.3524919609375 0.7051848875 0.3545016078125 0.707194534375 0.3545016078125 0.7132234734375 0.363545015625 0.7242765265625 0.3715836015625 0.7282958203125001 0.387660771875 0.7282958203125001 0.40072347343750003 0.717242765625
1 0.5453318796875 1 0.5444131828125001 0.9935691312499999 0.5343649515625 0.9875401921875 0.51828778125 0.9875401921875 0.510249196875 0.9915594859375 0.5052250796875 0.9985932468750001 0.50592845625 1 0.5453318796875 1
1 0.451969453125 0.9091639875 0.439911575 0.9091639875 0.4308681671875 0.914188103125 0.4288585203125 0.924236334375 0.4308681671875 0.9282556265625 0.43790192968749997 0.9332797421875 0.4539791 0.9352893890624999 0.4630225078125 0.9282556265625 0.46503215468750003 0.924236334375 0.46402733124999995 0.91921221875 0.4600080390625 0.9131832796875001 0.451969453125 0.9091639875
1 0.36856913125 0.8177250796875001 0.370578778125 0.8237540187500001 0.377612540625 0.83078778125 0.3816318328125 0.832797428125 0.39569935625 0.832797428125 0.40273311874999995 0.825763665625 0.4017282953125 0.8127009640624999 0.39569935625 0.8066720249999999 0.37560289375 0.8066720249999999 0.370578778125 0.8096864953124999 0.36856913125 0.8177250796875001
0 0.350482315625 0.7534163984375 0.34847266875 0.7634646296875001 0.3524919609375 0.771503215625 0.3615353703125 0.7805466234375 0.3796221859375 0.778536978125 0.38263665625 0.7755225078125 0.3816318328125 0.7725080390625 0.370578778125 0.7594453375 0.367564309375 0.7463826359375 0.3595257234375 0.7463826359375 0.350482315625 0.7534163984375
0 0.407757234375 0.7725080390625 0.41680064375 0.761454984375 0.4157958203125 0.744372990625 0.407757234375 0.734324759375 0.39569935625 0.730305465625 0.385651125 0.730305465625 0.377612540625 0.734324759375 0.370578778125 0.7413585203124999 0.36856913125 0.7534163984375 0.370578778125 0.7594453375 0.3796221859375 0.7704983921874999 0.38967041875 0.774517684375 0.40373794218750003 0.774517684375 0.407757234375 0.7725080390625
0 0.49819131875 0.9835209 0.510249196875 0.9795016078125001 0.5152733125 0.9744774921875001 0.5142684890625 0.9634244375 0.506229903125 0.9573954984374999 0.4881430875 0.9573954984374999 0.479099678125 0.9624196140624999 0.4770900328125 0.9724678453125 0.4801045015625 0.9774919609375001 0.49819131875 0.9835209
0 0.336414790625 0.7313102890625001 0.336414790625 0.7232717046875 0.34847266875 0.7132234734375 0.3474678453125 0.70819935625 0.3354099671875 0.710209003125 0.326366559375 0.7212620578125 0.326366559375 0.72930064375 0.3354099671875 0.7383440515624999 0.340434084375 0.737339228125 0.336414790625 0.7313102890625001
1 0.353496784375 0.71221865 0.3474678453125 0.71221865 0.34143890625 0.7162379421875 0.336414790625 0.7232717046875 0.3384244375 0.737339228125 0.3494774921875 0.7463826359375 0.363545015625 0.7463826359375 0.367564309375 0.744372990625 0.3745980703125 0.73532958125 0.373593246875 0.7282958203125001 0.363545015625 0.7242765265625 0.353496784375 0.71221865
1 0.3585209 0.7855707390625 0.3585209 0.793609325 0.3625401921875 0.7996382640624999 0.3715836015625 0.8066720249999999 0.387660771875 0.8066720249999999 0.394694534375 0.7976286171875 0.3936897109375 0.7865755625 0.385651125 0.778536978125 0.3695739546875 0.778536978125 0.363545015625 0.7805466234375 0.3585209 0.7855707390625