2 0.81884920625 0.5543650796875 0.8307539687500001 0.5484126984375 0.8416666671874999 0.5355158734375001 0.8416666671874999 0.5236111109375 0.84365079375 0.5196428578125001 0.8357142859375 0.5097222218749999 0.8357142859375 0.5077380953125 0.8248015875 0.49880952343749996 0.7990079359375 0.49880952343749996 0.7861111109375 0.5077380953125 0.7841269843750001 0.5136904765625 0.7801587296875 0.5176587296874999 0.7801587296875 0.5335317453124999 0.7821428578125 0.5375 0.79305555625 0.550396825 0.8019841265625001 0.553373015625 0.8109126984374999 0.5543650796875 0.8148809531250001 0.552380953125 0.81884920625 0.5543650796875
2 0.8206311796874999 0.49395014687499994 0.8424565765625 0.49395014687499994 0.851385146875 0.4850215765625 0.8553534015625001 0.47708506875 0.8553534015625001 0.46319617968750004 0.853369275 0.461212053125 0.853369275 0.4572437984375 0.8424565765625 0.4463311 0.838488321875 0.4443469734375 0.8305518140625001 0.4443469734375 0.82261530625 0.4483152265625 0.8186470531250001 0.4463311 0.8087264171875 0.4463311 0.8047581640624999 0.4483152265625 0.793845465625 0.461212053125 0.7918613375 0.47708506875 0.7958295921875 0.4850215765625 0.8027740359375001 0.4919660203125 0.8057502265625001 0.492958084375 0.8166629249999999 0.49395014687499994 0.8186470531250001 0.4919660203125 0.8206311796874999 0.49395014687499994
1 0.63134920625 0.5494047625 0.6353174609375001 0.5394841265625 0.6333333328124999 0.5375 0.6353174609375001 0.5255952374999999 0.6333333328124999 0.5196428578125001 0.6204365078125 0.50674603125 0.6105158734375 0.502777778125 0.5966269843750001 0.502777778125 0.590674603125 0.5047619046875 0.584722221875 0.5126984125 0.5807539687500001 0.5126984125 0.5757936515625001 0.5176587296874999 0.571825396875 0.5275793656250001 0.5738095234375 0.5335317453124999 0.571825396875 0.5375 0.5757936515625001 0.5494047625 0.5857142859375 0.5573412703125 0.5867063484374999 0.5623015875 0.597619046875 0.565277778125 0.60654761875 0.566269840625 0.6204365078125 0.5603174609375 0.63134920625 0.5494047625
2 0.39195608437499996 0.567914540625 0.3998925921875 0.554025653125 0.397908465625 0.5441050171875 0.3998925921875 0.542120890625 0.3998925921875 0.5341843828124999 0.3959243375 0.5262478749999999 0.3869957671875 0.5173193031250001 0.379059259375 0.5133510484375 0.35524973437499996 0.5133510484375 0.3492973546875 0.5153351765624999 0.33838465625 0.5262478749999999 0.33838465625 0.54608914375 0.342352909375 0.5500573984375 0.33838465625 0.5560097796875 0.3403687828125 0.5659304140625 0.35128148124999997 0.5768431125 0.35624179843750003 0.5778351765624999 0.3711227515625 0.5788272390625 0.3830275125 0.5748589859375001 0.39195608437499996 0.567914540625
2 0.08075396875 0.5880952374999999 0.08273809531250001 0.5920634921875 0.0867063484375 0.5920634921875 0.103571428125 0.5771825390624999 0.10952380937499999 0.5632936515625 0.10952380937499999 0.559325396875 0.10555555624999999 0.553373015625 0.1075396828125 0.5513888890625 0.1075396828125 0.5434523812500001 0.096626984375 0.5305555562500001 0.08075396875 0.5226190468749999 0.0748015875 0.5226190468749999 0.0728174609375 0.5265873015625 0.06884920624999999 0.5226190468749999 0.050992064062499995 0.5226190468749999 0.035119046875 0.5305555562500001 0.0242063484375 0.5414682546875 0.01825396875 0.5553571421875 0.020238095312500003 0.5632936515625 0.01825396875 0.56924603125 0.022222221875 0.5771825390624999 0.029166667187500002 0.584126984375 0.0460317453125 0.5950396828125 0.07083333281250001 0.5960317453124999 0.0767857140625 0.59404761875 0.08075396875 0.5880952374999999
1 0.0748015875 0.51865079375 0.084722221875 0.51865079375 0.0867063484375 0.5166666671875 0.096626984375 0.5166666671875 0.10654761875 0.5126984125 0.11746031718750001 0.49186507968750004 0.11746031718750001 0.4799603171875 0.1115079359375 0.472023809375 0.1115079359375 0.46805555625000006 0.10059523749999999 0.4571428578125 0.084722221875 0.44920634843749996 0.052976190624999996 0.4511904765625 0.041071428125 0.4571428578125 0.030158729687500004 0.4700396828125 0.028174603124999996 0.49384920625 0.034126984375 0.50575396875 0.0480158734375 0.5176587296874999 0.0668650796875 0.51865079375 0.06884920624999999 0.5126984125 0.0748015875 0.51865079375
1 0.4011904765625 0.487896825 0.403174603125 0.4859126984375 0.403174603125 0.477976190625 0.4011904765625 0.47599206406250005 0.3992063484375 0.46607142812499996 0.3882936515625 0.453174603125 0.3763888890625 0.447222221875 0.3644841265625 0.4452380953125 0.3625 0.447222221875 0.3545634921875 0.447222221875 0.346626984375 0.4511904765625 0.3396825390625 0.45813492031249997 0.3396825390625 0.4640873015625 0.3297619046875 0.472023809375 0.3297619046875 0.489880953125 0.333730159375 0.49980158750000003 0.3367063484375 0.502777778125 0.340674603125 0.502777778125 0.3456349203125 0.5097222218749999 0.384325396875 0.5107142859375 0.3992063484375 0.4978174609375 0.4011904765625 0.487896825
3 0.96875 0.4953125 0.0625 0.128125
3 0.815625 0.490625 0.096875 0.1546875
3 0.6125 0.4984375 0.0875 0.1453125
3 0.365625 0.50625 0.1125 0.1796875
3 0.0640625 0.5125 0.1265625 0.178125