1 0.6296288484375 0.6409055453125 0.627651 0.6369498499999999 0.6197396078125 0.6369498499999999 0.6157839109375 0.6389276984375 0.6068835953125 0.6498058624999999 0.6068835953125 0.6676064953124999 0.6088614437500001 0.66958434375 0.6088614437500001 0.6755178875000001 0.6197396078125 0.6863960515625 0.6256731515625 0.6883739 0.631606696875 0.6883739 0.63358454375 0.6844182046875 0.637540240625 0.6883739 0.6454516328125 0.6863960515625 0.65435195 0.6774957359375 0.6583076453125 0.66958434375 0.6573187218750001 0.6547504828124999 0.6563297968749999 0.6517837109375 0.6395180890625001 0.6369498499999999 0.63358454375 0.6369498499999999 0.6296288484375 0.6409055453125
2 0.6004746828124999 0.4452136078125 0.6004746828124999 0.45114715156249996 0.6044303796875 0.45510284843750004 0.60245253125 0.45905854375 0.60245253125 0.47290348125000004 0.6054193031249999 0.4778481015625 0.61530854375 0.4837816453125 0.635087025 0.48180379687499997 0.639042721875 0.47982595000000006 0.6499208859375 0.46696993593749997 0.6489319625000001 0.45411392343749996 0.645965190625 0.45114715156249996 0.6479430374999999 0.449169303125 0.645965190625 0.443235759375 0.639042721875 0.43631329062499996 0.6311313296875001 0.4323575953125 0.61530854375 0.4323575953125 0.6004746828124999 0.4452136078125
1 0.5876568296875 0.0710093140625 0.59853499375 0.0799096296875 0.614357778125 0.07793178125 0.618313475 0.0739760859375 0.62424701875 0.07199823749999999 0.63710303125 0.057164376562499994 0.6361141078125 0.0344191234375 0.62424701875 0.0185963390625 0.614357778125 0.0146406421875 0.6005128421875 0.016618490625 0.5896346765625 0.0274966546875 0.581723284375 0.043319440625 0.581723284375 0.0611200734375 0.58469005625 0.0640868453125 0.5896346765625 0.06507576875 0.5876568296875 0.0710093140625
2 0.5490506328125 0.463014240625 0.5490506328125 0.47290348125000004 0.559928796875 0.48773734218750003 0.5717958859375 0.49367088593749997 0.5816851265625 0.49367088593749997 0.5945411390625 0.48674841718749995 0.5965189875 0.47883702499999997 0.60245253125 0.4709256328125 0.6014636078125 0.46004746875 0.5965189875 0.457080696875 0.5984968359375 0.453125 0.5915743671875 0.4422468359375 0.573773734375 0.4382911390625 0.5717958859375 0.4402689875 0.5658623421875 0.4402689875 0.5530063296875001 0.45114715156249996 0.5490506328125 0.463014240625
1 0.6128553296875 0.2307780765625 0.6049439359375001 0.234733771875 0.5980214687500001 0.2396783921875 0.5920879234374999 0.2495676328125 0.5920879234374999 0.25550117656250004 0.5901100765625 0.257479025 0.5920879234374999 0.27330180937500004 0.600988240625 0.284179975 0.6148331765624999 0.284179975 0.616811025 0.2822021265625 0.6187888734375 0.284179975 0.6306559625 0.284179975 0.6395562781249999 0.27527965781249997 0.6454898234375 0.2653904171875 0.6445008984375 0.24660086093750003 0.6346116578125 0.234733771875 0.626700265625 0.2307780765625 0.620766721875 0.2307780765625 0.6187888734375 0.23275592343749998 0.6128553296875 0.2307780765625
1 0.5551073109375 0.2203292234375 0.5462069953124999 0.23120738749999997 0.5422512984375001 0.2430744765625 0.5462069953124999 0.260875109375 0.56104085625 0.273731121875 0.576863640625 0.273731121875 0.5808193375 0.2717532734375 0.5916975015625 0.260875109375 0.590708578125 0.23021846406250002 0.589719653125 0.2272516921875 0.5857639578125 0.22527384375 0.5857639578125 0.221318146875 0.576863640625 0.21637352656250003 0.5630187046875 0.21637352656250003 0.5590630078125 0.218351375 0.5570851593749999 0.22230707187499998 0.5551073109375 0.2203292234375
2 0.5352056968750001 0.065466771875 0.53718354375 0.0733781640625 0.5460838609375 0.08227848125000001 0.55003955625 0.0803006328125 0.553995253125 0.08425632968749999 0.5658623421875 0.08227848125000001 0.57674050625 0.0733781640625 0.5787183546875 0.06942246875 0.57674050625 0.0634889234375 0.5787183546875 0.059533228125000004 0.5777294296875 0.028876582812500003 0.5658623421875 0.0189873421875 0.5520174046874999 0.0189873421875 0.5441060125 0.0229430375 0.53718354375 0.02986550625 0.53125 0.041732595312499995 0.53125 0.0615110765625 0.5352056968750001 0.065466771875
2 0.5302610765625 0.430379746875 0.5164161390625 0.4323575953125 0.505537975 0.4412579109375 0.501582278125 0.449169303125 0.501582278125 0.463014240625 0.5035601265625 0.4649920890625 0.5035601265625 0.46894778437499995 0.5183939875 0.48180379687499997 0.52432753125 0.48180379687499997 0.5263053796875 0.4837816453125 0.5322389234375 0.48180379687499997 0.5361946203125 0.4778481015625 0.5421281640625 0.4778481015625 0.5490506328125 0.4709256328125 0.5490506328125 0.45905854375 0.55102848125 0.457080696875 0.55003955625 0.4481803796875 0.5490506328125 0.443235759375 0.5401503171875001 0.43433544375000005 0.5342167718749999 0.43433544375000005 0.5302610765625 0.430379746875
1 0.6528876578125 0.885284809375 0.6657436703124999 0.8704509500000001 0.664754746875 0.84968354375 0.661787975 0.8427610765625 0.6469541140625 0.8299050640625 0.6311313296875001 0.827927215625 0.6232199359374999 0.8318829109375001 0.6143196203125 0.8447389234375 0.6123417718749999 0.85067246875 0.6143196203125 0.8684731015624999 0.62915348125 0.885284809375 0.6410205703125 0.88924050625 0.6489319625000001 0.8872626578125 0.6528876578125 0.885284809375
2 0.5698180374999999 0.64200949375 0.5658623421875 0.64200949375 0.5589398734375 0.650909809375 0.556962025 0.66871044375 0.5589398734375 0.6746439875 0.567840190625 0.6855221515625 0.5717958859375 0.6855221515625 0.5757515828125 0.6914556968750001 0.5856408234375 0.6914556968750001 0.5915743671875 0.6894778484375 0.593552215625 0.6855221515625 0.599485759375 0.6855221515625 0.60245253125 0.6825553796875 0.6044303796875 0.6785996828124999 0.60344145625 0.657832278125 0.60245253125 0.6489319625000001 0.5955300640625001 0.6400316453125 0.5777294296875 0.6360759500000001 0.5717958859375 0.638053796875 0.5698180374999999 0.64200949375
1 0.49762658281250005 0.2830300640625 0.5104825953125001 0.293908228125 0.52432753125 0.2958860765625 0.5302610765625 0.2879746828125 0.5361946203125 0.2879746828125 0.5450949359374999 0.2790743671875 0.5441060125 0.25632911406250003 0.541139240625 0.24940664531249998 0.5361946203125 0.24446202499999997 0.5282832281250001 0.24248417656250001 0.52432753125 0.23852848125 0.5104825953125001 0.2405063296875 0.501582278125 0.24742879687500002 0.495648734375 0.25731803750000004 0.49367088593749997 0.2731408234375 0.49762658281250005 0.2830300640625
3 0.6015625 0.8546875 0.1171875 0.078125
3 0.6015625 0.6609375 0.121875 0.0765625
3 0.6046875 0.659375 0.1375 0.0875
3 0.5953125 0.459375 0.1296875 0.0796875
3 0.590625 0.253125 0.134375 0.08125
3 0.5765625 0.0515625 0.1375 0.1015625