1 0.33306709218749997 0.61481629375 0.3310702875 0.6168130984375 0.3310702875 0.632787540625 0.33306709218749997 0.6387779546875 0.3500399359375 0.657747603125 0.35802715625000003 0.6617412140625001 0.3720047921875 0.6637380187499999 0.374001596875 0.6617412140625001 0.385982428125 0.659744409375 0.40095846718750006 0.646765175 0.4049520765625 0.6387779546875 0.4049520765625 0.630790734375 0.40694888125000006 0.6287939296875 0.4049520765625 0.61481629375 0.40095846718750006 0.6068290734375 0.3899760390625 0.5958466453125 0.3799920125 0.5898562296875001 0.374001596875 0.587859425 0.3510383390625 0.588857828125 0.33306709218749997 0.608825878125 0.33306709218749997 0.61481629375
1 0.0714856234375 0.564896165625 0.0774760390625 0.5788738015625 0.0884584671875 0.5898562296875001 0.0964456875 0.593849840625 0.11441693281250001 0.593849840625 0.122404153125 0.5898562296875001 0.1353833859375 0.5748801921875 0.1373801921875 0.5688897765625 0.1373801921875 0.542931309375 0.1313897765625 0.5289536734375 0.1204073484375 0.515974440625 0.1084265171875 0.509984025 0.0934504796875 0.5109824281249999 0.08646166093749999 0.5139776359375 0.073482428125 0.5289536734375 0.073482428125 0.5349440890625 0.0714856234375 0.5369408953125 0.0714856234375 0.564896165625
1 0.151357828125 0.642771565625 0.151357828125 0.62480031875 0.13837859375 0.6058306703125 0.12839456875 0.6018370609375 0.1154153359375 0.6028354625000001 0.1084265171875 0.6058306703125 0.105431309375 0.610822684375 0.1034345046875 0.6168130984375 0.1034345046875 0.6387779546875 0.11841054375 0.6557507984375001 0.12839456875 0.659744409375 0.14037539999999998 0.657747603125 0.14736421718749998 0.6507587859374999 0.151357828125 0.642771565625
1 0.1703274765625 0.6777156546875001 0.17831469687499998 0.6737220453125 0.1853035140625 0.664736421875 0.1853035140625 0.6447683703125 0.1743210859375 0.6277955265624999 0.16234025624999998 0.6238019171875 0.1533546328125 0.62480031875 0.151357828125 0.6267971250000001 0.151357828125 0.642771565625 0.149361021875 0.6487619812500001 0.14137380156249998 0.6567492015624999 0.14137380156249998 0.6607428109375 0.14337060625 0.664736421875 0.156349840625 0.67571885 0.1703274765625 0.6777156546875001
1 0.22623801875 0.6297923328125 0.21425718906250002 0.6238019171875 0.19928115 0.62480031875 0.1853035140625 0.6407747609375 0.1853035140625 0.6567492015624999 0.18730031875 0.6627396171875 0.198282746875 0.67571885 0.20626996874999998 0.679712459375 0.2242412140625 0.679712459375 0.23522364218749997 0.6707268375 0.23722044687500002 0.664736421875 0.23722044687500002 0.646765175 0.22623801875 0.6297923328125
1 0.3310702875 0.6847044734375001 0.3270766765625 0.676717253125 0.320087859375 0.669728434375 0.310103834375 0.665734825 0.29912140625 0.6667332265625 0.287140575 0.6787140578125 0.287140575 0.6847044734375001 0.2851437703125 0.6867012781249999 0.287140575 0.698682109375 0.2961261984375 0.70766773125 0.30411341875 0.7116613421875 0.320087859375 0.7116613421875 0.3310702875 0.698682109375 0.3310702875 0.6847044734375001
1 0.33306709218749997 0.70267571875 0.325079871875 0.71265974375 0.3270766765625 0.7286341859375 0.3400559109375 0.7376198078125 0.3500399359375 0.7376198078125 0.354033546875 0.735623003125 0.3610223640625 0.724640575 0.3610223640625 0.7206469656250001 0.35603035156249996 0.7156549515624999 0.3500399359375 0.7156549515624999 0.3360623 0.701677315625 0.33306709218749997 0.70267571875
1 0.40195686875 0.7376198078125 0.4159345046875 0.7396166140625 0.4289137375 0.730630990625 0.4289137375 0.7166533546875 0.4159345046875 0.7056709265625 0.40694888125000006 0.7066693296875 0.40195686875 0.70766773125 0.39696485625 0.71265974375 0.3949680515625 0.7286341859375 0.40195686875 0.7376198078125
1 0.451876996875 0.7396166140625 0.46086262031249997 0.7286341859375 0.46086262031249997 0.7206469656250001 0.451876996875 0.7096645374999999 0.44788338593750004 0.70766773125 0.4388977640625 0.708666134375 0.4289137375 0.7166533546875 0.4289137375 0.730630990625 0.4378993609375 0.7396166140625 0.451876996875 0.7396166140625
1 0.5607028749999999 0.7046725234375 0.5607028749999999 0.7166533546875 0.571685303125 0.725638978125 0.5816693296875 0.725638978125 0.5906549515624999 0.718650159375 0.5946485625 0.7106629390625 0.5926517578125 0.70267571875 0.583666134375 0.6936900953125 0.5706869015625 0.6946884984375 0.56769169375 0.6956869015625 0.5607028749999999 0.7046725234375
1 0.6805111828125 0.6667332265625 0.6805111828125 0.6807108625 0.6914936109375 0.6896964859375 0.7054712453125 0.68769968125 0.7144568687499999 0.676717253125 0.7144568687499999 0.6627396171875 0.7124600640625001 0.65874600625 0.7054712453125 0.65375399375 0.6964856234375 0.652755590625 0.6914936109375 0.65375399375 0.6805111828125 0.6667332265625
0 0.638578275 0.66873003125 0.6285942484375 0.676717253125 0.6265974437499999 0.6807108625 0.6265974437499999 0.69269169375 0.6335862624999999 0.701677315625 0.6455670921875 0.703674121875 0.6515575078125 0.701677315625 0.6605431312500001 0.69269169375 0.6625399359374999 0.6807108625 0.6535543125000001 0.669728434375 0.6495607031249999 0.6677316296875 0.638578275 0.66873003125
0 0.374001596875 0.7116613421875 0.380990415625 0.70267571875 0.380990415625 0.6867012781249999 0.3789936109375 0.6827076671875 0.3680111828125 0.6737220453125 0.35603035156249996 0.669728434375 0.35303514375 0.6707268375 0.34804313124999997 0.6717252390625 0.3390575078125 0.6807108625 0.3350638984375 0.6906948875000001 0.3350638984375 0.696685303125 0.3390575078125 0.7066693296875 0.3500399359375 0.7156549515624999 0.3680111828125 0.7156549515624999 0.374001596875 0.7116613421875
0 0.3949680515625 0.7286341859375 0.3949680515625 0.7226437703124999 0.39696485625 0.7206469656250001 0.3949680515625 0.71265974375 0.3879792328125 0.7056709265625 0.3839856234375 0.703674121875 0.380990415625 0.7046725234375 0.3720047921875 0.7136581468750001 0.364017571875 0.7156549515624999 0.3610223640625 0.718650159375 0.36301916875 0.7286341859375 0.3700079875 0.735623003125 0.375998403125 0.7376198078125 0.3879792328125 0.735623003125 0.3949680515625 0.7286341859375
0 0.3310702875 0.73662140625 0.3310702875 0.7386182109375 0.3340654953125 0.74161341875 0.3360623 0.74161341875 0.3380591046875 0.7436102234375 0.3500399359375 0.7436102234375 0.3570287546875 0.73662140625 0.3570287546875 0.7346246 0.35603035156249996 0.7336261984375 0.354033546875 0.7336261984375 0.352036740625 0.735623003125 0.3500399359375 0.735623003125 0.34804313124999997 0.7376198078125 0.342052715625 0.7376198078125 0.3400559109375 0.735623003125 0.3360623 0.735623003125 0.332068690625 0.73162939375 0.330071884375 0.73162939375 0.32907348281250004 0.7326277953125 0.32907348281250004 0.7346246 0.3310702875 0.73662140625