2 0.871875 0.640625 0.0515625 0.046875
2 0.234375 0.6859375 0.0609375 0.0578125
1 0.934375 0.659375 0.053125 0.05
1 0.103125 0.715625 0.0734375 0.06875
2 0.228125 0.5859375 0.0640625 0.059375
1 0.35 0.665625 0.0546875 0.053125
1 0.3421875 0.621875 0.053125 0.053125
1 0.4515625 0.659375 0.05 0.053125
1 0.3515625 0.571875 0.05 0.0484375
2 0.2375 0.63125 0.05625 0.05
3 0.4890625 0.5375 0.021875 0.0375
3 0.4515625 0.63125 0.06875 0.1265625
3 0.346875 0.640625 0.071875 0.134375
3 0.23125 0.653125 0.0828125 0.14375