1 0.11796623749999999 0.4630225078125 0.109927653125 0.46704179999999995 0.10289389062500001 0.47407556250000005 0.0968649515625 0.486133440625 0.0968649515625 0.50823955 0.10088424375 0.51828778125 0.10791800625 0.5273311890625 0.11595659218750001 0.5313504828125 0.1330385859375 0.530345659375 0.1430868171875 0.5223070734374999 0.14911575625 0.510249196875 0.1511254015625 0.5042202578125 0.1511254015625 0.4901527328125 0.147106109375 0.4780948546875 0.1380627015625 0.46704179999999995 0.130024115625 0.4630225078125 0.11796623749999999 0.4630225078125
1 0.2767282953125 0.3565112546875 0.2686897109375 0.360530546875 0.2616559484375 0.367564309375 0.25763665625 0.37560289375 0.255627009375 0.387660771875 0.2596463015625 0.397709003125 0.2686897109375 0.40675241093750003 0.2787379421875 0.4107717046875 0.28778135 0.40976688125000005 0.2948151125 0.40675241093750003 0.3038585203125 0.39569935625 0.3078778140625 0.3836414796875 0.3078778140625 0.37560289375 0.3058681671875 0.3695739546875 0.2948151125 0.3585209 0.2907958203125 0.3565112546875 0.2767282953125 0.3565112546875
1 0.9630225078124999 0.5685289390625 0.9670418 0.5564710609375 0.9670418 0.530345659375 0.9630225078124999 0.5223070734374999 0.9630225078124999 0.516278134375 0.959003215625 0.50823955 0.9419212218749999 0.49115755625 0.9338826359375 0.4871382640625 0.9157958203125001 0.4871382640625 0.9017282953124999 0.4951768484375 0.8866559484375 0.510249196875 0.8786173640625 0.530345659375 0.8786173640625 0.560490353125 0.8846463015625 0.5785771703125 0.89971865 0.5956591640625 0.9137861734375001 0.601688103125 0.924839228125 0.6006832796875 0.9318729906250001 0.59967845625 0.9439308687500001 0.5936495171875 0.9549839234374999 0.5825964625 0.9630225078124999 0.5685289390625
1 0.9740755625 0.3926848875 0.9660369781249999 0.3926848875 0.962017684375 0.394694534375 0.9529742765625 0.40574758906249997 0.9529742765625 0.43589228281250003 0.9549839234374999 0.44192122187500005 0.96402733125 0.4509646296875 0.9680466234375 0.45297427656249994 0.981109325 0.451969453125 0.9871382640625 0.4479501609375 0.9931672031250001 0.43790192968749997 0.9931672031250001 0.4258440515625 0.9951768484375 0.42383440468750005 0.9931672031250001 0.421824759375 0.9931672031250001 0.4137861734375 0.9821141484375 0.3967041796875 0.9740755625 0.3926848875
1 0.9077572343750001 0.38263665625 0.897709003125 0.3886655953125 0.890675240625 0.397709003125 0.8886655953125 0.40373794218750003 0.8886655953125 0.421824759375 0.894694534375 0.439911575 0.89971865 0.4469453375 0.9157958203125001 0.45297427656249994 0.92282958125 0.451969453125 0.9298633437499999 0.448954984375 0.9409163984375001 0.43589228281250003 0.9429260453125 0.42986334375 0.9429260453125 0.41177652656249997 0.9348874593750001 0.3936897109375 0.9278536984375 0.3866559484375 0.921824759375 0.38263665625 0.9077572343750001 0.38263665625
1 0.7489951765625 0.3344051453125 0.7369372984375 0.340434084375 0.7299035375 0.3474678453125 0.72588424375 0.35550643125 0.727893890625 0.3615353703125 0.727893890625 0.377612540625 0.7409565921875 0.3967041796875 0.75301446875 0.40072347343750003 0.762057878125 0.39971865 0.7711012859374999 0.3967041796875 0.782154340625 0.385651125 0.7861736328125 0.37560289375 0.7861736328125 0.363545015625 0.7801446953125 0.3494774921875 0.7731109328125 0.3424437296875 0.7630627015625 0.336414790625 0.7489951765625 0.3344051453125
1 0.6083199359375 0.336414790625 0.6163585203124999 0.340434084375 0.63143086875 0.3394292609375 0.6344453375 0.3384244375 0.6454983921874999 0.3253617359375 0.6454983921874999 0.3112942125 0.6434887453125 0.3052652734375 0.6304260453125 0.29421221875 0.62439710625 0.292202571875 0.61032958125 0.29421221875 0.60430064375 0.2982315109375 0.5992765265625 0.3052652734375 0.5992765265625 0.323352090625 0.6083199359375 0.336414790625
1 0.5028135046875 0.3374196140625 0.51587620625 0.346463021875 0.5349678453125 0.3454582 0.5450160765625001 0.3374196140625 0.5490353703124999 0.3293810296875 0.5490353703124999 0.3173231515625 0.5450160765625001 0.309284565625 0.533963021875 0.3002411578125 0.523914790625 0.3002411578125 0.5219051453125 0.2982315109375 0.5118569125 0.3002411578125 0.5008038578125 0.3112942125 0.49678456562499995 0.32134244375 0.5028135046875 0.3374196140625
1 0.4465434078125 0.3354099671875 0.45357717031250006 0.3444533765625 0.46161575624999995 0.34847266875 0.46764469531249997 0.350482315625 0.476688103125 0.3494774921875 0.48171221875 0.34847266875 0.49477492031250003 0.333400321875 0.49477492031250003 0.319332796875 0.483721865625 0.306270096875 0.47367363281249997 0.302250803125 0.46764469531249997 0.302250803125 0.4575964625 0.306270096875 0.4485530546875 0.3153135046875 0.4465434078125 0.319332796875 0.4465434078125 0.3354099671875
0 0.555064309375 0.3354099671875 0.5661173640625 0.3444533765625 0.58721865 0.343448553125 0.595257234375 0.3354099671875 0.5992765265625 0.3273713828125 0.5992765265625 0.3112942125 0.59726688125 0.3072749203125 0.5842041796874999 0.296221865625 0.568127009375 0.296221865625 0.560088425 0.3002411578125 0.5530546625 0.3072749203125 0.5490353703124999 0.3173231515625 0.551045015625 0.3293810296875 0.555064309375 0.3354099671875
0 0.6846864953125 0.336414790625 0.676647909375 0.340434084375 0.663585209375 0.35550643125 0.6615755625 0.3615353703125 0.663585209375 0.3796221859375 0.6676045015625001 0.387660771875 0.6846864953125 0.40072347343750003 0.6887057875 0.40273311874999995 0.707797428125 0.4017282953125 0.710811896875 0.40072347343750003 0.72588424375 0.3836414796875 0.727893890625 0.377612540625 0.727893890625 0.363545015625 0.72588424375 0.3575160765625 0.710811896875 0.340434084375 0.700763665625 0.336414790625 0.6846864953125 0.336414790625
0 0.609324759375 0.2952170421875 0.609324759375 0.2911977484375 0.60028135 0.282154340625 0.5962620578125 0.2801446953125 0.5842041796874999 0.2801446953125 0.5711414796875001 0.289188103125 0.5721463015625 0.296221865625 0.5842041796874999 0.296221865625 0.5962620578125 0.306270096875 0.5992765265625 0.3052652734375 0.6012861734375 0.30124598125 0.609324759375 0.2952170421875
0 0.2043810296875 0.41680064375 0.2023713828125 0.4188102890625 0.1923231515625 0.4188102890625 0.17926045 0.42986334375 0.1732315109375 0.44192122187500005 0.171221865625 0.45598874531250005 0.1732315109375 0.4579983921875 0.1752411578125 0.47005627031249997 0.1862942125 0.481109325 0.19634244375 0.48512861718750006 0.2073954984375 0.48412379375 0.218448553125 0.479099678125 0.225482315625 0.47005627031249997 0.2315112546875 0.45598874531250005 0.2315112546875 0.4459405140625 0.225482315625 0.42986334375 0.21643890625 0.42081993593749994 0.2043810296875 0.41680064375
0 0.4987942125 0.32134244375 0.5008038578125 0.3112942125 0.5098472671875001 0.302250803125 0.513866559375 0.3002411578125 0.5349678453125 0.299236334375 0.5299437296875 0.29421221875 0.5198954984374999 0.2901929265625 0.513866559375 0.2901929265625 0.503818328125 0.29421221875 0.49678456562499995 0.30124598125 0.4927652734375 0.309284565625 0.49477492031250003 0.32134244375 0.4987942125 0.32134244375
1 0.9087620578125 0.3816318328125 0.921824759375 0.38263665625 0.9348874593750001 0.3936897109375 0.9429260453125 0.40976688125000005 0.9429260453125 0.42986334375 0.9499598078125 0.43488745937499995 0.9509646296875 0.4338826359375 0.9529742765625 0.43187299062499995 0.9509646296875 0.4258440515625 0.9529742765625 0.39971865 0.9449356906249999 0.3796221859375 0.9338826359375 0.370578778125 0.9278536984375 0.36856913125 0.917805465625 0.370578778125 0.9087620578125 0.377612540625 0.9087620578125 0.3816318328125