2 0.58125 0.66875 0.0515625 0.05
2 0.584375 0.4921875 0.04375 0.0453125
2 0.5953125 0.2921875 0.04375 0.05
1 0.5484375 0.30625 0.0421875 0.05
2 0.60625 0.1078125 0.046875 0.05625
1 0.55625 0.096875 0.0453125 0.0578125
1 0.540625 0.4890625 0.046875 0.0484375
2 0.534375 0.6796875 0.04375 0.0453125
1 0.5038023953125 0.646484375 0.5018492703125 0.65234375 0.49989614531250004 0.640625 0.49403677031250004 0.638671875 0.48231802031250004 0.640625 0.46962270781250004 0.6552734375 0.46962270781250004 0.6708984375 0.47352895781250004 0.6787109375 0.48036489531250004 0.685546875 0.48427114531250004 0.6875 0.49794302031250004 0.6875 0.49989614531250004 0.677734375 0.5008727078125 0.6826171875 0.5057555203125 0.68359375 0.5145445828125 0.6748046875 0.5164977078125 0.6689453125 0.5155211453125 0.65625 0.5145445828125 0.6513671875 0.5096617703125 0.646484375 0.5038023953125 0.646484375
2 0.5234375 0.2705078125 0.5166015625 0.263671875 0.5146484375 0.26953125 0.5126953125 0.26171875 0.5087890625 0.259765625 0.4970703125 0.259765625 0.4892578125 0.263671875 0.482421875 0.2705078125 0.48046875 0.2841796875 0.478515625 0.2861328125 0.48046875 0.2958984375 0.4931640625 0.310546875 0.4970703125 0.3125 0.5087890625 0.3125 0.5126953125 0.30859375 0.5166015625 0.30859375 0.525390625 0.2998046875 0.52734375 0.2939453125 0.5263671875 0.279296875 0.5234375 0.2763671875 0.5234375 0.2705078125
3 0.540625 0.8421875 0.1140625 0.0765625
3 0.5546875 0.6703125 0.128125 0.078125
3 0.5609375 0.4875 0.1234375 0.0640625
3 0.565625 0.296875 0.140625 0.0765625
3 0.575 0.1046875 0.1265625 0.09375