0 0.7979838703125 0.5550907265625 0.7899193546875 0.5671875 0.7899193546875 0.5732358875 0.7879032265625 0.5752520156250001 0.7879032265625 0.5994455640624999 0.7939516125 0.6115423390625 0.8050403218750001 0.6226310484375001 0.8191532265625 0.6286794359375001 0.8332661296874999 0.6286794359375001 0.8473790328125 0.6226310484375001 0.8625 0.6054939515625 0.8685483875 0.587348790625 0.8665322578125 0.5671875 0.8584677421875 0.5510584671875 0.8473790328125 0.5419858875 0.8362903218750001 0.5389616937499999 0.8231854843749999 0.5379536296875 0.80907258125 0.5440020156250001 0.7979838703125 0.5550907265625
0 0.7052419359375001 0.6115423390625 0.701209678125 0.621622984375 0.6991935484375 0.6417842734375 0.7032258062500001 0.6538810484375001 0.7102822578125 0.6609375 0.7243951609375 0.6690020156250001 0.7445564515624999 0.6690020156250001 0.748588709375 0.6669858875 0.7526209671874999 0.6629536296875 0.7586693546875 0.6609375 0.7677419359375001 0.6518649187500001 0.77177419375 0.643800403125 0.77177419375 0.6377520156250001 0.773790321875 0.6357358875 0.773790321875 0.6175907265625 0.7697580640624999 0.609526209375 0.7566532265625 0.5964213703125 0.7475806453125 0.593397178125 0.72842741875 0.5923891125 0.7223790328125 0.5944052421875 0.7052419359375001 0.6115423390625
0 0.63467741875 0.621622984375 0.632661290625 0.6276713703125 0.6185483875 0.643800403125 0.6185483875 0.649848790625 0.629637096875 0.6609375 0.6377016125 0.6649697578125 0.6497983875 0.6669858875 0.651814515625 0.6690020156250001 0.6558467734375 0.6669858875 0.6679435484375 0.6669858875 0.6760080640624999 0.6629536296875 0.6891129031250001 0.649848790625 0.695161290625 0.6377520156250001 0.695161290625 0.6175907265625 0.6931451609375 0.6115423390625 0.6891129031250001 0.603477821875 0.6709677421875 0.587348790625 0.6477822578125 0.5863407265625 0.6366935484375 0.5913810484375001 0.63467741875 0.621622984375
0 0.5540322578125 0.5792842734375 0.5439516125 0.6054939515625 0.5459677421875 0.621622984375 0.5520161296875 0.6337197578125 0.5631048390625 0.6448084671875 0.5832661296875 0.652872984375 0.5973790328125 0.652872984375 0.61552419375 0.6448084671875 0.6286290328125 0.6317036296875 0.63467741875 0.6196068546875 0.63467741875 0.593397178125 0.632661290625 0.587348790625 0.61552419375 0.5681955640624999 0.6004032265625 0.5611391125 0.58125 0.5601310484375001 0.5711693546875 0.56416330625 0.5540322578125 0.5792842734375
0 0.5439516125 0.6518649187500001 0.55 0.6619455640624999 0.5590725812499999 0.6710181453125 0.5691532265625 0.6770665328125001 0.5913306453125 0.6770665328125001 0.5973790328125 0.675050403125 0.6145161296875 0.6599294359375001 0.6165322578125 0.655897178125 0.6165322578125 0.6478326609375 0.6135080640624999 0.6448084671875 0.5973790328125 0.652872984375 0.5852822578125 0.652872984375 0.5832661296875 0.6508568546875 0.5711693546875 0.6488407265625 0.5631048390625 0.6448084671875 0.55 0.6296875 0.5459677421875 0.6296875 0.5419354843749999 0.6377520156250001 0.5439516125 0.6518649187500001
0 0.6145161296875 0.6599294359375001 0.6104838703125 0.6639616937499999 0.6104838703125 0.672026209375 0.6195564515624999 0.6831149187500001 0.6336693546875 0.68916330625 0.651814515625 0.68916330625 0.6578629031250001 0.687147178125 0.6689516125 0.6780745968749999 0.675 0.665977821875 0.64375 0.6669858875 0.629637096875 0.6609375 0.620564515625 0.6518649187500001 0.6195564515624999 0.6508568546875 0.6165322578125 0.6538810484375001 0.6145161296875 0.6599294359375001
0 0.6850806453125 0.655897178125 0.675 0.6639616937499999 0.6709677421875 0.672026209375 0.6709677421875 0.6800907265625 0.6760080640624999 0.687147178125 0.6840725812499999 0.6931955640624999 0.6901209671874999 0.6952116937499999 0.7082661296875 0.6952116937499999 0.7203629031250001 0.68916330625 0.7254032265625 0.684122984375 0.7314516125 0.672026209375 0.72842741875 0.6690020156250001 0.7163306453125 0.6649697578125 0.7032258062500001 0.6538810484375001 0.6991935484375 0.6397681453125 0.6961693546875 0.63876008125 0.6931451609375 0.6417842734375 0.6850806453125 0.655897178125
0 0.7677419359375001 0.6518649187500001 0.7566532265625 0.6629536296875 0.7445564515624999 0.6690020156250001 0.7375 0.67001008125 0.7395161296875 0.6760584671875 0.7445564515624999 0.681098790625 0.7566532265625 0.6831149187500001 0.7586693546875 0.6851310484375001 0.7727822578125 0.6831149187500001 0.7828629031250001 0.6770665328125001 0.7919354843749999 0.665977821875 0.7959677421875 0.65791330625 0.7959677421875 0.6397681453125 0.7919354843749999 0.6296875 0.7818548390625 0.621622984375 0.773790321875 0.621622984375 0.773790321875 0.6377520156250001 0.7677419359375001 0.6518649187500001
0 0.74052419375 0.70126008125 0.7385080640624999 0.703276209375 0.7304435484375 0.703276209375 0.7274193546875 0.706300403125 0.7294354843749999 0.7224294359375001 0.74052419375 0.7315020156250001 0.7506048390625 0.7315020156250001 0.7606854843749999 0.7274697578125 0.77177419375 0.7143649187500001 0.77177419375 0.7022681453125 0.7697580640624999 0.6982358875 0.7606854843749999 0.697227821875 0.748588709375 0.70126008125 0.74052419375 0.70126008125
0 0.8120967734375 0.6942036296875 0.8100806453124999 0.6982358875 0.8100806453124999 0.7163810484375001 0.8151209671874999 0.7234375 0.8292338703125001 0.7254536296875 0.8372983875 0.7214213703125 0.8443548390625001 0.712348790625 0.8463709671874999 0.7083165328125001 0.8463709671874999 0.6942036296875 0.839314515625 0.6851310484375001 0.8362903218750001 0.684122984375 0.8252016125000001 0.6831149187500001 0.8191532265625 0.6851310484375001 0.8120967734375 0.6942036296875
0 0.870564515625 0.684122984375 0.870564515625 0.7002520156250001 0.879637096875 0.7093245968749999 0.8856854843749999 0.7093245968749999 0.89375 0.7052923390625 0.904838709375 0.6921875 0.904838709375 0.684122984375 0.9068548390625001 0.6821068546875 0.904838709375 0.6760584671875 0.8997983875 0.6690020156250001 0.8927419359375 0.665977821875 0.8877016125000001 0.6649697578125 0.8816532265625 0.6669858875 0.870564515625 0.684122984375