2 0.38644153281250004 0.3100806453125 0.3763608875 0.3060483875 0.36023185468749996 0.30806451562500003 0.34712701562500003 0.3191532265625 0.3430947578125 0.3272177421875 0.3430947578125 0.3413306453125 0.3451108875 0.345362903125 0.350151209375 0.35241935468749996 0.36023185468749996 0.3584677421875 0.3763608875 0.3584677421875 0.3884576609375 0.35241935468749996 0.3955141125 0.34334677343750003 0.396522178125 0.336290321875 0.3975302421875 0.3292338703125 0.393497984375 0.31713709687499997 0.38644153281250004 0.3100806453125
2 0.35216733906250003 0.20322580625 0.3410786296875 0.21229838750000002 0.3390625 0.21633064531250001 0.3410786296875 0.22842741875 0.3461189515625 0.2334677421875 0.35216733906250003 0.2354838703125 0.36023185468749996 0.2354838703125 0.3682963703125 0.2314516125 0.3743447578125 0.22338709687499997 0.375352821875 0.214314515625 0.3662802421875 0.20322580625 0.35216733906250003 0.20322580625
2 0.3662802421875 0.14072580625 0.3582157265625 0.1447580640625 0.353175403125 0.15181451562499998 0.353175403125 0.1598790328125 0.36023185468749996 0.16491935468750002 0.3723286296875 0.16491935468750002 0.3803931453125 0.1588709671875 0.381401209375 0.1477822578125 0.3723286296875 0.14072580625 0.3662802421875 0.14072580625
2 0.44087701562500003 0.05 0.42273185468749996 0.05 0.41769153281250004 0.0570564515625 0.41769153281250004 0.0651209671875 0.42273185468749996 0.070161290625 0.4287802421875 0.07217741875 0.4428931453125 0.0681451609375 0.446925403125 0.062096773437499996 0.4479334671875 0.05907258125 0.4459173390625 0.055040321875 0.44087701562500003 0.05
2 0.327973790625 0.20927419375 0.32091733906250003 0.21633064531250001 0.32091733906250003 0.22842741875 0.32394153281250004 0.2314516125 0.3400705640625 0.2314516125 0.3390625 0.21633064531250001 0.34208669375 0.21129032187500002 0.34208669375 0.2072580640625 0.3320060484375 0.2072580640625 0.327973790625 0.20927419375
2 0.35216733906250003 0.154838709375 0.3451108875 0.1598790328125 0.3451108875 0.16794354843749998 0.34813508125000003 0.1729838703125 0.3582157265625 0.175 0.3642641125 0.1729838703125 0.3682963703125 0.1689516125 0.3682963703125 0.16491935468750002 0.35619959687499997 0.1629032265625 0.35216733906250003 0.154838709375
2 0.299747984375 0.5883064515624999 0.28966733906250003 0.5883064515624999 0.2765625 0.5993951609375 0.2745463703125 0.60342741875 0.2745463703125 0.6135080640624999 0.2785786296875 0.6215725812499999 0.28563508125000003 0.6286290328125 0.29369959687499997 0.632661290625 0.3017641125 0.632661290625 0.3098286296875 0.6286290328125 0.31587701562500003 0.6225806453125 0.31688508125000003 0.60342741875 0.3078125 0.592338709375 0.299747984375 0.5883064515624999
2 0.281602821875 0.6508064515624999 0.27353830625 0.64677419375 0.265473790625 0.64677419375 0.256401209375 0.6558467734375 0.25438508125000003 0.66592741875 0.256401209375 0.6719758062500001 0.265473790625 0.6810483875 0.281602821875 0.6810483875 0.287651209375 0.675 0.28865927343750003 0.6618951609375 0.2866431453125 0.6558467734375 0.281602821875 0.6508064515624999
1 0.25740927343750003 0.6447580640624999 0.250352821875 0.651814515625 0.250352821875 0.6618951609375 0.24833669375 0.663911290625 0.2513608875 0.6689516125 0.256401209375 0.6679435484375 0.256401209375 0.6578629031250001 0.25841733906250003 0.6538306453125 0.2634576609375 0.648790321875 0.271522178125 0.64677419375 0.271522178125 0.6447580640624999 0.2634576609375 0.6427419359375001 0.25740927343750003 0.6447580640624999
1 0.26144153281250004 0.6084677421875 0.25438508125000003 0.6135080640624999 0.2523689515625 0.617540321875 0.2523689515625 0.629637096875 0.25438508125000003 0.6356854843749999 0.259425403125 0.6407258062500001 0.2634576609375 0.6427419359375001 0.27353830625 0.6427419359375001 0.2775705640625 0.638709678125 0.281602821875 0.638709678125 0.2836189515625 0.63467741875 0.28462701562500003 0.629637096875 0.271522178125 0.6084677421875 0.26144153281250004 0.6084677421875
1 0.2775705640625 0.4895161296875 0.265473790625 0.4895161296875 0.256401209375 0.5006048390625 0.256401209375 0.5127016125 0.26144153281250004 0.5197580640624999 0.265473790625 0.52177419375 0.2775705640625 0.52177419375 0.281602821875 0.5197580640624999 0.2866431453125 0.5147177421875 0.287651209375 0.50967741875 0.28865927343750003 0.5026209671874999 0.2866431453125 0.498588709375 0.2775705640625 0.4895161296875
1 0.32998991875 0.2314516125 0.31688508125000003 0.24052419375 0.31688508125000003 0.25463709687499997 0.32394153281250004 0.2616935484375 0.334022178125 0.2616935484375 0.34208669375 0.257661290625 0.3461189515625 0.251612903125 0.34712701562500003 0.24052419375 0.3400705640625 0.2314516125 0.32998991875 0.2314516125