2 0.4984375 0.8375 0.04375 0.040625
1 0.4828125 0.46875 0.04375 0.046875
2 0.475 0.26875 0.05 0.0484375
2 0.521875 0.2828125 0.0421875 0.05
1 0.4921875 0.6609375 0.0421875 0.0484375
1 0.4671875 0.0765625 0.0484375 0.05625
1 0.5171875 0.078125 0.04375 0.05625
2 0.5405948546875 0.0789791 0.543609325 0.08199356875 0.5526527328124999 0.0809887453125 0.5526527328124999 0.087017684375 0.555667203125 0.094051446875 0.5677250796875 0.094051446875 0.575763665625 0.0900321546875 0.58078778125 0.0850080390625 0.5868167203125 0.0729501609375 0.5868167203125 0.064911575 0.5888263671875 0.0629019296875 0.5848070734374999 0.0448151125 0.5717443734375001 0.0337620578125 0.5576768484375 0.0337620578125 0.55365755625 0.0357717046875 0.5496382640624999 0.04180064375 0.5456189703125001 0.04180064375 0.5405948546875 0.046824759375000004 0.5375803859375 0.0578778140625 0.5365755625 0.0608922828125 0.5405948546875 0.0709405140625 0.5405948546875 0.0789791
1 0.5627009640625 0.671824759375 0.5697347265625 0.676848875 0.57375401875 0.674839228125 0.5777733125 0.6808681671875 0.5918408359375 0.6808681671875 0.6049035375 0.6698151125 0.6069131828125001 0.6637861734375 0.6069131828125001 0.64971865 0.602893890625 0.6416800640625 0.5918408359375 0.63263665625 0.575763665625 0.63263665625 0.572749196875 0.635651125 0.5717443734375001 0.640675240625 0.565715434375 0.640675240625 0.5627009640625 0.6436897109374999 0.5596864953125 0.6507234734375 0.558681671875 0.657757234375 0.56069131875 0.65976688125 0.5627009640625 0.671824759375
1 0.5375 0.671875 0.040625 0.05
2 0.55365755625 0.2889871375 0.5596864953125 0.2889871375 0.5616961421875 0.2869774921875 0.565715434375 0.290996784375 0.5677250796875 0.2889871375 0.575763665625 0.2889871375 0.5888263671875 0.277934084375 0.592845659375 0.2698954984375 0.592845659375 0.255827975 0.5908360125 0.24979903593750002 0.5817926046874999 0.23874598125 0.57375401875 0.23472668749999998 0.5637057875 0.23472668749999998 0.5576768484375 0.2427652734375 0.55365755625 0.2407556265625 0.5496382640624999 0.2427652734375 0.5446141484375 0.24979903593750002 0.54662379375 0.253818328125 0.5426045015625001 0.255827975 0.541599678125 0.25884244375 0.5405948546875 0.2719051453125 0.5446141484375 0.2799437296875 0.55365755625 0.2889871375
2 0.54375 0.846875 0.0375 0.0515625
3 0.528125 0.8421875 0.1140625 0.0921875
3 0.5203125 0.6609375 0.121875 0.078125
3 0.5125 0.471875 0.1265625 0.0640625
3 0.503125 0.2765625 0.125 0.0875
3 0.4984375 0.0828125 0.121875 0.0921875