1 0.14636075937499998 0.43769778437499995 0.152294303125 0.421875 0.152294303125 0.40803006406250003 0.14636075937499998 0.392207278125 0.1354825953125 0.38330696249999996 0.1255933546875 0.379351265625 0.11372626562499999 0.38132911406250003 0.107792721875 0.385284809375 0.09691455624999999 0.3981408234375 0.0909810125 0.411985759375 0.0909810125 0.4297863921875 0.10482594999999999 0.45352057031250004 0.10878164531250001 0.45549841718749995 0.11965980937500001 0.45648734218750003 0.1354825953125 0.45055379687499997 0.14636075937499998 0.43769778437499995
1 0.3560126578125 0.3902294296875 0.361946203125 0.372428796875 0.3599683546875 0.3585838609375 0.3560126578125 0.3526503171875 0.3471123421875 0.34375 0.3332674046875 0.33781645625 0.31942246875 0.33781645625 0.309533228125 0.34177215156249996 0.296677215625 0.35462816406250003 0.29074367031250004 0.37045095 0.29272151874999996 0.38429588593749997 0.2986550640625 0.39616297500000003 0.3075553796875 0.40506329062499996 0.31645569687499997 0.40803006406250003 0.3273338609375 0.4090189875 0.3431566453125 0.40308544375000005 0.3560126578125 0.3902294296875
1 0.3263449359375 0.3190268984375 0.322389240625 0.307159809375 0.315466771875 0.3002373421875 0.3115110765625 0.29825949375 0.2976661390625 0.29825949375 0.2877768984375 0.302215190625 0.2808544296875 0.3091376578125 0.27492088593749997 0.321004746875 0.27492088593749997 0.3289161390625 0.2808544296875 0.3427610765625 0.28678797500000003 0.346716771875 0.30162183593749997 0.34770569687499997 0.322389240625 0.3348496828125 0.3263449359375 0.3190268984375
1 0.35007911406250003 0.321004746875 0.35205696249999996 0.315071203125 0.35007911406250003 0.2992484171875 0.33920095 0.2903481015625 0.32337816406250003 0.2903481015625 0.3174446203125 0.29232595 0.3125 0.2972705703125 0.3243670890625 0.31111550625 0.3243670890625 0.3308939875 0.322389240625 0.33287183593749997 0.3243670890625 0.3348496828125 0.329311709375 0.3358386078125 0.33920095 0.3318829109375 0.35007911406250003 0.321004746875
1 0.4054588609375 0.3229825953125 0.40743670937500004 0.3091376578125 0.4054588609375 0.30320411406250003 0.3985363921875 0.2962816453125 0.390625 0.29232595 0.374802215625 0.29232595 0.37084651874999996 0.294303796875 0.361946203125 0.30320411406250003 0.35799050625 0.31111550625 0.35799050625 0.3229825953125 0.361946203125 0.3308939875 0.36886867031250004 0.33781645625 0.373813290625 0.3388053796875 0.38469145625 0.33979430312500003 0.39458069687499997 0.3358386078125 0.4054588609375 0.3229825953125
1 0.46875 0.3091376578125 0.472705696875 0.301226265625 0.472705696875 0.2933148734375 0.46875 0.28540348125000004 0.4578718359375 0.2784810125 0.4440268984375 0.2784810125 0.43512658281250005 0.28540348125000004 0.43117088593749997 0.2933148734375 0.433148734375 0.307159809375 0.44007120312500003 0.3160601265625 0.4450158234375 0.31704905 0.4558939875 0.31803797500000003 0.45984968281249994 0.3160601265625 0.46875 0.3091376578125
1 0.563686709375 0.366495253125 0.569620253125 0.3526503171875 0.569620253125 0.3447389234375 0.5617088609375 0.3289161390625 0.5547863921875 0.32397151874999996 0.5429193031249999 0.3200158234375 0.5330300640625001 0.3200158234375 0.5231408234375 0.32397151874999996 0.51424050625 0.33287183593749997 0.510284809375 0.340783228125 0.510284809375 0.35462816406250003 0.524129746875 0.37638449375 0.5448971515625 0.3773734171875 0.5587420890625 0.3714398734375 0.563686709375 0.366495253125
1 0.674446203125 0.30320411406250003 0.67049050625 0.295292721875 0.6635680374999999 0.2903481015625 0.653678796875 0.29232595 0.6467563296875001 0.2992484171875 0.6467563296875001 0.3091376578125 0.6517009500000001 0.3160601265625 0.654667721875 0.31704905 0.6655458859375 0.31803797500000003 0.674446203125 0.31111550625 0.674446203125 0.30320411406250003
1 0.77531645625 0.3486946203125 0.771360759375 0.33682753125 0.764438290625 0.3299050640625 0.752571203125 0.3299050640625 0.745648734375 0.3388053796875 0.745648734375 0.346716771875 0.7496044296875 0.35462816406250003 0.755537975 0.3585838609375 0.7664161390625 0.359572784375 0.7703718359375 0.3575949359375 0.77531645625 0.3486946203125
0 0.731803796875 0.32496044375 0.7268591765625 0.31803797500000003 0.718947784375 0.314082278125 0.713014240625 0.314082278125 0.7041139234375 0.321004746875 0.7021360765625 0.326938290625 0.7041139234375 0.3289161390625 0.7041139234375 0.3348496828125 0.713014240625 0.34375 0.7179588609375 0.3447389234375 0.7248813296875001 0.34375 0.731803796875 0.33682753125 0.731803796875 0.32496044375
0 0.51424050625 0.30518196249999996 0.51424050625 0.295292721875 0.5122626578125 0.29133702499999997 0.4994066453125 0.2804588609375 0.48753955624999995 0.2804588609375 0.4835838609375 0.282436709375 0.47468354375 0.2933148734375 0.47468354375 0.30518196249999996 0.48457278437499995 0.31704905 0.4994066453125 0.31803797500000003 0.5092958859375 0.3121044296875 0.51424050625 0.30518196249999996
0 0.5073180374999999 0.28441455625 0.510284809375 0.281447784375 0.510284809375 0.27155854375 0.505340190625 0.2666139234375 0.4994066453125 0.2646360765625 0.4895174046875 0.2646360765625 0.4806170890625 0.27155854375 0.478639240625 0.275514240625 0.478639240625 0.281447784375 0.4806170890625 0.2834256328125 0.4895174046875 0.2804588609375 0.4994066453125 0.2804588609375 0.5073180374999999 0.28441455625
1 0.478639240625 0.27155854375 0.4766613921875 0.26760284843750004 0.465783228125 0.2606803796875 0.45193829062499996 0.2646360765625 0.4469936703125 0.2735363921875 0.4469936703125 0.2774920890625 0.46182753125 0.2804588609375 0.46875 0.28540348125000004 0.47072784843750004 0.2893591765625 0.471716771875 0.2903481015625 0.478639240625 0.2834256328125 0.478639240625 0.27155854375
1 0.5359968359375 0.2735363921875 0.531052215625 0.268591771875 0.5251186703124999 0.2666139234375 0.517207278125 0.2666139234375 0.510284809375 0.27155854375 0.510284809375 0.281447784375 0.5083069625000001 0.2834256328125 0.5152294296875 0.294303796875 0.5201740499999999 0.295292721875 0.531052215625 0.294303796875 0.5379746828124999 0.2834256328125 0.5359968359375 0.2735363921875
1 0.563686709375 0.28540348125000004 0.5617088609375 0.275514240625 0.55280854375 0.268591771875 0.5429193031249999 0.268591771875 0.5359968359375 0.275514240625 0.5359968359375 0.28738132968749996 0.54094145625 0.294303796875 0.5439082281250001 0.295292721875 0.55280854375 0.2962816453125 0.556764240625 0.294303796875 0.563686709375 0.28540348125000004
0 0.4638053796875 0.262658228125 0.464794303125 0.25969145625 0.4578718359375 0.25474683593749997 0.44996044375000005 0.2567246828125 0.4410601265625 0.265625 0.439082278125 0.2774920890625 0.446004746875 0.2784810125 0.4539161390625 0.2646360765625 0.4638053796875 0.262658228125