1 0.315625 0.53125 0.0703125 0.0671875
2 0.88125 0.4765625 0.10625 0.09375
2 0.296875 0.4703125 0.071875 0.0671875
1 0.5328125 0.3734375 0.08125 0.0828125
2 0.5578125 0.4421875 0.0734375 0.0734375
1 0.890625 0.3859375 0.10625 0.09375
2 0.5578125 0.5046875 0.0734375 0.0703125
1 0.8921875 0.2984375 0.109375 0.103125
3 0.8875 0.4265625 0.1375 0.221875
3 0.5515625 0.4640625 0.121875 0.1890625
3 0.3015625 0.4921875 0.1296875 0.165625
3 0.109375 0.5140625 0.1234375 0.15
3 0.0171875 0.5390625 0.0328125 0.0921875