1 0.5171875 0.484375 0.0421875 0.04375
1 0.4890625 0.0828125 0.0390625 0.04375
2 0.525 0.2875 0.04375 0.0515625
2 0.4796875 0.2984375 0.0390625 0.046875
2 0.5015625 0.8328125 0.0359375 0.05
2 0.4578125 0.8390625 0.0421875 0.053125
1 0.534375 0.103125 0.05 0.05625
2 0.5078125 0.659375 0.0421875 0.04375
1 0.471875 0.48125 0.0375 0.04375
2 0.4215525765625 0.2549812890625 0.4127635140625 0.2657234765625 0.4108103890625 0.2715828515625 0.4127635140625 0.2852547265625 0.4215525765625 0.2959969140625 0.4293650765625 0.2999031640625 0.4410838265625 0.2999031640625 0.4430369515625 0.2901375390625 0.4440135140625 0.2950203515625 0.4488963265625 0.2959969140625 0.4528025765625 0.2940437890625 0.4576853890625 0.2872078515625 0.4567088265625 0.2667000390625 0.4528025765625 0.2588875390625 0.4488963265625 0.2569344140625 0.4469432015625 0.2588875390625 0.4352244515625 0.2510750390625 0.4254588265625 0.2530281640625 0.4215525765625 0.2549812890625
1 0.4498775734375 0.071803140625 0.4469478859375 0.068873453125 0.4371822609375 0.068873453125 0.4293697609375 0.072779703125 0.4225338234375 0.079615640625 0.4186275734375 0.087428140625 0.4186275734375 0.105006265625 0.4244869484375 0.114771890625 0.4313228859375 0.119654703125 0.4449947609375 0.119654703125 0.4479244484375 0.116725015625 0.4489010109375 0.111842203125 0.4586666359375 0.109889078125 0.4615963234375 0.103053140625 0.4615963234375 0.093287515625 0.4635494484375 0.091334390625 0.4625728859375 0.082545328125 0.4586666359375 0.076685953125 0.4547603859375 0.074732828125 0.4508541359375 0.076685953125 0.4498775734375 0.071803140625
1 0.4111328125 0.814453125 0.4033203125 0.818359375 0.392578125 0.8310546875 0.392578125 0.8369140625 0.390625 0.8388671875 0.392578125 0.8525390625 0.4013671875 0.86328125 0.4150390625 0.8671875 0.421875 0.8623046875 0.4248046875 0.85546875 0.4267578125 0.857421875 0.43359375 0.8525390625 0.435546875 0.8369140625 0.4375 0.8349609375 0.4365234375 0.83203125 0.435546875 0.8271484375 0.4287109375 0.8203125 0.423828125 0.8212890625 0.4228515625 0.814453125 0.4111328125 0.814453125
3 0.475 0.834375 0.1125 0.08125
3 0.4765625 0.6703125 0.1046875 0.065625
3 0.48125 0.4859375 0.1171875 0.0828125
3 0.49375 0.2890625 0.1203125 0.0703125
3 0.5 0.1015625 0.121875 0.084375