1 0.21875 0.4931640625 0.220703125 0.4951171875 0.220703125 0.5166015625 0.21875 0.5185546875 0.21875 0.5283203125 0.220703125 0.5341796875 0.2451171875 0.546875 0.2646484375 0.548828125 0.2666015625 0.55078125 0.2880859375 0.548828125 0.3134765625 0.5390625 0.33984375 0.5146484375 0.345703125 0.5068359375 0.3515625 0.4951171875 0.3515625 0.4892578125 0.357421875 0.4736328125 0.357421875 0.4560546875 0.359375 0.4501953125 0.357421875 0.4482421875 0.357421875 0.4365234375 0.3515625 0.4189453125 0.341796875 0.4013671875 0.3212890625 0.37890625 0.3115234375 0.375 0.3037109375 0.369140625 0.2783203125 0.361328125 0.2626953125 0.361328125 0.2509765625 0.365234375 0.2431640625 0.365234375 0.2255859375 0.376953125 0.2197265625 0.384765625 0.21875 0.4267578125 0.220703125 0.4287109375 0.220703125 0.4365234375 0.21875 0.4384765625 0.21875 0.4677734375 0.220703125 0.4697265625 0.220703125 0.4814453125 0.21875 0.4833984375 0.21875 0.4931640625
1 0.4951171875 0.59375 0.5048828125 0.6015625 0.5087890625 0.6015625 0.5146484375 0.60546875 0.5244140625 0.60546875 0.5263671875 0.607421875 0.5302734375 0.60546875 0.5341796875 0.607421875 0.5361328125 0.60546875 0.5478515625 0.60546875 0.5576171875 0.6015625 0.5703125 0.5908203125 0.58203125 0.5712890625 0.583984375 0.5478515625 0.57421875 0.5244140625 0.5615234375 0.51171875 0.5478515625 0.505859375 0.5419921875 0.505859375 0.5400390625 0.50390625 0.5205078125 0.50390625 0.5087890625 0.5078125 0.48828125 0.5244140625 0.4794921875 0.541015625 0.478515625 0.5634765625 0.486328125 0.5830078125 0.4951171875 0.59375
1 0.580078125 0.5341796875 0.583984375 0.5498046875 0.5888671875 0.5546875 0.5986328125 0.55859375 0.6181640625 0.55859375 0.6240234375 0.556640625 0.640625 0.5419921875 0.6484375 0.5263671875 0.6484375 0.5107421875 0.640625 0.4951171875 0.6298828125 0.484375 0.6181640625 0.48046875 0.6025390625 0.48046875 0.5888671875 0.486328125 0.578125 0.4951171875 0.5712890625 0.5078125 0.5703125 0.5205078125 0.576171875 0.5263671875 0.580078125 0.5341796875
1 0.591796875 0.4619140625 0.595703125 0.4697265625 0.6064453125 0.48046875 0.6201171875 0.48046875 0.6259765625 0.484375 0.6357421875 0.486328125 0.6513671875 0.478515625 0.662109375 0.4638671875 0.6640625 0.4423828125 0.662109375 0.4365234375 0.6533203125 0.421875 0.6376953125 0.412109375 0.6181640625 0.412109375 0.6083984375 0.416015625 0.59765625 0.4248046875 0.5908203125 0.439453125 0.58984375 0.4541015625 0.591796875 0.4560546875 0.591796875 0.4619140625
1 0.4482421875 0.994140625 0.4638671875 0.994140625 0.4755859375 0.98828125 0.48046875 0.9833984375 0.48046875 0.9697265625 0.4755859375 0.96484375 0.4482421875 0.96875 0.4462890625 0.970703125 0.4365234375 0.970703125 0.4248046875 0.974609375 0.42578125 0.9814453125 0.4326171875 0.98828125 0.4482421875 0.994140625
1 0.5009765625 0.970703125 0.5087890625 0.966796875 0.515625 0.9599609375 0.515625 0.9521484375 0.5126953125 0.951171875 0.4775390625 0.962890625 0.4765625 0.9658203125 0.4814453125 0.970703125 0.5009765625 0.970703125
1 0.6845703125 0.314453125 0.6923828125 0.318359375 0.7099609375 0.31640625 0.71875 0.3037109375 0.71875 0.2939453125 0.71484375 0.2861328125 0.7021484375 0.275390625 0.6962890625 0.275390625 0.6943359375 0.2734375 0.6826171875 0.27734375 0.677734375 0.2822265625 0.6748046875 0.2890625 0.673828125 0.2998046875 0.67578125 0.3037109375 0.6845703125 0.314453125
1 0.6552734375 0.041015625 0.6630859375 0.041015625 0.671875 0.0341796875 0.671875 0.0302734375 0.6591796875 0.01953125 0.6455078125 0.01953125 0.6416015625 0.025390625 0.640625 0.0283203125 0.642578125 0.0322265625 0.6552734375 0.041015625
1 0.6337890625 0 0.6298828125 0.005859375 0.6328125 0.0146484375 0.6396484375 0.01953125 0.6572265625 0.01953125 0.66015625 0.0146484375 0.66015625 0.0107421875 0.6474609375 0 0.6337890625 0
2 0.3466796875 1 0.3583984375 0.994140625 0.36328125 0.9892578125 0.3623046875 0.98046875 0.3076171875 0.98046875 0.3056640625 0.982421875 0.3046875 0.9833984375 0.3076171875 0.986328125 0.3154296875 0.990234375 0.3251953125 1 0.3466796875 1
2 0.240234375 0.9951171875 0.2431640625 1 0.283203125 0.9990234375 0.2802734375 0.994140625 0.2626953125 0.982421875 0.2470703125 0.974609375 0.2353515625 0.974609375 0.234375 0.9794921875 0.240234375 0.9873046875 0.240234375 0.9951171875
2 0.2421875 0.9951171875 0.236328125 0.9794921875 0.2275390625 0.970703125 0.2197265625 0.970703125 0.21875 0.9990234375 0.2412109375 1 0.2421875 0.9951171875