1 0.593553459375 0.47227790937499997 0.593553459375 0.43690055 0.5876572328125 0.425108096875 0.5729166671875 0.412332940625 0.553262578125 0.4044713046875 0.5395047171875 0.4044713046875 0.5178852203125001 0.412332940625 0.507075471875 0.4231426890625 0.49921383593749996 0.4349351421875 0.49528301875 0.45655463906250005 0.497248428125 0.45852004687500003 0.49921383593749996 0.47424331718749996 0.51198899375 0.49291470156250006 0.5414701265625 0.5066725625 0.5562106921875001 0.5056898578125 0.574882075 0.498810928125 0.5896226421875 0.48603577031249995 0.5896226421875 0.48013954375 0.593553459375 0.47227790937499997
1 0.314465409375 0.47227790937499997 0.3066037734375 0.45655463906250005 0.295794025 0.445744890625 0.287932390625 0.441814071875 0.262382075 0.441814071875 0.25255503125 0.4477102984375 0.237814465625 0.46441627343749997 0.23388364843749998 0.4762087265625 0.23388364843749998 0.49389740625 0.23584905625000002 0.4958628140625 0.23584905625000002 0.501759040625 0.23977987343749999 0.5096206765625 0.2564858484375 0.5243612421875 0.2682783015625 0.528292059375 0.2849842765625 0.5273093546875 0.3016902515625 0.518465015625 0.310534590625 0.5056898578125 0.314465409375 0.49389740625 0.314465409375 0.47227790937499997
1 0.3636006296875 0.381869103125 0.35770440312499996 0.3681112421875 0.350825471875 0.3612323109375 0.33903301875 0.359266903125 0.337067609375 0.35730149375 0.3252751578125 0.359266903125 0.31937893125 0.36319772031249997 0.3085691828125 0.375972878125 0.3066037734375 0.381869103125 0.3066037734375 0.3995577828125 0.3085691828125 0.40348860000000003 0.31937893125 0.41429834843749996 0.3233097484375 0.41429834843749996 0.329205975 0.41822916718750003 0.33608490625 0.41724646249999997 0.3449292453125 0.41626375781249997 0.3567216984375 0.41036753125000003 0.3636006296875 0.40348860000000003 0.3636006296875 0.381869103125
1 0.27319182343750004 0.3916961484375 0.262382075 0.38088639999999996 0.250589621875 0.378920990625 0.2368317609375 0.3848172171875 0.22995282968750003 0.3916961484375 0.2260220125 0.3995577828125 0.2260220125 0.41724646249999997 0.22798742187499998 0.4231426890625 0.2368317609375 0.431987028125 0.2466588046875 0.4359178453125 0.25550314531249996 0.4349351421875 0.264347484375 0.431987028125 0.271226415625 0.42707350625 0.271226415625 0.4231426890625 0.2771226421875 0.41135023593750003 0.2771226421875 0.40348860000000003 0.27319182343750004 0.3916961484375
1 0.0953223265625 0.47719143124999996 0.084512578125 0.48603577031249995 0.0805817609375 0.49389740625 0.07861635156249999 0.4997936328125 0.07861635156249999 0.5174823109375 0.0825471703125 0.5273093546875 0.091391509375 0.538119103125 0.10318396249999999 0.542049921875 0.11006289375 0.5410672171875001 0.1189072328125 0.538119103125 0.1238207546875 0.5332055812500001 0.127751571875 0.50372445 0.1238207546875 0.491931996875 0.11497641562500001 0.48112224843750007 0.10711477968750001 0.47719143124999996 0.0953223265625 0.47719143124999996
1 0.1916273578125 0.38088639999999996 0.180817609375 0.395626965625 0.180817609375 0.41135023593750003 0.18278301875 0.415281053125 0.1916273578125 0.422159984375 0.197523584375 0.42412539374999997 0.20243710625000003 0.4231426890625 0.211281446875 0.420194575 0.21619496875 0.415281053125 0.21816037812500003 0.40348860000000003 0.2201257859375 0.40152319218750004 0.21816037812500003 0.3897307390625 0.2093160375 0.378920990625 0.19555817656250002 0.378920990625 0.1916273578125 0.38088639999999996
1 0.324292453125 0.36024960625 0.324292453125 0.3582841984375 0.317413521875 0.3533706765625 0.307586478125 0.3533706765625 0.295794025 0.359266903125 0.28891509375 0.3661458328125 0.2849842765625 0.37400746875 0.2849842765625 0.3916961484375 0.2869496859375 0.395626965625 0.295794025 0.4044713046875 0.3066037734375 0.40741941875 0.3085691828125 0.405454009375 0.3066037734375 0.3995577828125 0.3066037734375 0.381869103125 0.3085691828125 0.375972878125 0.314465409375 0.3681112421875 0.324292453125 0.36024960625
1 0.21816037812500003 0.362215015625 0.211281446875 0.355336084375 0.201454403125 0.355336084375 0.197523584375 0.35730149375 0.1886792453125 0.37007665156249997 0.1906446546875 0.3799036953125 0.2073506296875 0.378920990625 0.21324685468750001 0.3828518078125 0.21619496875 0.381869103125 0.2201257859375 0.372042059375 0.21816037812500003 0.362215015625
0 0.17295597499999998 0.4349351421875 0.180817609375 0.425108096875 0.18278301875 0.41331564531250004 0.180817609375 0.41135023593750003 0.180817609375 0.40152319218750004 0.1759040875 0.3966096703125 0.16607704375000001 0.39267885156250004 0.15625 0.3966096703125 0.14740566093750002 0.40741941875 0.14740566093750002 0.42707350625 0.15625 0.4359178453125 0.17295597499999998 0.4349351421875
0 0.015723270312500003 0.515516903125 0.018671384375 0.5145341984375 0.023584906250000003 0.5076552671875 0.023584906250000003 0.4958628140625 0.0196540875 0.48603577031249995 0.010809748437499999 0.4830876578125 0.005896226562500001 0.4880011796875 0.0039308171874999995 0.49389740625 0.0039308171874999995 0.5076552671875 0.008844339062500001 0.5145341984375 0.012775157812499998 0.51649960625 0.015723270312500003 0.515516903125
1 0.06289308125000001 0.46245086406249997 0.06289308125000001 0.44672759375000004 0.057979559375 0.4398486640625 0.050117924999999994 0.4398486640625 0.043238993749999996 0.448693003125 0.043238993749999996 0.46245086406249997 0.048152515624999996 0.46932979531249996 0.05208333281250001 0.4712952046875 0.055031446875 0.4703125 0.05994496875000001 0.4673643875 0.06289308125000001 0.46245086406249997
1 0.14150943437500002 0.3975923734375 0.1434748421875 0.3877653296875 0.1405267296875 0.3848172171875 0.134630503125 0.3848172171875 0.1306996859375 0.3867826265625 0.1238207546875 0.395626965625 0.1238207546875 0.40938482656249997 0.13266509375 0.41626375781249997 0.13954402500000002 0.415281053125 0.1454402515625 0.40938482656249997 0.14150943437500002 0.3975923734375
1 0.14937106875 0.405454009375 0.15625 0.3966096703125 0.16509433906249998 0.3916961484375 0.16312893125 0.3897307390625 0.16509433906249998 0.3799036953125 0.1601808171875 0.37695558125 0.1523191828125 0.37695558125 0.14642295624999999 0.38088639999999996 0.1434748421875 0.385799921875 0.14150943437500002 0.3995577828125 0.14642295624999999 0.40643671406250004 0.14937106875 0.405454009375
0 0.180817609375 0.3975923734375 0.184748428125 0.3877653296875 0.1906446546875 0.3799036953125 0.1886792453125 0.3779382859375 0.1886792453125 0.372042059375 0.1857311328125 0.36909394687499997 0.1759040875 0.3671285375 0.1670597484375 0.375972878125 0.16312893125 0.3838345125 0.16312893125 0.3897307390625 0.177869496875 0.39857507812500004 0.180817609375 0.3975923734375
0 0.22405660312500003 0.37007665156249997 0.22798742187499998 0.3661458328125 0.22995282968750003 0.352387971875 0.2230739 0.3435436328125 0.21324685468750001 0.3435436328125 0.20636792499999998 0.3484571546875 0.204402515625 0.35435338125000004 0.21324685468750001 0.35730149375 0.21816037812500003 0.364180425 0.21816037812500003 0.3681112421875 0.221108490625 0.3710593546875 0.22405660312500003 0.37007665156249997