2 0.1703125 0.6765625 0.0578125 0.0546875
2 0.440625 0.5765625 0.053125 0.0546875
2 0.340625 0.68125 0.0578125 0.0546875
2 0.1171875 0.690625 0.05625 0.0515625
1 0.425 0.6296875 0.05 0.05
1 0.3375 0.6265625 0.0578125 0.0578125
1 0.4375 0.6796875 0.0546875 0.05625
1 0.384375 0.6 0.03125 0.0296875
1 0.528125 0.5640625 0.0203125 0.021875
1 0.653125 0.5640625 0.0234375 0.0234375
3 0.340625 0.653125 0.0796875 0.140625
3 0.434375 0.6515625 0.075 0.140625
3 0.775 0.5359375 0.0390625 0.065625
3 0.7421875 0.528125 0.03125 0.0578125