2 0.058196721875 0.5810194671875 0.062295081249999995 0.5953637296875 0.0735655734375 0.6025358609375 0.0797131140625 0.6004866796874999 0.0868852453125 0.59126536875 0.0868852453125 0.5830686468749999 0.0827868859375 0.5728227453125 0.07459016406249999 0.5666752046875 0.0694672125 0.5656506140625 0.065368853125 0.5676997953125 0.058196721875 0.5810194671875
2 0.146311475 0.6609375 0.1555327875 0.6701588109375 0.16577868906249998 0.66810963125 0.1709016390625 0.6609375 0.1709016390625 0.652740778125 0.16270491874999998 0.6424948765625 0.15348360625 0.6414702875 0.146311475 0.6506915984375 0.146311475 0.6609375
2 0.334836065625 0.7060194671875 0.334836065625 0.7142161890625001 0.3440573765625 0.7254866796874999 0.3522540984375 0.7254866796874999 0.354303278125 0.7275358609375 0.36352459062500003 0.722412909375 0.3676229515625 0.7142161890625001 0.3655737703125 0.7039702875 0.35737704843749996 0.6957735656249999 0.3461065578125 0.694748975 0.3368852453125 0.70192110625 0.334836065625 0.7060194671875
2 0.4700819671875 0.6937243859375 0.4700819671875 0.7080686468749999 0.47213114687499996 0.7121670078125 0.48545082031250003 0.7213883203125 0.49979508125 0.7213883203125 0.5110655734375 0.7121670078125 0.5131147546875 0.7080686468749999 0.5151639343750001 0.6998719265625 0.5131147546875 0.6978227453125 0.5131147546875 0.6916752046875 0.5038934421875 0.6804047125 0.500819671875 0.6793801234375 0.4875 0.6783555328124999 0.48135245937500004 0.6804047125 0.4700819671875 0.6937243859375
2 0.683196721875 0.724462090625 0.683196721875 0.73060963125 0.68729508125 0.7347079921875 0.6852459015625 0.736757171875 0.6924180328125 0.743929303125 0.7047131140625 0.743929303125 0.71598360625 0.7347079921875 0.71598360625 0.7183145484375 0.7108606562500001 0.71114241875 0.7077868859375 0.710117828125 0.7006147546875 0.7090932375000001 0.6944672125 0.71114241875 0.683196721875 0.724462090625
2 0.722131146875 0.738806353125 0.722131146875 0.74495389375 0.7272540984375 0.752126025 0.7395491796875 0.7541752046875 0.7467213109374999 0.7490522546875 0.750819671875 0.7408555328124999 0.750819671875 0.7347079921875 0.74467213125 0.7265112703125001 0.7354508203125001 0.7254866796874999 0.7262295078125 0.73060963125 0.722131146875 0.738806353125
2 0.322540984375 0.7285604515624999 0.3297131140625 0.73573258125 0.33995901562499997 0.7377817624999999 0.347131146875 0.7326588109375 0.347131146875 0.7265112703125001 0.3368852453125 0.7183145484375 0.334836065625 0.7121670078125 0.3297131140625 0.71114241875 0.322540984375 0.7183145484375 0.322540984375 0.7285604515624999
2 0.250819671875 0.6978227453125 0.25286885312499996 0.7080686468749999 0.26413934375000003 0.7172899593750001 0.266188525 0.7131915984375 0.2754098359375 0.7080686468749999 0.27745901562499997 0.7039702875 0.2754098359375 0.6957735656249999 0.2692622953125 0.689626025 0.260040984375 0.688601434375 0.25286885312499996 0.6937243859375 0.250819671875 0.6978227453125
2 0.2702868859375 0.7131915984375 0.266188525 0.7131915984375 0.2631147546875 0.71626536875 0.2682377046875 0.7213883203125 0.2764344265625 0.7213883203125 0.2815573765625 0.71626536875 0.2836065578125 0.7080686468749999 0.279508196875 0.6998719265625 0.27745901562499997 0.6998719265625 0.27745901562499997 0.7060194671875 0.2702868859375 0.7131915984375
1 0.35532786875 0.7265112703125001 0.35737704843749996 0.736757171875 0.3625 0.7398309421875 0.3768442625 0.7377817624999999 0.38401639374999996 0.7285604515624999 0.37786885312499996 0.7142161890625001 0.36967213125 0.7121670078125 0.3676229515625 0.7121670078125 0.3625 0.7234375 0.35532786875 0.7265112703125001
1 0.3727459015625 0.7398309421875 0.36352459062500003 0.7408555328124999 0.3727459015625 0.7459784843749999 0.3809426234375 0.743929303125 0.3860655734375 0.738806353125 0.3860655734375 0.7326588109375 0.38401639374999996 0.73060963125 0.38299180312500003 0.729585040625 0.3768442625 0.7377817624999999 0.3727459015625 0.7398309421875
1 0.535047640625 0.75432980625 0.5463181328125 0.7615019375000001 0.5586132140625 0.7594527578125 0.5637361656250001 0.7522806265625 0.5637361656250001 0.742034725 0.557588625 0.735887184375 0.5422197718749999 0.73486259375 0.535047640625 0.742034725 0.535047640625 0.75432980625
1 0.6924180328125 0.743929303125 0.6913934421875 0.7531506140625 0.6934426234375 0.757248975 0.6985655734375 0.7603227453125 0.7108606562500001 0.7582735656249999 0.7180327875 0.751101434375 0.7180327875 0.738806353125 0.7129098359375 0.7377817624999999 0.7026639343750001 0.743929303125 0.6924180328125 0.743929303125
1 0.7180327875 0.7531506140625 0.7231557375000001 0.7582735656249999 0.729303278125 0.7603227453125 0.738524590625 0.7551997953125 0.731352459375 0.7541752046875 0.72520491875 0.7500768437499999 0.722131146875 0.7429047125 0.7200819671875001 0.7429047125 0.7180327875 0.7470030734375 0.7180327875 0.7531506140625