2 0.375972878125 0.21265723281249999 0.3730247640625 0.2077437109375 0.364180425 0.2008647796875 0.3464917453125 0.2008647796875 0.3337165875 0.20970911874999998 0.3297857703125 0.2175707546875 0.3297857703125 0.23132861562499998 0.3317511796875 0.235259434375 0.342560928125 0.2441037734375 0.36024960625 0.2441037734375 0.37499017343749996 0.23132861562499998 0.37695558125 0.22739779843750002 0.375972878125 0.21265723281249999
2 0.362215015625 0.6882861640625 0.3612323109375 0.6833726421875 0.35435338125000004 0.6764937109375 0.35042256250000003 0.6745283015625 0.33863010937500004 0.6745283015625 0.3317511796875 0.6794418234374999 0.3278203609375 0.6912342765624999 0.3366647015625 0.704009434375 0.34059551875 0.7059748421875 0.352387971875 0.7059748421875 0.3612323109375 0.6990959125 0.36319772031249997 0.69516509375 0.362215015625 0.6882861640625
2 0.2845813671875 0.5693789312499999 0.2845813671875 0.5811713843749999 0.2865467765625 0.5851022015625 0.289494890625 0.5880503140625 0.3032527515625 0.5880503140625 0.3101316828125 0.5811713843749999 0.309148978125 0.5683962265625 0.3032527515625 0.5625 0.297356525 0.560534590625 0.289494890625 0.5625 0.2845813671875 0.5693789312499999
2 0.3130797953125 0.36006289375 0.312097090625 0.3551493703125 0.3052181609375 0.348270440625 0.2934257078125 0.34630503125 0.28065055 0.3571147796875 0.27868514218749996 0.36694182343750004 0.285564071875 0.377751571875 0.289494890625 0.37971698125 0.30128734218750003 0.37971698125 0.3052181609375 0.377751571875 0.312097090625 0.3689072328125 0.3140625 0.364976415625 0.3130797953125 0.36006289375
2 0.2698408015625 0.3639937109375 0.26296187031249996 0.374803459375 0.2649272796875 0.384630503125 0.2718062109375 0.389544025 0.2816332546875 0.389544025 0.2885121859375 0.38266509375 0.28752948125 0.377751571875 0.285564071875 0.377751571875 0.28065055 0.3708726421875 0.2777024375 0.3620283015625 0.2698408015625 0.3639937109375
2 0.2914602984375 0.44654088124999997 0.2816332546875 0.4386792453125 0.2718062109375 0.4406446546875 0.2649272796875 0.45145440312499996 0.26689268906249997 0.4593160375 0.27377161875 0.46619496875 0.285564071875 0.46619496875 0.292443003125 0.4573506296875 0.2914602984375 0.44654088124999997
2 0.26689268906249997 0.447523584375 0.27377161875 0.4406446546875 0.285564071875 0.4406446546875 0.285564071875 0.43671383593749996 0.2796678453125 0.43278301875 0.2698408015625 0.43278301875 0.26099646249999997 0.44359276718749996 0.26296187031249996 0.45145440312499996 0.265909984375 0.45243710625 0.26689268906249997 0.447523584375
2 0.3897307390625 0.04756289375 0.402505896875 0.0406839625 0.4044713046875 0.0367531453125 0.40348860000000003 0.025943396875000004 0.39366155625 0.0200471703125 0.375972878125 0.022012578125 0.36516312968750003 0.0328223265625 0.36516312968750003 0.0406839625 0.372042059375 0.04756289375 0.3897307390625 0.04756289375
2 0.3685043234375 0 0.36319772031249997 0.005306603125 0.36319772031249997 0.0112028296875 0.37007665156249997 0.0180817609375 0.385799921875 0.0180817609375 0.3946442609375 0.007272012499999999 0.39366155625 0.00039308125 0.393268475 0 0.3685043234375 0
1 0.37400746875 0.0180817609375 0.3681112421875 0.0161163515625 0.36319772031249997 0.0112028296875 0.362215015625 0.0062893078125000005 0.35730149375 0.009237421875 0.35730149375 0.01709905625 0.36024960625 0.0200471703125 0.37400746875 0.0200471703125 0.37400746875 0.0180817609375
1 0.364180425 0.0416666671875 0.3671285375 0.03085691875 0.3730247640625 0.0249606921875 0.372042059375 0.022012578125 0.362215015625 0.0200471703125 0.352387971875 0.0239779875 0.34747445 0.028891509375000003 0.34747445 0.038718553125 0.352387971875 0.0416666671875 0.364180425 0.0416666671875
1 0.312097090625 0.11143867968750001 0.312097090625 0.1212657234375 0.318976021875 0.1281446546875 0.332733884375 0.1261792453125 0.33863010937500004 0.122248428125 0.3415782234375 0.11733490625000001 0.34059551875 0.10652515781250001 0.3366647015625 0.1025943390625 0.330768475 0.10062893125000001 0.32094143124999996 0.1025943390625 0.312097090625 0.11143867968750001
1 0.2816332546875 0.32468553437500003 0.27377161875 0.32468553437500003 0.268858096875 0.3276336484375 0.2649272796875 0.3354952828125 0.2649272796875 0.341391509375 0.2698408015625 0.34630503125 0.27278891562499996 0.3354952828125 0.282615959375 0.3276336484375 0.2816332546875 0.32468553437500003
1 0.268858096875 0.3472877359375 0.27377161875 0.3541666671875 0.2816332546875 0.356132075 0.289494890625 0.348270440625 0.297356525 0.34630503125 0.3003046390625 0.341391509375 0.299321934375 0.33844339687499997 0.2914602984375 0.3286163515625 0.2816332546875 0.32665094375 0.27278891562499996 0.3354952828125 0.268858096875 0.3472877359375
1 0.415281053125 0.9025157234375 0.40938482656249997 0.8966194968750001 0.40152319218750004 0.8946540875 0.3946442609375 0.8995676093749999 0.3946442609375 0.9074292453125 0.3995577828125 0.9123427671875 0.40741941875 0.9123427671875 0.41626375781249997 0.9054638359375 0.415281053125 0.9025157234375
1 0.3877653296875 0.8632075468749999 0.3838345125 0.8573113203125 0.375972878125 0.8553459125 0.3710593546875 0.8602594343750001 0.36909394687499997 0.8661556609375 0.372042059375 0.8710691828125 0.385799921875 0.8730345906249999 0.388748034375 0.8681210687500001 0.3877653296875 0.8632075468749999
1 0.3838345125 0.8710691828125 0.375972878125 0.8710691828125 0.37007665156249997 0.86517295625 0.3671285375 0.8661556609375 0.3671285375 0.8700864781250001 0.37400746875 0.8769654093750001 0.381869103125 0.8769654093750001 0.3848172171875 0.8740172953125 0.3838345125 0.8710691828125