1 0.830696203125 0.5848496828124999 0.8346518984375001 0.576938290625 0.836629746875 0.56111550625 0.8326740499999999 0.5492484171875 0.8277294296875001 0.544303796875 0.8198180374999999 0.5403481015625 0.806962025 0.541337025 0.803995253125 0.5423259500000001 0.791139240625 0.557159809375 0.7891613921875 0.5630933546875 0.7891613921875 0.576938290625 0.791139240625 0.5828718359375 0.798061709375 0.5917721515625 0.8119066453125001 0.5957278484375 0.823773734375 0.5917721515625 0.830696203125 0.5848496828124999
0 0.7505933546875 0.6253955703125 0.76246044375 0.619462025 0.7674050640625001 0.6145174046874999 0.7733386078125 0.60067246875 0.7733386078125 0.5907832281250001 0.7693829109375 0.5828718359375 0.76246044375 0.5759493671875 0.752571203125 0.5719936703124999 0.7436708859375 0.5729825953125001 0.7367484171875 0.5759493671875 0.7298259500000001 0.5828718359375 0.7238924046874999 0.60067246875 0.725870253125 0.6026503171875001 0.7278481015625 0.6145174046874999 0.7367484171875 0.623417721875 0.7407041140625 0.6253955703125 0.7505933546875 0.6253955703125
1 0.6645569625000001 0.62638449375 0.6596123421875 0.629351265625 0.6526898734375 0.6382515828125 0.650712025 0.6540743671875 0.65763449375 0.66495253125 0.6655458859375 0.6689082281250001 0.677412975 0.6689082281250001 0.6922468359375 0.656052215625 0.6942246828124999 0.642207278125 0.6922468359375 0.636273734375 0.68334651875 0.6273734171875 0.6793908234375 0.6253955703125 0.6645569625000001 0.62638449375
0 0.3659018984375 0.6441851265625 0.361946203125 0.636273734375 0.3471123421875 0.6253955703125 0.341178796875 0.623417721875 0.328322784375 0.6244066453125 0.31447784843750004 0.6342958859375 0.31052215156249996 0.642207278125 0.31052215156249996 0.6600079109375 0.3214003171875 0.6748417718749999 0.335245253125 0.6807753171875001 0.3431566453125 0.6807753171875001 0.3589794296875 0.6728639234375 0.36392405 0.66594145625 0.3659018984375 0.661985759375 0.3659018984375 0.6441851265625
1 0.3045886078125 0.6679193031249999 0.30854430312500003 0.6580300640625001 0.30854430312500003 0.65209651875 0.3045886078125 0.6402294296875 0.2976661390625 0.6313291140625 0.2818433546875 0.623417721875 0.27294303750000004 0.6244066453125 0.2679984171875 0.6253955703125 0.2551424046875 0.6382515828125 0.25316455625 0.6540743671875 0.2590981015625 0.6679193031249999 0.2660205703125 0.6748417718749999 0.27393196249999996 0.67879746875 0.28579905 0.6807753171875001 0.295688290625 0.6768196203125 0.3045886078125 0.6679193031249999
1 0.2007515828125 0.57397151875 0.2126186703125 0.568037975 0.22349683593749997 0.557159809375 0.2333860765625 0.53540348125 0.2333860765625 0.5176028484375 0.22151898750000001 0.48991297500000003 0.2126186703125 0.479034809375 0.19481803749999999 0.473101265625 0.1740506328125 0.474090190625 0.15723892343749998 0.4849683546875 0.1483386078125 0.49584651874999996 0.1424050640625 0.50969145625 0.1424050640625 0.5334256328125 0.15031645625 0.551226265625 0.16317246875 0.5660601265625 0.178995253125 0.57397151875 0.2007515828125 0.57397151875
1 0.1513053796875 0.5818829109375 0.13746044375 0.5759493671875 0.126582278125 0.576938290625 0.12361550624999999 0.577927215625 0.11075949375000001 0.5927610765625 0.10878164531250001 0.5986946203125 0.11075949375000001 0.616495253125 0.1166930375 0.6283623421875 0.12954905 0.63924050625 0.1453718359375 0.63924050625 0.16218354375 0.6244066453125 0.1641613921875 0.6184731015625 0.16218354375 0.60067246875 0.1513053796875 0.5818829109375
1 0.0909810125 0.6066060125 0.0909810125 0.5888053796875 0.08306962031250001 0.576938290625 0.07219145625 0.5660601265625 0.061313290625 0.5670490499999999 0.05834651875 0.568037975 0.0474683546875 0.5808939875 0.04549050625 0.5986946203125 0.049446203125 0.610561709375 0.060324367187500005 0.623417721875 0.0642800640625 0.6253955703125 0.074169303125 0.6253955703125 0.0890031640625 0.6145174046874999 0.0890031640625 0.6085838609375 0.0909810125 0.6066060125
1 0.1097705703125 0.6471518984375 0.1176819625 0.6471518984375 0.1255933546875 0.643196203125 0.1285601265625 0.6382515828125 0.12361550624999999 0.635284809375 0.1127373421875 0.622428796875 0.10878164531250001 0.610561709375 0.10878164531250001 0.5967167718749999 0.11075949375000001 0.5947389234375 0.103837025 0.5897943031249999 0.100870253125 0.5907832281250001 0.094936709375 0.5967167718749999 0.0909810125 0.6046281640625 0.0890031640625 0.610561709375 0.0890031640625 0.62638449375 0.0929588609375 0.6342958859375 0.10185917656250001 0.643196203125 0.1097705703125 0.6471518984375
1 0.35799050625 0.6995648734375 0.3599683546875 0.7035205703125 0.37084651874999996 0.7124208859375 0.38666930312500003 0.7124208859375 0.39260284843750004 0.7104430374999999 0.3995253171875 0.6995648734375 0.39754746875 0.6837420890625 0.390625 0.6748417718749999 0.3827136078125 0.6708860765625 0.367879746875 0.671875 0.35799050625 0.6837420890625 0.35799050625 0.6995648734375
1 0.46182753125 0.7104430374999999 0.471716771875 0.7104430374999999 0.48457278437499995 0.6995648734375 0.4865506328125 0.6837420890625 0.48457278437499995 0.6797863921875 0.471716771875 0.6689082281250001 0.45292721562500005 0.6698971515625 0.44303797500000003 0.681764240625 0.44303797500000003 0.6956091765625 0.44996044375000005 0.7064873421875 0.46182753125 0.7104430374999999
1 0.5023734171875 0.6679193031249999 0.4905063296875 0.67780854375 0.4865506328125 0.687697784375 0.4905063296875 0.697587025 0.49545095000000006 0.7025316453125 0.5033623421875 0.7064873421875 0.5152294296875 0.7064873421875 0.5261075953125001 0.6995648734375 0.530063290625 0.69165348125 0.530063290625 0.681764240625 0.5191851265625 0.6689082281250001 0.5132515828125 0.6669303796875 0.5023734171875 0.6679193031249999
0 0.3995253171875 0.681764240625 0.3995253171875 0.6995648734375 0.4084256328125 0.708465190625 0.4143591765625 0.7104430374999999 0.42820411406250003 0.7104430374999999 0.439082278125 0.701542721875 0.44303797500000003 0.6936313296875001 0.4410601265625 0.681764240625 0.426226265625 0.6689082281250001 0.4113924046875 0.6698971515625 0.4084256328125 0.6708860765625 0.3995253171875 0.681764240625
0 0.38370253125 0.7153876578125 0.390625 0.7223101265625 0.40644778437499995 0.7223101265625 0.41040348125000004 0.720332278125 0.4153481015625 0.7114319625000001 0.400514240625 0.700553796875 0.39754746875 0.701542721875 0.39754746875 0.7035205703125 0.390625 0.7104430374999999 0.38469145625 0.7124208859375 0.38370253125 0.7153876578125