2 0.6 0.6984375 0.053125 0.0515625
2 0.603125 0.5125 0.0453125 0.046875
2 0.615625 0.303125 0.0453125 0.0515625
1 0.565625 0.31875 0.04375 0.0515625
2 0.6265625 0.109375 0.0484375 0.0578125
1 0.5734375 0.0984375 0.046875 0.059375
1 0.5578125 0.509375 0.0484375 0.05
2 0.5515625 0.709375 0.0453125 0.046875
2 0.590625 0.878125 0.046875 0.0515625
1 0.522259221875 0.5254098359375 0.52635758125 0.5254098359375 0.5304559421875 0.521311475 0.5335297125 0.5202868859375 0.5335297125 0.49364754062499994 0.5325051234375 0.49262295156249997 0.5284067625 0.486475409375 0.5243084015624999 0.486475409375 0.522259221875 0.488524590625 0.5161116796874999 0.48032786875 0.505865778125 0.48032786875 0.5038165984375 0.4823770484375 0.4976690578125 0.4844262296875 0.4884477453125 0.49364754062499994 0.4884477453125 0.495696721875 0.48639856562499995 0.4977459015625 0.48639856562499995 0.5120901640625 0.4884477453125 0.5141393437499999 0.4904969265625 0.5202868859375 0.4976690578125 0.5274590156250001 0.49971823750000005 0.5274590156250001 0.50176741875 0.529508196875 0.5079149593750001 0.529508196875 0.5099641390625 0.5315573765625 0.5140625 0.5315573765625 0.5191854515625 0.5264344265625 0.520210040625 0.521311475 0.522259221875 0.5254098359375
1 0.5253329921875001 0.911680328125 0.534554303125 0.9188524593749999 0.5529969265625 0.9188524593749999 0.5601690578125 0.9157786890624999 0.5622182375 0.911680328125 0.5622182375 0.90348360625 0.5601690578125 0.9014344265625001 0.5622182375 0.8993852453125 0.561193646875 0.8717213109375 0.5529969265625 0.8655737703125 0.5386526640625 0.8635245906250001 0.5304559421875 0.8676229515625 0.52123463125 0.8788934421875 0.5191854515625 0.885040984375 0.5191854515625 0.8993852453125 0.5253329921875001 0.911680328125
3 0.559375 0.884375 0.125 0.08125
3 0.5640625 0.7015625 0.128125 0.08125
3 0.578125 0.5125 0.1359375 0.071875
3 0.5859375 0.3109375 0.14375 0.084375
3 0.59375 0.1046875 0.1296875 0.0921875