2 0.17233606562499998 0.45622438593750003 0.160040984375 0.4623719265625 0.1487704921875 0.47569159843750003 0.1487704921875 0.4879866796875 0.14672131093750002 0.49208504062499997 0.1549180328125 0.5023309421875 0.1549180328125 0.5043801234374999 0.166188525 0.513601434375 0.19282786875 0.513601434375 0.20614754062500001 0.5043801234374999 0.208196721875 0.49823258125000003 0.21229508125000002 0.494134221875 0.21229508125000002 0.477740778125 0.2102459015625 0.47364241875 0.198975409375 0.4603227453125 0.1897540984375 0.457248975 0.18053278749999999 0.45622438593750003 0.1764344265625 0.458273565625 0.17233606562499998 0.45622438593750003
2 0.1704956671875 0.518620134375 0.14795468437499998 0.518620134375 0.13873337187499998 0.5278414453125 0.13463501093750002 0.5360381671875001 0.13463501093750002 0.5503824296875 0.1366841921875 0.552431609375 0.1366841921875 0.5565299703125001 0.14795468437499998 0.5678004624999999 0.15205304375 0.5698496421875 0.16024976562499998 0.5698496421875 0.1684464875 0.5657512812500001 0.172544846875 0.5678004624999999 0.1827907484375 0.5678004624999999 0.186889109375 0.5657512812500001 0.1981596015625 0.552431609375 0.20020878125000002 0.5360381671875001 0.196110421875 0.5278414453125 0.188938290625 0.5206693140625 0.1858645203125 0.519644725 0.174594028125 0.518620134375 0.172544846875 0.5206693140625 0.1704956671875 0.518620134375
1 0.36598360625000004 0.4613473359375 0.3618852453125 0.47159323750000004 0.3639344265625 0.47364241875 0.3618852453125 0.4859375 0.3639344265625 0.49208504062499997 0.3772540984375 0.5054047125000001 0.3875 0.5095030734375 0.40184426249999994 0.5095030734375 0.407991803125 0.5074538937499999 0.41413934374999994 0.49925717187499996 0.4182377046875 0.49925717187499996 0.42336065625 0.494134221875 0.42745901562500005 0.48388832031250006 0.4254098359375 0.477740778125 0.42745901562500005 0.47364241875 0.42336065625 0.4613473359375 0.4131147546875 0.4531506140625 0.4120901640625 0.4480276640625 0.400819671875 0.44495389375 0.3915983609375 0.443929303125 0.3772540984375 0.45007684374999996 0.36598360625000004 0.4613473359375
1 0.3495901640625 0.5228227453125001 0.3495901640625 0.52692110625 0.345491803125 0.5289702875 0.3434426234375 0.5433145484375 0.34651639375 0.5484375 0.35163934375 0.5515112703125 0.3495901640625 0.5535604515625 0.3495901640625 0.5576588109375 0.3567622953125 0.5648309421875 0.3711065578125 0.570978484375 0.37520491875 0.570978484375 0.3772540984375 0.568929303125 0.3834016390625 0.568929303125 0.3854508203125 0.5668801234374999 0.393647540625 0.5668801234374999 0.4049180328125 0.5576588109375 0.4049180328125 0.5535604515625 0.40901639375 0.549462090625 0.40901639375 0.5453637296875 0.41106557343750005 0.5433145484375 0.41106557343750005 0.535117828125 0.40901639375 0.533068646875 0.40901639375 0.52692110625 0.40286885312500004 0.5166752046875 0.39467213125 0.51257684375 0.36086065624999997 0.5115522546875 0.35368852500000003 0.514626025 0.3495901640625 0.5228227453125001
2 0 0.514318646875 0.0022540984375 0.5176997953125 0.006352459374999999 0.519748975 0.018647540625 0.519748975 0.020696721874999997 0.5176997953125 0.02479508125 0.5176997953125 0.0381147546875 0.5043801234374999 0.0381147546875 0.4859375 0.0360655734375 0.4818391390625 0.0268442625 0.47261782812500003 0.01967213125 0.46954405781249997 0.006352459374999999 0.46851946718750004 0.0022540984375 0.47261782812500003 0.00020491875 0.470568646875 0 0.470568646875 0 0.514318646875
2 0.6094443468749999 0.44223067812499994 0.6012476265625 0.45657494062500004 0.60329680625 0.4668208421875 0.6012476265625 0.4688700234375 0.6012476265625 0.47706674375 0.6053459875 0.485263465625 0.6145672984375 0.4944847765625 0.6227640203125 0.4985831375 0.6473541843749999 0.4985831375 0.653501725 0.4965339578125 0.664772215625 0.485263465625 0.664772215625 0.4647716625 0.6606738562500001 0.4606733015625 0.664772215625 0.45452576093749997 0.6627230359375 0.44427985937500003 0.65145254375 0.4330093671875 0.64632959375 0.4319847765625 0.630960740625 0.43096018750000004 0.6186656593750001 0.435058546875 0.6094443468749999 0.44223067812499994
1 0.6050911250000001 0.5204365359375 0.60304194375 0.5347807984374999 0.6050911250000001 0.536829978125 0.6050911250000001 0.5429775203125 0.611238665625 0.5491250609375 0.611238665625 0.5532234218750001 0.6204599765625 0.5624447328125 0.6348042390625 0.5685922734375 0.6470993218750001 0.5685922734375 0.6593944031250001 0.5644939124999999 0.67476325625 0.551174240625 0.6768124359375001 0.5470758796874999 0.67476325625 0.5450267 0.680910796875 0.536829978125 0.678861615625 0.522485715625 0.672714075 0.510190634375 0.6675911250000001 0.5050676843749999 0.661443584375 0.5071168640625 0.66041899375 0.5019939124999999 0.6225091578125 0.5009693234375 0.6091894859375 0.5122398140625 0.6050911250000001 0.5204365359375
3 0.025 0.51875 0.0484375 0.1484375
3 0.175 0.521875 0.125 0.1484375
3 0.378125 0.51875 0.096875 0.153125
3 0.640625 0.5125 0.10625 0.1640625
3 0.934375 0.49375 0.1296875 0.2015625