0 0.597619046875 0.50575396875 0.597619046875 0.49384920625 0.599603175 0.49186507968750004 0.597619046875 0.47400793593749996 0.59365079375 0.4640873015625 0.5748015875 0.4452380953125 0.558928571875 0.43730158750000003 0.537103175 0.4353174609375 0.515277778125 0.44325396875 0.509325396875 0.447222221875 0.5003968249999999 0.45813492031249997 0.49047619062500003 0.4799603171875 0.49047619062500003 0.4978174609375 0.496428571875 0.5136904765625 0.5113095234375 0.5305555562500001 0.537103175 0.54444444375 0.55595238125 0.5434523812500001 0.5668650796875 0.540476190625 0.5767857140625 0.534523809375 0.59365079375 0.5136904765625 0.597619046875 0.50575396875
0 0.40416666718750005 0.3103174609375 0.41210317500000004 0.3142857140625 0.4230158734375 0.3132936515625 0.42797619062500003 0.31230158750000003 0.43492063437499995 0.3053571421875 0.43690476250000004 0.3013888890625 0.43690476250000004 0.2875 0.4299603171875 0.278571428125 0.41805555625 0.27460317500000003 0.40615079375 0.278571428125 0.403174603125 0.28154761875 0.3992063484375 0.2875 0.397222221875 0.297420634375 0.40416666718750005 0.3103174609375
0 0.44880952343749997 0.33115079375 0.46170634843749997 0.34007936562499996 0.478571428125 0.3390873015625 0.4875 0.334126984375 0.49444444374999996 0.3232142859375 0.49444444374999996 0.3053571421875 0.49047619062500003 0.2994047625 0.48154761874999996 0.2924603171875 0.4636904765625 0.2924603171875 0.4577380953125 0.29444444375 0.45079365156250006 0.2994047625 0.44484127031250004 0.309325396875 0.44484127031250004 0.3232142859375 0.44880952343749997 0.33115079375
0 0.36845238125 0.27063492031249997 0.3625 0.272619046875 0.35555555625 0.2795634921875 0.35357142812500003 0.2914682546875 0.36051587343749997 0.300396825 0.3644841265625 0.302380953125 0.3734126984375 0.3013888890625 0.38333333281250004 0.29345238125 0.38531746093749997 0.28154761875 0.378373015625 0.272619046875 0.36845238125 0.27063492031249997
0 0.48650793593749997 0.2914682546875 0.49345238125 0.290476190625 0.5043650796875 0.27757936562499996 0.5043650796875 0.271626984375 0.5003968249999999 0.2617063484375 0.49345238125 0.25674603125 0.4795634921875 0.25674603125 0.47261904687499995 0.2617063484375 0.46865079375 0.26964285781249997 0.4706349203125 0.28154761875 0.4795634921875 0.290476190625 0.4835317453125 0.2924603171875 0.48650793593749997 0.2914682546875
0 0.5896825390625 0.2894841265625 0.599603175 0.28154761875 0.6015873015625 0.27757936562499996 0.6015873015625 0.265674603125 0.599603175 0.2617063484375 0.590674603125 0.2547619046875 0.584722221875 0.252777778125 0.5728174609375001 0.2547619046875 0.565873015625 0.2617063484375 0.5638888890625 0.27559523750000003 0.5748015875 0.2884920640625 0.5787698406249999 0.290476190625 0.5896825390625 0.2894841265625
0 0.540079365625 0.265674603125 0.54404761875 0.2736111109375 0.5509920640625 0.278571428125 0.5638888890625 0.27757936562499996 0.5638888890625 0.26765872968750004 0.571825396875 0.253769840625 0.5648809531250001 0.246825396875 0.5509920640625 0.246825396875 0.5420634921875 0.253769840625 0.540079365625 0.265674603125
0 0.6759920640625 0.2507936515625 0.66805555625 0.246825396875 0.6581349203125 0.246825396875 0.6492063484374999 0.253769840625 0.647222221875 0.259722221875 0.6501984125 0.2646825390625 0.662103175 0.2607142859375 0.6740079359375 0.2666666671875 0.677976190625 0.272619046875 0.6829365078125 0.271626984375 0.6829365078125 0.2617063484375 0.6759920640625 0.2507936515625
0 0.662103175 0.2607142859375 0.660119046875 0.2626984125 0.6541666671875 0.2626984125 0.6452380953125 0.26964285781249997 0.6412698406249999 0.2795634921875 0.64424603125 0.2825396828125 0.6521825390625 0.284523809375 0.6630952375 0.29543650781249997 0.6630952375 0.2994047625 0.666071428125 0.302380953125 0.6710317453125 0.3013888890625 0.6769841265625 0.297420634375 0.675 0.28551587343749996 0.6789682546875 0.2795634921875 0.6789682546875 0.2736111109375 0.675 0.26765872968750004 0.66805555625 0.2626984125 0.662103175 0.2607142859375
0 0.7543650796875 0.28154761875 0.7543650796875 0.271626984375 0.7523809531250001 0.26765872968750004 0.7394841265625 0.25674603125 0.727579365625 0.258730159375 0.7206349203125 0.26765872968750004 0.7206349203125 0.27559523750000003 0.727579365625 0.2865079359375 0.7375 0.2924603171875 0.7424603171874999 0.2914682546875 0.7523809531250001 0.28551587343749996 0.7543650796875 0.28154761875
0 0.821825396875 0.335119046875 0.8337301593750001 0.3251984125 0.8337301593750001 0.309325396875 0.8297619046875001 0.3013888890625 0.8228174609375 0.29444444375 0.8109126984374999 0.290476190625 0.7980158734375 0.297420634375 0.79404761875 0.3053571421875 0.79404761875 0.3132936515625 0.7980158734375 0.3232142859375 0.808928571875 0.334126984375 0.8128968249999999 0.3361111109375 0.821825396875 0.335119046875
1 1 0.49087301562499996 0.9954365078125 0.49087301562499996 0.9914682546875 0.4928571421875 0.978571428125 0.50575396875 0.9706349203125001 0.5255952374999999 0.9706349203125001 0.553373015625 0.978571428125 0.5751984125 0.9875 0.5821428578125001 1 0.58118131875 1 0.49087301562499996
1 0.9140873015625001 0.36984127031249997 0.9200396828124999 0.37380952343749996 0.925 0.3728174609375 0.9269841265625001 0.3609126984375 0.93194444375 0.3539682546875 0.9388888890624999 0.3509920640625 0.9388888890624999 0.3450396828125 0.934920634375 0.33710317500000003 0.927976190625 0.33015872968750004 0.9140873015625001 0.328174603125 0.9071428578124999 0.335119046875 0.9051587296875001 0.341071428125 0.9051587296875001 0.3549603171875 0.9140873015625001 0.36984127031249997
1 0.8575396828124999 0.297420634375 0.859523809375 0.29543650781249997 0.8575396828124999 0.2835317453125 0.8446428578124999 0.272619046875 0.834722221875 0.27460317500000003 0.8297619046875001 0.28154761875 0.8297619046875001 0.2914682546875 0.8337301593750001 0.2994047625 0.8446428578124999 0.30634920625 0.853571428125 0.3053571421875 0.8575396828124999 0.30337301562499996 0.8575396828124999 0.297420634375
1 0.6948412703125 0.29543650781249997 0.6948412703125 0.3132936515625 0.709722221875 0.33015872968750004 0.7136904765625001 0.33214285781249997 0.724603175 0.33115079375 0.73154761875 0.328174603125 0.7384920640625 0.321230159375 0.740476190625 0.3172619046875 0.740476190625 0.3013888890625 0.7365079359375 0.29345238125 0.7295634921875 0.2865079359375 0.7255952375 0.284523809375 0.7077380953125 0.284523809375 0.6998015875 0.2884920640625 0.6948412703125 0.29543650781249997
1 0.6928571421874999 0.31130952343749996 0.6948412703125 0.309325396875 0.6948412703125 0.29543650781249997 0.696825396875 0.2914682546875 0.7146825390625 0.28154761875 0.7017857140625 0.27063492031249997 0.6878968249999999 0.27063492031249997 0.683928571875 0.272619046875 0.6789682546875 0.27757936562499996 0.675 0.2875 0.6789682546875 0.3013888890625 0.6859126984375 0.3083333328125 0.6928571421874999 0.31130952343749996
1 0.6174603171874999 0.29345238125 0.615476190625 0.297420634375 0.615476190625 0.31130952343749996 0.61944444375 0.31924603125 0.6263888890625 0.3261904765625 0.6382936515625001 0.33214285781249997 0.6432539687500001 0.33115079375 0.6501984125 0.33015872968750004 0.6611111109375 0.321230159375 0.665079365625 0.3132936515625 0.665079365625 0.3013888890625 0.6630952375 0.29543650781249997 0.6521825390625 0.284523809375 0.6382936515625001 0.28055555625 0.6263888890625 0.284523809375 0.6174603171874999 0.29345238125
1 0.5182539687500001 0.28154761875 0.5232142859375 0.28055555625 0.528174603125 0.27559523750000003 0.5321428578125 0.2636904765625 0.5301587296875 0.2577380953125 0.5232142859375 0.2507936515625 0.509325396875 0.24880952343749999 0.5013888890625 0.252777778125 0.4984126984375 0.259722221875 0.5043650796875 0.26964285781249997 0.5043650796875 0.27757936562499996 0.5113095234375 0.2825396828125 0.5182539687500001 0.28154761875
1 0.49146825468750005 0.35793650781249997 0.47757936562500003 0.3638888890625 0.46468253906249996 0.378769840625 0.4607142859375 0.3886904765625 0.4607142859375 0.4045634921875 0.46666666718750005 0.41845238125 0.4755952375 0.427380953125 0.49345238125 0.4353174609375 0.5103174609375001 0.434325396875 0.5212301593750001 0.42936507968750004 0.5341269843750001 0.41646825468750004 0.540079365625 0.4045634921875 0.540079365625 0.390674603125 0.5341269843750001 0.37480158750000003 0.5232142859375 0.3638888890625 0.509325396875 0.35793650781249997 0.49146825468750005 0.35793650781249997
1 0.42400793593749997 0.3896825390625 0.41011904687499995 0.383730159375 0.3922619046875 0.383730159375 0.378373015625 0.3896825390625 0.3674603171875 0.4005952375 0.3615079359375 0.4125 0.3615079359375 0.434325396875 0.36547619062500003 0.44424603124999995 0.3744047625 0.4551587296875 0.384325396875 0.4611111109375 0.3892857140625 0.46011904687499994 0.40615079375 0.4452380953125 0.42400793593749997 0.4392857140625 0.437896825 0.4392857140625 0.440873015625 0.434325396875 0.440873015625 0.4125 0.4388888890625 0.40654761875 0.42400793593749997 0.3896825390625
1 0.440873015625 0.5414682546875 0.4517857140625 0.5384920640625 0.465674603125 0.5305555562500001 0.478571428125 0.515674603125 0.48253968281250004 0.50575396875 0.48253968281250004 0.49583333281249997 0.484523809375 0.49384920625 0.48253968281250004 0.477976190625 0.47460317500000004 0.46011904687499994 0.45575396875 0.4452380953125 0.437896825 0.4392857140625 0.422023809375 0.4392857140625 0.40615079375 0.4452380953125 0.39126984062500003 0.45813492031249997 0.38134920625 0.477976190625 0.38134920625 0.487896825 0.3793650796875 0.489880953125 0.38134920625 0.49186507968750004 0.38134920625 0.503769840625 0.38333333281250004 0.50575396875 0.38333333281250004 0.5117063484375 0.39126984062500003 0.5236111109375 0.40615079375 0.5365079359375 0.42400793593749997 0.5424603171875 0.440873015625 0.5414682546875
1 0.2831349203125 0.3857142859375 0.2771825390625 0.3857142859375 0.26130952343749997 0.3916666671875 0.252380953125 0.4005952375 0.24642857187499997 0.4144841265625 0.24642857187499997 0.4323412703125 0.250396825 0.43829365156250005 0.250396825 0.4422619046875 0.259325396875 0.4511904765625 0.2672619046875 0.4551587296875 0.2880952375 0.45416666718750004 0.29305555625 0.453174603125 0.3019841265625 0.44623015937500005 0.309920634375 0.4303571421875 0.309920634375 0.4105158734375 0.3079365078125 0.4045634921875 0.2990079359375 0.39365079375 0.2831349203125 0.3857142859375
1 0.2513888890625 0.377777778125 0.23849206406249998 0.390674603125 0.234523809375 0.4005952375 0.234523809375 0.41646825468750004 0.23849206406249998 0.42440476250000003 0.24345238125000002 0.42936507968750004 0.24642857187499997 0.42837301562499996 0.24642857187499997 0.41646825468750004 0.252380953125 0.402579365625 0.2672619046875 0.3896825390625 0.285119046875 0.3876984125 0.28611111093749997 0.3867063484375 0.28115079375 0.3797619046875 0.26924603125 0.37380952343749996 0.26130952343749997 0.37380952343749996 0.2513888890625 0.377777778125
1 0.314880953125 0.302380953125 0.2990079359375 0.300396825 0.28611111093749997 0.315277778125 0.28611111093749997 0.3271825390625 0.2880952375 0.33115079375 0.297023809375 0.33809523750000003 0.3079365078125 0.33710317500000003 0.3178571421875 0.33115079375 0.321825396875 0.321230159375 0.321825396875 0.31130952343749996 0.314880953125 0.302380953125
1 0.32380952343749997 0.3013888890625 0.3168650796875 0.29444444375 0.30297619062500003 0.29444444375 0.2960317453125 0.2994047625 0.297023809375 0.302380953125 0.3009920640625 0.300396825 0.314880953125 0.302380953125 0.3198412703125 0.30734127031249997 0.321825396875 0.315277778125 0.32380952343749997 0.315277778125 0.3257936515625 0.30734127031249997 0.32380952343749997 0.3013888890625
2 0.9547619046875001 0.422420634375 0.9636904765625 0.42936507968750004 0.96865079375 0.4303571421875 0.9716269843750001 0.42936507968750004 0.9765873015625001 0.42043650781249997 0.9865079359375001 0.4125 0.9865079359375001 0.4005952375 0.98055555625 0.3867063484375 0.9716269843750001 0.377777778125 0.959722221875 0.3757936515625 0.9557539687500001 0.377777778125 0.9488095234375 0.3867063484375 0.946825396875 0.402579365625 0.9547619046875001 0.422420634375
2 0.9269841265625001 0.3609126984375 0.925 0.3767857140625 0.9329365078125 0.39265872968750004 0.9418650796874999 0.39960317500000003 0.946825396875 0.3986111109375 0.9507936515625 0.3827380953125 0.9557539687500001 0.377777778125 0.9617063484375 0.3757936515625 0.9626984125 0.3728174609375 0.95674603125 0.358928571875 0.9517857140625001 0.3539682546875 0.9478174609375 0.3519841265625 0.9359126984374999 0.3519841265625 0.93194444375 0.3539682546875 0.9269841265625001 0.3609126984375
2 1 0.38613945625 0.9994047625 0.3857142859375 0.9954365078125 0.3857142859375 0.9875 0.3896825390625 0.984523809375 0.39464285781249997 0.9865079359375001 0.4105158734375 0.9894841265625001 0.41349206406250005 1 0.414193121875 1 0.38613945625
2 0.9478174609375 0.3519841265625 0.9587301593750001 0.362896825 0.9636904765625 0.3757936515625 0.972619046875 0.37480158750000003 0.972619046875 0.362896825 0.96865079375 0.352976190625 0.959722221875 0.34404761875 0.9478174609375 0.34404761875 0.9428571421875 0.3509920640625 0.9478174609375 0.3519841265625
2 0.8922619046875001 0.35 0.9001984125 0.3539682546875 0.9051587296875001 0.352976190625 0.9051587296875001 0.341071428125 0.9130952375 0.3291666671875 0.9130952375 0.3232142859375 0.9041666671874999 0.3142857140625 0.8922619046875001 0.31230158750000003 0.8833333328125 0.31924603125 0.8833333328125 0.3271825390625 0.8853174609375 0.3291666671875 0.8833333328125 0.33115079375 0.8833333328125 0.3390873015625 0.8922619046875001 0.35
2 0.8833333328125 0.31924603125 0.8773809531250001 0.309325396875 0.8704365078125 0.30436507968750004 0.85654761875 0.30436507968750004 0.847619046875 0.315277778125 0.847619046875 0.3271825390625 0.8515873015625001 0.335119046875 0.8585317453125001 0.3420634921875 0.8664682546875 0.3460317453125 0.8734126984374999 0.3450396828125 0.8833333328125 0.33710317500000003 0.8833333328125 0.31924603125
2 0.8168650796874999 0.2626984125 0.8128968249999999 0.2646825390625 0.809920634375 0.26964285781249997 0.8178571421875 0.2795634921875 0.8178571421875 0.2914682546875 0.8228174609375 0.29444444375 0.8257936515625 0.29345238125 0.8297619046875001 0.2894841265625 0.83174603125 0.2736111109375 0.8267857140625001 0.2666666671875 0.8168650796874999 0.2626984125
2 0.790079365625 0.2914682546875 0.7950396828125 0.296428571875 0.8019841265625001 0.29543650781249997 0.8049603171875 0.2924603171875 0.8168650796874999 0.290476190625 0.8198412703125 0.28551587343749996 0.8178571421875 0.2835317453125 0.8178571421875 0.27757936562499996 0.80694444375 0.2666666671875 0.7950396828125 0.2666666671875 0.7880952375 0.2736111109375 0.7880952375 0.2795634921875 0.7861111109375 0.28154761875 0.790079365625 0.2914682546875
2 0.7742063484374999 0.2835317453125 0.7821428578125 0.27757936562499996 0.7841269843750001 0.26765872968750004 0.7771825390625 0.25674603125 0.76924603125 0.252777778125 0.7632936515625001 0.252777778125 0.7543650796875 0.259722221875 0.7523809531250001 0.265674603125 0.7543650796875 0.26765872968750004 0.7543650796875 0.2736111109375 0.7632936515625001 0.2825396828125 0.76924603125 0.284523809375 0.7742063484374999 0.2835317453125
2 0.7087301593750001 0.2577380953125 0.7017857140625 0.24880952343749999 0.6978174609375001 0.246825396875 0.683928571875 0.246825396875 0.6789682546875 0.2517857140625 0.6789682546875 0.25575396875 0.6829365078125 0.2617063484375 0.6829365078125 0.26765872968750004 0.6859126984375 0.27063492031249997 0.70674603125 0.271626984375 0.7087301593750001 0.26765872968750004 0.7087301593750001 0.2577380953125
2 0.9914682546875 0.41150793593749996 0.98154761875 0.415476190625 0.9765873015625001 0.42043650781249997 0.974603175 0.4263888890625 0.9865079359375001 0.4263888890625 0.9984126984374999 0.41845238125 0.997420634375 0.41349206406250005 0.9914682546875 0.41150793593749996
2 1 0.4521258515625 0.9914682546875 0.4630952375 0.9884920640624999 0.46210317500000003 0.9884920640624999 0.45615079375 0.9924603171875 0.45218253906249994 0.9914682546875 0.4452380953125 0.977579365625 0.447222221875 0.974603175 0.4501984125 0.9765873015625001 0.46210317500000003 0.9835317453125001 0.47103174531249997 0.9894841265625001 0.475 1 0.47419108750000005 1 0.4521258515625