1 0.48226072656249996 0.050948845312500005 0.4688531359375 0.0396039609375 0.448226071875 0.0354785484375 0.44616336562500003 0.0375412546875 0.429661715625 0.0396039609375 0.42656765625000004 0.0426980203125 0.427599009375 0.0437293734375 0.4626650171875 0.056105610937499995 0.4791666671875 0.0643564359375 0.4843234328125 0.0633250828125 0.48226072656249996 0.050948845312500005
1 0.4667904296875 0.014851484374999998 0.46060231093750004 0.0169141921875 0.45132013125 0.024133664062499997 0.449257425 0.028259076562500002 0.450288778125 0.0354785484375 0.4688531359375 0.0396039609375 0.48122937343750005 0.0499174921875 0.4894801984375 0.0499174921875 0.5028877890625 0.0406353140625 0.5049504953125 0.028259076562500002 0.5028877890625 0.024133664062499997 0.49360561093750005 0.0169141921875 0.4874174921875 0.0169141921875 0.48535478593750003 0.014851484374999998 0.4667904296875 0.014851484374999998
1 0.39155790625 0 0.38531353125 0.0076320125 0.383250825 0.011757425 0.384282178125 0.014851484374999998 0.39150165000000003 0.020008251562500003 0.39356435625 0.028259076562500002 0.39872112187500003 0.0334158421875 0.40284653437499995 0.0354785484375 0.417285478125 0.0354785484375 0.431724421875 0.0292904296875 0.44100659999999997 0.0220709578125 0.44513201249999995 0.0158828390625 0.44513201249999995 0.00556930625 0.43855010625 0 0.39155790625 0
1 0.48535478593750003 0.0664191421875 0.49773102343750003 0.07054455468750001 0.5245462046875 0.0849834984375 0.5307343234374999 0.0849834984375 0.5358910890625 0.0757013203125 0.5358910890625 0.0695132015625 0.5286716171875 0.0581683171875 0.5224834984375 0.054042904687500004 0.5162953796875 0.054042904687500004 0.5080445546875 0.0499174921875 0.4874174921875 0.054042904687500004 0.4843234328125 0.0571369640625 0.48535478593750003 0.0664191421875
2 0.388407590625 0.0169141921875 0.378094059375 0.010726071875 0.371905940625 0.010726071875 0.369843234375 0.008663365624999999 0.349216171875 0.008663365624999999 0.347153465625 0.010726071875 0.332714521875 0.012788778125 0.328589109375 0.014851484374999998 0.328589109375 0.0169141921875 0.330651815625 0.0189768984375 0.33890264062500003 0.0189768984375 0.357466996875 0.0251650171875 0.367780528125 0.0251650171875 0.38634488437500003 0.0313531359375 0.39356435625 0.030321782812499996 0.39356435625 0.024133664062499997 0.388407590625 0.0169141921875
2 0.3474708046875 0 0.34612211249999997 0.0035066 0.347153465625 0.008663365624999999 0.382219471875 0.010726071875 0.39150165000000003 0.00144389375 0.3917904296875 0 0.3474708046875 0
2 0.3030115515625 0 0.299711221875 0.002475246875 0.2904290421875 0.011757425 0.2914603953125 0.012788778125 0.297648515625 0.012788778125 0.299711221875 0.014851484374999998 0.320338284375 0.014851484374999998 0.322400990625 0.0169141921875 0.340965346875 0.010726071875 0.34818481874999996 0.00144389375 0.348473596875 0 0.3030115515625 0
2 0.201773928125 0 0.2027640265625 0.014851484374999998 0.2068894390625 0.012788778125 0.2398927390625 0.012788778125 0.2522689765625 0.006600659375 0.26106985625 0 0.201773928125 0
0 0.45957095781249996 0.7543316828125 0.46060231093750004 0.7677392734375 0.4657590765625 0.7790841578125 0.4678217828125 0.7914603953125 0.4740099015625 0.801773928125 0.4894801984375 0.81518151875 0.49360561093750005 0.81518151875 0.5059818484374999 0.8213696374999999 0.5348597359375 0.8213696374999999 0.5534240921875 0.8131188125 0.5647689765624999 0.8038366343750001 0.5668316828125 0.7976485156249999 0.5730198015625 0.7914603953125 0.5771452140625 0.7790841578125 0.5771452140625 0.7605198015625 0.5750825078124999 0.7584570953124999 0.5750825078124999 0.7502062703125 0.5688943890625 0.7378300328125 0.5575495046875 0.7244224421875 0.5431105609375 0.7161716171875 0.5307343234374999 0.7120462046875 0.5101072609374999 0.7120462046875 0.49773102343750003 0.7161716171875 0.48535478593750003 0.7244224421875 0.46163366406249995 0.7481435640625 0.45957095781249996 0.7543316828125
0 0.345090759375 0.4624587453125 0.35127887812499997 0.4624587453125 0.35643564375 0.4717409234375 0.35849834999999997 0.5047442249999999 0.36056105625 0.50680693125 0.36056105625 0.5171204625 0.36365511562499997 0.526402640625 0.371905940625 0.526402640625 0.378094059375 0.522277228125 0.394595709375 0.5202145218750001 0.39665841562500004 0.518151815625 0.417285478125 0.518151815625 0.42656765625000004 0.51299505 0.42244224375000006 0.488242575 0.41419141875000004 0.4717409234375 0.39872112187500003 0.45214521406249997 0.38634488437500003 0.44389438906249995 0.355404290625 0.43358085781250005 0.340965346875 0.43358085781250005 0.3378712875 0.4366749171875 0.33890264062500003 0.44183168281249996 0.33993399375 0.4573019796875 0.345090759375 0.4624587453125
0 0.5173958 0.4766233765625 0.52770933125 0.48074878906249996 0.54421098125 0.47868608281249997 0.5627753390625 0.47043525781250006 0.5741202234375 0.4590903734375 0.5823710484375 0.4467141359375 0.5844337546875 0.44052601718749995 0.5844337546875 0.41577354062499994 0.5761829296875 0.39720918437499997 0.5699948109374999 0.388958359375 0.558649925 0.37967618125 0.542148275 0.3734880625 0.5215212124999999 0.3734880625 0.49883144375 0.38380159375 0.487486559375 0.39720918437499997 0.481298440625 0.41164812812499996 0.48232979374999996 0.4436200765625 0.487486559375 0.4570276671875 0.49883144375 0.4683725515625 0.5112076812499999 0.4766233765625 0.5173958 0.4766233765625
0 0.45957095781249996 0.5497123328125 0.4533828390625 0.5620885703125 0.4544141921875 0.5734334546875 0.4636963703125 0.588903753125 0.4771039609375 0.6023113437500001 0.4874174921875 0.6084994625 0.4997937296875 0.61056216875 0.5018564359375 0.6126248750000001 0.5224834984375 0.6126248750000001 0.5245462046875 0.61056216875 0.5307343234374999 0.61056216875 0.5513613859375 0.6002486375 0.5647689765624999 0.584778340625 0.5730198015625 0.5641512765625001 0.5730198015625 0.5373360953125 0.5627062703125 0.5167090328125 0.5451732671875 0.5012387359375 0.5327970296875 0.49505061718750004 0.5245462046875 0.49505061718750004 0.5224834984375 0.49298791093750005 0.5018564359375 0.49298791093750005 0.4997937296875 0.49505061718750004 0.49360561093750005 0.49505061718750004 0.4750412546875 0.5053641484375 0.46163366406249995 0.5187717390625 0.45750825156249997 0.5270225640625 0.45957095781249996 0.5497123328125
0 0.5451732671875 0.6852310234375001 0.5575495046875 0.6914191421875 0.5761138609375 0.6914191421875 0.5967409234375001 0.6831683171875 0.6101485156249999 0.6697607265625 0.618399340625 0.6491336640625 0.616336634375 0.62644389375 0.6080858078125 0.6099422437500001 0.5967409234375001 0.598597359375 0.5823019796875 0.590346534375 0.5678630359375 0.590346534375 0.5616749171875 0.598597359375 0.5431105609375 0.613036303125 0.5224834984375 0.621287128125 0.5162953796875 0.621287128125 0.5111386140625 0.63056930625 0.5121699671875 0.6419141921875 0.5152640265625 0.6532590765624999 0.5276402640625 0.6738861390625 0.5410478546874999 0.6852310234375001 0.5451732671875 0.6852310234375001
0 0.5730198015625 0.56043729375 0.5730198015625 0.5748762375 0.5688943890625 0.5831270625 0.5688943890625 0.58931518125 0.5843646859375 0.590346534375 0.6029290421875 0.602722771875 0.6153052812500001 0.598597359375 0.628712871875 0.5851897687500001 0.634900990625 0.57281353125 0.634900990625 0.5501237625 0.628712871875 0.5336221125 0.613242575 0.518151815625 0.5967409234375001 0.511963696875 0.5781765671875 0.511963696875 0.5719884484375 0.514026403125 0.5627062703125 0.521245875 0.5637376234375 0.524339934375 0.5709570953124999 0.53568481875 0.5730198015625 0.55218646875 0.5750825078124999 0.554249175 0.5730198015625 0.56043729375