1 0.5359375 0.4734375 0.046875 0.0453125
1 0.5421875 0.5203125 0.046875 0.046875
1 0.9484375 0.540625 0.0515625 0.05
1 0.1625 0.50625 0.053125 0.0453125
2 0.3453125 0.5140625 0.05 0.0421875
2 0.3453125 0.465625 0.0515625 0.0421875
2 0.7453125 0.53125 0.05625 0.053125
2 0.73125 0.48125 0.0515625 0.046875
2 0.9390625 0.4890625 0.0546875 0.04375
1 0.3506147546875 0.3929559421875 0.3444672125 0.3929559421875 0.33012295156250004 0.399103484375 0.3229508203125 0.410373975 0.3229508203125 0.42471823750000004 0.3290983609375 0.42881659843750003 0.3270491796875 0.432914959375 0.338319671875 0.4421362703125 0.3639344265625 0.4431608609375 0.3680327875 0.43701332031250006 0.36598360625000004 0.430865778125 0.374180328125 0.42676741875 0.374180328125 0.4144723359375 0.3700819671875 0.4062756140625 0.36086065624999997 0.397054303125 0.3506147546875 0.3929559421875
1 0.9848360656249999 0.42881659843750003 0.9756147546875 0.41959528749999997 0.9674180328125 0.4154969265625 0.9469262296875 0.4154969265625 0.9387295078125 0.41959528749999997 0.927459015625 0.430865778125 0.9254098359375 0.4390625 0.9233606562500001 0.4411116796875 0.9233606562500001 0.447259221875 0.927459015625 0.45340676249999995 0.927459015625 0.45750512343749994 0.9305327875 0.4626280734375 0.934631146875 0.4626280734375 0.94282786875 0.4687756140625 0.9643442625 0.467751025 0.9735655734374999 0.4646772546875 0.9868852453124999 0.44930840156249996 0.9868852453124999 0.432914959375 0.9848360656249999 0.42881659843750003
2 0.5493852453125 0.4503329921875 0.552459015625 0.44930840156249996 0.56270491875 0.4411116796875 0.56270491875 0.4349641390625 0.5688524593750001 0.432914959375 0.5688524593750001 0.42676741875 0.5709016390625 0.42471823750000004 0.5709016390625 0.42061987656250005 0.561680328125 0.405251025 0.5596311468749999 0.405251025 0.5514344265625 0.399103484375 0.5391393437499999 0.399103484375 0.5309426234375 0.40320184374999996 0.5217213109375 0.41242315625000003 0.5217213109375 0.41652151562500006 0.51967213125 0.418570696875 0.51967213125 0.42471823750000004 0.5176229515624999 0.42881659843750003 0.525819671875 0.4349641390625 0.5237704921875 0.43701332031250006 0.5237704921875 0.4411116796875 0.5309426234375 0.44828381093749997 0.5473360656249999 0.44828381093749997 0.5493852453125 0.4503329921875
3 0.159375 0.46875 0.0875 0.11875
3 0.3484375 0.478125 0.071875 0.1125
3 0.5390625 0.4890625 0.078125 0.11875
3 0.7390625 0.496875 0.0859375 0.1234375
3 0.9421875 0.50625 0.0984375 0.13125