2 0.6921875 0.5109375 0.0609375 0.0578125
2 0.9015625 0.5640625 0.059375 0.053125
1 0.921875 0.5140625 0.0671875 0.059375
1 0.7 0.6203125 0.0640625 0.059375
1 0.925 0.615625 0.065625 0.0578125
2 0.759375 0.6171875 0.0625 0.059375
2 0.8171875 0.615625 0.065625 0.0609375
1 0.6984375 0.5640625 0.0625 0.0546875
3 0.259375 0.5953125 0.0859375 0.1359375
3 0.0515625 0.596875 0.0859375 0.134375
3 0.478125 0.590625 0.078125 0.1390625
3 0.696875 0.5890625 0.0828125 0.1375
3 0.9171875 0.5828125 0.0875 0.1359375