2 0.425537909375 0.1237704921875 0.42143954843750003 0.125819671875 0.418365778125 0.12274590156250001 0.4173411890625 0.1155737703125 0.413242828125 0.113524590625 0.40299692656249997 0.113524590625 0.391726434375 0.120696721875 0.38557889375 0.132991803125 0.38557889375 0.1452868859375 0.3896772546875 0.1555327875 0.39889856562500003 0.1647540984375 0.40709528749999996 0.16885245937499999 0.413242828125 0.16885245937499999 0.42041495937500006 0.1637295078125 0.42143954843750003 0.1606557375 0.427587090625 0.1606557375 0.4316854515625 0.154508196875 0.43271004062499996 0.135040984375 0.4306608609375 0.1288934421875 0.425537909375 0.1237704921875
1 0.43373463125 0.4967213109375 0.4296362703125 0.5028688531250001 0.42861167968749997 0.49364754062499994 0.425537909375 0.49057377031250005 0.4152920078125 0.49057377031250005 0.40709528749999996 0.49467213125000004 0.39992315624999997 0.5018442624999999 0.3958247953125 0.5120901640625 0.3958247953125 0.5202868859375 0.39992315624999997 0.5305327875 0.40709528749999996 0.53770491875 0.4152920078125 0.541803278125 0.427587090625 0.541803278125 0.4306608609375 0.5387295078125 0.4316854515625 0.5336065578125 0.43783299218750005 0.5356557375000001 0.4450051234375 0.5264344265625 0.4460297125 0.5192622953125 0.447054303125 0.5059426234375 0.43783299218750005 0.4967213109375 0.43373463125 0.4967213109375
2 0.4439805328125 0.703688525 0.43783299218750005 0.7057377046875 0.43578381093749996 0.7016393437499999 0.425537909375 0.7016393437499999 0.4173411890625 0.7057377046875 0.4101690578125 0.7129098359375 0.40402151562500005 0.7231557375000001 0.40402151562500005 0.7395491796875 0.40607069687499997 0.7436475406249999 0.411193646875 0.750819671875 0.425537909375 0.75901639375 0.43373463125 0.75901639375 0.44090676249999994 0.7538934421875 0.44193135312500004 0.750819671875 0.4439805328125 0.7528688531250001 0.44807889375 0.750819671875 0.45320184374999994 0.7436475406249999 0.4511526640625 0.7395491796875 0.4562756140625 0.736475409375 0.4573002046875 0.7190573765625 0.45320184374999994 0.7108606562500001 0.4439805328125 0.703688525
1 0.4593493859375 0.9075819671875 0.45422643437500004 0.9004098359375 0.447054303125 0.90348360625 0.447054303125 0.897336065625 0.4439805328125 0.8942622953124999 0.425537909375 0.8963114750000001 0.4163165984375 0.90348360625 0.41426741875 0.9075819671875 0.41221823750000003 0.93217213125 0.4163165984375 0.940368853125 0.425537909375 0.9495901640625 0.43783299218750005 0.9516393437499999 0.4439805328125 0.9495901640625 0.45012807343750005 0.9413934421875 0.45422643437500004 0.9434426234375 0.4573002046875 0.940368853125 0.46242315625 0.9290983609374999 0.4634477453125 0.9137295078125 0.4573002046875 0.911680328125 0.4593493859375 0.9075819671875
2 0.45625 0.1375 0.04375 0.05
2 0.503125 0.146875 0.0453125 0.0484375
1 0.515625 0.5125 0.0453125 0.046875
1 0.4703125 0.51875 0.0453125 0.046875
2 0.528125 0.7234375 0.0515625 0.046875
2 0.4796875 0.709375 0.0453125 0.0453125
1 0.5359375 0.9125 0.04375 0.0546875
1 0.4859375 0.9375 0.046875 0.05
3 0.471875 0.140625 0.1265625 0.0890625
3 0.46875 0.321875 0.1125 0.071875
3 0.4859375 0.5140625 0.1171875 0.0765625
3 0.49375 0.71875 0.1140625 0.0859375
3 0.503125 0.9234375 0.13125 0.0953125