0 0.33721865 0.8800241156249999 0.3392282953125 0.8860530546875 0.35028135 0.8950964625 0.3683681671875 0.9031350484375 0.37439710625 0.9031350484375 0.376406753125 0.9051446953125 0.39449356875 0.9051446953125 0.396503215625 0.9031350484375 0.41057073906249997 0.9011254015624999 0.4276527328125 0.8860530546875 0.43368167187499995 0.87198553125 0.43368167187499995 0.8538987140625001 0.4276527328125 0.8418408359375 0.41057073906249997 0.8247588421875 0.3924839234375 0.8167202578125 0.3663585203125 0.8147106109375001 0.364348875 0.8167202578125 0.35430064375 0.8167202578125 0.33319935625 0.8317926046874999 0.3291800640625 0.83782154375 0.328175240625 0.8448553046875 0.32717041875 0.8659565921875 0.3311897109375 0.8739951765624999 0.33721865 0.8800241156249999
0 0.4598070734375 0.8880627015625 0.474879421875 0.9011254015624999 0.48693729843750005 0.9051446953125 0.505024115625 0.9031350484375 0.51708199375 0.897106109375 0.5281350484375 0.8800241156249999 0.5281350484375 0.8699758843750001 0.52411575625 0.8619372984375 0.51708199375 0.8549035375 0.505024115625 0.8488745984375001 0.48291800625 0.8488745984375001 0.470860128125 0.852893890625 0.46382636718750003 0.85791800625 0.4567926046875 0.8709807078124999 0.45578778125 0.8739951765624999 0.457797428125 0.8760048234375001 0.4598070734375 0.8880627015625
0 0.41961414843749995 0.9644292609375 0.41961414843749995 0.98050643125 0.4155948546875 0.9845257234375 0.416599678125 0.9875401921875 0.43468649531250003 0.9875401921875 0.44071543437500005 0.985530546875 0.453778134375 0.9744774921875001 0.45578778125 0.9644292609375 0.453778134375 0.958400321875 0.4447347265625 0.9473472671875 0.4387057875 0.9433279750000001 0.43468649531250003 0.9433279750000001 0.42865755625 0.93930868125 0.4206189703125 0.93930868125 0.418609325 0.9372990359375001 0.3985128625 0.93930868125 0.3975080390625 0.9423231515625 0.4155948546875 0.956390675 0.41961414843749995 0.9644292609375
0 0.51004823125 0.849879421875 0.5211012859374999 0.8589228296875 0.5331591640625 0.862942121875 0.5472266875 0.8609324765625 0.5552652734375 0.8569131828125001 0.56430868125 0.849879421875 0.568327975 0.8398311890624999 0.568327975 0.8338022515624999 0.56430868125 0.8237540187500001 0.5582797421875 0.8197347265625 0.5552652734375 0.8147106109375001 0.5452170421875 0.81069131875 0.5311495171875 0.81069131875 0.525120578125 0.8147106109375001 0.5211012859374999 0.8147106109375001 0.5080385859375001 0.825763665625 0.5070337625 0.828778134375 0.5060289390625 0.8398311890624999 0.51004823125 0.8458601281250001 0.51004823125 0.849879421875
0 0.573352090625 0.7865755625 0.5894292609375 0.7865755625 0.6014871375 0.7805466234375 0.6085209 0.7735128625 0.6125401921875 0.7634646296875001 0.6125401921875 0.7534163984375 0.6085209 0.7453778140625 0.5994774921875 0.7383440515624999 0.5954582 0.7383440515624999 0.5793810296874999 0.7463826359375 0.5633038578125 0.7463826359375 0.5582797421875 0.751406753125 0.5572749203125 0.75643086875 0.556270096875 0.7674839234374999 0.5582797421875 0.7735128625 0.573352090625 0.7865755625
0 0.5552652734375 0.7403536984375 0.57134244375 0.7463826359375 0.5894292609375 0.74236334375 0.5994774921875 0.7363344046875 0.6085209 0.7212620578125 0.6085209 0.7092041796874999 0.6045016078125001 0.6991559484375001 0.593448553125 0.68810289375 0.5894292609375 0.686093246875 0.5793810296874999 0.686093246875 0.5773713828125 0.6840836015625 0.5753617359375001 0.686093246875 0.5673231515625 0.686093246875 0.5532556265624999 0.6941318328125 0.546221865625 0.703175240625 0.5432073953125001 0.71221865 0.542202571875 0.7212620578125 0.5502411578124999 0.73532958125 0.5552652734375 0.7403536984375
0 0.6296221859375 0.6298231515625 0.6436897109374999 0.6278135046875 0.6567524109375 0.61676045 0.6587620578125 0.6127411578124999 0.6607717046875 0.5986736328125 0.6587620578125 0.5966639875 0.6587620578125 0.5906350484375 0.6517282953125 0.581591640625 0.64569935625 0.577572346875 0.6296221859375 0.5755627015625 0.6245980703125 0.594654340625 0.6155546625 0.6057073953125001 0.6095257234375 0.6097266875 0.6085209 0.6127411578124999 0.6155546625 0.6237942125 0.6296221859375 0.6298231515625
0 0.57134244375 0.6097266875 0.581390675 0.61374598125 0.5994774921875 0.61374598125 0.60550643125 0.6097266875 0.6095257234375 0.6097266875 0.61856913125 0.6026929265625001 0.6266077171875 0.5886254015625 0.6266077171875 0.5685289390625 0.6245980703125 0.5625 0.613545015625 0.5494372984375 0.6095257234375 0.547427653125 0.59143890625 0.5514469453124999 0.5753617359375001 0.5695337625 0.569332796875 0.5735530546875001 0.5572749203125 0.5755627015625 0.5552652734375 0.577572346875 0.55426045 0.584606109375 0.5622990359375 0.6006832796875 0.57134244375 0.6097266875
0 0.64569935625 0.5152733125 0.657757234375 0.5152733125 0.6617765265625 0.513263665625 0.6708199359375 0.506229903125 0.676848875 0.49618167187499995 0.676848875 0.48211414843749995 0.674839228125 0.476085209375 0.6637861734375 0.46503215468750003 0.6537379421875 0.46101286249999995 0.647709003125 0.46101286249999995 0.637660771875 0.46503215468750003 0.62560289375 0.479099678125 0.6245980703125 0.49618167187499995 0.6336414796875001 0.5092443734375001 0.64569935625 0.5152733125
0 0.5994774921875 0.3424437296875 0.6095257234375 0.346463021875 0.6195739546875 0.34847266875 0.6215836015625 0.346463021875 0.6336414796875001 0.3444533765625 0.6426848875 0.3374196140625 0.6507234734375 0.323352090625 0.6507234734375 0.3112942125 0.6426848875 0.2952170421875 0.635651125 0.2881832796875 0.623593246875 0.282154340625 0.6075160765625001 0.282154340625 0.6014871375 0.2841639875 0.5884244375 0.2952170421875 0.583400321875 0.306270096875 0.5823954984374999 0.319332796875 0.5884244375 0.331390675 0.5994774921875 0.3424437296875
0 0.60550643125 0.1917202578125 0.617564309375 0.19573955 0.62560289375 0.19573955 0.637660771875 0.1897106109375 0.6467041796874999 0.17865755625 0.6467041796874999 0.1645900328125 0.644694534375 0.1605707390625 0.635651125 0.149517684375 0.6195739546875 0.1434887453125 0.6014871375 0.1454983921875 0.5944533765625 0.1505225078125 0.5874196140625 0.163585209375 0.586414790625 0.168609325 0.5924437296875 0.180667203125 0.60550643125 0.1917202578125
1 0.667805465625 0.370578778125 0.6758440515624999 0.3745980703125 0.6858922828125 0.3745980703125 0.689911575 0.372588425 0.7009646296875001 0.3595257234375 0.698954984375 0.343448553125 0.6879019296875 0.3323954984375 0.681872990625 0.3323954984375 0.67986334375 0.3303858515625 0.6778536984375 0.3323954984375 0.671824759375 0.3323954984375 0.66278135 0.3374196140625 0.65976688125 0.3444533765625 0.6587620578125 0.3595257234375 0.6607717046875 0.363545015625 0.667805465625 0.370578778125
1 0.573352090625 0.46503215468750003 0.583400321875 0.47106109375000005 0.5974678453125 0.47307073906249997 0.6155546625 0.46704179999999995 0.622588425 0.462017684375 0.63263665625 0.4459405140625 0.63263665625 0.43589228281250003 0.6346463015625 0.4338826359375 0.63263665625 0.43187299062499995 0.630627009375 0.4157958203125 0.617564309375 0.40072347343750003 0.603496784375 0.394694534375 0.5894292609375 0.394694534375 0.573352090625 0.40072347343750003 0.566318328125 0.407757234375 0.5572749203125 0.42282958125 0.556270096875 0.44192122187500005 0.5602893890625 0.44995980781249995 0.573352090625 0.46503215468750003
1 0.5793810296874999 0.4951768484375 0.590434084375 0.50823955 0.5924437296875 0.520297428125 0.5944533765625 0.5223070734374999 0.5924437296875 0.5484324765624999 0.5994774921875 0.5494372984375 0.6115353703124999 0.543408359375 0.620578778125 0.5323553046875 0.6266077171875 0.520297428125 0.6266077171875 0.5022106109375 0.622588425 0.4921623796875 0.6095257234375 0.479099678125 0.5974678453125 0.47307073906249997 0.581390675 0.47307073906249997 0.5673231515625 0.479099678125 0.5633038578125 0.4831189703125 0.5633038578125 0.4871382640625 0.57134244375 0.489147909375 0.5793810296874999 0.4951768484375
1 0.527130225 0.5715434078125 0.53717845625 0.5755627015625 0.5612942125 0.5755627015625 0.57134244375 0.5715434078125 0.5884244375 0.5544614140624999 0.5944533765625 0.5424035375 0.5944533765625 0.5223070734374999 0.5924437296875 0.520297428125 0.590434084375 0.50823955 0.5773713828125 0.49316720312499995 0.5633038578125 0.48512861718750006 0.5411977484375 0.48512861718750006 0.527130225 0.49115755625 0.5140675234375001 0.5022106109375 0.505024115625 0.5213022515625 0.5040192921875 0.53838424375 0.512057878125 0.5564710609375 0.527130225 0.5715434078125
1 0.5552652734375 0.8147106109375001 0.56430868125 0.8237540187500001 0.566318328125 0.8317926046874999 0.569332796875 0.8348070734374999 0.581390675 0.83078778125 0.586414790625 0.825763665625 0.5924437296875 0.8116961421875001 0.5884244375 0.7996382640624999 0.573352090625 0.7865755625 0.559284565625 0.7865755625 0.549236334375 0.7926045015625001 0.5452170421875 0.7926045015625001 0.5401929265625001 0.7956189703125001 0.53717845625 0.8026527328125 0.53717845625 0.81069131875 0.5472266875 0.81069131875 0.5552652734375 0.8147106109375001
1 0.5351688109375 0.8810289390625 0.549236334375 0.8810289390625 0.5572749203125 0.8770096468749999 0.568327975 0.8659565921875 0.5703376203125 0.8538987140625001 0.5673231515625 0.8488745984375001 0.5653135046875 0.8488745984375001 0.549236334375 0.8609324765625 0.527130225 0.862942121875 0.5261254015625 0.8699758843750001 0.529139871875 0.8790192921875001 0.5351688109375 0.8810289390625
1 0.4497588421875 0.98050643125 0.4567926046875 0.985530546875 0.47286977500000005 0.9875401921875 0.484927653125 0.9835209 0.49598070781250003 0.9704582 0.4939710609375 0.9604099671874999 0.48291800625 0.951366559375 0.4768890671875 0.9493569125000001 0.45478295781250005 0.9493569125000001 0.450763665625 0.951366559375 0.45578778125 0.9624196140624999 0.45578778125 0.9684485531249999 0.4497588421875 0.98050643125
1 0.352290996875 0.985530546875 0.3683681671875 0.9935691312499999 0.3904742765625 0.9955787781250001 0.3924839234375 0.9935691312499999 0.4005225078125 0.9935691312499999 0.4125803859375 0.9875401921875 0.41961414843749995 0.98050643125 0.41961414843749995 0.9624196140624999 0.40856109375000005 0.9493569125000001 0.4005225078125 0.9433279750000001 0.382435690625 0.93930868125 0.3804260453125 0.9372990359375001 0.3563102890625 0.9372990359375001 0.3442524109375 0.9433279750000001 0.3382234734375 0.951366559375 0.33721865 0.9684485531249999 0.3432475890625 0.978496784375 0.352290996875 0.985530546875
1 0.2226688109375 0.757435690625 0.2377411578125 0.7725080390625 0.2618569125 0.7865755625 0.273914790625 0.7905948546875 0.2819533765625 0.7905948546875 0.283963021875 0.7926045015625001 0.298030546875 0.7926045015625001 0.3000401921875 0.7905948546875 0.308078778125 0.7905948546875 0.310088425 0.788585209375 0.3221463015625 0.7865755625 0.3412379421875 0.771503215625 0.355305465625 0.747387459375 0.3573151125 0.7413585203124999 0.3573151125 0.71523311875 0.355305465625 0.7132234734375 0.3512861734375 0.69513665625 0.3432475890625 0.6790594859375 0.318127009375 0.65393890625 0.3040594859375 0.645900321875 0.2920016078125 0.643890675 0.2899919609375 0.6418810296874999 0.2799437296875 0.6418810296874999 0.277934084375 0.6398713828125 0.24979903593750002 0.643890675 0.23372186562500002 0.6519292609375 0.22065916406250002 0.6649919609375 0.212620578125 0.6750401921875 0.20759646250000002 0.68810289375 0.206591640625 0.72528135 0.214630225 0.7453778140625 0.2226688109375 0.757435690625
1 0.3633440515625 0.4901527328125 0.3653536984375 0.49618167187499995 0.3804260453125 0.513263665625 0.40454179999999995 0.52532154375 0.43669614218749997 0.52532154375 0.45478295781250005 0.5192926046874999 0.4738745984375 0.5022106109375 0.4859324765625 0.4801045015625 0.4859324765625 0.47407556250000005 0.487942121875 0.472065915625 0.487942121875 0.44393086875 0.4799035375 0.42383440468750005 0.460811896875 0.40273311874999995 0.44272507968749997 0.3926848875 0.43669614218749997 0.3926848875 0.43468649531250003 0.390675240625 0.40454179999999995 0.390675240625 0.382435690625 0.40072347343750003 0.3713826359375 0.40976688125000005 0.3613344046875 0.42383440468750005 0.35430064375 0.4469453375 0.3532958203125 0.46804662343750003 0.359324759375 0.486133440625 0.3633440515625 0.4901527328125
2 0.64569935625 0.577572346875 0.65976688125 0.589630225 0.6708199359375 0.5805868171874999 0.67282958125 0.5765675234375001 0.674839228125 0.5625 0.6708199359375 0.55245176875 0.6637861734375 0.54541800625 0.657757234375 0.543408359375 0.6436897109374999 0.543408359375 0.6336414796875001 0.5494372984375 0.627612540625 0.557475884375 0.6266077171875 0.57254823125 0.6296221859375 0.5755627015625 0.64569935625 0.577572346875
2 0.6637861734375 0.46503215468750003 0.674839228125 0.476085209375 0.6778536984375 0.4871382640625 0.6858922828125 0.48512861718750006 0.694935690625 0.476085209375 0.6969453375 0.4600080390625 0.6929260453125 0.451969453125 0.6858922828125 0.44493569062500005 0.6698151125 0.4429260453125 0.6567524109375 0.4539791 0.6557475890625 0.45699356875 0.654742765625 0.4600080390625 0.657757234375 0.4630225078125 0.6637861734375 0.46503215468750003
2 0.6557475890625 0.42081993593749994 0.6637861734375 0.424839228125 0.67986334375 0.42282958125 0.688906753125 0.4137861734375 0.6929260453125 0.40373794218750003 0.68689710625 0.385651125 0.6738344046875 0.3766077171875 0.6617765265625 0.3766077171875 0.6537379421875 0.380627009375 0.6487138265625 0.385651125 0.64569935625 0.3926848875 0.644694534375 0.40373794218750003 0.6487138265625 0.4137861734375 0.6557475890625 0.42081993593749994
2 0.6909163984375 0.3936897109375 0.6909163984375 0.41177652656249997 0.69393086875 0.41278135000000005 0.7009646296875001 0.40574758906249997 0.7049839234374999 0.3916800640625 0.7009646296875001 0.3836414796875 0.691921221875 0.3745980703125 0.6879019296875 0.372588425 0.67986334375 0.3766077171875 0.6788585203124999 0.3796221859375 0.68689710625 0.385651125 0.6909163984375 0.3936897109375
2 0.6075160765625001 0.272106109375 0.6215836015625 0.2801446953125 0.637660771875 0.2801446953125 0.6436897109374999 0.2781350484375 0.654742765625 0.269091640625 0.6567524109375 0.265072346875 0.6587620578125 0.25301446875 0.654742765625 0.2409565921875 0.6416800640625 0.227893890625 0.637660771875 0.227893890625 0.6316318328125 0.2238745984375 0.6195739546875 0.2238745984375 0.6095257234375 0.227893890625 0.6024919609375 0.23492765312500002 0.5994774921875 0.24598070781249998 0.59847266875 0.255024115625 0.6024919609375 0.265072346875 0.6075160765625001 0.272106109375
2 0.6316318328125 0.2238745984375 0.6416800640625 0.227893890625 0.64971865 0.2359324765625 0.6537379421875 0.2359324765625 0.6607717046875 0.2288987140625 0.66278135 0.21684083593749998 0.6607717046875 0.210811896875 0.654742765625 0.20076366562499998 0.64569935625 0.193729903125 0.6336414796875001 0.1917202578125 0.62560289375 0.19573955 0.617564309375 0.19573955 0.6085209 0.20277331250000002 0.6075160765625001 0.20578778125000002 0.6065112546875 0.21885048281250002 0.6115353703124999 0.22588424375 0.6316318328125 0.2238745984375
2 0.60550643125 0.1434887453125 0.6215836015625 0.1434887453125 0.6296221859375 0.1475080390625 0.635651125 0.1475080390625 0.6426848875 0.1344453375 0.6426848875 0.126406753125 0.6296221859375 0.1113344046875 0.6195739546875 0.1073151125 0.61856913125 0.122387459375 0.6125401921875 0.1304260453125 0.5954582 0.139469453125 0.5944533765625 0.1424839234375 0.5994774921875 0.1454983921875 0.60550643125 0.1434887453125
2 0.5622990359375 0.126406753125 0.57134244375 0.1334405140625 0.581390675 0.1374598078125 0.6014871375 0.1374598078125 0.6125401921875 0.1304260453125 0.61856913125 0.1203778140625 0.61856913125 0.1063102890625 0.6165594859375 0.10229099687500001 0.60550643125 0.0912379421875 0.5894292609375 0.085209003125 0.5773713828125 0.085209003125 0.5673231515625 0.0892282953125 0.556270096875 0.10028135 0.5552652734375 0.10530546562500001 0.55426045 0.11032958125 0.556270096875 0.1163585203125 0.5622990359375 0.126406753125
2 0.5351688109375 0.0791800640625 0.55124598125 0.085209003125 0.5653135046875 0.085209003125 0.5773713828125 0.0811897109375 0.586414790625 0.0721463015625 0.590434084375 0.0641077171875 0.586414790625 0.052049839062500006 0.5793810296874999 0.04300643125 0.5612942125 0.0349678453125 0.5411977484375 0.0349678453125 0.5331591640625 0.038987137500000005 0.5231109328125 0.051045015625 0.522106109375 0.0641077171875 0.52411575625 0.068127009375 0.5351688109375 0.0791800640625
2 0.4699557875 0 0.4738745984375 0.0078376203125 0.480908359375 0.0148713828125 0.49698553125 0.020900321875 0.5211012859374999 0.020900321875 0.527130225 0.018890675000000003 0.5381832796875 0.0118569125 0.54421221875 0.00180868125 0.5438504828124999 0 0.4699557875 0
2 0.569332796875 0.038987137500000005 0.573352090625 0.038987137500000005 0.5844051453125 0.048030546875 0.5884244375 0.05606913125 0.5884244375 0.062098070312499996 0.59143890625 0.065112540625 0.59847266875 0.060088425 0.6024919609375 0.048030546875 0.59847266875 0.037982315625 0.59143890625 0.030948553125 0.569332796875 0.0249196140625 0.5612942125 0.030948553125 0.5572749203125 0.030948553125 0.5572749203125 0.0349678453125 0.5633038578125 0.0349678453125 0.569332796875 0.038987137500000005
1 0.5439803359375001 0 0.5401929265625001 0.0098472671875 0.527130225 0.018890675000000003 0.5261254015625 0.0219051453125 0.5351688109375 0.02893890625 0.5572749203125 0.030948553125 0.5673231515625 0.026929260937499998 0.5723472671875001 0.0219051453125 0.576366559375 0.013866559375 0.576366559375 0.0078376203125 0.5713789828125 0 0.5439803359375001 0