2 0.6319888171875 0.5199680515625 0.6120207671875 0.5179712453125 0.602036740625 0.5239616609375 0.5990415328124999 0.5289536734375 0.5990415328124999 0.542931309375 0.6010383390625 0.5469249203125 0.597044728125 0.5509185296875 0.597044728125 0.5569089453125 0.6120207671875 0.5698881796874999 0.6279952078125 0.5698881796874999 0.6359824281249999 0.56589456875 0.6429712453125 0.5589057515625 0.6449680515625 0.5529153359375 0.6429712453125 0.5509185296875 0.645966453125 0.5479233234375 0.64696485625 0.5349440890625 0.6359824281249999 0.52196485625 0.6319888171875 0.5199680515625
1 0.616118859375 0.9269623171875001 0.6121252484374999 0.9229687078125 0.5961508078125 0.920971903125 0.5851683796875 0.9299575250000001 0.5871651859375 0.935947940625 0.582173171875 0.9369463437500001 0.579177965625 0.9399415515625 0.579177965625 0.9579127968750001 0.5871651859375 0.9738872375 0.5981476140625 0.984869665625 0.6121252484374999 0.9868664718750001 0.622109275 0.9828728609375 0.6340901046874999 0.9668984203125 0.6350885078124999 0.9439351609375001 0.622109275 0.9289591234374999 0.616118859375 0.9269623171875001
1 0.628128834375 0.7246105593750001 0.616148003125 0.7246105593750001 0.6141511984375 0.7266073640624999 0.61215439375 0.7246105593750001 0.5981767578125 0.7246105593750001 0.589191134375 0.7355929875 0.5871943296875 0.751567428125 0.589191134375 0.7535642328125001 0.589191134375 0.7595546484375 0.5951815500000001 0.7695386734375 0.6021703671874999 0.7745306875 0.6101575875 0.778524296875 0.616148003125 0.7765274921875001 0.6181448078125 0.778524296875 0.6241352234375 0.778524296875 0.6321224437499999 0.7745306875 0.6421064703125 0.7625498562499999 0.643104871875 0.7435802078125 0.63711445625 0.7335961828124999 0.628128834375 0.7246105593750001
1 0.6472394015625 0.110633065625 0.63925218125 0.1086362609375 0.62727135 0.1126298703125 0.6122953109375 0.12960271406249999 0.61029850625 0.147573959375 0.6122953109375 0.153564375 0.621280934375 0.16654360937499998 0.6292681546875001 0.17053721875 0.6452425953125001 0.1685404140625 0.660218634375 0.15556118125 0.6632138421875 0.1485723625 0.66421224375 0.127605909375 0.6512330109375 0.1126298703125 0.6472394015625 0.110633065625
2 0.6429020796875 0.318507325 0.6329180546875001 0.318507325 0.6309212484375 0.32050412968750003 0.62892444375 0.318507325 0.6169436140625 0.318507325 0.6059611859375 0.329489753125 0.6039643796874999 0.3414705828125 0.601967575 0.3434673875 0.6059611859375 0.3574450234375 0.61894041875 0.3684274515625 0.6369116640625 0.3684274515625 0.6498908984375 0.3574450234375 0.6548829109375001 0.3484594015625 0.6558813125 0.33548016718749996 0.651887703125 0.32749294687499997 0.6429020796875 0.318507325
1 0.6068692109375 0.31079643749999997 0.6018771984375 0.3038076203125 0.5958867828125001 0.3038076203125 0.591893171875 0.2978172046875 0.5839059515625 0.2958204 0.581909146875 0.2978172046875 0.57591873125 0.2978172046875 0.571925121875 0.299814009375 0.5629394984375 0.3087996328125 0.5589458875 0.316786853125 0.5589458875 0.33675490468749997 0.5629394984375 0.344742125 0.569928315625 0.3517309421875 0.5739219265625 0.353727746875 0.5779155375 0.353727746875 0.5799123421875 0.355724553125 0.5859027578125 0.355724553125 0.592891575 0.35073254062500003 0.593889978125 0.3457405265625 0.5958867828125001 0.3497341375 0.5978835874999999 0.3497341375 0.6048724062499999 0.34274531874999997 0.6078676140625 0.33375969687499996 0.608866015625 0.32277726875 0.6068692109375 0.32078046250000003 0.6068692109375 0.31079643749999997
2 0.5607502421875 0.7180583265625 0.5567566328125 0.72005513125 0.5527630218749999 0.7180583265625 0.54178059375 0.7270439484375 0.537786984375 0.737027975 0.537786984375 0.747012 0.5437774 0.7609896359375 0.5507662171875001 0.767978453125 0.554759828125 0.767978453125 0.5587534375 0.7719720640625 0.5727310734375 0.7719720640625 0.58571030625 0.7609896359375 0.5867087093750001 0.7579944281250001 0.5877071125 0.731037559375 0.5787214890625 0.72005513125 0.5607502421875 0.7180583265625
2 0.5431677421875001 0.3165749125 0.540172534375 0.3175733140625 0.5391741328124999 0.31258130156249997 0.5212028859375 0.31258130156249997 0.5062268484375 0.325560534375 0.50423004375 0.3295541453125 0.50423004375 0.349522196875 0.5082236531250001 0.3575094171875 0.5212028859375 0.3684918453125 0.5371773281250001 0.3684918453125 0.5411709375 0.3625014296875 0.5451645484375 0.364498234375 0.5551485734375 0.3505205984375 0.5561469765625 0.33155095 0.547161353125 0.3185717171875 0.5431677421875001 0.3165749125
1 0.5805958796875 0.511887628125 0.5752712625 0.509891215625 0.5675062015625 0.510113046875 0.5628471875 0.5114439828124999 0.557078846875 0.5125531015625 0.553085390625 0.516324096875 0.5495356515625 0.5198732749999999 0.547095215625 0.5238660984375 0.5455421953124999 0.5280807390625 0.546429634375 0.53495728125 0.546429634375 0.5422774687499999 0.548870078125 0.5458266328125 0.5510886625 0.5502631015625 0.557078846875 0.5582487515625 0.5601848703125001 0.5613542828125 0.5655094734375 0.563128865625 0.56994664375 0.563794340625 0.577489840625 0.5624634046875 0.5803739984375 0.5613542828125 0.5852549015624999 0.558914225 0.59080136875 0.5549214015625 0.5941292421875 0.552037684375 0.595238540625 0.5487103359375001 0.5963478203125 0.5456048171875 0.5972352828124999 0.5418338078125 0.5972352828124999 0.5373973390625 0.5949742203125 0.5342099874999999 0.5916888140625 0.5267498171875 0.588139059375 0.5185423390625 0.5843674531249999 0.5143276859375 0.5805958796875 0.511887628125
3 0.609375 0.140625 0.128125 0.0859375
3 0.596875 0.334375 0.1296875 0.08125
3 0.5875 0.5390625 0.1484375 0.0796875
3 0.584375 0.7546875 0.13125 0.0796875
3 0.5703125 0.953125 0.1359375 0.09375