2 0.3578125 0.9640625 0.059375 0.0640625
1 0.3703125 0.053125 0.0609375 0.0671875
2 0.471875 0.290625 0.0640625 0.065625
1 0.3125 0.746875 0.0703125 0.0734375
1 0.3640625 0.5140625 0.0640625 0.0609375
2 0.3625 0.284375 0.0578125 0.059375
1 0.3609375 0.7453125 0.0609375 0.065625
2 0.4171875 0.284375 0.05625 0.0625
3 0.390625 0.95625 0.1359375 0.0859375
3 0.390625 0.7421875 0.140625 0.0859375
3 0.3953125 0.5171875 0.1421875 0.08125
3 0.396875 0.2875 0.1421875 0.084375
3 0.4015625 0.059375 0.140625 0.0890625