2 0.56794321875 0.78513071875 0.5740706703125 0.7871732031249999 0.596537990625 0.7871732031249999 0.6087928921875 0.7810457515625 0.6200265515625001 0.7698120921875 0.6241115203125001 0.76164215625 0.626154003125 0.747344771875 0.61798406875 0.7310049015625 0.612877859375 0.7258986921874999 0.604707925 0.723856209375 0.599601715625 0.7391748359375 0.586325571875 0.7524509796875 0.5659007359375 0.760620915625 0.5516033499999999 0.760620915625 0.5505821078124999 0.7657271234375 0.554667075 0.7738970593750001 0.56794321875 0.78513071875
2 0.5720281859375 0.6809640515625001 0.5904105390625001 0.6830065359375 0.6026654406249999 0.67892156875 0.6200265515625001 0.665645425 0.6281964875 0.6513480390625 0.6302389703125 0.637050653125 0.6241115203125001 0.6186683000000001 0.6087928921875 0.6013071890624999 0.5985804734375 0.597222221875 0.5904105390625001 0.597222221875 0.5914317812500001 0.6145833328125 0.5893892968750001 0.6166258171875 0.5893892968750001 0.6247957515625 0.5853043296875 0.637050653125 0.576113153125 0.6482843140625 0.56794321875 0.6544117640625 0.5577308000000001 0.660539215625 0.5516033499999999 0.660539215625 0.5505821078124999 0.665645425 0.5597732843750001 0.6748366015625 0.5720281859375 0.6809640515625001
2 0.5536458328125 0.5625 0.576113153125 0.554330065625 0.5893892968750001 0.5430964046875 0.5955167484375 0.5349264703125 0.5955167484375 0.530841503125 0.6016442 0.5185866015625 0.6016442 0.5002042484375 0.5955167484375 0.4818218953125 0.5801981203125 0.46446078437500005 0.5597732843750001 0.454248365625 0.5373059640625 0.454248365625 0.5321997546875 0.45731209218749996 0.5321997546875 0.46139705937500003 0.536284721875 0.46548202656250004 0.5403696890624999 0.47569444375 0.5424121734375 0.50224673125 0.53832720625 0.51245915 0.53832720625 0.520629084375 0.5321997546875 0.5328839875 0.5250510625 0.5420751640625 0.5189236109375 0.54616013125 0.51790236875 0.551266340625 0.5311785125 0.560457515625 0.5536458328125 0.5625
2 0.7599366828125 0.5420751640625 0.7711703437499999 0.5287990203125 0.7711703437499999 0.5185866015625 0.7599366828125 0.5053104578125 0.7476817812500001 0.5053104578125 0.7384906046874999 0.51245915 0.7374693625 0.5155228765625 0.7364481203125 0.5328839875 0.7456392968750001 0.5420751640625 0.7599366828125 0.5420751640625
2 0.7303206703125 0.6186683000000001 0.7303206703125 0.6268382359375 0.72419321875 0.6390931375 0.7252144609375 0.6421568625 0.729299428125 0.6421568625 0.7384906046874999 0.6350081703125 0.742575571875 0.62888071875 0.74461805625 0.6166258171875 0.7354268796875 0.6033496734375 0.7313419125 0.6013071890624999 0.719087009375 0.6013071890624999 0.71806576875 0.60232843125 0.7282781859375 0.61254085 0.7303206703125 0.6186683000000001
2 0.6700674015625 0.36642156875 0.6823223046875 0.37254902031250003 0.6966196890624999 0.37254902031250003 0.7047896234375 0.3684640515625 0.7139808000000001 0.3592728765625 0.71806576875 0.351102940625 0.71806576875 0.334763071875 0.7160232843750001 0.3286356203125 0.7047896234375 0.31535947656249996 0.69457720625 0.311274509375 0.6782373359375 0.311274509375 0.6700674015625 0.31535947656249996 0.6588337421875 0.3286356203125 0.6578125 0.3337418296875 0.6567912578125 0.34293300625 0.662918709375 0.3592728765625 0.6700674015625 0.36642156875
2 0.6884497546875 0.311274509375 0.6966196890624999 0.311274509375 0.702747140625 0.31535947656249996 0.710917075 0.31535947656249996 0.719087009375 0.311274509375 0.72419321875 0.3041258171875 0.726235703125 0.297998365625 0.726235703125 0.28370097968749997 0.719087009375 0.2724673203125 0.7047896234375 0.2642973859375 0.6884497546875 0.26633986875 0.679258578125 0.2755310453125 0.6761948531249999 0.2826797390625 0.6751736109375 0.291870915625 0.679258578125 0.3041258171875 0.6884497546875 0.311274509375
2 0.7272569437499999 0.28472222187499996 0.7354268796875 0.2826797390625 0.74461805625 0.271446078125 0.74461805625 0.255106209375 0.7313419125 0.241830065625 0.7252144609375 0.241830065625 0.7150020421875001 0.252042484375 0.702747140625 0.258169934375 0.7017258984375 0.26327614375 0.7170445265625001 0.2704248359375 0.7272569437499999 0.28472222187499996
2 0.6904922390625 0.20506535937499998 0.7047896234375 0.20506535937499998 0.712959559375 0.20915032656250002 0.7231719765625 0.2193627453125 0.7282781859375 0.2162990203125 0.7303206703125 0.20200163437500002 0.7282781859375 0.1979166671875 0.710917075 0.1825980390625 0.69457720625 0.1825980390625 0.6853860296875001 0.18974673125 0.6823223046875 0.19689542499999999 0.6813010625 0.20404411718749998 0.6843647875000001 0.20710784375000002 0.6904922390625 0.20506535937499998
2 0.5924530234375001 0.09272875781249999 0.6108353765625 0.09272875781249999 0.6169628265625 0.09477124218750001 0.6333026953124999 0.10498365937500001 0.639430146875 0.11519607812499999 0.6465788406249999 0.11008986875 0.6486213234375 0.10396241875000001 0.6486213234375 0.091707515625 0.642493871875 0.07945261406250001 0.6373876640625 0.0743464046875 0.6230902781250001 0.0682189546875 0.6006229578125 0.0682189546875 0.5873468140625 0.07945261406250001 0.5842830875 0.088643790625 0.5832618468749999 0.091707515625 0.586325571875 0.09477124218750001 0.5924530234375001 0.09272875781249999
2 0.6353451796875 0.072303921875 0.642493871875 0.07945261406250001 0.64760008125 0.088643790625 0.6527062906250001 0.085580065625 0.6567912578125 0.07945261406250001 0.6567912578125 0.06719771249999999 0.6527062906250001 0.059027778125 0.64760008125 0.05392156875 0.6353451796875 0.0477941171875 0.6230902781250001 0.045751634375 0.6210477937500001 0.0477941171875 0.6149203437499999 0.0477941171875 0.6067504078125 0.051879084374999995 0.6026654406249999 0.058006535937500006 0.6026654406249999 0.0682189546875 0.6230902781250001 0.0682189546875 0.6353451796875 0.072303921875
2 0.665982434375 0.1376633984375 0.67415236875 0.13357843125 0.6833435453125001 0.122344771875 0.6833435453125001 0.1141748359375 0.679258578125 0.10396241875000001 0.6700674015625 0.09477124218750001 0.6618974671875 0.09068627500000001 0.6486213234375 0.091707515625 0.6486213234375 0.10396241875000001 0.6465788406249999 0.11008986875 0.64147263125 0.11519607812499999 0.642493871875 0.1325571890625 0.649642565625 0.1376633984375 0.665982434375 0.1376633984375
1 0.6138991015624999 0.8106617640625 0.6230902781250001 0.8178104578125 0.6435151140625 0.8178104578125 0.64760008125 0.8157679734375 0.6567912578125 0.80861928125 0.662918709375 0.7963643796875 0.662918709375 0.7861519609375 0.660876225 0.78206699375 0.6537275328125001 0.7749183000000001 0.64147263125 0.7708333328125 0.629217728125 0.7728758171875 0.6169628265625 0.77900326875 0.6108353765625 0.7892156859375 0.609814134375 0.800449346875 0.6138991015624999 0.8065767968750001 0.6138991015624999 0.8106617640625
1 0.49441380781250005 0.8443627453125 0.51483864375 0.8525326796874999 0.5352634796875 0.8525326796874999 0.5516033499999999 0.8443627453125 0.562837009375 0.8331290843750001 0.56487949375 0.8188316999999999 0.5669219765625 0.816789215625 0.56487949375 0.81474673125 0.56487949375 0.8065767968750001 0.5607945265625001 0.7963643796875 0.5516033499999999 0.7871732031249999 0.5393484484375 0.7810457515625 0.512796159375 0.7810457515625 0.506668709375 0.78513071875 0.5025837421875 0.78513071875 0.49441380781250005 0.7892156859375 0.4872651140625 0.7963643796875 0.4821589046875 0.8055555562500001 0.4811376640625 0.82495915 0.4872651140625 0.8372140515625001 0.49441380781250005 0.8443627453125
1 0.41475694374999994 0.9281045750000001 0.4208843953125 0.9281045750000001 0.4229268796875 0.9301470593750001 0.44743668281250004 0.9301470593750001 0.44947916718750003 0.9281045750000001 0.4556066171875 0.9281045750000001 0.4658190359375 0.9219771234374999 0.4750102125 0.9127859484374999 0.47909517968750004 0.9046160125 0.47909517968750004 0.8923611109375 0.472967728125 0.880106209375 0.46173406874999995 0.8688725484375001 0.43518178125 0.85866013125 0.41475694374999994 0.85866013125 0.40862949375 0.8607026140625 0.3943321078125 0.8688725484375001 0.3861621734375 0.8811274515624999 0.38514093125 0.9025735296875 0.398417075 0.919934640625 0.41475694374999994 0.9281045750000001
1 0.3177389703125 0.5819035953125 0.3310151140625 0.5951797390625 0.34327001562500004 0.6033496734375 0.3677798203125 0.6115196078125 0.39637459218750004 0.6115196078125 0.398417075 0.6094771234375 0.4106719765625 0.607434640625 0.4249693625 0.59926470625 0.44437295781249997 0.5798611109375 0.44641544062499994 0.573733659375 0.4505004078125 0.5696486921874999 0.456627859375 0.551266340625 0.456627859375 0.5185866015625 0.44641544062499994 0.49407679687500006 0.43518178125 0.48080065312500003 0.4229268796875 0.4705882359375 0.41271446093749997 0.46650326875000003 0.40862949375 0.46241830000000006 0.39637459218750004 0.4583333328125 0.3677798203125 0.4583333328125 0.3657373359375 0.4603758171875 0.3596098859375 0.4603758171875 0.347354984375 0.46446078437500005 0.3310151140625 0.47467320312499994 0.3177389703125 0.48794934687499997 0.3044628265625 0.5216503265625 0.303441584375 0.54922385625 0.30956903593749996 0.567606209375 0.3177389703125 0.5819035953125
1 0.440287990625 0.4838643796875 0.4545853765625 0.5083741828125 0.456627859375 0.514501634375 0.456627859375 0.530841503125 0.45867034375 0.5328839875 0.456627859375 0.5533088234375 0.46173406874999995 0.5584150328125 0.4658190359375 0.560457515625 0.48828635625 0.560457515625 0.490328840625 0.5584150328125 0.5025837421875 0.5563725484375001 0.5209660953124999 0.54616013125 0.5342422390625 0.5287990203125 0.5403696890624999 0.5104166671875 0.5403696890624999 0.49407679687500006 0.5424121734375 0.4920343140625 0.5403696890624999 0.4899918296875 0.5403696890624999 0.47569444375 0.5321997546875 0.459354575 0.5107536765625 0.43995097968749997 0.49441380781250005 0.43382352968750004 0.4842013890625 0.43382352968750004 0.46173406874999995 0.454248365625 0.4576491015625 0.454248365625 0.44539419999999996 0.46241830000000006 0.427011846875 0.46650326875000003 0.4259906046875 0.46956699375 0.433139296875 0.4787581703125 0.440287990625 0.4838643796875
1 0.3626736109375 0.43484477187500004 0.3698223046875 0.44199346406249995 0.38207720625 0.448120915625 0.40045955937500005 0.454248365625 0.41271446093749997 0.46241830000000006 0.4229268796875 0.46241830000000006 0.4249693625 0.46446078437500005 0.44743668281250004 0.4603758171875 0.45152165 0.45629084999999997 0.4678615203125 0.448120915625 0.483180146875 0.43280228750000005 0.49339256562499995 0.41237745156249994 0.4954350484375 0.40012254843750006 0.4974775328125 0.398080065625 0.4974775328125 0.3837826796875 0.49339256562499995 0.3735702609375 0.49339256562499995 0.3674428109375 0.483180146875 0.34701797343749996 0.469904003125 0.3337418296875 0.453564134375 0.3235294125 0.44947916718750003 0.321486928125 0.4392667484375 0.321486928125 0.43722426406250003 0.31944444375000003 0.41271446093749997 0.31944444375000003 0.4106719765625 0.321486928125 0.4045445265625 0.321486928125 0.380034721875 0.3337418296875 0.3688010625 0.34293300625 0.360631128125 0.353145425 0.360631128125 0.3572303921875 0.3524611921875 0.3735702609375 0.3514399515625 0.3868464046875 0.350418709375 0.404207515625 0.35858864375 0.4287173203125 0.3626736109375 0.43484477187500004
1 0.556709559375 0.3286356203125 0.5607945265625001 0.334763071875 0.5607945265625001 0.3551879078125 0.5587520421875001 0.3572303921875 0.5587520421875001 0.36335784375 0.5485396234375 0.38174019531250003 0.5485396234375 0.3858251640625 0.5659007359375 0.39297385625 0.5781556375 0.39297385625 0.58836805625 0.3888888890625 0.59449550625 0.3888888890625 0.6118566171875 0.3756127453125 0.6220690359375001 0.3551879078125 0.6220690359375001 0.3306781046875 0.615941584375 0.31638071874999996 0.6087928921875 0.3071895421875 0.6006229578125 0.3010620921875 0.5801981203125 0.29289215625 0.56794321875 0.29289215625 0.549560865625 0.305147059375 0.5485396234375 0.31025326875000003 0.554667075 0.318423203125 0.556709559375 0.3286356203125
1 0.486243871875 0.28472222187499996 0.516881128125 0.28676470625 0.523008578125 0.2908496734375 0.5270935453125001 0.2908496734375 0.5454758984375 0.303104575 0.5597732843750001 0.2969771234375 0.573049428125 0.2857434640625 0.5750919125 0.2796160125 0.5791768796875 0.2755310453125 0.5812193625 0.26327614375 0.5832618468749999 0.261233659375 0.5812193625 0.2408088234375 0.5710069437499999 0.22242647031249999 0.5556883171875 0.20915032656250002 0.5352634796875 0.20098039218750002 0.5189236109375 0.20098039218750002 0.512796159375 0.2030228765625 0.48828635625 0.2173202609375 0.4811376640625 0.2265114375 0.4739889703125 0.2438725484375 0.472967728125 0.2694035953125 0.4821589046875 0.2826797390625 0.486243871875 0.28472222187499996
1 0.6087928921875 0.3071895421875 0.61798406875 0.318423203125 0.6200265515625001 0.3265931375 0.6251327609375 0.33169934687499997 0.6333026953124999 0.3276143796875 0.642493871875 0.318423203125 0.6486213234375 0.3061683 0.6486213234375 0.281658496875 0.642493871875 0.2694035953125 0.6373876640625 0.26225490156250003 0.6271752453125 0.2540849671875 0.612877859375 0.247957515625 0.5924530234375001 0.247957515625 0.58836805625 0.25 0.5832618468749999 0.255106209375 0.5812193625 0.271446078125 0.5720281859375 0.28676470625 0.5720281859375 0.29289215625 0.58836805625 0.294934640625 0.6087928921875 0.3071895421875
1 0.604707925 0.2459150328125 0.612877859375 0.25 0.6190053109375 0.25 0.6373876640625 0.26225490156250003 0.64147263125 0.26225490156250003 0.6567912578125 0.2489787578125 0.660876225 0.2428513078125 0.662918709375 0.22242647031249999 0.6567912578125 0.21017156875 0.6455575984374999 0.1989379078125 0.6271752453125 0.19076797343750002 0.612877859375 0.19076797343750002 0.6118566171875 0.20200163437500002 0.6036866828125 0.2203839875 0.586325571875 0.23570261406249998 0.5853043296875 0.2428513078125 0.58836805625 0.2459150328125 0.604707925 0.2459150328125
1 0.5924530234375001 0.11928104531249999 0.6006229578125 0.11928104531249999 0.612877859375 0.125408496875 0.6220690359375001 0.13459967343749998 0.629217728125 0.1478758171875 0.6384089046875 0.1407271234375 0.642493871875 0.1325571890625 0.642493871875 0.122344771875 0.6343239374999999 0.1060049015625 0.6251327609375 0.098856209375 0.6108353765625 0.09272875781249999 0.5924530234375001 0.09272875781249999 0.586325571875 0.09477124218750001 0.5750919125 0.10396241875000001 0.5720281859375 0.109068628125 0.5720281859375 0.11928104531249999 0.5904105390625001 0.1172385625 0.5924530234375001 0.11928104531249999
1 0.5904105390625001 0.15808823593750002 0.6057291671875 0.17340686249999998 0.6108353765625 0.18464052343749998 0.6149203437499999 0.18464052343749998 0.6241115203125001 0.1774918296875 0.6302389703125 0.165236928125 0.6302389703125 0.148897059375 0.626154003125 0.1407271234375 0.6149203437499999 0.12745097968750002 0.5985804734375 0.11928104531249999 0.5781556375 0.1172385625 0.576113153125 0.11928104531249999 0.569985703125 0.11928104531249999 0.56181576875 0.12336601250000001 0.5526245921874999 0.1325571890625 0.549560865625 0.13970588281250002 0.549560865625 0.1499183 0.569985703125 0.1499183 0.5904105390625001 0.15808823593750002
1 0.5577308000000001 0.20915032656250002 0.5710069437499999 0.22242647031249999 0.5801981203125 0.23570261406249998 0.5904105390625001 0.23161764687500003 0.6036866828125 0.2203839875 0.6118566171875 0.20200163437500002 0.609814134375 0.181576796875 0.6057291671875 0.17340686249999998 0.5904105390625001 0.15808823593750002 0.56794321875 0.1499183 0.5536458328125 0.1499183 0.54139093125 0.15400326875 0.5240298203125 0.1672794125 0.516881128125 0.1825980390625 0.516881128125 0.20098039218750002 0.5352634796875 0.20098039218750002 0.5577308000000001 0.20915032656250002
1 0.660876225 0.246936275 0.6700674015625 0.2561274515625 0.6843647875000001 0.26225490156250003 0.6966196890624999 0.26225490156250003 0.7119383171875 0.2510212421875 0.7139808000000001 0.23263888906250002 0.7119383171875 0.2265114375 0.6986621734375 0.2111928109375 0.6904922390625 0.20710784375000002 0.67415236875 0.20710784375000002 0.6618974671875 0.215277778125 0.662918709375 0.23672385624999998 0.660876225 0.23876634062500002 0.660876225 0.246936275
1 0.7119383171875 0.2265114375 0.7139808000000001 0.244893790625 0.7098958328125 0.2510212421875 0.7150020421875001 0.252042484375 0.726235703125 0.23876634062500002 0.726235703125 0.2265114375 0.7150020421875001 0.2111928109375 0.702747140625 0.20506535937499998 0.692534721875 0.20506535937499998 0.6915134796875 0.20812908437500002 0.70070465625 0.21323529375 0.7119383171875 0.2265114375
1 0.6864072718750001 0.6993464046875 0.6966196890624999 0.6993464046875 0.702747140625 0.697303921875 0.7139808000000001 0.6860702609375 0.71806576875 0.67585784375 0.71806576875 0.6676879078125 0.7068321078124999 0.6544117640625 0.702747140625 0.65236928125 0.6904922390625 0.65236928125 0.6802798203125 0.6564542484375 0.673131128125 0.6636029406249999 0.6700674015625 0.6727941171875 0.669046159375 0.68198529375 0.6782373359375 0.6952614374999999 0.6864072718750001 0.6993464046875
0 0.56487949375 0.8127042484375 0.5669219765625 0.81474673125 0.56487949375 0.8290441171875 0.5587520421875001 0.8372140515625001 0.5597732843750001 0.840277778125 0.5659007359375 0.8423202609375 0.586325571875 0.8423202609375 0.6057291671875 0.8310866015625 0.6118566171875 0.8208741828124999 0.6138991015624999 0.80861928125 0.609814134375 0.7984068625 0.6026654406249999 0.7912581703125 0.59449550625 0.7871732031249999 0.5842830875 0.7892156859375 0.5822406046874999 0.7871732031249999 0.5659007359375 0.78513071875 0.5577308000000001 0.7912581703125 0.556709559375 0.7922794125 0.56487949375 0.8045343140625001 0.56487949375 0.8127042484375
0 0.5454758984375 0.7565359484374999 0.5516033499999999 0.760620915625 0.5659007359375 0.760620915625 0.586325571875 0.7524509796875 0.59755923125 0.7412173203125 0.6036866828125 0.7310049015625 0.6057291671875 0.716707515625 0.599601715625 0.6983251640625 0.58836805625 0.687091503125 0.576113153125 0.6809640515625001 0.56794321875 0.6809640515625001 0.5659007359375 0.67892156875 0.5607945265625001 0.68198529375 0.56487949375 0.6881127453125 0.5669219765625 0.70241013125 0.5689644609375 0.7044526140625 0.5669219765625 0.7228349671875 0.562837009375 0.72896241875 0.562837009375 0.7330473859375 0.5556883171875 0.740196078125 0.5393484484375 0.750408496875 0.53832720625 0.753472221875 0.54139093125 0.7565359484374999 0.5454758984375 0.7565359484374999
0 0.47705269531249994 0.7391748359375 0.496456290625 0.7524509796875 0.51483864375 0.7544934640625 0.516881128125 0.7565359484374999 0.5291360296875001 0.7524509796875 0.5373059640625 0.7524509796875 0.5556883171875 0.740196078125 0.5607945265625001 0.73508986875 0.5689644609375 0.7146650328125 0.5669219765625 0.710580065625 0.5689644609375 0.7064950984375 0.5669219765625 0.7044526140625 0.5669219765625 0.6942401953124999 0.5607945265625001 0.68198529375 0.543433415625 0.6666666671875 0.5352634796875 0.6625816999999999 0.5209660953124999 0.6625816999999999 0.5189236109375 0.660539215625 0.506668709375 0.660539215625 0.49237132343749995 0.6666666671875 0.4750102125 0.68198529375 0.466840278125 0.6962826796875 0.4658190359375 0.703431371875 0.46479779375 0.7126225484375001 0.46888276093750003 0.7248774515624999 0.47705269531249994 0.7391748359375
0 0.4954350484375 0.6411356203125 0.5107536765625 0.6564542484375 0.5209660953124999 0.660539215625 0.5516033499999999 0.6625816999999999 0.5577308000000001 0.660539215625 0.5791768796875 0.6452205875 0.5893892968750001 0.6247957515625 0.5893892968750001 0.610498365625 0.5914317812500001 0.6084558828125 0.5893892968750001 0.6064133984375 0.5893892968750001 0.5962009796875 0.5832618468749999 0.583946078125 0.56794321875 0.5686274515624999 0.5556883171875 0.5625 0.5270935453125001 0.5625 0.512796159375 0.5686274515624999 0.4974775328125 0.5819035953125 0.490328840625 0.597222221875 0.4893075984375 0.6268382359375 0.49135008124999996 0.6329656859375 0.4954350484375 0.6411356203125
0 0.59449550625 0.564542484375 0.612877859375 0.564542484375 0.6271752453125 0.5584150328125 0.6404513890625 0.5451388890625 0.6465788406249999 0.5328839875 0.6486213234375 0.520629084375 0.6465788406249999 0.5185866015625 0.6445363562499999 0.50224673125 0.6312602125 0.4848856203125 0.6108353765625 0.47467320312499994 0.5934742640625 0.47569444375 0.6016442 0.49611928125000004 0.6016442 0.5185866015625 0.5955167484375 0.5349264703125 0.5781556375 0.554330065625 0.5771343953125 0.5553513078125001 0.5822406046874999 0.560457515625 0.59449550625 0.564542484375
0 0.6149203437499999 0.47467320312499994 0.639430146875 0.491013071875 0.649642565625 0.4889705875 0.655770015625 0.4848856203125 0.662918709375 0.477736928125 0.67108864375 0.46343954218750005 0.673131128125 0.44505718906249997 0.6670036765625 0.4287173203125 0.655770015625 0.41748365937500004 0.6435151140625 0.41135620937499995 0.6271752453125 0.40931372499999996 0.6108353765625 0.4154411765625 0.59755923125 0.4287173203125 0.5904105390625001 0.44199346406249995 0.5893892968750001 0.46139705937500003 0.6006229578125 0.47263071874999996 0.6149203437499999 0.47467320312499994
0 0.6843647875000001 0.5502450984375 0.70070465625 0.55228758125 0.710917075 0.5482026140625 0.7221507359375 0.5349264703125 0.72419321875 0.530841503125 0.72419321875 0.51245915 0.7201082515625 0.504289215625 0.7088745921874999 0.49509803906250005 0.7047896234375 0.49305555625 0.69457720625 0.49305555625 0.6823223046875 0.49714052343750004 0.67108864375 0.5083741828125 0.66802491875 0.5216503265625 0.6670036765625 0.5247140515625001 0.673131128125 0.5390114374999999 0.6843647875000001 0.5502450984375
0 0.6986621734375 0.6482843140625 0.712959559375 0.6482843140625 0.7231719765625 0.6421568625 0.7303206703125 0.6268382359375 0.7282781859375 0.61254085 0.719087009375 0.6033496734375 0.712959559375 0.6013071890624999 0.69457720625 0.60539215625 0.6874285125 0.610498365625 0.6843647875000001 0.615604575 0.6833435453125001 0.6350081703125 0.692534721875 0.6462418296875 0.6986621734375 0.6482843140625
0 0.71806576875 0.6697303921875 0.7160232843750001 0.68198529375 0.7119383171875 0.6881127453125 0.719087009375 0.6891339875 0.7303206703125 0.6799428109375001 0.7344056375 0.6717728765625 0.7344056375 0.6636029406249999 0.7282781859375 0.6533905234375 0.7231719765625 0.6503267968750001 0.7170445265625001 0.6482843140625 0.7068321078124999 0.65236928125 0.705810865625 0.6533905234375 0.7160232843750001 0.6636029406249999 0.71806576875 0.6697303921875
0 0.7231719765625 0.6503267968750001 0.732363153125 0.6595179734375 0.7354268796875 0.670751634375 0.74461805625 0.6636029406249999 0.7466605390625001 0.6513480390625 0.7374693625 0.6401143796875 0.7231719765625 0.6421568625 0.7170445265625001 0.6462418296875 0.7160232843750001 0.647263071875 0.719087009375 0.6503267968750001 0.7231719765625 0.6503267968750001
0 0.7435968140625 0.5767973859375 0.7578942 0.5767973859375 0.7670853765625 0.565563725 0.7670853765625 0.551266340625 0.7599366828125 0.5420751640625 0.7456392968750001 0.5420751640625 0.7364481203125 0.54922385625 0.7333843953125 0.5584150328125 0.732363153125 0.5635212421875 0.7395118468749999 0.5747549015625 0.7435968140625 0.5767973859375
0 0.4719464875 0.3337418296875 0.48522263125 0.3490604578125 0.4954350484375 0.3735702609375 0.4954350484375 0.3796977125 0.4974775328125 0.38174019531250003 0.4974775328125 0.40012254843750006 0.5005412578125 0.40318627500000004 0.5209660953124999 0.40114379062500005 0.5373059640625 0.39297385625 0.5485396234375 0.38174019531250003 0.5587520421875001 0.36335784375 0.5607945265625001 0.34089052343750004 0.5587520421875001 0.3388480390625 0.556709559375 0.32455065312500003 0.5485396234375 0.31025326875000003 0.533220996875 0.294934640625 0.5250510625 0.2908496734375 0.512796159375 0.2888071890625 0.5107536765625 0.28676470625 0.4842013890625 0.28676470625 0.4821589046875 0.2888071890625 0.47603145468749997 0.2888071890625 0.4658190359375 0.294934640625 0.44743668281250004 0.31535947656249996 0.44743668281250004 0.321486928125 0.45969158437499996 0.3255718953125 0.4719464875 0.3337418296875