1 0.14453125 0.4580078125 0.1337890625 0.447265625 0.1259765625 0.443359375 0.1064453125 0.443359375 0.0986328125 0.447265625 0.087890625 0.4599609375 0.087890625 0.4755859375 0.08984375 0.4794921875 0.1025390625 0.490234375 0.1181640625 0.490234375 0.1220703125 0.486328125 0.1259765625 0.490234375 0.130859375 0.4892578125 0.1376953125 0.48828125 0.14453125 0.4794921875 0.146484375 0.4736328125 0.146484375 0.4619140625 0.14453125 0.4580078125
1 0.1220703125 0.498046875 0.12109375 0.4951171875 0.1162109375 0.4921875 0.1123046875 0.494140625 0.1025390625 0.494140625 0.0927734375 0.5 0.083984375 0.5126953125 0.0859375 0.5302734375 0.0947265625 0.5390625 0.1064453125 0.544921875 0.125 0.5439453125 0.140625 0.5302734375 0.14453125 0.5205078125 0.142578125 0.5185546875 0.142578125 0.5087890625 0.1279296875 0.49609375 0.1220703125 0.498046875
1 0.2939453125 0.4453125 0.28125 0.4560546875 0.28125 0.4599609375 0.27734375 0.4658203125 0.28125 0.4833984375 0.2880859375 0.490234375 0.310546875 0.4912109375 0.3251953125 0.48828125 0.330078125 0.4833984375 0.33203125 0.4775390625 0.33203125 0.4619140625 0.328125 0.4580078125 0.328125 0.4541015625 0.3173828125 0.447265625 0.2939453125 0.4453125
1 0.3232421875 0.5390625 0.3271484375 0.5390625 0.33203125 0.5341796875 0.3359375 0.5244140625 0.333984375 0.5185546875 0.3359375 0.5126953125 0.33203125 0.5048828125 0.3271484375 0.5 0.3212890625 0.501953125 0.3203125 0.4970703125 0.3173828125 0.494140625 0.2998046875 0.494140625 0.28515625 0.5048828125 0.28125 0.5126953125 0.28125 0.5263671875 0.28515625 0.5341796875 0.2939453125 0.54296875 0.3017578125 0.546875 0.318359375 0.5458984375 0.322265625 0.5439453125 0.3232421875 0.5390625
1 0.5390625 0.4541015625 0.5341796875 0.44921875 0.5263671875 0.4453125 0.5107421875 0.4453125 0.5029296875 0.44921875 0.4921875 0.4619140625 0.4921875 0.4794921875 0.4990234375 0.490234375 0.5029296875 0.490234375 0.5126953125 0.49609375 0.52734375 0.4951171875 0.5390625 0.4873046875 0.5390625 0.4833984375 0.544921875 0.4736328125 0.544921875 0.4677734375 0.537109375 0.4580078125 0.5390625 0.4541015625
1 0.728515625 0.4560546875 0.7236328125 0.451171875 0.7099609375 0.4453125 0.7041015625 0.4453125 0.6923828125 0.44921875 0.6875 0.4560546875 0.6796875 0.4619140625 0.677734375 0.4658203125 0.677734375 0.4833984375 0.6845703125 0.4921875 0.6923828125 0.494140625 0.6962890625 0.498046875 0.7109375 0.4970703125 0.7177734375 0.49609375 0.728515625 0.4892578125 0.734375 0.4775390625 0.734375 0.4677734375 0.728515625 0.4560546875
2 0.96484375 0.4853515625 0.96875 0.4775390625 0.96875 0.4697265625 0.96484375 0.4638671875 0.96484375 0.4599609375 0.9580078125 0.453125 0.9443359375 0.447265625 0.9365234375 0.447265625 0.9345703125 0.44921875 0.9326171875 0.447265625 0.9267578125 0.447265625 0.9169921875 0.451171875 0.908203125 0.4599609375 0.90234375 0.4697265625 0.90625 0.4873046875 0.9150390625 0.494140625 0.9306640625 0.494140625 0.9326171875 0.49609375 0.951171875 0.4951171875 0.9560546875 0.494140625 0.96484375 0.4853515625
2 0.94921875 0.5322265625 0.94921875 0.5263671875 0.947265625 0.5244140625 0.94921875 0.5205078125 0.94140625 0.5068359375 0.9345703125 0.501953125 0.9287109375 0.50390625 0.9248046875 0.498046875 0.9072265625 0.498046875 0.8935546875 0.505859375 0.88671875 0.5185546875 0.88671875 0.5322265625 0.888671875 0.5361328125 0.8994140625 0.546875 0.9091796875 0.55078125 0.9208984375 0.55078125 0.9228515625 0.548828125 0.9267578125 0.55078125 0.931640625 0.5498046875 0.9365234375 0.546875 0.94921875 0.5322265625
2 0.75 0.5166015625 0.7373046875 0.5 0.7294921875 0.49609375 0.7177734375 0.49609375 0.7060546875 0.5 0.69921875 0.5048828125 0.693359375 0.5146484375 0.693359375 0.5302734375 0.69921875 0.5400390625 0.7080078125 0.546875 0.7197265625 0.548828125 0.7216796875 0.55078125 0.728515625 0.5498046875 0.7373046875 0.546875 0.740234375 0.5419921875 0.74609375 0.5380859375 0.75 0.5302734375 0.75 0.5166015625
2 0.5068359375 0.494140625 0.4931640625 0.494140625 0.4892578125 0.498046875 0.4833984375 0.5 0.4765625 0.5107421875 0.4765625 0.5283203125 0.478515625 0.5341796875 0.4951171875 0.546875 0.509765625 0.5458984375 0.5185546875 0.541015625 0.525390625 0.5322265625 0.52734375 0.5263671875 0.52734375 0.5107421875 0.525390625 0.5068359375 0.5126953125 0.49609375 0.5068359375 0.494140625
2 0.333984375 0.4287109375 0.333984375 0.4150390625 0.33203125 0.4091796875 0.3251953125 0.400390625 0.3154296875 0.39453125 0.2978515625 0.392578125 0.2900390625 0.396484375 0.28125 0.4052734375 0.27734375 0.4150390625 0.279296875 0.4287109375 0.283203125 0.4326171875 0.28515625 0.4384765625 0.2958984375 0.4453125 0.3017578125 0.447265625 0.31640625 0.4462890625 0.3193359375 0.44140625 0.3212890625 0.443359375 0.3251953125 0.44140625 0.333984375 0.4287109375
3 0.1125 0.4875 0.103125 0.125
3 0.30625 0.4890625 0.084375 0.125
3 0.5078125 0.4890625 0.078125 0.1265625
3 0.71875 0.490625 0.0875 0.128125
3 0.928125 0.49375 0.1109375 0.1296875