2 0 0.5505096328125 0.0068548390625 0.5497479843749999 0.0179435484375 0.5447076609375 0.0270161296875 0.5336189515624999 0.0290322578125 0.5275705640624999 0.0270161296875 0.5255544359375001 0.0270161296875 0.515473790625 0.01592741875 0.5043850812499999 0.007862903125 0.500352821875 0.001814515625 0.49833669374999995 0 0.49833669374999995 0 0.5505096328125
1 0.3979838703125 0.503377015625 0.3979838703125 0.4993447578125 0.4040322578125 0.4953125 0.4060483875 0.4912802421875 0.4060483875 0.47111895156249994 0.4020161296875 0.46910282187499996 0.4 0.46103830625000003 0.39092741875 0.4519657265625 0.3788306453125 0.4479334671875 0.36471774218749997 0.44994959687499997 0.3566532265625 0.45398185468749996 0.3475806453125 0.46305443593750006 0.3475806453125 0.46910282187499996 0.3435483875 0.47313508125 0.3435483875 0.487247984375 0.345564515625 0.4932963703125 0.354637096875 0.5043850812499999 0.3627016125 0.5084173390625 0.3879032265625 0.5074092734375 0.394959678125 0.506401209375 0.3979838703125 0.503377015625
1 0.36471774218749997 0.5709173390625 0.3727822578125 0.574949596875 0.3899193546875 0.5739415328125 0.3979838703125 0.5678931453125 0.40100806406249995 0.56083669375 0.40504032187499994 0.56083669375 0.408064515625 0.5578125 0.408064515625 0.5537802421875 0.4100806453125 0.5517641125 0.4100806453125 0.5396673390625 0.4120967734375 0.5356350812499999 0.4060483875 0.5235383062500001 0.3989919359375 0.5205141125 0.394959678125 0.5144657265625 0.3848790328125 0.5104334671874999 0.3727822578125 0.5104334671874999 0.3627016125 0.5144657265625 0.35161290312500004 0.5235383062500001 0.3475806453125 0.531602821875 0.3475806453125 0.5416834671874999 0.3495967734375 0.543699596875 0.3475806453125 0.5457157265625 0.3475806453125 0.5497479843749999 0.3536290328125 0.5618447578125 0.36471774218749997 0.5709173390625
2 0.6661290328125 0.41869959687499997 0.6600806453125 0.40257056406249997 0.6489919359375 0.39148185468749996 0.6389112906250001 0.38744959687499997 0.6227822578125 0.38744959687499997 0.6086693546874999 0.393497984375 0.601612903125 0.40055443593750006 0.5935483875 0.4166834671875 0.5935483875 0.4307963703125 0.5995967734375001 0.4368447578125 0.5975806453125 0.4388608875 0.5995967734375001 0.44490927343750003 0.6066532265625 0.4519657265625 0.6147177421875 0.455997984375 0.6338709671875 0.45498991875000006 0.6469758062500001 0.4519657265625 0.65 0.446925403125 0.6620967734375001 0.4368447578125 0.6661290328125 0.41869959687499997
1 0.6026209671875 0.5164818546875 0.6066532265625 0.5164818546875 0.6086693546874999 0.5184979843749999 0.6459677421875 0.51748991875 0.6489919359375 0.512449596875 0.6510080640625 0.5164818546875 0.6550403218749999 0.5144657265625 0.6620967734375001 0.5074092734375 0.6661290328125 0.4993447578125 0.6661290328125 0.4953125 0.6681451609375 0.4932963703125 0.6681451609375 0.48119959687499997 0.6600806453125 0.475151209375 0.6620967734375001 0.47313508125 0.6620967734375001 0.46910282187499996 0.6550403218749999 0.4620463703125 0.6510080640625 0.4620463703125 0.6489919359375 0.4580141125 0.64092741875 0.45398185468749996 0.6127016125 0.455997984375 0.5995967734375001 0.46708669374999995 0.5995967734375001 0.47111895156249994 0.5915322578125 0.48523185468749996 0.5915322578125 0.4973286296875 0.5975806453125 0.5094254031250001 0.6026209671875 0.5164818546875
2 0.6006048390625 0.5809979843749999 0.6167338703125 0.5870463703125 0.629838709375 0.5860383062500001 0.6389112906250001 0.5809979843749999 0.6439516125 0.5759576609375 0.6439516125 0.5719254031250001 0.6479838703125 0.5699092734375 0.6520161296875 0.5618447578125 0.6540322578125 0.5477318546875 0.6520161296875 0.543699596875 0.6459677421875 0.5396673390625 0.6459677421875 0.531602821875 0.6389112906250001 0.5245463703125 0.6348790328125 0.5225302421875 0.6147177421875 0.5225302421875 0.6127016125 0.5205141125 0.604637096875 0.5205141125 0.5854838703125 0.537651209375 0.5854838703125 0.5416834671874999 0.5834677421875 0.543699596875 0.5834677421875 0.5578125 0.5854838703125 0.5598286296875 0.5854838703125 0.5638608875 0.5895161296875 0.5719254031250001 0.6006048390625 0.5809979843749999
2 0.9504032265625 0.6021673390625 0.96552419375 0.5930947578125 0.9725806453124999 0.5860383062500001 0.9766129031249999 0.577973790625 0.9745967734375001 0.5719254031250001 0.9766129031249999 0.5678931453125 0.9766129031249999 0.5578125 0.9725806453124999 0.5497479843749999 0.957459678125 0.534627015625 0.9453629031249999 0.5305947578125 0.9252016125000001 0.5305947578125 0.923185484375 0.5326108875 0.9131048390625001 0.5305947578125 0.9010080640625 0.5366431453125 0.8879032265625 0.5537802421875 0.8879032265625 0.565877015625 0.8858870968750001 0.5699092734375 0.8939516125000001 0.5860383062500001 0.90907258125 0.5991431453125 0.9151209671875 0.5951108875 0.9161290328125 0.5981350812499999 0.923185484375 0.6031754031250001 0.9504032265625 0.6021673390625
3 0.0234375 0.496875 0.0453125 0.134375
3 0.1625 0.4921875 0.115625 0.1421875
3 0.375 0.5078125 0.0890625 0.15
3 0.621875 0.5125 0.1171875 0.1734375
3 0.928125 0.5203125 0.1421875 0.18125