2 0.481342378125 0.6337180874999999 0.48234075625 0.6272635156249999 0.48159444687499997 0.6151850796875 0.47689318593749996 0.6046287218749999 0.47226979687500004 0.6004519578124999 0.4637997921875 0.596723578125 0.4573928734375 0.5969495140625 0.450092378125 0.5984358296875001 0.444043990625 0.5984358296875001 0.43428478281249994 0.6124269234375 0.43286826562499997 0.6155840109375 0.4319108296875 0.6308453125 0.434971409375 0.6377503453125 0.4420278609375 0.644806796875 0.4480762484375 0.6468229265625001 0.450092378125 0.644806796875 0.45311657031249997 0.6478309906249999 0.466221409375 0.6488390546875 0.4793262484375 0.6377503453125 0.481342378125 0.6337180874999999
1 0.27618701875 0.6303099624999999 0.27618701875 0.6182131890625 0.274170890625 0.6161970593749999 0.27618701875 0.6141809312500001 0.27618701875 0.600068028125 0.265098309375 0.5909954468749999 0.248969278125 0.5889793171875 0.2469531484375 0.5909954468749999 0.2409047609375 0.5909954468749999 0.230824115625 0.597043834375 0.22578379375000002 0.6041002859375 0.22175153593750002 0.6121648015625001 0.2237676640625 0.6182131890625 0.22175153593750002 0.6202293171875 0.22175153593750002 0.6262777046875 0.22578379375000002 0.6343422203125 0.2378805671875 0.644422865625 0.25703379375 0.6454309312500001 0.2671144390625 0.63938254375 0.27618701875 0.6303099624999999
1 0.6798353359375 0.6479538078125 0.6850789390625 0.640973259375 0.6851390921875 0.6302572546875 0.6852013953125 0.6231209515625 0.6836191296874999 0.6196035546875 0.6796699125 0.6126939015625 0.6730974390625 0.606143646875 0.654952278125 0.6041275171875 0.648903890625 0.606143646875 0.6357990515624999 0.615216228125 0.633972359375 0.6232702875 0.6357535984375 0.6391960109375 0.64021695 0.6477088953125001 0.6495652 0.6536425140625 0.6606007093749999 0.656110890625 0.667350696875 0.6553167640625001 0.6747899203125 0.6528053359375 0.6798353359375 0.6479538078125
1 0.689885953125 0.6022944578125 0.6933537046875 0.599642465625 0.6971791546875 0.5967388921875 0.70032811875 0.5918872203125 0.7007207453125 0.5850958562499999 0.7009555234375 0.5790786890625 0.7008547140625 0.5745236984375001 0.695442846875 0.5652713484375 0.686069346875 0.5587943484375 0.68182474375 0.5563192140625 0.675071403125 0.5553093515625 0.6643112359375001 0.5568438703125 0.6564349984375 0.56262355 0.6491205703125 0.5715995484375 0.6485212859375 0.573964878125 0.64821190625 0.5751621578125 0.64803814375 0.5815374624999999 0.6476419812499999 0.5842212906250001 0.6501983328125001 0.5911180640625 0.650745103125 0.593593165625 0.6512063968749999 0.5941422578125 0.6512063968749999 0.5961583874999999 0.661145565625 0.6051781359375 0.6673354296875 0.6062390328125 0.6784241390625 0.607247096875 0.6820378578125 0.6073101640624999 0.689885953125 0.6022944578125
2 0.48106426406249997 0.57551288125 0.48050059375 0.566692165625 0.47807186718750005 0.5616698046875 0.4674961796875 0.5491806390625 0.45891864218749995 0.5465488374999999 0.44883799687500003 0.5465488374999999 0.43472509375 0.5525972234375 0.4280687375 0.5636347515625 0.426993796875 0.5732297234375 0.43102820937499997 0.5848054125 0.438308790625 0.59250539375 0.4463400984375 0.5986022453125 0.46015314375000005 0.598891090625 0.47272416406250006 0.590745146875 0.47827878906250004 0.5848594874999999 0.48106426406249997 0.57551288125
2 0.48207737812499996 0.5408372140625 0.4838111140625 0.53687185 0.48767394062499997 0.5310129484375 0.488334384375 0.5194384234375 0.48733724062499995 0.5130834171875 0.47860845156250004 0.5010070140625 0.4748130890625 0.49873907968750003 0.4707062765625 0.497557334375 0.4683957078125 0.49678700468750003 0.45713814687500004 0.49721648281249997 0.45457724375 0.497557334375 0.45041645625 0.4987161875 0.4400363328125 0.509122984375 0.4381334 0.5128488328125 0.43744014687500005 0.5267912046875 0.4396368875 0.5327484453125 0.44147240468750004 0.53687185 0.44852885625 0.5439283015624999 0.45227822656249994 0.5440278484375 0.4569615265625 0.5455485546875 0.457714634375 0.54562458125 0.4586095015625 0.5459444312499999 0.465665953125 0.5469524953125 0.46869014687500005 0.547960559375 0.47407449062499996 0.546206190625 0.48207737812499996 0.5408372140625
1 0.2459921296875 0.5367172109375 0.23786340312499998 0.5366541 0.231140478125 0.5377380359374999 0.22618782343750002 0.5405091453125 0.2217989625 0.5433938546875 0.21802648906250002 0.5461565484375 0.215393171875 0.549921659375 0.213662346875 0.5548054171875 0.2120183 0.5604402 0.211928365625 0.5673487765624999 0.21345618437499997 0.573573646875 0.216580190625 0.5794303703125 0.21939179531250003 0.5827153093749999 0.22383009375000001 0.5860670421874999 0.2298440671875 0.5896254640625 0.23554879843749998 0.590935021875 0.241133090625 0.5909728890625 0.24607627812500002 0.59083351875 0.2595000390625 0.586370503125 0.2622685171875 0.583179703125 0.2670176390625 0.5777090109375 0.26954892343750003 0.5697391140625 0.270746459375 0.56577730625 0.27045299375 0.560292940625 0.270054340625 0.5561102421874999 0.26746415 0.5510939515625 0.264554721875 0.5466793187500001 0.2589888375 0.54230255625 0.25394309375 0.538921896875 0.2459921296875 0.5367172109375
3 0.8515625 0.596875 0.11875 0.1125
3 0.6609375 0.6 0.078125 0.1203125
3 0.459375 0.5875 0.0875 0.1421875
3 0.2484375 0.5828125 0.0828125 0.1328125
3 0.040625 0.5703125 0.08125 0.1359375