1 0.34065495156250003 0.539736421875 0.3426517578125 0.517771565625 0.34065495156250003 0.5157747609375 0.338658146875 0.5017971250000001 0.33067092656249997 0.48981629375 0.321685303125 0.4828274765625 0.3196884984375 0.47883386562499997 0.31170127812500004 0.47484025625 0.3037140578125 0.47484025625 0.301717253125 0.47284344999999994 0.27975239687500003 0.47484025625 0.2637779546875 0.48482428125 0.25279552656250004 0.4978035140625 0.2468051125 0.5137779546875 0.2468051125 0.5357428109375 0.25079872187499996 0.5477236421875 0.26777156562500004 0.5686900953125 0.28374600625 0.576677315625 0.310702875 0.5756789140625 0.3196884984375 0.5706869015625 0.326677315625 0.5636980828125 0.34065495156250003 0.539736421875
1 0.6421725234375 0.4878194890625 0.6511581468750001 0.4828274765625 0.6641373796875001 0.4698482421875 0.6721246 0.4538738015625 0.67412140625 0.4378993609375 0.6721246 0.43590255625 0.6701277953125 0.4219249203125 0.6661341859375 0.41393769999999996 0.6571485625 0.4049520765625 0.641174121875 0.3949680515625 0.63518370625 0.3949680515625 0.6331869015625 0.3929712453125 0.61321885 0.3929712453125 0.607228434375 0.3949680515625 0.603234825 0.3989616609375 0.597244409375 0.40095846718750006 0.5862619812500001 0.4119408953125 0.580271565625 0.423921725 0.5782747609375 0.42991214062500005 0.5782747609375 0.44988019218749997 0.5822683703125 0.461861021875 0.5862619812500001 0.4698482421875 0.6012380187499999 0.4828274765625 0.619209265625 0.48881789062500003 0.6421725234375 0.4878194890625
1 1 0.40295527187499997 0.9926118203125001 0.40295527187499997 0.9816293937499999 0.4099440890625 0.9796325875 0.4219249203125 0.9776357828125001 0.423921725 0.9776357828125001 0.43590255625 0.9796325875 0.4378993609375 0.9816293937499999 0.44988019218749997 0.9886182109374999 0.45886581406250004 0.9986022359375 0.4648562296875 1 0.4647009234375 1 0.40295527187499997
1 0.96265974375 0.37699680468749996 0.9526757187499999 0.37699680468749996 0.9486821093750001 0.3789936109375 0.9436900953125 0.385982428125 0.9496805109374999 0.39197284374999997 0.9556709265625001 0.40794728437499994 0.953674121875 0.4339057515625 0.958666134375 0.43690095781249993 0.9696485625 0.43590255625 0.9726437703125 0.434904153125 0.9776357828125001 0.4279153359375 0.9776357828125001 0.4219249203125 0.9816293937499999 0.4119408953125 0.9816293937499999 0.397963259375 0.9776357828125001 0.3899760390625 0.9666533546875 0.3789936109375 0.96265974375 0.37699680468749996
1 0.90375399375 0.3999600640625 0.90375399375 0.4119408953125 0.9137380187499999 0.4378993609375 0.9267172531250001 0.4448881796875 0.9357028749999999 0.44588658125 0.94269169375 0.44289137343749996 0.951677315625 0.4339057515625 0.9556709265625001 0.4259185296875 0.9556709265625001 0.40595047968750003 0.9496805109374999 0.39197284374999997 0.9386980828124999 0.380990415625 0.9227236421875 0.3789936109375 0.9167332265624999 0.380990415625 0.907747603125 0.3899760390625 0.90375399375 0.3999600640625
1 0.804912140625 0.3270766765625 0.7909345046875 0.3270766765625 0.7869408953125 0.32907348281250004 0.7759584671875001 0.342052715625 0.7759584671875001 0.35802715625000003 0.777955271875 0.364017571875 0.792931309375 0.380990415625 0.798921725 0.3829872203125 0.809904153125 0.3819888171875 0.8128993609374999 0.380990415625 0.8258785937500001 0.3660143765625 0.8258785937500001 0.3600239609375 0.8278753999999999 0.35802715625000003 0.8258785937500001 0.34804313124999997 0.8198881796874999 0.3360623 0.814896165625 0.3310702875 0.804912140625 0.3270766765625
1 0.607228434375 0.281150159375 0.5932507984375001 0.281150159375 0.5892571890625 0.28314696562499997 0.580271565625 0.2961261984375 0.5822683703125 0.308107028125 0.595247603125 0.31908945625 0.6102236421875 0.3180910546875 0.6202076671875 0.308107028125 0.6202076671875 0.29412939374999997 0.6182108625 0.2901357828125 0.607228434375 0.281150159375
1 0.6521565500000001 0.3220846640625 0.6551517578125 0.3210862625 0.662140575 0.31210063906249996 0.662140575 0.29412939374999997 0.6491613421875 0.28314696562499997 0.63518370625 0.28314696562499997 0.629193290625 0.2851437703125 0.6242012781249999 0.2901357828125 0.6222044734375001 0.2961261984375 0.6222044734375001 0.308107028125 0.6242012781249999 0.31210063906249996 0.6371805109374999 0.3230830671875 0.6521565500000001 0.3220846640625
1 0.7150559109375 0.3270766765625 0.7190495203125 0.32907348281250004 0.7240415328124999 0.3280750796875 0.729033546875 0.3230830671875 0.7390175718750001 0.3210862625 0.744009584375 0.3160942484375 0.744009584375 0.3021166140625 0.7350239609375 0.29113418593749996 0.7250399359374999 0.287140575 0.7170527156250001 0.287140575 0.7060702875 0.2961261984375 0.7040734828125 0.3001198078125 0.7040734828125 0.31210063906249996 0.7150559109375 0.3270766765625
0 0.7180511187499999 0.354033546875 0.722044728125 0.3620207671875 0.7350239609375 0.37300319531250004 0.7450079875 0.37699680468749996 0.755990415625 0.375998403125 0.765974440625 0.3680111828125 0.7699680515625 0.3600239609375 0.77196485625 0.342052715625 0.7679712453125 0.3340654953125 0.7589856234375 0.325079871875 0.750998403125 0.3210862625 0.73302715625 0.3210862625 0.722044728125 0.330071884375 0.7180511187499999 0.3380591046875 0.7180511187499999 0.354033546875
0 0.3686102234375 0.3779952078125 0.3785942484375 0.3700079875 0.382587859375 0.3620207671875 0.382587859375 0.34804313124999997 0.3785942484375 0.3400559109375 0.3696086265625 0.33306709218749997 0.35363418593749996 0.33306709218749997 0.338658146875 0.3460463265625 0.3366613421875 0.3500399359375 0.3366613421875 0.364017571875 0.3476437703125 0.37699680468749996 0.35363418593749996 0.3789936109375 0.3686102234375 0.3779952078125
0 0.6920926515625 0.32607827500000003 0.695087859375 0.325079871875 0.7040734828125 0.31409744375000004 0.7040734828125 0.3001198078125 0.6930910546875 0.287140575 0.6871006390625001 0.2851437703125 0.673123003125 0.287140575 0.6661341859375 0.2921325875 0.662140575 0.3001198078125 0.6641373796875001 0.31210063906249996 0.673123003125 0.3230830671875 0.683107028125 0.3270766765625 0.6920926515625 0.32607827500000003
1 0.4464856234375 0.3400559109375 0.45846645312499995 0.330071884375 0.460463259375 0.32607827500000003 0.460463259375 0.31210063906249996 0.45646964843750004 0.3061102234375 0.44948083125 0.3011182109375 0.43350638906250005 0.3011182109375 0.42252396093750005 0.310103834375 0.41853035156249996 0.3220846640625 0.42052715625000003 0.3280750796875 0.42751597500000005 0.337060703125 0.4355031953125 0.34105431249999996 0.4464856234375 0.3400559109375