0 0.681640625 0.3544921875 0.673828125 0.3369140625 0.6689453125 0.33203125 0.6533203125 0.32421875 0.6376953125 0.32421875 0.6298828125 0.328125 0.615234375 0.3447265625 0.615234375 0.3525390625 0.61328125 0.3544921875 0.615234375 0.3681640625 0.619140625 0.3720703125 0.619140625 0.3759765625 0.6337890625 0.390625 0.6376953125 0.392578125 0.65625 0.3916015625 0.6669921875 0.38671875 0.67578125 0.3779296875 0.6796875 0.3720703125 0.681640625 0.3544921875
0 0.6103515625 0.314453125 0.6044921875 0.3125 0.5869140625 0.3125 0.5791015625 0.31640625 0.5703125 0.3251953125 0.56640625 0.3369140625 0.56640625 0.3486328125 0.572265625 0.3603515625 0.5849609375 0.373046875 0.5888671875 0.375 0.60546875 0.3740234375 0.61328125 0.3681640625 0.615234375 0.3447265625 0.625 0.3330078125 0.625 0.3291015625 0.623046875 0.3251953125 0.6103515625 0.314453125
0 0.5732421875 0.322265625 0.5830078125 0.314453125 0.5888671875 0.3125 0.6025390625 0.3125 0.6162109375 0.318359375 0.6240234375 0.326171875 0.625 0.3251953125 0.623046875 0.3134765625 0.6123046875 0.302734375 0.6025390625 0.298828125 0.5908203125 0.298828125 0.5830078125 0.302734375 0.57421875 0.3115234375 0.572265625 0.3173828125 0.5732421875 0.322265625
0 0.5283203125 0.30078125 0.51953125 0.3076171875 0.51953125 0.3115234375 0.5322265625 0.31640625 0.541015625 0.3232421875 0.541015625 0.3271484375 0.544921875 0.3330078125 0.544921875 0.3525390625 0.55078125 0.3525390625 0.55859375 0.3466796875 0.56640625 0.3330078125 0.56640625 0.3173828125 0.5625 0.3095703125 0.5517578125 0.30078125 0.5458984375 0.298828125 0.5283203125 0.30078125
0 0.5283203125 0.314453125 0.5224609375 0.3125 0.5048828125 0.3125 0.4970703125 0.31640625 0.490234375 0.3232421875 0.484375 0.3349609375 0.490234375 0.3447265625 0.4921875 0.3603515625 0.4990234375 0.3671875 0.5068359375 0.37109375 0.5234375 0.3701171875 0.5322265625 0.3671875 0.541015625 0.3564453125 0.544921875 0.3486328125 0.544921875 0.3349609375 0.5390625 0.3212890625 0.5283203125 0.314453125
0 0.4775390625 0.330078125 0.4697265625 0.326171875 0.4501953125 0.326171875 0.4423828125 0.330078125 0.4296875 0.3427734375 0.427734375 0.3486328125 0.427734375 0.3662109375 0.43359375 0.3779296875 0.4462890625 0.388671875 0.4501953125 0.390625 0.46484375 0.3896484375 0.4755859375 0.384765625 0.486328125 0.3740234375 0.490234375 0.3662109375 0.490234375 0.3486328125 0.486328125 0.3388671875 0.4775390625 0.330078125
0 0.44140625 0.3291015625 0.4345703125 0.3203125 0.4248046875 0.31640625 0.4169921875 0.31640625 0.4150390625 0.318359375 0.4091796875 0.318359375 0.396484375 0.3291015625 0.390625 0.3427734375 0.390625 0.3525390625 0.392578125 0.3564453125 0.4091796875 0.37109375 0.4130859375 0.373046875 0.42578125 0.3720703125 0.427734375 0.3701171875 0.427734375 0.3466796875 0.431640625 0.3388671875 0.4365234375 0.3359375 0.44140625 0.3291015625
0 0.44140625 0.3193359375 0.44140625 0.3271484375 0.4443359375 0.330078125 0.4501953125 0.326171875 0.4697265625 0.326171875 0.4814453125 0.333984375 0.484375 0.3330078125 0.486328125 0.3271484375 0.490234375 0.3232421875 0.490234375 0.3173828125 0.4853515625 0.310546875 0.4736328125 0.3046875 0.4580078125 0.3046875 0.4501953125 0.30859375 0.44140625 0.3193359375
0 0.5390625 0.2783203125 0.5400390625 0.2890625 0.576171875 0.2880859375 0.578125 0.2861328125 0.576171875 0.2783203125 0.5634765625 0.267578125 0.5498046875 0.267578125 0.5458984375 0.26953125 0.5390625 0.2783203125
0 0.650390625 0.2705078125 0.6416015625 0.26171875 0.6259765625 0.259765625 0.619140625 0.2646484375 0.615234375 0.2763671875 0.6220703125 0.2890625 0.6279296875 0.2890625 0.6298828125 0.291015625 0.646484375 0.2900390625 0.650390625 0.2861328125 0.650390625 0.2705078125
0 0.708984375 0.2783203125 0.6982421875 0.265625 0.6943359375 0.263671875 0.6845703125 0.263671875 0.673828125 0.2724609375 0.673828125 0.2861328125 0.6806640625 0.29296875 0.6865234375 0.294921875 0.705078125 0.2939453125 0.708984375 0.2880859375 0.708984375 0.2783203125
2 0.837890625 0.2958984375 0.8291015625 0.287109375 0.8173828125 0.28515625 0.80859375 0.2919921875 0.806640625 0.3017578125 0.8115234375 0.310546875 0.8193359375 0.30859375 0.8291015625 0.3125 0.8359375 0.3115234375 0.83984375 0.3076171875 0.837890625 0.2958984375
2 0.8525390625 0.30859375 0.8642578125 0.31640625 0.8671875 0.3154296875 0.865234375 0.3017578125 0.8544921875 0.291015625 0.8466796875 0.2890625 0.837890625 0.2939453125 0.8388671875 0.30859375 0.8525390625 0.30859375
2 0.8544921875 0.30859375 0.8408203125 0.30859375 0.833984375 0.3154296875 0.8349609375 0.318359375 0.8408203125 0.318359375 0.8486328125 0.322265625 0.8564453125 0.322265625 0.8583984375 0.32421875 0.869140625 0.3232421875 0.8671875 0.3193359375 0.8544921875 0.30859375
2 0.90234375 0.3232421875 0.8935546875 0.31640625 0.8798828125 0.31640625 0.8740234375 0.318359375 0.87109375 0.3232421875 0.8798828125 0.330078125 0.8935546875 0.33203125 0.9013671875 0.3359375 0.90625 0.3349609375 0.90625 0.3291015625 0.90234375 0.3232421875
2 0.90234375 0.3173828125 0.90234375 0.3115234375 0.8916015625 0.30078125 0.8818359375 0.30078125 0.8779296875 0.302734375 0.875 0.3076171875 0.8759765625 0.3125 0.8818359375 0.306640625 0.8857421875 0.306640625 0.8935546875 0.310546875 0.9013671875 0.318359375 0.90234375 0.3173828125
2 0.90234375 0.3232421875 0.904296875 0.3212890625 0.90234375 0.3134765625 0.8955078125 0.30859375 0.8798828125 0.306640625 0.8759765625 0.30859375 0.873046875 0.3134765625 0.8740234375 0.3203125 0.8798828125 0.31640625 0.8974609375 0.31640625 0.900390625 0.3232421875 0.90234375 0.3232421875
2 0.9169921875 0.341796875 0.9287109375 0.345703125 0.9375 0.3447265625 0.9375 0.3388671875 0.9306640625 0.33203125 0.9248046875 0.33203125 0.9228515625 0.330078125 0.9140625 0.3369140625 0.9169921875 0.341796875
2 0.9384765625 0.34765625 0.9580078125 0.35546875 0.962890625 0.3544921875 0.958984375 0.3447265625 0.9521484375 0.337890625 0.9443359375 0.3359375 0.935546875 0.3408203125 0.935546875 0.3447265625 0.9384765625 0.34765625
1 0.935546875 0.3232421875 0.93359375 0.3349609375 0.9365234375 0.337890625 0.9501953125 0.337890625 0.9560546875 0.341796875 0.958984375 0.3408203125 0.958984375 0.3349609375 0.9521484375 0.32421875 0.9443359375 0.3203125 0.935546875 0.3232421875
1 0.990234375 0.3623046875 0.9814453125 0.349609375 0.9716796875 0.34765625 0.96484375 0.3544921875 0.9677734375 0.359375 0.9833984375 0.3671875 0.990234375 0.3681640625 0.990234375 0.3623046875