1 0.4767641125 0.498387096875 0.462651209375 0.49233870937499996 0.4324092734375 0.49233870937499996 0.42434475781250003 0.49637096718749996 0.40519153281250003 0.5135080640624999 0.4011592734375 0.5195564515625 0.4011592734375 0.5256048390625 0.397127015625 0.5336693546875 0.397127015625 0.5497983875 0.40519153281250003 0.569959678125 0.42434475781250003 0.589112903125 0.43644153281250003 0.5911290328125001 0.43845766093750005 0.5931451609375 0.4445060484375 0.5911290328125001 0.462651209375 0.5911290328125001 0.4828125 0.5830645156250001 0.49188508124999997 0.5739919359375001 0.49188508124999997 0.569959678125 0.4979334671875 0.5618951609375 0.5009576609375 0.548790321875 0.5019657265624999 0.5417338703125 0.4898689515625 0.5114919359375001 0.4767641125 0.498387096875
1 0.5070060484375001 0.2302419359375 0.4888608875 0.22217741875 0.4707157265625 0.22217741875 0.4586189515625 0.22620967812499998 0.443497984375 0.239314515625 0.4354334671875 0.25342741874999997 0.4354334671875 0.27762096718749996 0.43744959687499996 0.28165322656249997 0.45055443593750005 0.29677419375 0.46869959687499996 0.304838709375 0.4888608875 0.304838709375 0.5009576609375 0.3008064515625 0.5140625 0.2917338703125 0.52313508125 0.2745967734375 0.5241431453125001 0.2554435484375 0.5201108875 0.24536290312500003 0.5070060484375001 0.2302419359375
1 0.52313508125 0.06693548437499999 0.5130544359375 0.0629032265625 0.4949092734375 0.0629032265625 0.4888608875 0.0649193546875 0.4807963703125 0.06895161250000001 0.47172379062500003 0.080040321875 0.47172379062500003 0.0941532265625 0.47373991875000004 0.09818548437499999 0.48684475781250003 0.10927419375 0.49894153281250003 0.11129032187500001 0.5009576609375 0.11330645156250001 0.5291834671875 0.10927419375 0.534223790625 0.1042338703125 0.537247984375 0.09516129062499999 0.5382560484375001 0.0881048390625 0.534223790625 0.0760080640625 0.52313508125 0.06693548437499999
1 0.4011592734375 0.301814515625 0.397127015625 0.2997983875 0.3991431453125 0.2897177421875 0.3880544359375 0.27661290312500003 0.38200604843749997 0.2745967734375 0.365877015625 0.2745967734375 0.3578125 0.2786290328125 0.346723790625 0.2917338703125 0.3447076609375 0.3058467734375 0.35075604843749997 0.313911290625 0.34873991875 0.32802419375 0.35075604843749997 0.330040321875 0.352772178125 0.342137096875 0.3598286296875 0.3491935484375 0.3759576609375 0.3552419359375 0.394102821875 0.3552419359375 0.4011592734375 0.3502016125 0.403175403125 0.34415322656249997 0.40720766093750005 0.34012096718749996 0.4102318546875 0.3270161296875 0.41123991875000004 0.319959678125 0.40922379062500003 0.313911290625 0.4011592734375 0.301814515625
1 0.412247984375 0.21411290312500003 0.39208669375 0.21411290312500003 0.3880544359375 0.2161290328125 0.3769657265625 0.22520161249999998 0.3709173390625 0.239314515625 0.3729334671875 0.251411290625 0.384022178125 0.2625 0.3961189515625 0.2665322578125 0.4102318546875 0.2645161296875 0.4203125 0.2604838703125 0.428377015625 0.24637096718749998 0.42938508124999997 0.2352822578125 0.42535282187499995 0.22520161249999998 0.412247984375 0.21411290312500003
1 0.4041834671875 0.1677419359375 0.3880544359375 0.1677419359375 0.377973790625 0.17379032187500001 0.3709173390625 0.182862903125 0.3709173390625 0.19697580625 0.377973790625 0.2040322578125 0.3880544359375 0.208064515625 0.4082157265625 0.2040322578125 0.4132560484375 0.1989919359375 0.4162802421875 0.19193548437500002 0.41728830625 0.182862903125 0.4132560484375 0.1747983875 0.4041834671875 0.1677419359375
1 0.371925403125 0.17782258125 0.36184475781250003 0.17580645156250002 0.34873991875 0.1848790328125 0.346723790625 0.188911290625 0.346723790625 0.1989919359375 0.3517641125 0.2040322578125 0.3638608875 0.208064515625 0.37394153281250003 0.2040322578125 0.37494959687499996 0.2010080640625 0.3709173390625 0.19495967812499998 0.371925403125 0.17782258125
1 0.38200604843749997 0.1274193546875 0.3729334671875 0.13245967812499998 0.36890120937500004 0.1385080640625 0.36890120937500004 0.14657258125 0.37394153281250003 0.151612903125 0.3759576609375 0.1495967734375 0.38603830625 0.1495967734375 0.3890625 0.14254032187500001 0.39813508125 0.1354838703125 0.39813508125 0.13145161249999998 0.3900705640625 0.1274193546875 0.38200604843749997 0.1274193546875
1 0.3880544359375 0.10927419375 0.3789818546875 0.1163306453125 0.3769657265625 0.120362903125 0.3769657265625 0.126411290625 0.37998991875 0.12943548437500002 0.3900705640625 0.1274193546875 0.3961189515625 0.13145161249999998 0.40216733906249996 0.13145161249999998 0.4082157265625 0.1254032265625 0.40922379062500003 0.1183467734375 0.40216733906249996 0.10927419375 0.3880544359375 0.10927419375
0 0.400151209375 0.1334677421875 0.3890625 0.14254032187500001 0.3870463703125 0.14657258125 0.3870463703125 0.1586693546875 0.39208669375 0.16572580625 0.3961189515625 0.1677419359375 0.4102318546875 0.1697580640625 0.412247984375 0.1677419359375 0.4182963703125 0.1677419359375 0.428377015625 0.15967741875000002 0.42938508124999997 0.14254032187500001 0.4182963703125 0.1334677421875 0.400151209375 0.1334677421875
0 0.349747984375 0.2020161296875 0.34369959687499996 0.19193548437500002 0.3366431453125 0.19697580625 0.334627015625 0.2010080640625 0.334627015625 0.21108870937500002 0.3416834671875 0.21814516093749997 0.3517641125 0.21814516093749997 0.3578125 0.2161290328125 0.36184475781250003 0.21209677343750002 0.362852821875 0.20705645156250002 0.3557963703125 0.2060483875 0.349747984375 0.2020161296875
0 0.3699092734375 0.151612903125 0.3588205640625 0.16270161249999998 0.36083669375 0.1727822578125 0.3699092734375 0.17782258125 0.37394153281250003 0.17782258125 0.37998991875 0.17177419375 0.3900705640625 0.1677419359375 0.3910786296875 0.1647177421875 0.38200604843749997 0.1495967734375 0.3699092734375 0.151612903125
0 0.47998991875 0 0.4807963703125 0.0024193546875 0.490877015625 0.0064516124999999995 0.502973790625 0.0064516124999999995 0.5100302421875 0.001411290625 0.510500671875 0 0.47998991875 0
1 0.45660282187499995 0.026612903124999997 0.44248991875000004 0.026612903124999997 0.43341733906249996 0.0336693546875 0.43341733906249996 0.0417338703125 0.44047379062500003 0.04677419375 0.45660282187499995 0.04677419375 0.4616431453125 0.04375 0.46466733906249996 0.038709678125 0.465675403125 0.035685484375 0.4636592734375 0.0316532265625 0.45660282187499995 0.026612903124999997