0 0.28125 0.4891218359375 0.27531645625 0.47329904999999994 0.2664161390625 0.464398734375 0.252571203125 0.45648734218750003 0.238726265625 0.45648734218750003 0.22685917656250001 0.4604430375 0.21004746875000002 0.477254746875 0.206091771875 0.4871439875 0.2041139234375 0.50692246875 0.21004746875000002 0.5247231015625 0.2248813296875 0.5395569625000001 0.23477057031249998 0.5435126578125 0.25553797500000003 0.542523734375 0.258504746875 0.5395569625000001 0.27037183593749997 0.535601265625 0.27927215156249996 0.51878955625 0.28125 0.5128560125 0.28125 0.4891218359375
0 0.089398734375 0.5445015828125 0.0874208859375 0.5385680374999999 0.0745648734375 0.5217563296875001 0.0587420890625 0.5217563296875001 0.0478639234375 0.5306566453125 0.043908228125 0.5385680374999999 0.043908228125 0.5662579109375 0.049841771875 0.578125 0.0587420890625 0.5870253171875001 0.062697784375 0.5890031640625 0.0775316453125 0.588014240625 0.0804984171875 0.5870253171875001 0.089398734375 0.5761471515625 0.089398734375 0.5603243671875 0.0913765828125 0.55834651875 0.089398734375 0.5543908234375 0.089398734375 0.5445015828125
0 0.0340189875 0.5128560125 0.0320411390625 0.528678796875 0.0379746828125 0.5445015828125 0.04094145625 0.5474683546875 0.041930379687500005 0.5464794296875 0.0478639234375 0.5306566453125 0.0547863921875 0.5237341765625 0.06665348125000001 0.5217563296875001 0.069620253125 0.51878955625 0.06566455624999999 0.5089003171875001 0.056764240625 0.5 0.0448971515625 0.5 0.04094145625 0.5019778484375 0.0340189875 0.5128560125
0 0 0.6058713828125 0.0053401906249999995 0.6127373421875 0.013251582812500001 0.6186708859375 0.014240506250000002 0.6176819625000001 0.014240506250000002 0.6117484171875 0.010284809374999999 0.6018591765625 0.010284809374999999 0.5820806968750001 0.02017405 0.5642800640625001 0.0152294296875 0.561313290625 0.0092958859375 0.561313290625 0.0053401906249999995 0.5632911390625 0 0.5701570984375001 0 0.6058713828125
1 0.05379746875 0.5919699359374999 0.05379746875 0.5860363921875 0.0458860765625 0.57219145625 0.033030064062499996 0.5632911390625 0.02709651875 0.5632911390625 0.021162975 0.5652689875 0.0122626578125 0.5761471515625 0.0122626578125 0.5820806968750001 0.010284809374999999 0.58405854375 0.010284809374999999 0.6018591765625 0.0122626578125 0.603837025 0.014240506250000002 0.6157041140625 0.02709651875 0.630537975 0.031052215625 0.6325158234375 0.043908228125 0.6315268984375 0.0478639234375 0.6295490499999999 0.05379746875 0.619659809375 0.05577531718749999 0.593947784375 0.05379746875 0.5919699359374999
1 0.0903876578125 0.48417721562500005 0.07950949375000001 0.49307753125 0.07357595 0.5049446203125 0.07357595 0.5207674046874999 0.0814873421875 0.528678796875 0.09236550624999999 0.5474683546875 0.10522151875 0.5464794296875 0.1170886078125 0.536590190625 0.11906645625000001 0.5306566453125 0.11906645625000001 0.522745253125 0.121044303125 0.5207674046874999 0.11906645625000001 0.5029667718749999 0.115110759375 0.4950553796875 0.102254746875 0.48417721562500005 0.0903876578125 0.48417721562500005
1 0 0.673940753125 0.007318037500000001 0.6780063296875001 0.0122626578125 0.6770174046874999 0.02017405 0.6710838609375 0.0221518984375 0.6651503171875001 0.0221518984375 0.6414161390625 0.02017405 0.639438290625 0.02017405 0.633504746875 0.0122626578125 0.619659809375 0 0.6092837156249999 0 0.673940753125
1 0.30696202499999997 0.425830696875 0.30003955625 0.42088607656250004 0.29212816406250003 0.4169303796875 0.27432753125 0.4169303796875 0.26246044375 0.42286392343749996 0.2535601265625 0.431764240625 0.2476265828125 0.4436313296875 0.2476265828125 0.45549841718749995 0.264438290625 0.46242088593749997 0.27531645625 0.47329904999999994 0.28125 0.49109968281249994 0.284216771875 0.49406645625 0.28718354375 0.49307753125 0.3020174046875 0.4881329109375 0.3128955703125 0.4752768984375 0.316851265625 0.463409809375 0.316851265625 0.4436313296875 0.30696202499999997 0.425830696875
1 0.440466771875 0.333860759375 0.4266218359375 0.333860759375 0.414754746875 0.33979430312500003 0.407832278125 0.346716771875 0.40387658281250005 0.35462816406250003 0.40387658281250005 0.372428796875 0.407832278125 0.380340190625 0.414754746875 0.3872626578125 0.42167721562500005 0.3902294296875 0.42167721562500005 0.37638449375 0.427610759375 0.3585838609375 0.44640031718750006 0.34770569687499997 0.45431170937500004 0.34770569687499997 0.4553006328125 0.3427610765625 0.4503560125 0.33781645625 0.440466771875 0.333860759375
1 0.46420095000000006 0.34770569687499997 0.4483781640625 0.34770569687499997 0.427610759375 0.3585838609375 0.42167721562500005 0.37638449375 0.42167721562500005 0.3902294296875 0.427610759375 0.4001186703125 0.440466771875 0.41297468281249994 0.44442246875 0.41495253125 0.4651898734375 0.4139636078125 0.47013449375 0.41297468281249994 0.4849683546875 0.39616297500000003 0.48892404999999994 0.3882515828125 0.48892404999999994 0.372428796875 0.4849683546875 0.36253955625 0.474090190625 0.3516613921875 0.46420095000000006 0.34770569687499997
1 0.47804588593749997 0.32199367031250004 0.47211234218750003 0.32397151874999996 0.4612341765625 0.3348496828125 0.4592563296875 0.3447389234375 0.4622231015625 0.34770569687499997 0.474090190625 0.3516613921875 0.4849683546875 0.36253955625 0.48991297500000003 0.3753955703125 0.49881329062499996 0.3744066453125 0.5106803796875 0.36253955625 0.5146360765625 0.35067246875 0.5146360765625 0.3447389234375 0.5106803796875 0.3348496828125 0.49980221562500005 0.32397151874999996 0.4938686703125 0.32199367031250004 0.47804588593749997 0.32199367031250004
1 0.6679193031249999 0.4920886078125 0.6738528484375 0.4881329109375 0.69066455625 0.4693433546875 0.6926424046874999 0.457476265625 0.694620253125 0.45549841718749995 0.694620253125 0.43571993593749997 0.688686709375 0.41989715156249996 0.6698971515625 0.40308544375000005 0.656052215625 0.3971518984375 0.636273734375 0.3971518984375 0.622428796875 0.40308544375000005 0.6056170890625 0.417919303125 0.59968354375 0.431764240625 0.59968354375 0.4436313296875 0.5977056968750001 0.4456091765625 0.59968354375 0.4495648734375 0.59968354375 0.45945411406250003 0.6056170890625 0.47329904999999994 0.6283623421875 0.49406645625 0.6342958859375 0.496044303125 0.6570411390625 0.4950553796875 0.6679193031249999 0.4920886078125
1 0.6965981015625 0.33682753125 0.6857199359374999 0.32397151874999996 0.67780854375 0.3200158234375 0.6698971515625 0.3200158234375 0.6679193031249999 0.31803797500000003 0.6580300640625001 0.3200158234375 0.6501186703124999 0.32397151874999996 0.6412183546875 0.3348496828125 0.63924050625 0.340783228125 0.6412183546875 0.3585838609375 0.656052215625 0.3753955703125 0.661985759375 0.3773734171875 0.6807753171875001 0.37638449375 0.6896756328125 0.3714398734375 0.6965981015625 0.36253955625 0.6985759500000001 0.3566060125 0.6985759500000001 0.3427610765625 0.6965981015625 0.33682753125
1 0.655063290625 0.301226265625 0.65308544375 0.31704905 0.656052215625 0.3200158234375 0.6639636078125 0.3200158234375 0.66594145625 0.31803797500000003 0.6679193031249999 0.3200158234375 0.67780854375 0.3200158234375 0.6896756328125 0.327927215625 0.69066455625 0.326938290625 0.694620253125 0.3229825953125 0.6985759500000001 0.3130933546875 0.6965981015625 0.30320411406250003 0.69165348125 0.2962816453125 0.681764240625 0.2903481015625 0.6679193031249999 0.2903481015625 0.655063290625 0.301226265625
0 0.8152689875 0.307159809375 0.8152689875 0.2972705703125 0.811313290625 0.2893591765625 0.8043908234374999 0.28441455625 0.792523734375 0.28441455625 0.785601265625 0.29133702499999997 0.7875791140625 0.307159809375 0.798457278125 0.3160601265625 0.8073575953125 0.315071203125 0.8103243671874999 0.314082278125 0.8152689875 0.307159809375