2 0.1640625 0.5390625 0.053125 0.046875
2 0.325 0.5484375 0.0546875 0.0453125
2 0.509375 0.55625 0.046875 0.053125
2 0.709375 0.565625 0.0546875 0.0625
2 0.890625 0.5734375 0.05625 0.053125
1 0.159375 0.496875 0.0578125 0.046875
1 0.3375 0.503125 0.053125 0.046875
1 0.5203125 0.5078125 0.053125 0.046875
1 0.7015625 0.5171875 0.053125 0.04375
2 0.1513671875 0.431640625 0.1416015625 0.4375 0.134765625 0.4482421875 0.134765625 0.4580078125 0.142578125 0.4638671875 0.142578125 0.4677734375 0.1513671875 0.474609375 0.1572265625 0.47265625 0.1611328125 0.474609375 0.171875 0.4736328125 0.1767578125 0.47265625 0.181640625 0.4638671875 0.185546875 0.4619140625 0.1875 0.4580078125 0.185546875 0.4462890625 0.1748046875 0.435546875 0.1669921875 0.431640625 0.1513671875 0.431640625
1 0.7294921875 0.451171875 0.7236328125 0.44921875 0.7099609375 0.44921875 0.7041015625 0.451171875 0.69140625 0.4638671875 0.69140625 0.4794921875 0.7177734375 0.482421875 0.7177734375 0.484375 0.6982421875 0.484375 0.697265625 0.4892578125 0.69921875 0.4931640625 0.7041015625 0.49609375 0.7099609375 0.498046875 0.71875 0.4970703125 0.72265625 0.4951171875 0.724609375 0.4892578125 0.72265625 0.4873046875 0.7236328125 0.482421875 0.740234375 0.4814453125 0.7421875 0.4697265625 0.73828125 0.4599609375 0.7294921875 0.451171875
3 0.1625 0.515625 0.0828125 0.1203125
3 0.3265625 0.51875 0.0796875 0.1140625
3 0.5171875 0.521875 0.0703125 0.125
3 0.7078125 0.534375 0.08125 0.1203125
3 0.896875 0.54375 0.090625 0.1203125