0 0.7998046875 0.380859375 0.7861328125 0.38671875 0.775390625 0.3974609375 0.76953125 0.4091796875 0.76953125 0.4326171875 0.771484375 0.4345703125 0.771484375 0.4404296875 0.779296875 0.4521484375 0.7900390625 0.462890625 0.8037109375 0.46875 0.81640625 0.4677734375 0.8271484375 0.46484375 0.837890625 0.4560546875 0.845703125 0.4404296875 0.84765625 0.4208984375 0.841796875 0.4033203125 0.8271484375 0.38671875 0.8134765625 0.380859375 0.7998046875 0.380859375
0 0.7412109375 0.349609375 0.7353515625 0.34765625 0.7314453125 0.34375 0.7275390625 0.341796875 0.7080078125 0.341796875 0.6943359375 0.349609375 0.6875 0.3564453125 0.68359375 0.3681640625 0.685546875 0.3876953125 0.689453125 0.3974609375 0.7060546875 0.4140625 0.7119140625 0.416015625 0.73046875 0.4150390625 0.7392578125 0.412109375 0.751953125 0.3994140625 0.755859375 0.3916015625 0.755859375 0.3740234375 0.75390625 0.3720703125 0.75390625 0.3662109375 0.75 0.3583984375 0.7412109375 0.349609375
0 0.6416015625 0.34375 0.6376953125 0.341796875 0.6357421875 0.34375 0.6240234375 0.345703125 0.6162109375 0.349609375 0.60546875 0.3603515625 0.60546875 0.3662109375 0.619140625 0.3818359375 0.62109375 0.3876953125 0.623046875 0.4169921875 0.6337890625 0.421875 0.65625 0.4208984375 0.673828125 0.4052734375 0.677734375 0.3974609375 0.6796875 0.3916015625 0.6796875 0.3720703125 0.673828125 0.3603515625 0.6611328125 0.34765625 0.6533203125 0.34375 0.6416015625 0.34375
0 0.5712890625 0.357421875 0.5517578125 0.365234375 0.541015625 0.3759765625 0.53515625 0.3876953125 0.533203125 0.4033203125 0.54296875 0.4287109375 0.5595703125 0.443359375 0.5693359375 0.447265625 0.587890625 0.4462890625 0.6025390625 0.439453125 0.619140625 0.4208984375 0.62109375 0.4150390625 0.62109375 0.3896484375 0.615234375 0.3779296875 0.6025390625 0.365234375 0.5849609375 0.357421875 0.5712890625 0.357421875
0 0.603515625 0.3544921875 0.6015625 0.3505859375 0.5849609375 0.3359375 0.5791015625 0.333984375 0.5576171875 0.333984375 0.5478515625 0.33984375 0.5390625 0.3486328125 0.533203125 0.3583984375 0.53125 0.3720703125 0.53515625 0.3798828125 0.5390625 0.3798828125 0.5517578125 0.365234375 0.5595703125 0.361328125 0.5712890625 0.359375 0.5732421875 0.357421875 0.5849609375 0.357421875 0.6005859375 0.365234375 0.603515625 0.3623046875 0.603515625 0.3544921875
0 0.6064453125 0.328125 0.59765625 0.3388671875 0.59765625 0.3466796875 0.6015625 0.3505859375 0.603515625 0.3564453125 0.6064453125 0.359375 0.607421875 0.3583984375 0.6162109375 0.349609375 0.6298828125 0.34375 0.66015625 0.3447265625 0.654296875 0.3330078125 0.6435546875 0.32421875 0.6376953125 0.322265625 0.6201171875 0.322265625 0.6064453125 0.328125
0 0.6748046875 0.31640625 0.6689453125 0.318359375 0.6611328125 0.32421875 0.65625 0.3310546875 0.65625 0.3388671875 0.66015625 0.3466796875 0.669921875 0.3544921875 0.677734375 0.3681640625 0.6806640625 0.37109375 0.68359375 0.3701171875 0.6875 0.3564453125 0.7001953125 0.345703125 0.7119140625 0.341796875 0.71484375 0.3388671875 0.708984375 0.3271484375 0.7041015625 0.322265625 0.6923828125 0.31640625 0.6748046875 0.31640625
0 0.7392578125 0.328125 0.7275390625 0.330078125 0.72265625 0.3349609375 0.720703125 0.3408203125 0.7275390625 0.341796875 0.7392578125 0.34765625 0.75 0.3583984375 0.755859375 0.3720703125 0.755859375 0.3876953125 0.763671875 0.3876953125 0.7734375 0.3798828125 0.77734375 0.3701171875 0.77734375 0.3525390625 0.7734375 0.3447265625 0.7646484375 0.333984375 0.7548828125 0.328125 0.7412109375 0.326171875 0.7392578125 0.328125
0 0.7138671875 0.30859375 0.7216796875 0.30859375 0.7236328125 0.310546875 0.7314453125 0.310546875 0.7431640625 0.314453125 0.751953125 0.3134765625 0.75390625 0.3095703125 0.75390625 0.2978515625 0.7431640625 0.28515625 0.7333984375 0.28125 0.7236328125 0.28125 0.712890625 0.2900390625 0.7109375 0.3056640625 0.7138671875 0.30859375
0 0.791015625 0.2958984375 0.791015625 0.3134765625 0.79296875 0.3173828125 0.7998046875 0.326171875 0.8056640625 0.328125 0.81640625 0.3271484375 0.8193359375 0.326171875 0.826171875 0.3173828125 0.826171875 0.3037109375 0.82421875 0.2998046875 0.8173828125 0.291015625 0.8095703125 0.287109375 0.7958984375 0.2890625 0.791015625 0.2958984375
0 0.8583984375 0.302734375 0.849609375 0.3115234375 0.849609375 0.3271484375 0.8603515625 0.34375 0.8662109375 0.345703125 0.87109375 0.3447265625 0.8779296875 0.341796875 0.8828125 0.3349609375 0.884765625 0.3291015625 0.8828125 0.3271484375 0.8828125 0.3193359375 0.8720703125 0.306640625 0.8642578125 0.302734375 0.8583984375 0.302734375
2 1 0.3681640625 0.9951171875 0.365234375 0.9912109375 0.359375 0.9794921875 0.357421875 0.97265625 0.3662109375 0.97265625 0.3818359375 0.974609375 0.3876953125 0.9873046875 0.396484375 0.99609375 0.3955078125 1 0.3935546875 1 0.3681640625