1 0.45625 0.14375 0.04375 0.0515625
1 0.51875 0.521875 0.0453125 0.0484375
1 0.528125 0.7171875 0.046875 0.0515625
1 0.534375 0.9046875 0.05 0.0546875
1 0.4859375 0.921875 0.0484375 0.0546875
2 0.5015625 0.159375 0.0390625 0.05
2 0.50625 0.3328125 0.0421875 0.0515625
2 0.4609375 0.3203125 0.0390625 0.046875
2 0.46875 0.5140625 0.0421875 0.0484375
2 0.4765625 0.7078125 0.040625 0.046875
3 0.4734375 0.1578125 0.11875 0.090625
3 0.4734375 0.328125 0.1296875 0.0765625
3 0.4859375 0.5125 0.11875 0.0703125
3 0.496875 0.715625 0.1203125 0.08125