0 0.512378246875 0.1927759734375 0.494115259375 0.1866883109375 0.47382305156250004 0.1887175328125 0.46367694843749996 0.1927759734375 0.446428571875 0.21002435 0.44237012968749995 0.222199675 0.44237012968749995 0.2364042203125 0.4504870125 0.250608765625 0.45961850625 0.259740259375 0.47585227343750003 0.26582792187500004 0.5002029218749999 0.26582792187500004 0.5062905843750001 0.26379870156249996 0.5235389609375 0.25466720781249996 0.5275974031249999 0.2424918828125 0.530641234375 0.23944805156250001 0.5316558437500001 0.218141234375 0.5275974031249999 0.2079951296875 0.512378246875 0.1927759734375
0 0.5671672078125 0.028409090625 0.5549918828125 0.022321428125 0.5265827921875 0.022321428125 0.5184659093749999 0.026379870312499998 0.5093344156249999 0.037540584375000005 0.5093344156249999 0.053774350000000005 0.5265827921875 0.0669642859375 0.5326704546875 0.06899350625 0.5428165578125 0.06899350625 0.546875 0.0710227265625 0.5489042203125 0.06899350625 0.5651379875 0.06899350625 0.5762987015625 0.05986201249999999 0.5773133109375 0.05681818125 0.5783279218749999 0.0415990265625 0.5762987015625 0.037540584375000005 0.5671672078125 0.028409090625
0 0.5164366890625 0.010146103125 0.5002029218749999 0.012175324999999999 0.48904220781249996 0.019277596875 0.4870129875 0.0233360390625 0.4870129875 0.0355113640625 0.49614448125 0.0446428578125 0.5062905843750001 0.0487012984375 0.5093344156249999 0.0456574671875 0.5113636359375 0.0334821421875 0.5184659093749999 0.026379870312499998 0.5346996749999999 0.020292207812499997 0.5357142859375 0.019277596875 0.5326704546875 0.016233765625 0.5164366890625 0.010146103125
1 0.5536390703125 0 0.5519480515625 0.0050730515625 0.5519480515625 0.0111607140625 0.5610795453125 0.024350649999999998 0.5752840906250001 0.0324675328125 0.581371753125 0.0324675328125 0.5834009734375 0.034496753125 0.6097808437500001 0.0324675328125 0.6199269484375 0.026379870312499998 0.6219561687499999 0.022321428125 0.6229707796875 0.00913149375 0.6209415578125 0.0050730515625 0.6150880375 0 0.5536390703125 0
1 0.5083198046875 0.052759740624999996 0.49208603906250004 0.052759740624999996 0.47991071406249997 0.058847403124999996 0.47077922031249997 0.0700081171875 0.47077922031249997 0.0821834421875 0.481939934375 0.0953733765625 0.49005681875 0.09943181875 0.5083198046875 0.1014610390625 0.5103490265625 0.09943181875 0.5184659093749999 0.09943181875 0.5245535718750001 0.097402596875 0.5346996749999999 0.0852272734375 0.5357142859375 0.07203733749999999 0.5164366890625 0.0608766234375 0.5083198046875 0.052759740624999996
1 0.45961850625 0.259740259375 0.44845779218750004 0.2485795453125 0.44135551875 0.23133116875 0.42918019531249996 0.23133116875 0.41700487031250005 0.23741883125 0.40787337656249995 0.246550325 0.40178571406249997 0.25872565000000003 0.40178571406249997 0.2769886359375 0.40584415625 0.28510551875 0.41091720781249996 0.29220779218750004 0.42918019531249996 0.302353896875 0.449472403125 0.302353896875 0.46164772656249997 0.29829545468749996 0.4748376625 0.287134740625 0.47991071406249997 0.27191558437499996 0.480925325 0.268871753125 0.47788149375 0.26582792187500004 0.45961850625 0.259740259375
1 0.356128246875 0.3916396109375 0.337865259375 0.3916396109375 0.3297483765625 0.39569805156250004 0.322646103125 0.402800325 0.3165584421875 0.41497565 0.3165584421875 0.42918019531249996 0.3206168828125 0.43932629843750004 0.325689934375 0.44439935 0.3307629875 0.443384740625 0.3307629875 0.43526785781250005 0.34192370156249996 0.415990259375 0.3601866890625 0.409902596875 0.374391234375 0.409902596875 0.37134740312500003 0.402800325 0.3642451296875 0.39569805156250004 0.356128246875 0.3916396109375
1 0.38453733749999996 0.415990259375 0.374391234375 0.409902596875 0.3601866890625 0.409902596875 0.34192370156249996 0.415990259375 0.3307629875 0.437297078125 0.3307629875 0.45353084375 0.33482142812500004 0.46367694843749996 0.3459821421875 0.4748376625 0.356128246875 0.47889610312500003 0.3723620125 0.47889610312500003 0.380478896875 0.4748376625 0.39772727343750003 0.45961850625 0.3987418828125 0.45454545468749996 0.39975649375 0.43323863593749995 0.39772727343750003 0.42918019531249996 0.38453733749999996 0.415990259375
1 0.33482142812500004 0.46367694843749996 0.3307629875 0.45150162343750005 0.32771915625000003 0.44845779218750004 0.31757305156250004 0.4504870125 0.30641233749999996 0.46164772656249997 0.3043831171875 0.46773538906249995 0.3043831171875 0.48396915625 0.30641233749999996 0.49005681875 0.31757305156250004 0.5012175328125 0.32771915625000003 0.5052759734375 0.33380681874999996 0.5052759734375 0.3459821421875 0.5012175328125 0.35815746718749997 0.48904220781249996 0.35917207812499996 0.47991071406249997 0.3459821421875 0.4748376625 0.33482142812500004 0.46367694843749996
1 0.45961850625 0.5986201296875 0.44541396093749996 0.5925324671875 0.43526785781250005 0.5925324671875 0.431209415625 0.590503246875 0.42918019531249996 0.5925324671875 0.41700487031250005 0.5925324671875 0.402800325 0.5986201296875 0.38758116875000004 0.61586850625 0.38149350625 0.6300730515625 0.38149350625 0.650365259375 0.38758116875000004 0.6645698046875 0.40482954531250004 0.6838474031249999 0.42106331093750005 0.6899350656250001 0.44135551875 0.6899350656250001 0.443384740625 0.6879058437500001 0.455560065625 0.6858766234375 0.4748376625 0.668628246875 0.47889610312500003 0.6625405843750001 0.481939934375 0.6513798703125 0.48295454531250004 0.6280438312500001 0.480925325 0.6219561687499999 0.45961850625 0.5986201296875
1 0.34192370156249996 0.6351461031250001 0.32366071406249997 0.6331168828125 0.31757305156250004 0.6351461031250001 0.30641233749999996 0.6442775968750001 0.302353896875 0.65239448125 0.30032467500000004 0.6625405843750001 0.302353896875 0.6645698046875 0.302353896875 0.6726866890625 0.30641233749999996 0.6808035718750001 0.31960227343750003 0.6919642859375 0.325689934375 0.69399350625 0.33989448125 0.69399350625 0.3459821421875 0.6919642859375 0.3551136359375 0.6848620125 0.3601866890625 0.67573051875 0.36120129843750004 0.6564529218749999 0.35917207812499996 0.650365259375 0.34192370156249996 0.6351461031250001
1 0.302353896875 0.6625405843750001 0.30032467500000004 0.6605113640625 0.302353896875 0.6584821421875 0.302353896875 0.650365259375 0.299310065625 0.6473214281249999 0.28307629843750004 0.6493506499999999 0.27191558437499996 0.6625405843750001 0.27191558437499996 0.6767451296875 0.278003246875 0.686891234375 0.28510551875 0.6919642859375 0.2952516234375 0.69399350625 0.30539772656249997 0.6899350656250001 0.30945616875000004 0.6858766234375 0.31047077968750003 0.6848620125 0.302353896875 0.6726866890625 0.302353896875 0.6625405843750001
0 0.27293019531249996 0.7832792203125 0.26582792187500004 0.79038149375 0.26582792187500004 0.80255681875 0.27090097343749997 0.8096590906250001 0.2790178578125 0.8137175328125 0.28916396093749996 0.8137175328125 0.296266234375 0.80864448125 0.29728084374999997 0.80560065 0.29829545468749996 0.7964691562499999 0.28916396093749996 0.7853084421875 0.27293019531249996 0.7832792203125