0 0.517578125 0.3173828125 0.5224609375 0.32421875 0.5361328125 0.330078125 0.5419921875 0.3359375 0.5458984375 0.337890625 0.552734375 0.3369140625 0.56640625 0.3251953125 0.5703125 0.3154296875 0.568359375 0.3056640625 0.5556640625 0.291015625 0.5400390625 0.287109375 0.5302734375 0.291015625 0.51953125 0.3017578125 0.517578125 0.3173828125
0 0.2626953125 0.326171875 0.255859375 0.3330078125 0.251953125 0.3408203125 0.251953125 0.3525390625 0.25390625 0.3564453125 0.2607421875 0.36328125 0.2666015625 0.365234375 0.271484375 0.3642578125 0.2802734375 0.361328125 0.28515625 0.3564453125 0.28515625 0.3525390625 0.2890625 0.3466796875 0.287109375 0.3310546875 0.2822265625 0.326171875 0.2763671875 0.32421875 0.2626953125 0.326171875
0 0.193359375 0.3642578125 0.1982421875 0.375 0.2060546875 0.37890625 0.212890625 0.3779296875 0.21484375 0.3759765625 0.208984375 0.3662109375 0.208984375 0.3544921875 0.212890625 0.3486328125 0.212890625 0.3427734375 0.2060546875 0.341796875 0.1953125 0.3525390625 0.193359375 0.3642578125
0 0.15234375 0.3857421875 0.15234375 0.4013671875 0.1611328125 0.412109375 0.1650390625 0.4140625 0.171875 0.4130859375 0.181640625 0.4072265625 0.185546875 0.3994140625 0.1875 0.3876953125 0.1806640625 0.375 0.1689453125 0.37109375 0.1630859375 0.373046875 0.154296875 0.3818359375 0.15234375 0.3857421875
0 0.0966796875 0.470703125 0.083984375 0.4853515625 0.08203125 0.4912109375 0.08203125 0.5126953125 0.083984375 0.5146484375 0.083984375 0.5205078125 0.087890625 0.5263671875 0.0908203125 0.529296875 0.091796875 0.5283203125 0.091796875 0.5107421875 0.09765625 0.4931640625 0.1083984375 0.482421875 0.1220703125 0.48046875 0.125 0.4775390625 0.1142578125 0.46875 0.1005859375 0.46875 0.0966796875 0.470703125
1 0.083984375 0.4423828125 0.0927734375 0.451171875 0.099609375 0.4501953125 0.109375 0.4423828125 0.11328125 0.4306640625 0.111328125 0.4189453125 0.1044921875 0.41015625 0.0947265625 0.41015625 0.0859375 0.4189453125 0.08203125 0.4287109375 0.083984375 0.4423828125
1 0.4853515625 0.423828125 0.4775390625 0.41796875 0.4677734375 0.4140625 0.4462890625 0.412109375 0.4228515625 0.419921875 0.41015625 0.4306640625 0.3984375 0.4521484375 0.3984375 0.4736328125 0.40234375 0.4794921875 0.40234375 0.4853515625 0.40625 0.4931640625 0.4189453125 0.505859375 0.4326171875 0.513671875 0.455078125 0.5166015625 0.4716796875 0.513671875 0.4755859375 0.509765625 0.4814453125 0.5078125 0.49609375 0.4931640625 0.50390625 0.4736328125 0.50390625 0.4580078125 0.49609375 0.4365234375 0.4853515625 0.423828125
1 0.142578125 0.4892578125 0.1318359375 0.48046875 0.1259765625 0.478515625 0.1103515625 0.48046875 0.1005859375 0.486328125 0.095703125 0.4931640625 0.095703125 0.4970703125 0.091796875 0.5009765625 0.0908203125 0.51171875 0.09765625 0.5419921875 0.1083984375 0.552734375 0.1162109375 0.556640625 0.1328125 0.5556640625 0.1396484375 0.552734375 0.1484375 0.5439453125 0.150390625 0.5322265625 0.15234375 0.5302734375 0.15234375 0.5107421875 0.150390625 0.5087890625 0.150390625 0.5029296875 0.142578125 0.4892578125
1 0 0.6005859375 0.01171875 0.6005859375 0.017578125 0.5947265625 0.01953125 0.5751953125 0.017578125 0.5732421875 0.017578125 0.5654296875 0.013671875 0.5556640625 0.0068359375 0.546875 0.0009765625 0.544921875 0 0.6005859375
1 0.2255859375 0.337890625 0.2177734375 0.341796875 0.208984375 0.3525390625 0.208984375 0.3681640625 0.212890625 0.3740234375 0.2197265625 0.37890625 0.23046875 0.3779296875 0.2353515625 0.376953125 0.240234375 0.3720703125 0.24609375 0.3603515625 0.24609375 0.3564453125 0.244140625 0.3544921875 0.244140625 0.3486328125 0.2392578125 0.341796875 0.2255859375 0.337890625
1 0.2255859375 0.337890625 0.232421875 0.3291015625 0.2216796875 0.328125 0.2177734375 0.330078125 0.2109375 0.3388671875 0.2119140625 0.341796875 0.216796875 0.3427734375 0.2255859375 0.337890625
1 0.380859375 0.3232421875 0.3828125 0.3271484375 0.3896484375 0.333984375 0.3974609375 0.337890625 0.404296875 0.3369140625 0.4169921875 0.33203125 0.42578125 0.3154296875 0.421875 0.3017578125 0.4130859375 0.294921875 0.3974609375 0.294921875 0.3916015625 0.296875 0.380859375 0.3095703125 0.380859375 0.3232421875
1 0.5126953125 0.32421875 0.5009765625 0.328125 0.490234375 0.3369140625 0.48828125 0.3427734375 0.484375 0.3466796875 0.482421875 0.3662109375 0.48828125 0.3798828125 0.5048828125 0.392578125 0.5107421875 0.392578125 0.5126953125 0.39453125 0.525390625 0.3935546875 0.5341796875 0.390625 0.548828125 0.3759765625 0.552734375 0.3662109375 0.552734375 0.3544921875 0.546875 0.3408203125 0.5361328125 0.330078125 0.5205078125 0.32421875 0.5126953125 0.32421875
1 0.556640625 0.2919921875 0.5615234375 0.294921875 0.568359375 0.3037109375 0.5703125 0.3095703125 0.568359375 0.3232421875 0.5859375 0.3232421875 0.595703125 0.3154296875 0.599609375 0.3076171875 0.599609375 0.2958984375 0.595703125 0.2880859375 0.5849609375 0.279296875 0.5673828125 0.279296875 0.556640625 0.2880859375 0.556640625 0.2919921875
2 0.3349609375 0.310546875 0.328125 0.3173828125 0.32421875 0.3291015625 0.328125 0.3408203125 0.3349609375 0.34765625 0.3388671875 0.349609375 0.349609375 0.3486328125 0.3583984375 0.345703125 0.3671875 0.3349609375 0.369140625 0.3291015625 0.3671875 0.3173828125 0.36328125 0.3115234375 0.3564453125 0.306640625 0.3427734375 0.306640625 0.3349609375 0.310546875
2 0.4931640625 0.310546875 0.4794921875 0.31640625 0.470703125 0.3251953125 0.466796875 0.3330078125 0.466796875 0.3505859375 0.470703125 0.3583984375 0.4775390625 0.365234375 0.482421875 0.3662109375 0.482421875 0.3525390625 0.490234375 0.3369140625 0.5048828125 0.326171875 0.5126953125 0.326171875 0.521484375 0.3232421875 0.5126953125 0.314453125 0.5009765625 0.310546875 0.4931640625 0.310546875
2 0.2822265625 0.326171875 0.287109375 0.3310546875 0.2890625 0.3447265625 0.29296875 0.3447265625 0.30078125 0.3369140625 0.302734375 0.3310546875 0.30078125 0.3193359375 0.2939453125 0.3125 0.2880859375 0.310546875 0.2783203125 0.3125 0.26953125 0.3232421875 0.2822265625 0.326171875
2 0.2294921875 0.33984375 0.2373046875 0.341796875 0.244140625 0.3486328125 0.24609375 0.3603515625 0.248046875 0.3603515625 0.251953125 0.3564453125 0.251953125 0.3408203125 0.255859375 0.3330078125 0.2490234375 0.326171875 0.2373046875 0.326171875 0.2333984375 0.328125 0.2265625 0.3369140625 0.2294921875 0.33984375
2 0.18359375 0.3779296875 0.1884765625 0.38671875 0.19140625 0.3857421875 0.1953125 0.3779296875 0.193359375 0.3623046875 0.1845703125 0.35546875 0.1728515625 0.357421875 0.1640625 0.3701171875 0.1669921875 0.373046875 0.1767578125 0.373046875 0.18359375 0.3779296875
2 0.1923828125 0.359375 0.1953125 0.3583984375 0.197265625 0.3505859375 0.20703125 0.3408203125 0.2041015625 0.337890625 0.1943359375 0.337890625 0.1865234375 0.341796875 0.181640625 0.3505859375 0.1826171875 0.35546875 0.1923828125 0.359375
1 0.7392578125 0.34375 0.7333984375 0.34765625 0.72265625 0.3603515625 0.720703125 0.3662109375 0.720703125 0.3857421875 0.72265625 0.3916015625 0.7412109375 0.412109375 0.7470703125 0.412109375 0.7490234375 0.4140625 0.763671875 0.4130859375 0.7744140625 0.41015625 0.78125 0.4033203125 0.7890625 0.3896484375 0.7890625 0.3740234375 0.78515625 0.3623046875 0.7724609375 0.34765625 0.7607421875 0.341796875 0.7392578125 0.34375
2 0.7470703125 0.306640625 0.7294921875 0.306640625 0.716796875 0.3173828125 0.71484375 0.3232421875 0.71484375 0.3408203125 0.7236328125 0.353515625 0.728515625 0.3525390625 0.7431640625 0.341796875 0.7607421875 0.341796875 0.7646484375 0.34375 0.767578125 0.3408203125 0.767578125 0.3291015625 0.76171875 0.3173828125 0.7548828125 0.310546875 0.7470703125 0.306640625
1 0.13671875 0.3857421875 0.13671875 0.3916015625 0.142578125 0.4033203125 0.1474609375 0.40625 0.150390625 0.4052734375 0.15234375 0.4033203125 0.15234375 0.3876953125 0.15625 0.3798828125 0.162109375 0.3740234375 0.1591796875 0.369140625 0.1474609375 0.369140625 0.140625 0.3759765625 0.13671875 0.3857421875