1 0.3484477125 0.6575469765624999 0.3484477125 0.6514195265625 0.3443627453125 0.6473345593750001 0.3484477125 0.645292075 0.3484477125 0.637122140625 0.34640522812499996 0.6330371734375 0.33517156875 0.623845996875 0.316789215625 0.623845996875 0.31474673124999997 0.6258884796874999 0.30861928125000004 0.6258884796874999 0.2973856203125 0.637122140625 0.2953431375 0.6432495921875 0.2953431375 0.6493770421875 0.2994281046875 0.6514195265625 0.2953431375 0.65550449375 0.2973856203125 0.663674428125 0.306576796875 0.6728656046875 0.31474673124999997 0.676950571875 0.330065359375 0.6759293296875 0.333129084375 0.6749080875 0.3484477125 0.6575469765624999
2 0.5567810453125001 0.6493770421875 0.5567810453125001 0.6330371734375 0.5435049015625 0.6177185453125 0.5373774515624999 0.6177185453125 0.533292484375 0.6218035125 0.529207515625 0.6197610296875 0.51491013125 0.6197610296875 0.509803921875 0.6228247546875 0.5036764703125 0.6330371734375 0.5057189546874999 0.653462009375 0.5077614374999999 0.6575469765624999 0.52103758125 0.6687806375 0.534313725 0.6677593953125001 0.5373774515624999 0.6646956703125 0.539419934375 0.6667381531250001 0.5455473859375 0.6646956703125 0.552696078125 0.6575469765624999 0.5567810453125001 0.6493770421875
2 0.54146241875 0.6115910953125 0.546568628125 0.60852736875 0.5506535953125 0.5983149515624999 0.5506535953125 0.584017565625 0.539419934375 0.5686989375 0.5353349671875 0.5666564546874999 0.53125 0.5686989375 0.5271650328125 0.5646139703124999 0.5169526140625 0.5646139703124999 0.5087826796875 0.5686989375 0.49754902031250003 0.58197508125 0.49550653593750005 0.5860600484375 0.49550653593750005 0.5983149515624999 0.49754902031250003 0.6044424015625001 0.5046977125 0.6115910953125 0.5108251640625 0.613633578125 0.5302287578125 0.6126123359375 0.533292484375 0.6095486109375 0.5353349671875 0.6115910953125 0.54146241875 0.6115910953125
2 0.150326796875 0.6432495921875 0.13909313750000002 0.63201593125 0.1329656859375 0.6299734484374999 0.11866829999999999 0.6299734484374999 0.104370915625 0.6361008984375001 0.10334967343749998 0.6391646234375 0.0951797390625 0.645292075 0.0931372546875 0.6575469765624999 0.09109477187500001 0.6595894609374999 0.09109477187500001 0.6657169125 0.0951797390625 0.673886846875 0.10232843124999999 0.676950571875 0.1064133984375 0.6830780234375 0.110498365625 0.68512050625 0.12377450937500001 0.6840992640625 0.1350081703125 0.6810355390625 0.1482843140625 0.6677593953125001 0.15236928125 0.6595894609374999 0.150326796875 0.6432495921875
1 0.1462418296875 0.60239991875 0.1401143796875 0.590145015625 0.130923203125 0.5829963234375 0.1247957515625 0.580953840625 0.1084558828125 0.580953840625 0.10232843124999999 0.5829963234375 0.0982434640625 0.587081290625 0.094158496875 0.587081290625 0.0829248359375 0.60239991875 0.08496732031250001 0.620782271875 0.0921160125 0.6279309640624999 0.10028594843750001 0.6258884796874999 0.1094771234375 0.6289522062499999 0.12888071875 0.6279309640624999 0.130923203125 0.6258884796874999 0.137050653125 0.6258884796874999 0.14215686249999998 0.620782271875 0.1462418296875 0.60239991875
2 0.327001634375 0.576868871875 0.316789215625 0.5727839046875001 0.3024918296875 0.5727839046875001 0.2943218953125 0.576868871875 0.29330065312500003 0.5799325984375 0.28513071874999996 0.5860600484375 0.2810457515625 0.5983149515624999 0.28513071874999996 0.6146548203125 0.290236928125 0.6197610296875 0.2963643796875 0.6218035125 0.3239379078125 0.620782271875 0.3290441171875 0.6197610296875 0.33210784375 0.6166973046875001 0.33823529375 0.6044424015625001 0.33823529375 0.594229984375 0.3341503265625 0.584017565625 0.327001634375 0.576868871875
1 0.9407679734375 0.60239991875 0.93974673125 0.607506128125 0.93361928125 0.6054636437500001 0.9244281046875 0.6166973046875001 0.9264705875000001 0.6330371734375 0.9305555562500001 0.637122140625 0.9325980390625 0.6432495921875 0.9479166671874999 0.6565257359375 0.971405228125 0.65550449375 0.9877450984375 0.6432495921875 0.9918300656250001 0.6330371734375 0.9897875812500001 0.6187397875 0.9785539218749999 0.607506128125 0.9622140515625001 0.5993361921875 0.9438316999999999 0.5993361921875 0.9407679734375 0.60239991875
1 0.9754901953124999 0.5595077609375 0.968341503125 0.55235906875 0.94995915 0.5462316171875 0.9377042484375 0.5482741015625 0.925449346875 0.5544015515625 0.918300653125 0.5615502453125 0.9162581703124999 0.5676776953125 0.9162581703124999 0.5778901140625 0.9203431375 0.5881025328125 0.9295343140625001 0.5952512249999999 0.93974673125 0.5932087421875 0.952001634375 0.5972937093749999 0.95710784375 0.5962724671874999 0.9703839875 0.5952512249999999 0.9795751640624999 0.5860600484375 0.981617646875 0.58197508125 0.981617646875 0.5676776953125 0.9754901953124999 0.5595077609375
1 0.533292484375 0.5155943625 0.5189950984375 0.517636846875 0.509803921875 0.5247855390625 0.5036764703125 0.5349979578124999 0.5036764703125 0.54929534375 0.5057189546874999 0.55542279375 0.5077614374999999 0.5595077609375 0.5169526140625 0.5666564546874999 0.5383986921874999 0.5676776953125 0.5455473859375 0.5646139703124999 0.5506535953125 0.5595077609375 0.5547385625000001 0.547252859375 0.5547385625000001 0.5349979578124999 0.5506535953125 0.5268280234375 0.539419934375 0.517636846875 0.533292484375 0.5155943625
2 0.769199346875 0.6391646234375 0.7671568625 0.637122140625 0.769199346875 0.6350796562500001 0.769199346875 0.6248672390625 0.7671568625 0.620782271875 0.7600081703125 0.613633578125 0.7518382359375 0.6095486109375 0.729370915625 0.6095486109375 0.7252859484374999 0.6115910953125 0.716094771875 0.6187397875 0.7140522875 0.6269097218749999 0.7120098046875001 0.6289522062499999 0.7140522875 0.6330371734375 0.7140522875 0.6432495921875 0.7181372546875 0.6514195265625 0.7314133984375 0.6626531859375 0.735498365625 0.6626531859375 0.73754085 0.6646956703125 0.7549019609375 0.663674428125 0.769199346875 0.6514195265625 0.769199346875 0.6391646234375
1 0.9662990203125 0.50538194375 0.9540441171875 0.49925449375 0.9295343140625001 0.49925449375 0.9121732031249999 0.5125306375 0.9080882359375 0.520700571875 0.9080882359375 0.5268280234375 0.91013071875 0.5329554734374999 0.9162581703124999 0.537040440625 0.9162581703124999 0.5411254078125001 0.9234068625 0.5482741015625 0.9428104578125 0.5533803109375001 0.9581290843750001 0.550316584375 0.9693627453125 0.5411254078125001 0.9693627453125 0.5349979578124999 0.9754901953124999 0.52887050625 0.9754901953124999 0.5186580875 0.9662990203125 0.50538194375
3 0.115625 0.628125 0.0875 0.128125
3 0.3203125 0.6203125 0.08125 0.13125
3 0.5328125 0.61875 0.1 0.1390625
3 0.74375 0.6015625 0.0828125 0.13125
3 0.9453125 0.5921875 0.1078125 0.1296875