0 0.1697580640625 0.70791330625 0.17177419375 0.7119455640625 0.1808467734375 0.7210181453125 0.1868951609375 0.7230342734375 0.19697580625 0.719002015625 0.2 0.71396169375 0.2 0.7038810484375 0.1959677421875 0.6958165328125 0.1868951609375 0.68876008125 0.17782258125 0.6897681453125 0.1697580640625 0.6978326609375001 0.1697580640625 0.70791330625
1 0.3239919359375 0.690776209375 0.336088709375 0.6867439515625 0.345161290625 0.6776713703125 0.3491935484375 0.6675907265625 0.3491935484375 0.6554939515625 0.34717741874999997 0.6534778218749999 0.34717741874999997 0.6474294359375 0.33407258125 0.6323084671875 0.32197580625 0.6302923390624999 0.319959678125 0.628276209375 0.31290322656249997 0.6292842734375 0.3058467734375 0.6302923390624999 0.2947580640625 0.63936491875 0.288709678125 0.65146169375 0.288709678125 0.665574596875 0.2947580640625 0.6776713703125 0.3058467734375 0.6867439515625 0.3239919359375 0.690776209375
1 0.288709678125 0.70186491875 0.2977822578125 0.7149697578125 0.3058467734375 0.719002015625 0.319959678125 0.719002015625 0.333064515625 0.70791330625 0.33508064531250004 0.6978326609375001 0.32802419375 0.68876008125 0.31189516093749997 0.68876008125 0.2977822578125 0.6806955640625 0.2947580640625 0.6817036296875 0.288709678125 0.6917842734375 0.288709678125 0.70186491875
1 0.3068548390625 0.5909778218749999 0.32197580625 0.6040826609375001 0.3320564515625 0.60811491875 0.3522177421875 0.6101310484375 0.3683467734375 0.6040826609375001 0.3804435484375 0.5960181453125 0.3875 0.5869455640625 0.3935483875 0.5728326609375001 0.3935483875 0.546622984375 0.3854838703125 0.5284778218749999 0.36633064531250004 0.5113407265625 0.3582661296875 0.5073084671875 0.33911290312500003 0.5083165328125 0.3179435484375 0.515372984375 0.3008064515625 0.534526209375 0.29677419375 0.546622984375 0.29677419375 0.5728326609375001 0.3008064515625 0.58291330625 0.3068548390625 0.5909778218749999
1 0.4973790328125 0.6927923390624999 0.5135080640624999 0.6927923390624999 0.52157258125 0.68876008125 0.5306451609375 0.6796875 0.5346774187500001 0.6696068546875 0.5316532265625 0.6665826609375001 0.5195564515625 0.662550403125 0.5084677421875 0.65146169375 0.504435484375 0.63936491875 0.501411290625 0.6363407265625 0.49637096718749996 0.637348790625 0.489314515625 0.640372984375 0.48024193593750003 0.65146169375 0.47620967812500004 0.6635584671875 0.47822580625000005 0.6736391125 0.48225806406249994 0.6817036296875 0.489314515625 0.68876008125 0.4973790328125 0.6927923390624999
1 0.5457661296875 0.6665826609375001 0.5618951609375 0.6585181453125 0.566935484375 0.6534778218749999 0.5729838703125 0.637348790625 0.5729838703125 0.6232358875 0.566935484375 0.6131552421875 0.5518145156250001 0.5980342734375 0.5457661296875 0.5960181453125 0.5346774187500001 0.597026209375 0.523588709375 0.600050403125 0.5064516125 0.6192036296875 0.504435484375 0.6232358875 0.504435484375 0.6433971781250001 0.5084677421875 0.65146169375 0.523588709375 0.6645665328125 0.5296370968749999 0.6665826609375001 0.5457661296875 0.6665826609375001
1 0.5558467734375 0.6806955640625 0.557862903125 0.68271169375 0.569959678125 0.6806955640625 0.5780241937499999 0.67666330625 0.589112903125 0.6635584671875 0.5911290328125001 0.65751008125 0.5911290328125001 0.6413810484375 0.5780241937499999 0.62626008125 0.5729838703125 0.625252015625 0.5729838703125 0.63936491875 0.5689516125 0.64541330625 0.566935484375 0.6554939515625 0.5477822578125 0.6665826609375001 0.5366935484375001 0.6675907265625 0.5366935484375001 0.671622984375 0.5497983875 0.6806955640625 0.5558467734375 0.6806955640625
1 0.6838709671875 0.574848790625 0.6899193546875 0.5869455640625 0.6989919359375001 0.5960181453125 0.7070564515625 0.600050403125 0.723185484375 0.6020665328125 0.7372983875 0.5960181453125 0.7524193546875 0.5808971781250001 0.7564516125 0.562752015625 0.7534274187500001 0.5597278218749999 0.7473790328125001 0.5597278218749999 0.7342741937499999 0.5506552421875 0.7241935484375001 0.5385584671875 0.7241935484375001 0.53251008125 0.7191532265625 0.5234375 0.7080645156250001 0.5244455640625 0.7030241937499999 0.5254536296875 0.6899193546875 0.5385584671875 0.6858870968749999 0.546622984375 0.6838709671875 0.5526713703125 0.6838709671875 0.574848790625
1 0.9066532265625 0.537550403125 0.91875 0.537550403125 0.9318548390625001 0.52646169375 0.935887096875 0.5183971781250001 0.9379032265625 0.5022681453125 0.9258064515625 0.4881552421875 0.9207661296874999 0.475050403125 0.9167338703125001 0.47303427343750004 0.9056451609374999 0.4740423390625 0.898588709375 0.4770665328125 0.8935483874999999 0.4821068546875 0.8895161296874999 0.4901713703125 0.8875 0.5103326609375001 0.8895161296874999 0.512348790625 0.8915322578125 0.5244455640625 0.9026209671875 0.5355342734375 0.9066532265625 0.537550403125
1 1 0.4010584671875 0.9913306453124999 0.39238911249999997 0.9832661296874999 0.3883568546875 0.97217741875 0.38936491875 0.9600806453124999 0.403477821875 0.9600806453124999 0.415574596875 0.9580645156250001 0.41759072656249996 0.9600806453124999 0.4337197578125 0.964112903125 0.443800403125 0.9752016125 0.4569052421875 0.9893145156250001 0.4589213703125 1 0.4498798078125 1 0.4010584671875
0 0.7493951609375 0.5597278218749999 0.77157258125 0.5597278218749999 0.7796370968749999 0.5556955640625 0.7947580640624999 0.540574596875 0.8008064515625 0.5284778218749999 0.8008064515625 0.5022681453125 0.7967741937499999 0.4962197578125 0.7967741937499999 0.4921875 0.7776209671875 0.475050403125 0.767540321875 0.4710181453125 0.7524193546875 0.47202620937499995 0.7433467734375 0.475050403125 0.7322580640624999 0.4821068546875 0.7221774187500001 0.5042842734375 0.720161290625 0.5244455640625 0.7302419359375001 0.546622984375 0.7413306453125 0.5556955640625 0.7493951609375 0.5597278218749999
0 0.9762096781249999 0.48009072656249996 0.9711693546875001 0.475050403125 0.970161290625 0.4760584671875 0.964112903125 0.4921875 0.9590725812500001 0.497227821875 0.9510080640625 0.50126008125 0.941935484375 0.5022681453125 0.941935484375 0.5083165328125 0.9459677421875 0.5163810484375 0.9550403218750001 0.5234375 0.967137096875 0.5234375 0.97822580625 0.5103326609375001 0.9802419359375 0.4921875 0.9762096781249999 0.48009072656249996
0 0.970161290625 0.4599294359375 0.964112903125 0.443800403125 0.9530241937499999 0.43271169374999996 0.94697580625 0.4306955640625 0.935887096875 0.4317036296875 0.9237903218750001 0.44178427343750004 0.9217741937499999 0.4478326609375 0.9217741937499999 0.478074596875 0.932862903125 0.497227821875 0.94092741875 0.50126008125 0.9510080640625 0.50126008125 0.9590725812500001 0.497227821875 0.9681451609374999 0.484122984375 0.970161290625 0.478074596875 0.970161290625 0.4599294359375