1 0.4215465 0 0.4206189703125 0.012057878125000001 0.42162379375 0.025120578124999998 0.4256430875 0.0331591640625 0.43669614218749997 0.04421221875 0.44272507968749997 0.042202571875 0.44372990312500005 0.047226687499999996 0.4467443734375 0.050241157812500006 0.4588022515625 0.050241157812500006 0.46684083593750003 0.046221865625000004 0.477893890625 0.0351688109375 0.48392282968749994 0.0211012859375 0.48392282968749994 0.00301446875 0.48263091406249997 0 0.4215465 0
1 0.3834692703125 0 0.3792035859375 0.002018334375 0.375175734375 0.004896965625 0.3704509015625 0.0112456125 0.367065371875 0.0179073421875 0.365590646875 0.0242932609375 0.363971803125 0.031299134374999996 0.363971803125 0.0358674265625 0.364655121875 0.0424484 0.3670281 0.0488057421875 0.368925178125 0.0523801171875 0.3710111625 0.0563023640625 0.37575214843750004 0.06281127812500001 0.3800980515625 0.0668440984375 0.39137776875 0.0715962640625 0.398110315625 0.072024890625 0.40578087187499995 0.07081976718750001 0.41400305 0.065267496875 0.42023366875 0.059654348437500004 0.4234477484375 0.049298975 0.4252405265625 0.04139360625 0.4254815515625 0.0319749984375 0.4212487078125 0.0186155078125 0.4169375921875 0.0117276625 0.4117381625 0.00564613125 0.40096540156250005 0.00031376718749999996 0.3998402203125 0 0.3834692703125 0
1 0.304281271875 0 0.3041466859375 0.0032830937499999996 0.3029216828125 0.0104865078125 0.30284838281250004 0.016954425000000002 0.3042212296875 0.023623609375 0.3065619046875 0.02973495625 0.31159361093750004 0.03361371875 0.316317203125 0.039209473437499996 0.320843253125 0.044648684375 0.3259681375 0.0475298015625 0.3303562828125 0.050716548437499995 0.3357172234375 0.051535287500000006 0.34139373281249996 0.05124829374999999 0.346216715625 0.049721389062499996 0.35249703125 0.0460737140625 0.359045703125 0.04117494375 0.36219766249999996 0.036497321875 0.3633058796875 0.032679437500000005 0.3642923421875 0.028316140625000003 0.36486757187499996 0.0245255890625 0.3664392046875 0.0202865328125 0.3661112109375 0.015283401562500002 0.36598945625 0.0116754828125 0.364376825 0.009655345312499999 0.3644563390625 0.007420275 0.36420413125 0.004634821875 0.3633294859375 0.0016605234374999999 0.36263821875 0 0.304281271875 0
1 0.35430064375 0.293408359375 0.362339228125 0.2893890671875 0.3713826359375 0.280345659375 0.3754019296875 0.270297428125 0.372387459375 0.2451768484375 0.3576938703125 0.228492178125 0.34153688125000004 0.2239347828125 0.32285647812499996 0.22971334062499998 0.31441935625 0.2400637765625 0.3090836015625 0.2502009640625 0.310088425 0.263263665625 0.311093246875 0.270297428125 0.3191318328125 0.280345659375 0.3261655953125 0.287379421875 0.3382234734375 0.293408359375 0.342242765625 0.2913987140625 0.35430064375 0.293408359375
1 0.34204754843749996 0.5449517828125 0.351132415625 0.547072646875 0.36510096718749996 0.5443301 0.37221170312499996 0.5423936171875 0.383832534375 0.5301655843749999 0.38483359687499996 0.5242094015625 0.38567634375000004 0.519212771875 0.3865683234375 0.51491988125 0.3847563703125 0.5084066921875 0.38423025625 0.504914071875 0.3838856265625 0.5020894703125001 0.3803389484375 0.49619120937499994 0.37439710625 0.4883440515625 0.3563102890625 0.4823151125 0.3461840546875 0.484887978125 0.3387788875 0.48823096875000005 0.3246327140625 0.5016521703125 0.322767665625 0.5057973640625 0.32267306093750003 0.5112004031249999 0.321956775 0.5176006453124999 0.3287846640625 0.5349392187500001 0.34204754843749996 0.5449517828125
1 0.392897128125 0.7601533875 0.392750396875 0.7503338921875 0.3914915859375 0.74164578125 0.3854620375 0.7344626453124999 0.3778126375 0.7296948015625 0.3696805671875 0.7258189390625 0.3639415875 0.7263933203125 0.3572710484375 0.727532428125 0.3496342 0.731374503125 0.3399826734375 0.7395239515625 0.33152528124999997 0.750888 0.3310532265625 0.7685345171875 0.33554111875000003 0.7790268593749999 0.3385269328125 0.7841518796875 0.3465634359375 0.7913649421875 0.3609847328125 0.7962930328125 0.369357175 0.794909690625 0.3770760796875 0.790422765625 0.3827677578125 0.7874803921875 0.3875259453125 0.7814180203125 0.39060829375 0.7769619859375 0.393374009375 0.7707750859375 0.392897128125 0.7601533875
1 0.44797899531249996 1 0.449768278125 0.9986138921875 0.45443225312499996 0.9934183953125 0.45770883749999997 0.98775590625 0.460096440625 0.9788142843750001 0.4618345 0.9722925312499999 0.46224205625000003 0.9641643249999999 0.461370903125 0.9555767671875 0.4574566625 0.9480089515625 0.45335987031249997 0.9410227531249999 0.4467065078125 0.9355784765624999 0.4435827578125 0.933870134375 0.4378268703125 0.9331637031250001 0.43279015000000004 0.9327349203124999 0.42655028906250003 0.9337461687499999 0.4216154578125 0.936742559375 0.41646750781249997 0.940358775 0.4115606984375 0.9435181859374999 0.4102556671875 0.9524818843749999 0.409998396875 0.9608079265624999 0.41047048437500006 0.9664772078125001 0.40918922812499997 0.9755156234375001 0.4089625234375 0.984358753125 0.410274346875 0.991636184375 0.41503172031249996 0.998673328125 0.41684196875 1 0.44797899531249996 1
1 0.40181992187500004 1 0.40363032656250003 0.993483775 0.40356070156249996 0.9897249140625 0.4024772796875 0.982197853125 0.4024772796875 0.9765812140625 0.40137263125 0.9730779265624999 0.3976324515625 0.9676132718750001 0.3949841828125 0.9638060140625001 0.3909357875 0.9600123406250001 0.38603746562499996 0.9568834953125 0.379960628125 0.9558697 0.37710433593750003 0.9559817765625 0.3713509953125 0.9570974624999999 0.36624804843750003 0.9599597 0.3603732890625 0.96387054375 0.35531279531250004 0.9675411 0.35356709531249997 0.9703472968750001 0.3472881765625 0.977442178125 0.345355678125 0.9816400109375 0.344317259375 0.9872133468750001 0.34437244843750003 0.994359171875 0.34484692968749997 1 0.40181992187500004 1
3 0.3796875 0.0375 0.1484375 0.075
3 0.375 0.2546875 0.1390625 0.109375
3 0.3875 0.5109375 0.15 0.0984375
3 0.3953125 0.7578125 0.1625 0.11875
3 0.409375 0.9625 0.1453125 0.075