1 0.39317092656249997 0.4073482421875 0.40415335468749997 0.39636581406250004 0.408146965625 0.38837859375 0.4101437703125 0.3744009578125 0.408146965625 0.372404153125 0.408146965625 0.3644169328125 0.40415335468749997 0.3564297125 0.389177315625 0.34345047968750003 0.3771964859375 0.3414536734375 0.37519968125 0.33945686875000003 0.3612220453125 0.3414536734375 0.35323482500000003 0.345447284375 0.33626198125 0.3644169328125 0.33426517499999997 0.3704073484375 0.33426517499999997 0.3863817890625 0.33626198125 0.38837859375 0.33626198125 0.39436900937499997 0.3542332265625 0.4143370609375 0.3771964859375 0.41533546250000003 0.3831869015625 0.4133386578125 0.39317092656249997 0.4073482421875
1 0.1345846640625 0.4742412140625 0.1405750796875 0.460263578125 0.1405750796875 0.4343051125 0.138578275 0.42831469687499996 0.1255990421875 0.4133386578125 0.11761182031249999 0.4093450484375 0.099640575 0.4093450484375 0.0916533546875 0.4133386578125 0.0806709265625 0.4243210859375 0.0746805109375 0.438298721875 0.0746805109375 0.46625399375 0.07667731562499999 0.46825079843750006 0.07667731562499999 0.4742412140625 0.08965655 0.489217253125 0.0966453671875 0.492212459375 0.11162140625000001 0.49321086249999996 0.1236022359375 0.487220446875 0.1345846640625 0.4742412140625
1 0.154552715625 0.37839456875 0.154552715625 0.3604233234375 0.1505591046875 0.3524361015625 0.1435702875 0.345447284375 0.13158945625000001 0.34345047968750003 0.12160543125 0.3474440890625 0.10662939375 0.3644169328125 0.10662939375 0.3863817890625 0.10862619843750002 0.3923722046875 0.11162140625000001 0.3973642171875 0.11861022343750001 0.400359425 0.13158945625000001 0.401357828125 0.14157348281249998 0.3973642171875 0.154552715625 0.37839456875
1 0.188498403125 0.35842651718749996 0.188498403125 0.3384584671875 0.181509584375 0.32947284374999997 0.1735223640625 0.3254792328125 0.159544728125 0.3274760390625 0.14656549531250002 0.3384584671875 0.144568690625 0.3424520765625 0.144568690625 0.34644568750000004 0.1525559109375 0.35443290781250003 0.154552715625 0.3604233234375 0.154552715625 0.3763977640625 0.1565495203125 0.37839456875 0.16553514375 0.379392971875 0.177515975 0.37539936093750004 0.188498403125 0.35842651718749996
1 0.2404153359375 0.3564297125 0.2404153359375 0.3384584671875 0.23841852968750002 0.3324680515625 0.2274361015625 0.323482428125 0.20946485625000003 0.323482428125 0.20147763593749998 0.3274760390625 0.1904952078125 0.340455271875 0.188498403125 0.34644568750000004 0.188498403125 0.362420128125 0.2024760390625 0.37839456875 0.2174520765625 0.379392971875 0.2294329078125 0.37340255624999996 0.2404153359375 0.3564297125
1 0.33027156562500004 0.3264776359375 0.33426517499999997 0.318490415625 0.33426517499999997 0.3045127796875 0.323282746875 0.291533546875 0.30730830625 0.291533546875 0.2993210859375 0.29552715625000003 0.2903354625 0.3045127796875 0.2883386578125 0.3164936109375 0.2903354625 0.318490415625 0.2903354625 0.32448083125 0.30231629375 0.3364616609375 0.31329872187499996 0.3374600640625 0.323282746875 0.333466453125 0.33027156562500004 0.3264776359375
1 0.35922523906250003 0.2875399359375 0.364217253125 0.2825479234375 0.364217253125 0.27855431249999996 0.35722843437499996 0.267571884375 0.35323482500000003 0.2655750796875 0.3432507984375 0.2655750796875 0.33027156562500004 0.274560703125 0.32827476093749997 0.29053514375 0.33626198125 0.30051916875 0.3392571890625 0.301517571875 0.35323482500000003 0.2875399359375 0.35922523906250003 0.2875399359375
1 0.43210862656250004 0.2725638984375 0.41912939375 0.26357827500000003 0.4051517578125 0.2655750796875 0.3981629390625 0.274560703125 0.40015974375 0.29053514375 0.4051517578125 0.29552715625000003 0.4101437703125 0.29652555937499997 0.41912939375 0.2975239609375 0.43210862656250004 0.2865415328125 0.43210862656250004 0.2725638984375
1 0.4640575078125 0.2825479234375 0.4640575078125 0.274560703125 0.455071884375 0.26357827500000003 0.4410942484375 0.26357827500000003 0.43210862656250004 0.2725638984375 0.43210862656250004 0.2865415328125 0.4420926515625 0.2945287546875 0.451078275 0.29552715625000003 0.455071884375 0.29353035156249996 0.4640575078125 0.2825479234375
1 0.5978434499999999 0.2925319484375 0.593849840625 0.284544728125 0.5848642171875 0.2775559109375 0.5748801921875 0.2775559109375 0.5638977640625 0.2865415328125 0.5638977640625 0.2985223640625 0.57088658125 0.3075079875 0.5738817890625 0.3085063890625 0.586861021875 0.3095047921875 0.5958466453125 0.30051916875 0.5978434499999999 0.2925319484375
1 0.7176517578125 0.340455271875 0.7176517578125 0.3264776359375 0.708666134375 0.3154952078125 0.6946884984375 0.313498403125 0.6837060703125 0.322484025 0.6837060703125 0.3364616609375 0.6946884984375 0.3494408953125 0.6996805109374999 0.350439296875 0.708666134375 0.3494408953125 0.7156549515624999 0.34444888125 0.7176517578125 0.340455271875
0 0.665734825 0.322484025 0.6637380187499999 0.31050319531250004 0.654752396875 0.301517571875 0.6487619812500001 0.2995207671875 0.63678115 0.301517571875 0.6297923328125 0.31050319531250004 0.6297923328125 0.322484025 0.6317891375 0.3264776359375 0.6417731625 0.33446485625 0.652755590625 0.335463259375 0.6567492015624999 0.333466453125 0.665734825 0.322484025
0 0.3821884984375 0.3204872203125 0.384185303125 0.3164936109375 0.384185303125 0.30051916875 0.3771964859375 0.291533546875 0.3712060703125 0.2875399359375 0.35323482500000003 0.2875399359375 0.34225239687500003 0.29652555937499997 0.33825878593750003 0.306509584375 0.33825878593750003 0.3125 0.34225239687500003 0.322484025 0.35123801875 0.33146964843750004 0.35623003125 0.3324680515625 0.35922523906250003 0.333466453125 0.3712060703125 0.32947284374999997 0.3821884984375 0.3204872203125
0 0.3981629390625 0.29053514375 0.40015974375 0.2825479234375 0.3981629390625 0.28055111875 0.3981629390625 0.274560703125 0.391174121875 0.267571884375 0.379193290625 0.2655750796875 0.373202875 0.267571884375 0.3662140578125 0.274560703125 0.364217253125 0.284544728125 0.367212459375 0.2875399359375 0.37519968125 0.289536740625 0.384185303125 0.2985223640625 0.3871805109375 0.2995207671875 0.391174121875 0.2975239609375 0.3981629390625 0.29053514375
0 0.3392571890625 0.267571884375 0.3432507984375 0.267571884375 0.34524760312499997 0.2655750796875 0.35123801875 0.2655750796875 0.35323482500000003 0.267571884375 0.3552316296875 0.267571884375 0.35722843437499996 0.269568690625 0.35922523906250003 0.269568690625 0.36022364218749997 0.2685702875 0.36022364218749997 0.26657348281250004 0.35323482500000003 0.2595846640625 0.34125399375 0.2595846640625 0.3392571890625 0.2615814703125 0.3372603828125 0.2615814703125 0.33426517499999997 0.2645766765625 0.33426517499999997 0.26657348281250004 0.3322683703125 0.2685702875 0.3322683703125 0.27056709218749997 0.3332667734375 0.2715654953125 0.335263578125 0.2715654953125 0.3392571890625 0.267571884375