0 0.82421875 0.5771484375 0.82421875 0.5693359375 0.8203125 0.5634765625 0.8203125 0.5595703125 0.81640625 0.5517578125 0.7998046875 0.53515625 0.7841796875 0.52734375 0.7783203125 0.52734375 0.7763671875 0.525390625 0.7490234375 0.525390625 0.7373046875 0.53125 0.7333984375 0.53125 0.7275390625 0.537109375 0.7216796875 0.5390625 0.71875 0.5439453125 0.7109375 0.5498046875 0.705078125 0.5576171875 0.6953125 0.5791015625 0.693359375 0.6083984375 0.70703125 0.6181640625 0.71875 0.6513671875 0.7236328125 0.65625 0.740234375 0.6552734375 0.7705078125 0.6484375 0.8115234375 0.634765625 0.818359375 0.6279296875 0.82421875 0.6162109375 0.82421875 0.6103515625 0.826171875 0.6083984375 0.826171875 0.5791015625 0.82421875 0.5771484375
0 0.9462890625 0.404296875 0.93359375 0.4189453125 0.931640625 0.4423828125 0.939453125 0.4638671875 0.9462890625 0.470703125 0.95703125 0.4755859375 0.9677734375 0.47265625 0.9765625 0.4638671875 0.982421875 0.4482421875 0.982421875 0.4365234375 0.9765625 0.4189453125 0.9677734375 0.408203125 0.9619140625 0.404296875 0.9462890625 0.404296875
1 0.046875 0.5654296875 0.0498046875 0.568359375 0.05078125 0.5673828125 0.0625 0.5341796875 0.0703125 0.5185546875 0.0693359375 0.513671875 0.0576171875 0.515625 0.046875 0.5283203125 0.04296875 0.5478515625 0.044921875 0.5498046875 0.046875 0.5654296875
1 0.025390625 0.5107421875 0.0234375 0.5126953125 0.0234375 0.5302734375 0.025390625 0.5361328125 0.0322265625 0.544921875 0.0361328125 0.546875 0.04296875 0.5458984375 0.046875 0.5283203125 0.056640625 0.5166015625 0.056640625 0.5087890625 0.0478515625 0.49609375 0.0361328125 0.494140625 0.0322265625 0.49609375 0.025390625 0.5048828125 0.025390625 0.5107421875
1 0.0244140625 0.55078125 0.0146484375 0.55078125 0.00390625 0.5634765625 0.001953125 0.5849609375 0.00390625 0.5869140625 0.005859375 0.5986328125 0.0166015625 0.607421875 0.0205078125 0.609375 0.0234375 0.6083984375 0.0283203125 0.6015625 0.0361328125 0.599609375 0.041015625 0.5947265625 0.04296875 0.5908203125 0.04296875 0.5771484375 0.037109375 0.5634765625 0.0302734375 0.5546875 0.0244140625 0.55078125
1 0.060546875 0.4833984375 0.056640625 0.4912109375 0.060546875 0.5107421875 0.0634765625 0.513671875 0.072265625 0.5126953125 0.076171875 0.5009765625 0.08984375 0.4755859375 0.08984375 0.4697265625 0.0810546875 0.46484375 0.0751953125 0.46484375 0.064453125 0.4716796875 0.060546875 0.4775390625 0.060546875 0.4833984375
2 0.025390625 0.6044921875 0.01953125 0.6142578125 0.01953125 0.6201171875 0.017578125 0.6220703125 0.017578125 0.6416015625 0.01953125 0.6435546875 0.021484375 0.6572265625 0.0234375 0.6611328125 0.025390625 0.6611328125 0.02734375 0.6591796875 0.02734375 0.6513671875 0.033203125 0.6337890625 0.033203125 0.6240234375 0.0390625 0.6064453125 0.0380859375 0.599609375 0.0322265625 0.599609375 0.025390625 0.6044921875
2 0.0107421875 0.6015625 0.0009765625 0.599609375 0 0.6396484375 0.0126953125 0.64453125 0.017578125 0.6435546875 0.01953125 0.6103515625 0.0107421875 0.6015625
2 0 0.6728515625 0.01171875 0.6884765625 0.0205078125 0.697265625 0.021484375 0.6962890625 0.021484375 0.6904296875 0.0234375 0.6884765625 0.0234375 0.6689453125 0.025390625 0.6669921875 0.01953125 0.6494140625 0.0107421875 0.642578125 0.0009765625 0.640625 0 0.6728515625
2 0.0234375 0.7802734375 0.021484375 0.7763671875 0.021484375 0.7451171875 0.015625 0.7333984375 0.00390625 0.7177734375 0.0009765625 0.716796875 0 0.7724609375 0.0087890625 0.78125 0.0234375 0.7802734375
0 0.6962890625 0.474609375 0.6767578125 0.46484375 0.6513671875 0.462890625 0.6318359375 0.47265625 0.6279296875 0.47265625 0.6171875 0.4814453125 0.6015625 0.5048828125 0.599609375 0.5185546875 0.59765625 0.5205078125 0.59765625 0.5341796875 0.607421875 0.5595703125 0.6201171875 0.57421875 0.6396484375 0.587890625 0.6474609375 0.587890625 0.6494140625 0.58984375 0.66015625 0.5888671875 0.6865234375 0.583984375 0.6953125 0.5771484375 0.705078125 0.5576171875 0.72265625 0.5380859375 0.72265625 0.5126953125 0.71875 0.5009765625 0.708984375 0.4853515625 0.6962890625 0.474609375
0 0.626953125 0.4677734375 0.619140625 0.4501953125 0.6005859375 0.431640625 0.5908203125 0.4296875 0.5849609375 0.42578125 0.5654296875 0.423828125 0.5634765625 0.42578125 0.5458984375 0.4296875 0.525390625 0.4482421875 0.515625 0.4677734375 0.515625 0.4970703125 0.5234375 0.5107421875 0.5537109375 0.537109375 0.5654296875 0.541015625 0.583984375 0.5400390625 0.5888671875 0.5390625 0.595703125 0.5322265625 0.595703125 0.5205078125 0.59765625 0.5185546875 0.599609375 0.5068359375 0.6171875 0.4794921875 0.625 0.4736328125 0.626953125 0.4677734375
0 0.505859375 0.6181640625 0.501953125 0.6083984375 0.501953125 0.5966796875 0.5 0.5947265625 0.5 0.5791015625 0.498046875 0.5771484375 0.5 0.5595703125 0.505859375 0.5517578125 0.5185546875 0.541015625 0.5263671875 0.541015625 0.529296875 0.5380859375 0.5263671875 0.53515625 0.5029296875 0.525390625 0.4775390625 0.5234375 0.4755859375 0.525390625 0.4619140625 0.52734375 0.4443359375 0.53515625 0.4384765625 0.5390625 0.421875 0.5576171875 0.421875 0.5615234375 0.41796875 0.5654296875 0.4140625 0.5830078125 0.412109375 0.5849609375 0.4140625 0.6123046875 0.421875 0.6298828125 0.431640625 0.6435546875 0.4384765625 0.6484375 0.443359375 0.6474609375 0.447265625 0.6376953125 0.4521484375 0.634765625 0.4951171875 0.630859375 0.4970703125 0.62890625 0.5048828125 0.62890625 0.5078125 0.6259765625 0.505859375 0.6240234375 0.505859375 0.6181640625