0 0.5441060125 0.40822784843750004 0.52432753125 0.40031645625 0.5065268984375 0.40031645625 0.5045490499999999 0.402294303125 0.49861550625 0.402294303125 0.47883702499999997 0.41218354375 0.4640031640625 0.4309731015625 0.4580696203125 0.448773734375 0.4580696203125 0.46459651874999996 0.4659810125 0.48635284843750004 0.4808148734375 0.50316455625 0.488726265625 0.5090981015625 0.5065268984375 0.5150316453125 0.5263053796875 0.5150316453125 0.5282832281250001 0.513053796875 0.5401503171875001 0.5110759500000001 0.5460838609375 0.507120253125 0.5628955703125 0.4922863921875 0.5708069625000001 0.47844145625 0.573773734375 0.46756329062499996 0.5747626578125 0.454707278125 0.556962025 0.4191060125 0.5441060125 0.40822784843750004
0 0.346321203125 0.331091771875 0.3304984171875 0.331091771875 0.326542721875 0.3330696203125 0.3176424046875 0.3399920890625 0.3117088609375 0.34988132968749996 0.3117088609375 0.36570411406250003 0.31566455625 0.37361550625 0.3245648734375 0.38053797500000003 0.332476265625 0.38053797500000003 0.33445411406250003 0.3825158234375 0.33643196249999996 0.38053797500000003 0.34829905 0.3785601265625 0.3571993671875 0.3716376578125 0.3621439875 0.36075949375 0.3631329109375 0.34988132968749996 0.359177215625 0.3419699359375 0.346321203125 0.331091771875
0 0.3215981015625 0.286590190625 0.3215981015625 0.26878955625 0.31863132968749996 0.2678006328125 0.3097310125 0.278678796875 0.3097310125 0.29054588593749997 0.3117088609375 0.2945015828125 0.32258702499999997 0.3034018984375 0.332476265625 0.3034018984375 0.33643196249999996 0.30142405 0.33643196249999996 0.2974683546875 0.326542721875 0.2935126578125 0.3215981015625 0.286590190625
0 0.3087420890625 0.3330696203125 0.29885284843750004 0.3330696203125 0.28599683593749997 0.343947784375 0.2840189875 0.3597705703125 0.29094145625 0.370648734375 0.29489715156249996 0.3726265828125 0.306764240625 0.3726265828125 0.3117088609375 0.369659809375 0.3117088609375 0.34988132968749996 0.31665348125000004 0.3409810125 0.3176424046875 0.3399920890625 0.312697784375 0.33504746875 0.3087420890625 0.3330696203125
0 0.29489715156249996 0.3726265828125 0.286985759375 0.36669303750000004 0.27709651874999996 0.36867088593749997 0.27017405 0.377571203125 0.27017405 0.3914161390625 0.27511867031250004 0.3983386078125 0.2850079109375 0.402294303125 0.296875 0.3983386078125 0.3047863921875 0.3884493671875 0.3057753171875 0.377571203125 0.30083069687499997 0.3726265828125 0.29489715156249996 0.3726265828125
0 0.27511867031250004 0.447784809375 0.2652294296875 0.45174050625 0.25830696249999996 0.46459651874999996 0.2622626578125 0.47844145625 0.2691851265625 0.48536392343749996 0.2830300640625 0.48536392343749996 0.286985759375 0.48338607656250004 0.293908228125 0.4764636078125 0.296875 0.46756329062499996 0.2958860765625 0.45866297500000003 0.2830300640625 0.447784809375 0.27511867031250004 0.447784809375
0 0.267207278125 0.42207278437499995 0.25632911406250003 0.4309731015625 0.254351265625 0.44679588593749997 0.25929588593749997 0.4537183546875 0.2652294296875 0.4537183546875 0.2691851265625 0.44976265781249997 0.27511867031250004 0.447784809375 0.2830300640625 0.44976265781249997 0.286985759375 0.4458069625 0.2879746828125 0.4309731015625 0.2790743671875 0.42207278437499995 0.267207278125 0.42207278437499995
0 0.2731408234375 0.5249208859375 0.2622626578125 0.533821203125 0.25830696249999996 0.54371044375 0.25830696249999996 0.5496439875 0.2622626578125 0.5575553796875 0.2691851265625 0.5644778484375 0.274129746875 0.5615110765625 0.274129746875 0.5476661390625 0.2761075953125 0.5417325953125001 0.2850079109375 0.532832278125 0.29094145625 0.5308544296875 0.2919303796875 0.52986550625 0.286985759375 0.5249208859375 0.2731408234375 0.5249208859375
0 0.2533623421875 0.532832278125 0.2464398734375 0.5377768984375 0.24446202499999997 0.5417325953125001 0.24248417656250001 0.5496439875 0.24446202499999997 0.5516218359375 0.24446202499999997 0.5575553796875 0.24940664531249998 0.5644778484375 0.25731803750000004 0.56843354375 0.2652294296875 0.56843354375 0.267207278125 0.5664556968750001 0.25830696249999996 0.5476661390625 0.2622626578125 0.533821203125 0.2533623421875 0.532832278125
0 0.27017405 0.610957278125 0.2652294296875 0.60799050625 0.25731803750000004 0.60799050625 0.24841772187500002 0.614912975 0.2464398734375 0.6188686703124999 0.2464398734375 0.6327136078125 0.25731803750000004 0.6435917718749999 0.2691851265625 0.6435917718749999 0.27116297500000003 0.6416139234375 0.2721518984375 0.6386471515625 0.2662183546875 0.624802215625 0.27017405 0.610957278125
0 0.306764240625 0.6950158234375 0.30083069687499997 0.6910601265625 0.2889636078125 0.689082278125 0.2830300640625 0.6910601265625 0.2761075953125 0.696004746875 0.2721518984375 0.7039161390625 0.2721518984375 0.7157832281250001 0.274129746875 0.7197389234375 0.2790743671875 0.7266613921875 0.2889636078125 0.7325949359374999 0.306764240625 0.7306170890625 0.3146756328125 0.71875 0.31566455625 0.7078718359375 0.313686709375 0.7039161390625 0.306764240625 0.6950158234375
0 0.3285205703125 0.813686709375 0.3206091765625 0.8097310125 0.31863132968749996 0.8117088609374999 0.306764240625 0.8117088609374999 0.2958860765625 0.8206091765625001 0.2958860765625 0.832476265625 0.3018196203125 0.84236550625 0.3087420890625 0.8473101265625 0.31665348125000004 0.8473101265625 0.32258702499999997 0.839398734375 0.332476265625 0.8354430374999999 0.338409809375 0.8354430374999999 0.339398734375 0.826542721875 0.33742088593749997 0.822587025 0.3285205703125 0.813686709375
0 0.539754746875 1 0.5401503171875001 0.9996044296875001 0.541139240625 0.9966376578125 0.5342167718749999 0.989715190625 0.5183939875 0.9837816453125001 0.4926819625 0.9837816453125001 0.4768591765625 0.989715190625 0.4679588609375 0.99861550625 0.46740506406250004 1 0.539754746875 1
1 0.43268723593749997 1 0.43334651874999996 0.9996044296875001 0.43928006406250003 0.9996044296875001 0.44620253125 0.994659809375 0.44719145625 0.9916930374999999 0.4481803796875 0.988726265625 0.44422468281249994 0.9808148734375 0.4353243671875 0.97191455625 0.423457278125 0.969936709375 0.42147942968749996 0.9679588609374999 0.4056566453125 0.969936709375 0.397745253125 0.9738924046875 0.3928006328125 0.9808148734375 0.3928006328125 0.9867484171875001 0.39675632968749996 0.994659809375 0.403283228125 1 0.43268723593749997 1
1 0.3997231015625 0.9442246828125 0.397745253125 0.9422468359374999 0.391811709375 0.9422468359374999 0.38192246875 0.936313290625 0.3740110765625 0.9284018984375001 0.3700553796875 0.9284018984375001 0.365110759375 0.9353243671874999 0.365110759375 0.9452136078125 0.36906645625 0.953125 0.38587816406250003 0.9640031640625001 0.40367879687499997 0.9640031640625001 0.41851265781249997 0.9511471515625001 0.41950158281250005 0.9481803796875001 0.42049050625 0.9452136078125 0.417523734375 0.9422468359374999 0.3997231015625 0.9442246828125
1 0.2691851265625 0.72468354375 0.25731803750000004 0.72468354375 0.2503955703125 0.7296281640625 0.2503955703125 0.7434731015625 0.25731803750000004 0.7523734171875 0.261273734375 0.754351265625 0.2731408234375 0.754351265625 0.2790743671875 0.7503955703125 0.280063290625 0.735561709375 0.2731408234375 0.7266613921875 0.2691851265625 0.72468354375
1 0.29489715156249996 0.6020569625000001 0.281052215625 0.6020569625000001 0.27017405 0.610957278125 0.268196203125 0.614912975 0.268196203125 0.62084651875 0.2662183546875 0.6228243671875 0.268196203125 0.624802215625 0.268196203125 0.6327136078125 0.27709651874999996 0.6435917718749999 0.2830300640625 0.64754746875 0.296875 0.64754746875 0.30083069687499997 0.6455696203125 0.3097310125 0.6366693031249999 0.3107199359375 0.6317246828124999 0.3117088609375 0.6188686703124999 0.3097310125 0.614912975 0.29489715156249996 0.6020569625000001
1 0.29291930312500003 0.5803006328125 0.2889636078125 0.578322784375 0.27511867031250004 0.5625 0.27116297500000003 0.5625 0.268196203125 0.5654667718749999 0.26424050625 0.5733781640625 0.26424050625 0.585245253125 0.2662183546875 0.5892009500000001 0.2731408234375 0.598101265625 0.2790743671875 0.6020569625000001 0.29291930312500003 0.6020569625000001 0.296875 0.6000791140625 0.306764240625 0.588212025 0.306764240625 0.578322784375 0.30280854375 0.5803006328125 0.29291930312500003 0.5803006328125
1 0.312697784375 0.5348101265625 0.3047863921875 0.5308544296875 0.29885284843750004 0.5308544296875 0.296875 0.5288765828125 0.29489715156249996 0.5308544296875 0.286985759375 0.5308544296875 0.2761075953125 0.5417325953125001 0.274129746875 0.5595332281250001 0.27808544375 0.5674446203125 0.29291930312500003 0.5803006328125 0.3087420890625 0.578322784375 0.319620253125 0.5674446203125 0.3206091765625 0.5625 0.3215981015625 0.5476661390625 0.319620253125 0.54371044375 0.312697784375 0.5348101265625
1 0.5945411390625 0.33010284843750004 0.5846518984375 0.3103243671875 0.5717958859375 0.2974683546875 0.5520174046874999 0.28955696249999996 0.5282832281250001 0.28757911406250003 0.508504746875 0.29549050625 0.4916930375 0.312302215625 0.4837816453125 0.33010284843750004 0.4837816453125 0.35383702499999997 0.495648734375 0.377571203125 0.5104825953125001 0.3884493671875 0.5263053796875 0.396360759375 0.5342167718749999 0.396360759375 0.5361946203125 0.3983386078125 0.553995253125 0.396360759375 0.5717958859375 0.3884493671875 0.5886075953125001 0.3716376578125 0.5945411390625 0.357792721875 0.5955300640625001 0.3488924046875 0.5965189875 0.3399920890625 0.5945411390625 0.338014240625 0.5945411390625 0.33010284843750004
1 0.45114715156249996 0.3409810125 0.43730221562500005 0.33504746875 0.423457278125 0.3330696203125 0.4056566453125 0.33900316406250003 0.39477848125000004 0.34790348125000004 0.384889240625 0.36570411406250003 0.384889240625 0.3854825953125 0.3888449359375 0.39537183593749997 0.3997231015625 0.40822784843750004 0.40961234218750003 0.4141613921875 0.4293908234375 0.416139240625 0.4452136078125 0.410205696875 0.456091771875 0.4013053796875 0.4640031640625 0.3914161390625 0.46696993593749997 0.3825158234375 0.4679588609375 0.363726265625 0.46202531718750006 0.3518591765625 0.45114715156249996 0.3409810125
1 0.5203718359375 0.2618670890625 0.5065268984375 0.25395569687499997 0.48477057031250004 0.25197784843750004 0.4649920890625 0.259889240625 0.4481803796875 0.27670095 0.4422468359375 0.2964794296875 0.44422468281249994 0.298457278125 0.44620253125 0.312302215625 0.45411392343749996 0.32614715156249996 0.46894778437499995 0.3370253171875 0.4808148734375 0.3409810125 0.4837816453125 0.338014240625 0.48575949375 0.32219145625 0.495648734375 0.30636867031250004 0.51246044375 0.291534809375 0.5164161390625 0.291534809375 0.5193829109375 0.28856803750000004 0.5203718359375 0.2836234171875 0.5263053796875 0.28757911406250003 0.5322389234375 0.285601265625 0.5332278484375 0.278678796875 0.5292721515625 0.2707674046875 0.5203718359375 0.2618670890625
1 0.4808148734375 0.1471518984375 0.46894778437499995 0.1471518984375 0.46696993593749997 0.149129746875 0.45510284843750004 0.1511075953125 0.4402689875 0.1639636078125 0.43631329062499996 0.171875 0.43631329062499996 0.1857199359375 0.4382911390625 0.19165348124999998 0.44719145625 0.20253164531249998 0.4610363921875 0.208465190625 0.4768591765625 0.208465190625 0.47883702499999997 0.20648734218749998 0.4926819625 0.20450949375 0.5005933546875 0.19857595 0.5075158234375 0.187697784375 0.508504746875 0.17879746875 0.505537975 0.16198575937499998 0.49861550625 0.155063290625 0.4808148734375 0.1471518984375
1 0.358188290625 0.2579113921875 0.346321203125 0.25395569687499997 0.3443433546875 0.25593354375 0.33643196249999996 0.25593354375 0.3304984171875 0.259889240625 0.319620253125 0.272745253125 0.319620253125 0.2806566453125 0.325553796875 0.292523734375 0.338409809375 0.299446203125 0.3502768984375 0.2974683546875 0.35621044375 0.2935126578125 0.3631329109375 0.286590190625 0.3660996828125 0.2776898734375 0.3670886078125 0.2747231015625 0.3631329109375 0.2628560125 0.358188290625 0.2579113921875
1 0.31863132968749996 0.25395569687499997 0.306764240625 0.2579113921875 0.2978639234375 0.2707674046875 0.2978639234375 0.27670095 0.3018196203125 0.2846123421875 0.3087420890625 0.28757911406250003 0.3117088609375 0.2747231015625 0.3285205703125 0.2618670890625 0.32950949375 0.26087816406250003 0.3245648734375 0.25593354375 0.31863132968749996 0.25395569687499997
1 0.27017405 0.357792721875 0.268196203125 0.3617484171875 0.268196203125 0.37361550625 0.27116297500000003 0.376582278125 0.281052215625 0.36669303750000004 0.2850079109375 0.36669303750000004 0.2840189875 0.3518591765625 0.281052215625 0.350870253125 0.27017405 0.357792721875
1 0.27709651874999996 0.3983386078125 0.2691851265625 0.3884493671875 0.26424050625 0.3914161390625 0.260284809375 0.39932753125 0.260284809375 0.40723892343749996 0.26424050625 0.41515031718750006 0.27116297500000003 0.42009493593749997 0.281052215625 0.42009493593749997 0.29291930312500003 0.410205696875 0.29291930312500003 0.40031645625 0.286985759375 0.402294303125 0.27709651874999996 0.3983386078125
2 0.25138449375 0.5644778484375 0.24545095 0.5644778484375 0.23852848125 0.5733781640625 0.2405063296875 0.5872231015625 0.24940664531249998 0.5941455703125 0.261273734375 0.5941455703125 0.2652294296875 0.592167721875 0.26424050625 0.56942246875 0.25731803750000004 0.56843354375 0.25138449375 0.5644778484375
2 0.24742879687500002 0.6416139234375 0.2405063296875 0.64655854375 0.23852848125 0.650514240625 0.23852848125 0.6623813296875001 0.24545095 0.6712816453125 0.25731803750000004 0.67325949375 0.267207278125 0.6653481015625 0.268196203125 0.6544699359374999 0.25929588593749997 0.6435917718749999 0.24742879687500002 0.6416139234375
2 0.255340190625 0.6791930374999999 0.2464398734375 0.690071203125 0.2464398734375 0.696004746875 0.2503955703125 0.7039161390625 0.25731803750000004 0.7108386078125 0.2632515828125 0.71281645625 0.2691851265625 0.71281645625 0.2721518984375 0.7098496828124999 0.2721518984375 0.7039161390625 0.27709651874999996 0.6950158234375 0.27808544375 0.6880933546875 0.2652294296875 0.677215190625 0.255340190625 0.6791930374999999
2 0.25929588593749997 0.7108386078125 0.255340190625 0.708860759375 0.24940664531249998 0.7009493671875 0.24248417656250001 0.7058939875 0.24248417656250001 0.7157832281250001 0.25138449375 0.72468354375 0.25929588593749997 0.72468354375 0.27116297500000003 0.7207278484375 0.2721518984375 0.7138053796875 0.2691851265625 0.7108386078125 0.25929588593749997 0.7108386078125
2 0.3087420890625 0.7503955703125 0.30083069687499997 0.7464398734375 0.2889636078125 0.7464398734375 0.280063290625 0.7533623421875 0.27808544375 0.7573180374999999 0.27808544375 0.771162975 0.29094145625 0.7859968359375 0.29885284843750004 0.7859968359375 0.30083069687499997 0.7879746828124999 0.312697784375 0.7840189875 0.3176424046875 0.77709651875 0.31863132968749996 0.7721518984375 0.319620253125 0.767207278125 0.31566455625 0.7573180374999999 0.3087420890625 0.7503955703125
2 0.3215981015625 0.796875 0.31665348125000004 0.78995253125 0.3107199359375 0.7859968359375 0.29094145625 0.7859968359375 0.2840189875 0.7929193031249999 0.2820411390625 0.80280854375 0.2840189875 0.8087420890624999 0.2889636078125 0.81566455625 0.296875 0.819620253125 0.306764240625 0.8117088609374999 0.31863132968749996 0.8117088609374999 0.32258702499999997 0.8097310125 0.32357595 0.8047863921875 0.3215981015625 0.80280854375 0.3215981015625 0.796875
2 0.34829905 0.8374208859375001 0.332476265625 0.8354430374999999 0.32258702499999997 0.839398734375 0.3176424046875 0.8443433546874999 0.31566455625 0.8601661390625001 0.3285205703125 0.875 0.332476265625 0.8769778484374999 0.338409809375 0.8769778484374999 0.34829905 0.865110759375 0.3621439875 0.8631329109375001 0.3631329109375 0.852254746875 0.3542325953125 0.8413765828124999 0.34829905 0.8374208859375001
2 0.319620253125 0.8660996828125 0.31566455625 0.8601661390625001 0.31566455625 0.852254746875 0.312697784375 0.8512658234374999 0.30775316406250003 0.858188290625 0.30775316406250003 0.8720332281250001 0.3245648734375 0.8868670890624999 0.33643196249999996 0.8868670890624999 0.33742088593749997 0.8779667718749999 0.326542721875 0.8730221515625001 0.319620253125 0.8660996828125
2 0.3759889234375 0.8670886078125 0.3660996828125 0.8631329109375001 0.34829905 0.865110759375 0.33742088593749997 0.8779667718749999 0.33742088593749997 0.8839003171875 0.3413765828125 0.89378955625 0.3542325953125 0.904667721875 0.3601661390625 0.9066455703124999 0.372033228125 0.9086234171875001 0.3799446203125 0.900712025 0.38587816406250003 0.8987341765625001 0.3898338609375 0.8928006328125001 0.390822784375 0.8839003171875 0.3868670890625 0.8759889234375 0.3759889234375 0.8670886078125
2 0.345332278125 0.9096123421875 0.3433544296875 0.9214794296875001 0.352254746875 0.93433544375 0.3621439875 0.9382911390625001 0.372033228125 0.9264240499999999 0.3700553796875 0.9086234171875001 0.352254746875 0.904667721875 0.345332278125 0.9096123421875
2 0.40961234218750003 0.8967563296875 0.3878560125 0.8967563296875 0.3799446203125 0.900712025 0.37302215156249996 0.90763449375 0.37104430312500003 0.9195015828124999 0.375 0.9293908234374999 0.391811709375 0.9422468359374999 0.411590190625 0.9442246828125 0.4254351265625 0.9382911390625001 0.4313686703125 0.930379746875 0.4323575953125 0.9155458859375001 0.417523734375 0.900712025 0.40961234218750003 0.8967563296875