2 0.2170445265625 0.85539215625 0.219087009375 0.857434640625 0.24768178125 0.85539215625 0.2599366828125 0.84926470625 0.2752553109375 0.8339460781250001 0.28138276093750003 0.823733659375 0.2834252453125 0.817606209375 0.2834252453125 0.7869689546874999 0.28138276093750003 0.780841503125 0.2630004078125 0.7481617640625 0.2415543296875 0.7287581703125 0.2354268796875 0.7267156859375 0.23134191249999997 0.72263071875 0.22725694375 0.72263071875 0.2047896234375 0.7124183000000001 0.1966196890625 0.7124183000000001 0.19457720625 0.714460784375 0.1935559640625 0.8482434640625 0.20070465624999997 0.8533496734374999 0.2170445265625 0.85539215625
2 0.631668709375 0.24060457500000001 0.637796159375 0.242647059375 0.6541360296875001 0.242647059375 0.6623059640625 0.23856209218750002 0.671497140625 0.22732843125 0.671497140625 0.2109885625 0.66945465625 0.20690359531250002 0.6623059640625 0.19771241875 0.6500510625 0.1915849671875 0.6357536765625 0.18954248437500001 0.629626225 0.1915849671875 0.618392565625 0.20077614375000002 0.6153288406249999 0.20792483593750002 0.6143075984374999 0.2130310453125 0.6204350484375001 0.23141339843750003 0.631668709375 0.24060457500000001
2 0.6439236109375 0.1915849671875 0.6561785125 0.1936274515625 0.66945465625 0.20690359531250002 0.6704758984375 0.2120098046875 0.6776245921874999 0.20690359531250002 0.679667075 0.202818628125 0.679667075 0.1946486921875 0.6755821078124999 0.18443627499999998 0.66639093125 0.1752450984375 0.658220996875 0.17116013125 0.6500510625 0.169117646875 0.6439236109375 0.17116013125 0.6357536765625 0.1752450984375 0.629626225 0.1834150328125 0.629626225 0.1915849671875 0.641881128125 0.18954248437500001 0.6439236109375 0.1915849671875
2 0.6520935453125001 0.169117646875 0.66332720625 0.1599264703125 0.6674121734375 0.1517565359375 0.6653696890624999 0.14154411718749998 0.661284721875 0.1354166671875 0.6500510625 0.126225490625 0.64290236875 0.12724673125 0.6490298203125 0.1354166671875 0.6510723046875 0.14767156875 0.6490298203125 0.15379902031249998 0.63983864375 0.1629901953125 0.6388174015625 0.166053921875 0.6439236109375 0.169117646875 0.6520935453125001 0.169117646875
2 0.624520015625 0.0986519609375 0.624520015625 0.1109068625 0.6224775328125001 0.11499182968749999 0.631668709375 0.12009803906250001 0.637796159375 0.12009803906250001 0.64290236875 0.11499182968749999 0.64290236875 0.10069444375 0.6408598859375 0.09660947656249999 0.6357536765625 0.089460784375 0.629626225 0.08537581718750001 0.6214562906250001 0.08129085 0.6153288406249999 0.08129085 0.6143075984374999 0.084354575 0.6224775328125001 0.092524509375 0.624520015625 0.0986519609375
2 0.6674121734375 0.10273692812499999 0.6653696890624999 0.09456699375 0.6561785125 0.0874183 0.6520935453125001 0.09763071875 0.6510723046875 0.10273692812499999 0.6623059640625 0.1119281046875 0.6674121734375 0.10273692812499999
2 0.73277165 0.415236928125 0.7307291671875 0.4295343140625 0.7358353765625 0.43055555625 0.7450265515625001 0.4193218953125 0.7450265515625001 0.40706699375 0.7337928921875 0.39379084999999997 0.7235804734375 0.39379084999999997 0.721537990625 0.3958333328125 0.7205167484375 0.398897059375 0.7266442 0.40298202656250004 0.73277165 0.415236928125
2 0.7051981203125 0.3529411765625 0.7103043296875 0.3478349671875 0.7092830875 0.3447712421875 0.69294321875 0.34068627500000004 0.6786458328125 0.332516340625 0.6725183828125 0.332516340625 0.671497140625 0.3396650328125 0.6888582515625 0.354983659375 0.7051981203125 0.3529411765625
0 0.258915440625 0.49489379062500005 0.2650428921875 0.51327614375 0.27729779374999997 0.531658496875 0.30078635625 0.5490196078125 0.31304125781250003 0.553104575 0.3232536765625 0.553104575 0.325296159375 0.5551470593750001 0.35593341562499997 0.553104575 0.38044321875 0.5408496734375 0.40393178125 0.515318628125 0.412101715625 0.4908088234375 0.412101715625 0.46017156875 0.40597426406250003 0.4458741828125 0.40597426406250003 0.43974673124999997 0.3998468140625 0.43157679687500006 0.395761846875 0.4213643796875 0.3896343953125 0.4172794125 0.3845281859375 0.41013071874999996 0.37227328437499996 0.40196078437500005 0.345720996875 0.391748365625 0.325296159375 0.391748365625 0.3232536765625 0.39379084999999997 0.3150837421875 0.39379084999999997 0.30282884062500004 0.3978758171875 0.2915951796875 0.40706699375 0.2905739375 0.41013071874999996 0.2844464875 0.41217320312499994 0.27117034375000004 0.42544934687499997 0.2650428921875 0.4356617640625 0.2650428921875 0.43974673124999997 0.258915440625 0.452001634375 0.258915440625 0.46425653593750005 0.25585171562500003 0.47344771249999995 0.2548304734375 0.48059640468750003 0.258915440625 0.48876634062499996 0.258915440625 0.49489379062500005
0 0.6888582515625 0.66952614375 0.701113153125 0.66952614375 0.7051981203125 0.667483659375 0.7123468140625 0.6603349671875 0.7164317812500001 0.6501225484375001 0.7123468140625 0.6358251640625 0.7072406046874999 0.6307189546874999 0.701113153125 0.6286764703125 0.6888582515625 0.6307189546874999 0.6776245921874999 0.63991013125 0.6766033499999999 0.64297385625 0.6755821078124999 0.65625 0.6847732843750001 0.667483659375 0.6888582515625 0.66952614375
0 0.729707925 0.5674019609375 0.7368566171875 0.5622957515625 0.740941584375 0.5561683000000001 0.740941584375 0.541870915625 0.7317504078125 0.5326797390625 0.7235804734375 0.5326797390625 0.7154105390625001 0.53676470625 0.7082618468749999 0.5439133984375 0.7072406046874999 0.5510620921875 0.7082618468749999 0.558210784375 0.7174530234375001 0.5674019609375 0.729707925 0.5674019609375
1 0.6602634796875 0.74918300625 0.674560865625 0.74918300625 0.6786458328125 0.7471405234375 0.68987949375 0.7338643796875 0.68987949375 0.71956699375 0.6827308000000001 0.7103758171875 0.6786458328125 0.7083333328125 0.66639093125 0.7083333328125 0.658220996875 0.7124183000000001 0.648008578125 0.7246732031249999 0.6469873359375 0.7338643796875 0.6490298203125 0.7399918296875 0.6602634796875 0.74918300625
1 0.7276654406249999 0.5265522875 0.737877859375 0.5265522875 0.7450265515625001 0.521446078125 0.7491115203125001 0.51327614375 0.7491115203125001 0.505106209375 0.7419628265625 0.49591503281250005 0.7174530234375001 0.5122549015625 0.7164317812500001 0.5194035953125 0.71949550625 0.5224673203125 0.7276654406249999 0.5265522875
1 0.6990706703125 0.43668300625 0.7072406046874999 0.44076797343749996 0.71949550625 0.44076797343749996 0.7235804734375 0.438725490625 0.73277165 0.4274918296875 0.7307291671875 0.40910947656249996 0.71949550625 0.3978758171875 0.7031556375 0.3978758171875 0.6909007359375 0.41217320312499994 0.68987949375 0.4234068625 0.6919219765625 0.4274918296875 0.6990706703125 0.43668300625
1 0.7337928921875 0.391748365625 0.7450265515625001 0.3825571890625 0.7450265515625001 0.36825980468749997 0.7358353765625 0.35702614375 0.7276654406249999 0.3631535953125 0.71336805625 0.3631535953125 0.711325571875 0.365196078125 0.7103043296875 0.37847222187499996 0.721537990625 0.391748365625 0.7337928921875 0.391748365625
1 0.751154003125 0.398897059375 0.751154003125 0.38664215625 0.7460477937500001 0.3794934640625 0.737877859375 0.3897058828125 0.7337928921875 0.391748365625 0.73277165 0.3927696078125 0.7440053109375 0.40400326875000003 0.751154003125 0.398897059375
1 0.7572814546875 0.4213643796875 0.7501327609375 0.41217320312499994 0.7460477937500001 0.41217320312499994 0.740941584375 0.42544934687499997 0.729707925 0.43259803906250005 0.729707925 0.438725490625 0.7358353765625 0.438725490625 0.7572814546875 0.4213643796875
1 0.6214562906250001 0.4203431375 0.6337111921874999 0.4264705875 0.6541360296875001 0.4244281046875 0.6643484484375 0.41830065312500003 0.66945465625 0.41319444375 0.6755821078124999 0.396854575 0.6735396234375 0.38051470625 0.66945465625 0.37234477187500004 0.658220996875 0.3611111109375 0.6439236109375 0.354983659375 0.6275837421875 0.35702614375 0.6173713234375 0.3631535953125 0.608180146875 0.3743872546875 0.605116421875 0.385620915625 0.6061376640625 0.40093954218750005 0.6122651140625 0.41115196093749995 0.6214562906250001 0.4203431375
1 0.658220996875 0.3611111109375 0.66945465625 0.37234477187500004 0.6735396234375 0.38051470625 0.6735396234375 0.3907271234375 0.6755821078124999 0.3927696078125 0.6735396234375 0.398897059375 0.6766033499999999 0.40196078437500005 0.68681576875 0.3958333328125 0.6919219765625 0.388684640625 0.6960069437499999 0.3764297390625 0.6919219765625 0.3580473859375 0.6827308000000001 0.348856209375 0.6725183828125 0.3427287578125 0.66639093125 0.3427287578125 0.658220996875 0.348856209375 0.648008578125 0.3529411765625 0.648008578125 0.35702614375 0.6520935453125001 0.35702614375 0.658220996875 0.3611111109375
1 0.6194138078125 0.34681372499999996 0.6255412578125 0.348856209375 0.629626225 0.3529411765625 0.641881128125 0.354983659375 0.6439236109375 0.3529411765625 0.6500510625 0.3529411765625 0.658220996875 0.348856209375 0.66945465625 0.335580065625 0.668433415625 0.328431371875 0.658220996875 0.3263888890625 0.6520935453125001 0.322303921875 0.6337111921874999 0.3182189546875 0.6275837421875 0.3141339875 0.6153288406249999 0.312091503125 0.6132863562499999 0.31004902031250003 0.6071589046875 0.31004902031250003 0.605116421875 0.312091503125 0.6040951796875 0.3233251640625 0.61022263125 0.3376225484375 0.6194138078125 0.34681372499999996
1 0.594904003125 0.179330065625 0.6010314546875 0.1813725484375 0.6194138078125 0.1813725484375 0.6275837421875 0.17728758125 0.6388174015625 0.1640114375 0.6388174015625 0.1497140515625 0.634732434375 0.14154411718749998 0.6234987750000001 0.1303104578125 0.611243871875 0.12418300625 0.5969464875 0.12418300625 0.58673406875 0.12826797343750002 0.5795853765625 0.1354166671875 0.57652165 0.14256535937499998 0.5755004078125 0.1599264703125 0.5795853765625 0.1680964046875 0.594904003125 0.179330065625
0 0.5724366828125 0.12009803906250001 0.58673406875 0.126225490625 0.6132863562499999 0.1221405234375 0.6224775328125001 0.11499182968749999 0.624520015625 0.1109068625 0.624520015625 0.0986519609375 0.6204350484375001 0.0904820265625 0.611243871875 0.08129085 0.5969464875 0.0751633984375 0.584691584375 0.0751633984375 0.5744791671875 0.079248365625 0.5642667484375 0.09150326875 0.56324550625 0.1088643796875 0.565287990625 0.112949346875 0.5724366828125 0.12009803906250001
0 0.634732434375 0.14154411718749998 0.6388174015625 0.1497140515625 0.6388174015625 0.1599264703125 0.641881128125 0.1609477125 0.6490298203125 0.15379902031249998 0.6510723046875 0.14767156875 0.6449448531249999 0.129289215625 0.637796159375 0.1221405234375 0.6275837421875 0.11805555625 0.6194138078125 0.11805555625 0.6132863562499999 0.1221405234375 0.6132863562499999 0.126225490625 0.6214562906250001 0.12826797343750002 0.634732434375 0.14154411718749998
1 0.6234987750000001 0.0669934640625 0.6337111921874999 0.0669934640625 0.6459660953124999 0.073120915625 0.6500510625 0.073120915625 0.6531147875000001 0.0700571890625 0.6531147875000001 0.059844771875 0.641881128125 0.0486111109375 0.6357536765625 0.046568628125 0.6194138078125 0.046568628125 0.61022263125 0.053717320312500004 0.6092013890625 0.0588235296875 0.608180146875 0.0639297390625 0.611243871875 0.07107843124999999 0.6234987750000001 0.0669934640625
1 0.629626225 0.08537581718750001 0.6439236109375 0.1017156859375 0.6510723046875 0.10069444375 0.6551572718750001 0.092524509375 0.6551572718750001 0.084354575 0.648008578125 0.073120915625 0.6337111921874999 0.0669934640625 0.6234987750000001 0.0669934640625 0.6173713234375 0.06903594843750001 0.611243871875 0.0751633984375 0.611243871875 0.08129085 0.6214562906250001 0.08129085 0.629626225 0.08537581718750001
1 0.6541360296875001 0.12826797343750002 0.658220996875 0.132352940625 0.661284721875 0.1313317 0.66332720625 0.12724673125 0.66332720625 0.1170343140625 0.6520935453125001 0.10375817031250001 0.6459660953124999 0.10375817031250001 0.64290236875 0.1068218953125 0.64290236875 0.11499182968749999 0.63983864375 0.11805555625 0.6388174015625 0.12111928125 0.641881128125 0.12418300625 0.6541360296875001 0.12826797343750002
1 0.6674121734375 0.1517565359375 0.6704758984375 0.15277777812499999 0.679667075 0.145629084375 0.681709559375 0.14154411718749998 0.679667075 0.129289215625 0.674560865625 0.1221405234375 0.668433415625 0.11805555625 0.6643484484375 0.11805555625 0.6623059640625 0.1303104578125 0.661284721875 0.13745915 0.6653696890624999 0.14154411718749998 0.6674121734375 0.1517565359375
0 0.66639093125 0.1752450984375 0.6755821078124999 0.18443627499999998 0.6786458328125 0.1915849671875 0.6888582515625 0.1875 0.6939644609375 0.1803513078125 0.6939644609375 0.17013888906250002 0.68987949375 0.1619689546875 0.6806883171875 0.1548202609375 0.668433415625 0.15277777812499999 0.6561785125 0.1670751640625 0.6551572718750001 0.1680964046875 0.6602634796875 0.17320261406249998 0.66639093125 0.1752450984375
1 0.6827308000000001 0.2446895421875 0.694985703125 0.248774509375 0.7041768796875 0.2416258171875 0.7062193625 0.22937091562499998 0.7041768796875 0.2232434640625 0.694985703125 0.2120098046875 0.68681576875 0.20792483593750002 0.6786458328125 0.20792483593750002 0.671497140625 0.21507352968750001 0.671497140625 0.22732843125 0.66639093125 0.23651960781249998 0.6674121734375 0.2416258171875 0.6704758984375 0.2446895421875 0.6827308000000001 0.2446895421875
1 0.711325571875 0.2610294125 0.7143892968750001 0.2579656859375 0.7164317812500001 0.245710784375 0.7143892968750001 0.23958333281250002 0.7072406046874999 0.23243464062500002 0.7041768796875 0.23958333281250002 0.6970281859375 0.2467320265625 0.6960069437499999 0.2497957515625 0.7072406046874999 0.2610294125 0.711325571875 0.2610294125
0 0.7062193625 0.23141339843750003 0.7123468140625 0.23549836562499998 0.7154105390625001 0.24060457500000001 0.7184742640625 0.23549836562499998 0.7184742640625 0.22937091562499998 0.7143892968750001 0.2212009796875 0.7072406046874999 0.2140522875 0.6970281859375 0.2120098046875 0.6960069437499999 0.2130310453125 0.7041768796875 0.2232434640625 0.7062193625 0.23141339843750003
0 0.7123468140625 0.282475490625 0.7174530234375001 0.28349673124999997 0.7266442 0.2763480390625 0.7286866828125 0.2681781046875 0.7266442 0.26205065312500003 0.71949550625 0.25285947656249996 0.7154105390625001 0.25285947656249996 0.7143892968750001 0.2579656859375 0.7092830875 0.2610294125 0.7082618468749999 0.2661356203125 0.7123468140625 0.27430555624999997 0.7123468140625 0.282475490625
0 0.7276654406249999 0.3631535953125 0.7368566171875 0.35600490156250003 0.7337928921875 0.3529411765625 0.7154105390625001 0.34681372499999996 0.711325571875 0.34681372499999996 0.7051981203125 0.3529411765625 0.7041768796875 0.35396241875 0.71336805625 0.3631535953125 0.7276654406249999 0.3631535953125