2 0.671875 0.4015625 0.0515625 0.053125
2 0.4875 0.3984375 0.046875 0.0453125
2 0.278125 0.3859375 0.0515625 0.0453125
1 0.2921875 0.4359375 0.0515625 0.04375
2 0.084375 0.375 0.0578125 0.0484375
1 0.0734375 0.4265625 0.059375 0.046875
1 0.484375 0.44375 0.05 0.0484375
2 0.6828125 0.45 0.046875 0.0453125
1 0.6421568625 0.4861482296875 0.6401143796875 0.49227568125000004 0.6421568625 0.5045305828125 0.657475490625 0.5178067265624999 0.673815359375 0.5178067265624999 0.68198529375 0.513721759375 0.6891339875 0.5065730671875001 0.6911764703125 0.5024881 0.6911764703125 0.4881907140625 0.6809640515625001 0.4861482296875 0.6860702609375 0.48512698906249996 0.687091503125 0.4800207796875 0.6779003265625 0.470829603125 0.6717728765625 0.46878711875 0.65849673125 0.4698083609375 0.6533905234375 0.470829603125 0.6482843140625 0.47593581250000006 0.6482843140625 0.4820632625 0.6544117640625 0.48410574687499996 0.6421568625 0.4861482296875
2 0.2540849671875 0.470720996875 0.2459150328125 0.4727634796875 0.2438725484375 0.47684844843749996 0.2438725484375 0.48910335 0.247957515625 0.497273284375 0.255106209375 0.5044219765625 0.2694035953125 0.5064644609375 0.271446078125 0.5085069437499999 0.281658496875 0.5064644609375 0.2969771234375 0.49318831718749995 0.2990196078125 0.48910335 0.2990196078125 0.47684844843749996 0.294934640625 0.4727634796875 0.294934640625 0.46867851250000003 0.2857434640625 0.45948733593749996 0.2796160125 0.457444853125 0.2642973859375 0.4584660953125 0.261233659375 0.46152982031249995 0.255106209375 0.46152982031249995 0.247957515625 0.46867851250000003 0.2540849671875 0.470720996875
3 0.8546875 0.4390625 0.090625 0.13125
3 0.6703125 0.4328125 0.08125 0.13125
3 0.4859375 0.4234375 0.078125 0.1421875
3 0.2796875 0.415625 0.0890625 0.146875
3 0.0796875 0.4078125 0.1015625 0.1421875