2 0.46705271562500006 0.6102236421875 0.48302715625000003 0.6162140578125 0.499001596875 0.6162140578125 0.51697284375 0.6082268375 0.5259584671875001 0.5992412140625001 0.5319488812500001 0.5872603828125 0.5319488812500001 0.5692891375 0.527955271875 0.55730830625 0.5149760390625 0.54233226875 0.49700479218750004 0.5343450484375001 0.4860223640625 0.5353434499999999 0.47903354687500005 0.5363418531249999 0.46705271562500006 0.54233226875 0.45607028749999995 0.553314696875 0.450079871875 0.5652955265624999 0.450079871875 0.585263578125 0.45607028749999995 0.5992412140625001 0.46705271562500006 0.6102236421875
2 0.6218051124999999 0.673123003125 0.61980830625 0.6671325875 0.61481629375 0.662140575 0.6028354625000001 0.656150159375 0.593849840625 0.6571485625 0.57587859375 0.6711261984375 0.5738817890625 0.6751198078125 0.5738817890625 0.6930910546875 0.5778754 0.6990814703125 0.5848642171875 0.7040734828125 0.6008386578125 0.7060702875 0.610822684375 0.7020766765625 0.61980830625 0.695087859375 0.6218051124999999 0.6890974437499999 0.6218051124999999 0.673123003125
2 0.5788738015625 0.6261980828125 0.57088658125 0.6202076671875 0.5579073484375 0.6212060703125 0.5459265171875 0.6311900953125 0.5419329078125 0.64516773125 0.5459265171875 0.6571485625 0.5529153359375 0.6641373796875001 0.5628993609374999 0.6701277953125 0.5728833859375 0.6721246 0.586861021875 0.6641373796875001 0.59984025625 0.6531549515624999 0.5978434499999999 0.6371805109374999 0.5928514375 0.63019169375 0.5788738015625 0.6261980828125
2 0.6567492015624999 0.6661341859375 0.665734825 0.6591453671874999 0.669728434375 0.6511581468750001 0.6677316296875 0.63518370625 0.65874600625 0.6261980828125 0.652755590625 0.6242012781249999 0.6417731625 0.62519968125 0.6417731625 0.629193290625 0.6497603828125 0.64516773125 0.65375399375 0.6651357828125 0.6567492015624999 0.6661341859375
2 0.6058306703125 0.639177315625 0.59984025625 0.6431709265625 0.59984025625 0.6531549515624999 0.6168130984375 0.6641373796875001 0.6178115015625 0.6471645374999999 0.610822684375 0.6381789140625 0.6058306703125 0.639177315625
2 0.855431309375 0.4894169328125 0.8634185296875 0.5053913734375 0.8704073484375 0.5123801921875 0.8763977640625 0.514376996875 0.884384984375 0.514376996875 0.8963658140625 0.50838658125 0.9033546328125001 0.49940095781249993 0.9093450484375 0.48342651718749996 0.9093450484375 0.4734424921875 0.906349840625 0.47044728437499994 0.9053514375 0.4714456875 0.8983626203125 0.4784345046875 0.8823881796874999 0.4844249203125 0.872404153125 0.482428115625 0.862420128125 0.4744408953125 0.8584265171875 0.4744408953125 0.855431309375 0.48142971250000005 0.855431309375 0.4894169328125
2 0.303314696875 0.6481629390625 0.29532747656249997 0.6441693296875 0.2783546328125 0.64516773125 0.2723642171875 0.6491613421875 0.2723642171875 0.6591453671874999 0.2663738015625 0.6711261984375 0.2703674125 0.67911341875 0.27935303437500003 0.6880990421875001 0.28534345 0.690095846875 0.2993210859375 0.690095846875 0.3103035140625 0.67911341875 0.31230031875 0.673123003125 0.3103035140625 0.6571485625 0.303314696875 0.6481629390625
2 0.22643770000000002 0.6112220453125 0.2224440890625 0.6012380187499999 0.20946485625000003 0.590255590625 0.20347444062500003 0.5882587859374999 0.188498403125 0.5892571890625 0.176517571875 0.5992412140625001 0.1725239609375 0.607228434375 0.1725239609375 0.62519968125 0.181509584375 0.6421725234375 0.1914936109375 0.6481629390625 0.2054712453125 0.65015974375 0.2174520765625 0.6441693296875 0.22444089531250003 0.6371805109374999 0.22643770000000002 0.6311900953125 0.22643770000000002 0.6112220453125
2 0.1355830671875 0.6162140578125 0.14157348281249998 0.6182108625 0.1575479234375 0.6182108625 0.16553514375 0.614217253125 0.166533546875 0.6112220453125 0.1725239609375 0.607228434375 0.1785143765625 0.5932507984375001 0.1785143765625 0.5792731625 0.1675319484375 0.558306709375 0.15555111875 0.5503194890625001 0.14856229999999998 0.551317890625 0.137579871875 0.5662939296875 0.1255990421875 0.5722843453124999 0.1196086265625 0.5722843453124999 0.11661341875 0.575279553125 0.11661341875 0.5872603828125 0.12060702812499999 0.5992412140625001 0.1355830671875 0.6162140578125
2 0.122603834375 0.6271964859375 0.1196086265625 0.6242012781249999 0.11461661406250001 0.62519968125 0.1126198078125 0.63518370625 0.12060702812499999 0.6511581468750001 0.1255990421875 0.656150159375 0.1335862625 0.6601437703124999 0.1395766765625 0.6601437703124999 0.1455670921875 0.6581469656250001 0.1525559109375 0.6511581468750001 0.1515575078125 0.6481629390625 0.1355830671875 0.646166134375 0.1246006390625 0.63518370625 0.122603834375 0.6271964859375
2 0.07767571875 0.6261980828125 0.07667731562499999 0.629193290625 0.0806709265625 0.6371805109374999 0.08765974374999999 0.6441693296875 0.0976437703125 0.646166134375 0.1036341859375 0.6441693296875 0.1126198078125 0.6331869015625 0.11162140625000001 0.6242012781249999 0.1076277953125 0.6222044734375001 0.100638978125 0.6232028749999999 0.093650159375 0.6281948875000001 0.07767571875 0.6261980828125
1 0.1685303515625 0.6311900953125 0.1685303515625 0.6152156546875001 0.1625399359375 0.6152156546875001 0.1575479234375 0.6182108625 0.1335862625 0.6162140578125 0.1295926515625 0.6202076671875 0.1236022359375 0.6222044734375001 0.12060702812499999 0.6271964859375 0.1285942484375 0.641174121875 0.1355830671875 0.646166134375 0.1395766765625 0.6481629390625 0.1535543125 0.6481629390625 0.164536740625 0.639177315625 0.1685303515625 0.6311900953125
1 0.0846645375 0.597244409375 0.0796725234375 0.6002396171875 0.0656948875 0.6002396171875 0.0646964859375 0.607228434375 0.066693290625 0.61321885 0.0796725234375 0.6261980828125 0.0916533546875 0.6281948875000001 0.0976437703125 0.6261980828125 0.100638978125 0.6232028749999999 0.100638978125 0.619209265625 0.0946485625 0.61321885 0.088658146875 0.597244409375 0.0846645375 0.597244409375
1 0.0796725234375 0.6002396171875 0.083666134375 0.5982428109375 0.0946485625 0.585263578125 0.0966453671875 0.5792731625 0.0966453671875 0.5652955265624999 0.0866613421875 0.553314696875 0.078674121875 0.5333466453125 0.0756789140625 0.5303514375 0.0686900953125 0.5293530343749999 0.0577076671875 0.5343450484375001 0.05071885 0.541333865625 0.044728434375 0.5553115015625 0.044728434375 0.5692891375 0.05071885 0.5872603828125 0.0597044734375 0.59624600625 0.0656948875 0.6002396171875 0.0796725234375 0.6002396171875
1 0.1295926515625 0.5403354625000001 0.11861022343750001 0.5273562296875001 0.110623003125 0.5073881796874999 0.110623003125 0.4854233234375 0.1046325875 0.4854233234375 0.0926517578125 0.49341054375000004 0.0806709265625 0.5153754 0.0806709265625 0.5393370609375 0.0866613421875 0.553314696875 0.095646965625 0.5642971250000001 0.1096246 0.5722843453124999 0.1236022359375 0.5722843453124999 0.1395766765625 0.5642971250000001 0.14856229999999998 0.551317890625 0.1295926515625 0.5403354625000001
1 0.1335862625 0.54233226875 0.1395766765625 0.546325878125 0.1575479234375 0.5503194890625001 0.159544728125 0.548322684375 0.171525559375 0.546325878125 0.181509584375 0.5383386578125 0.1944888171875 0.5233626203124999 0.20047923281250002 0.5073881796874999 0.20047923281250002 0.48342651718749996 0.1924920125 0.46545527187499997 0.17951277968749998 0.4504792328125 0.16553514375 0.4444888171875 0.14856229999999998 0.44548722031250004 0.1295926515625 0.45447284374999997 0.12060702812499999 0.46345846718750006 0.110623003125 0.4854233234375 0.110623003125 0.5073881796874999 0.11661341875 0.5233626203124999 0.1335862625 0.54233226875
1 0.018769968749999998 0.497404153125 0.0267571890625 0.5153754 0.037739617187500005 0.526357828125 0.0457268375 0.5303514375 0.061701278125 0.5303514375 0.0696884984375 0.526357828125 0.0806709265625 0.5153754 0.088658146875 0.49940095781249993 0.088658146875 0.49341054375000004 0.0906549515625 0.4914137375 0.0906549515625 0.46944888125000006 0.08266773125 0.44948083125 0.071685303125 0.438498403125 0.0636980828125 0.43450479218750004 0.0467252390625 0.4355031953125 0.037739617187500005 0.438498403125 0.0267571890625 0.44948083125 0.0207667734375 0.4614616609375 0.018769968749999998 0.4674520765625 0.018769968749999998 0.497404153125
1 0.4171325875 0.5822683703125 0.4051517578125 0.5882587859374999 0.3991613421875 0.5882587859374999 0.3971645375 0.590255590625 0.373202875 0.590255590625 0.3712060703125 0.5882587859374999 0.3652156546875 0.5882587859374999 0.364217253125 0.5992412140625001 0.37220447343749996 0.619209265625 0.379193290625 0.6261980828125 0.38518370625 0.6281948875000001 0.389177315625 0.6321884984375 0.39516773125000004 0.6321884984375 0.3971645375 0.634185303125 0.41912939375 0.6321884984375 0.43111022343750005 0.6242012781249999 0.4420926515625 0.607228434375 0.4420926515625 0.59125399375 0.440095846875 0.5892571890625 0.440095846875 0.5832667734375 0.43410543125 0.573282746875 0.43111022343750005 0.570287540625 0.428115015625 0.5712859421875 0.4171325875 0.5822683703125
1 0.35922523906250003 0.502396165625 0.3482428109375 0.51337859375 0.340255590625 0.5273562296875001 0.33825878593750003 0.5333466453125 0.33825878593750003 0.553314696875 0.34225239687500003 0.5593051124999999 0.34225239687500003 0.5632987218750001 0.3482428109375 0.573282746875 0.367212459375 0.5882587859374999 0.373202875 0.590255590625 0.3971645375 0.590255590625 0.3991613421875 0.5882587859374999 0.411142171875 0.5862619812500001 0.428115015625 0.5712859421875 0.43210862656250004 0.5632987218750001 0.43210862656250004 0.55730830625 0.43410543125 0.5553115015625 0.43410543125 0.5353434499999999 0.43210862656250004 0.5293530343749999 0.42212459999999996 0.5113817890625 0.4051517578125 0.49840255625 0.3971645375 0.49440894531249996 0.37220447343749996 0.4954073484375 0.35922523906250003 0.502396165625
1 0.4860223640625 0.6651357828125 0.47803514375 0.6711261984375 0.47404153281249994 0.67911341875 0.47404153281249994 0.6890974437499999 0.4760383390625 0.6930910546875 0.48302715625000003 0.700079871875 0.4910143765625 0.7040734828125 0.5049920125 0.7020766765625 0.5139776359375 0.6910942484375 0.5139776359375 0.67911341875 0.509984025 0.6711261984375 0.499001596875 0.6641373796875001 0.4860223640625 0.6651357828125
1 0.2553913734375 0.6321884984375 0.2513977640625 0.63019169375 0.23642172499999997 0.6311900953125 0.22444089531250003 0.64516773125 0.22444089531250003 0.6511581468750001 0.2224440890625 0.6531549515624999 0.22444089531250003 0.663138978125 0.237420128125 0.678115015625 0.2414137375 0.6801118203125001 0.2573881796875 0.6801118203125001 0.2703674125 0.6651357828125 0.2703674125 0.6491613421875 0.264376996875 0.639177315625 0.2553913734375 0.6321884984375
1 0.1875 0.646166134375 0.1835063890625 0.6421725234375 0.1805111828125 0.6431709265625 0.1805111828125 0.6571485625 0.19548722031250002 0.67412140625 0.20946485625000003 0.6761182109375 0.220447284375 0.66912939375 0.22444089531250003 0.661142171875 0.2224440890625 0.6591453671874999 0.22144568750000002 0.6441693296875 0.2174520765625 0.6441693296875 0.20746805156249998 0.65015974375 0.197484025 0.65015974375 0.1875 0.646166134375
1 0.57088658125 0.67412140625 0.5628993609374999 0.6721246 0.554912140625 0.6641373796875001 0.549920128125 0.6651357828125 0.5479233234375 0.673123003125 0.5519169328125 0.683107028125 0.5628993609374999 0.6920926515625 0.5728833859375 0.6920926515625 0.5738817890625 0.6771166140625 0.57088658125 0.67412140625
1 0.5139776359375 0.6751198078125 0.5139776359375 0.6930910546875 0.5249600640625001 0.7020766765625 0.5349440890625 0.7020766765625 0.5459265171875 0.695087859375 0.549920128125 0.6871006390625001 0.549920128125 0.6771166140625 0.5389377 0.6641373796875001 0.5329472843749999 0.662140575 0.5259584671875001 0.663138978125 0.522963259375 0.6641373796875001 0.5139776359375 0.6751198078125
1 0.7196485625 0.595247603125 0.71265974375 0.5882587859374999 0.7046725234375 0.584265175 0.701677315625 0.585263578125 0.7116613421875 0.607228434375 0.7136581468750001 0.617212459375 0.718650159375 0.6242012781249999 0.723642171875 0.617212459375 0.723642171875 0.603234825 0.7196485625 0.595247603125
1 0.8394568687499999 0.5493210859375 0.8434504796875 0.5393370609375 0.8434504796875 0.5213658140625 0.8394568687499999 0.51337859375 0.8284744406250001 0.502396165625 0.822484025 0.5003993609374999 0.8095047921875 0.5013977640625 0.802515975 0.504392971875 0.791533546875 0.5173722046875 0.789536740625 0.5233626203124999 0.789536740625 0.5453274765625 0.7935303515625 0.553314696875 0.802515975 0.56230031875 0.8164936109375001 0.5662939296875 0.8324680515624999 0.558306709375 0.8394568687499999 0.5493210859375
1 0.894369009375 0.480431309375 0.9053514375 0.4714456875 0.9133386578125 0.4514776359375 0.9133386578125 0.4375 0.9113418531249999 0.4355031953125 0.9093450484375 0.421525559375 0.8963658140625 0.40455271562500006 0.8823881796874999 0.3985623 0.8714057515625001 0.399560703125 0.862420128125 0.4025559109375 0.8494408953124999 0.4195287546875 0.8474440890625001 0.42551916875 0.8474440890625001 0.44948083125 0.855431309375 0.4674520765625 0.8684105437499999 0.480431309375 0.8823881796874999 0.4844249203125 0.894369009375 0.480431309375
0 0.7585862624999999 0.59624600625 0.7725638984375001 0.5882587859374999 0.7815495203125 0.5772763578125 0.7835463265625 0.5712859421875 0.7835463265625 0.5553115015625 0.7815495203125 0.5493210859375 0.7725638984375001 0.5383386578125 0.7585862624999999 0.5323482421875 0.7496006390625001 0.5333466453125 0.7446086265625 0.5343450484375001 0.73162939375 0.5493210859375 0.7276357828125 0.55730830625 0.7276357828125 0.575279553125 0.7296325875 0.58126996875 0.740615015625 0.592252396875 0.7505990421875001 0.59624600625 0.7585862624999999 0.59624600625
0 0.61481629375 0.56230031875 0.6287939296875 0.568290734375 0.6447683703125 0.568290734375 0.65874600625 0.56230031875 0.6717252390625 0.551317890625 0.681709265625 0.5293530343749999 0.681709265625 0.51337859375 0.67571885 0.497404153125 0.6627396171875 0.4844249203125 0.6507587859374999 0.4784345046875 0.6447683703125 0.4784345046875 0.642771565625 0.47643769999999996 0.635782746875 0.4774361015625 0.6168130984375 0.482428115625 0.603833865625 0.4914137375 0.593849840625 0.509384984375 0.593849840625 0.5333466453125 0.6018370609375 0.5493210859375 0.61481629375 0.56230031875
0 0.58087060625 0.6261980828125 0.586861021875 0.6281948875000001 0.6008386578125 0.6281948875000001 0.610822684375 0.6242012781249999 0.61980830625 0.617212459375 0.6257987218750001 0.6052316296875 0.6257987218750001 0.585263578125 0.61980830625 0.573282746875 0.6128194890625001 0.5662939296875 0.6008386578125 0.5603035140625 0.5838658140625 0.5613019171875 0.5698881796874999 0.5712859421875 0.5619009578124999 0.585263578125 0.5619009578124999 0.603234825 0.5638977640625 0.6052316296875 0.5638977640625 0.6112220453125 0.57088658125 0.6202076671875 0.58087060625 0.6261980828125
0 0.42212459999999996 0.6771166140625 0.41813099062500003 0.6711261984375 0.406150159375 0.661142171875 0.406150159375 0.6531549515624999 0.4101437703125 0.6471645374999999 0.4051517578125 0.6441693296875 0.396166134375 0.64516773125 0.3871805109375 0.65015974375 0.38019169375 0.6591453671874999 0.37819488749999997 0.663138978125 0.37819488749999997 0.6751198078125 0.384185303125 0.685103834375 0.391174121875 0.690095846875 0.40714856250000003 0.69408945625 0.42012779531250005 0.685103834375 0.42212459999999996 0.6771166140625
0 0.21845047968750003 0.5652955265624999 0.22843450468749998 0.585263578125 0.2414137375 0.59624600625 0.2494009578125 0.6002396171875 0.27136581406250004 0.6002396171875 0.2833466453125 0.5942492015624999 0.29432907343750003 0.5832667734375 0.3003194890625 0.5692891375 0.3003194890625 0.5453274765625 0.29233226874999996 0.5293530343749999 0.27935303437500003 0.5163738015625 0.26337859375 0.5103833859375 0.252396165625 0.5113817890625 0.24740415312500003 0.5123801921875 0.24341054374999999 0.5163738015625 0.23941693281249998 0.5163738015625 0.22444089531250003 0.531349840625 0.21845047968750003 0.54732428125 0.21845047968750003 0.5652955265624999
0 0.1246006390625 0.6052316296875 0.11861022343750001 0.595247603125 0.11661341875 0.573282746875 0.1016373796875 0.568290734375 0.09864217187499999 0.5692891375 0.0946485625 0.5872603828125 0.0906549515625 0.59125399375 0.0906549515625 0.6052316296875 0.0946485625 0.61321885 0.1016373796875 0.6202076671875 0.11162140625000001 0.6242012781249999 0.12160543125 0.6242012781249999 0.13158945625000001 0.6182108625 0.132587859375 0.61321885 0.1246006390625 0.6052316296875
0 0.3662140578125 0.21984824218750001 0.37220447343749996 0.2258386578125 0.37220447343749996 0.233825878125 0.37519968125 0.23482428125000002 0.3771964859375 0.23282747656249997 0.391174121875 0.2488019171875 0.4031549515625 0.2567891375 0.4211261984375 0.26477635781250003 0.42911341875 0.26477635781250003 0.4371006390625 0.26876996875 0.457068690625 0.26876996875 0.4590654953125 0.2707667734375 0.4750399359375 0.2707667734375 0.477036740625 0.26876996875 0.4930111828125 0.2667731625 0.5049920125 0.262779553125 0.5189696484375 0.2547923328125 0.5419329078125 0.233825878125 0.55591054375 0.21186102187500003 0.5529153359375 0.20886581406250002 0.3682108625 0.20986421718749998 0.3662140578125 0.21186102187500003 0.3662140578125 0.21984824218750001