2 0.5830696203125 0.11807753125 0.58504746875 0.11214398750000001 0.578125 0.10126582343749999 0.5642800640625001 0.0973101265625 0.5514240499999999 0.1042325953125 0.549446203125 0.10818829062499999 0.5504351265625 0.1131329109375 0.5563686703124999 0.121044303125 0.5662579109375 0.125 0.5741693031249999 0.125 0.5830696203125 0.11807753125
2 0.62361550625 0.1981803796875 0.633504746875 0.206091771875 0.6414161390625 0.206091771875 0.6483386078125 0.2011471515625 0.65031645625 0.1912579109375 0.6414161390625 0.1823575953125 0.6315268984375 0.1823575953125 0.6226265828125 0.1892800640625 0.62361550625 0.1981803796875
2 0.692840190625 0.395965190625 0.7007515828125 0.39200949375 0.705696203125 0.3831091765625 0.7037183546875 0.38113132968749996 0.7037183546875 0.3732199359375 0.692840190625 0.3643196203125 0.684928796875 0.3643196203125 0.6809731015625 0.36629746875 0.6740506328125 0.375197784375 0.67503955625 0.38607595 0.6829509500000001 0.3939873421875 0.692840190625 0.395965190625
2 0.6869066453125 0.4948575953125 0.673061709375 0.4948575953125 0.6602056968750001 0.505735759375 0.6582278484375 0.5116693031249999 0.6592167718749999 0.5245253171875001 0.6602056968750001 0.5274920890625 0.6710838609375 0.5363924046874999 0.6770174046874999 0.5363924046874999 0.678995253125 0.538370253125 0.6869066453125 0.5363924046874999 0.6908623421875 0.53441455625 0.6997626578125 0.5235363921875 0.6997626578125 0.50969145625 0.6908623421875 0.49683544375000005 0.6869066453125 0.4948575953125
2 0.68888449375 0.724287975 0.6898734171875 0.727254746875 0.6967958859375 0.7321993671875 0.7126186703124999 0.7321993671875 0.7215189875 0.721321203125 0.7215189875 0.7094541140625 0.71459651875 0.7025316453125 0.7126186703124999 0.70450949375 0.708662975 0.700553796875 0.7027294296875 0.700553796875 0.6898734171875 0.7114319625000001 0.6878955703125 0.71736550625 0.68888449375 0.724287975
2 0.7314082281250001 0.7549446203125 0.7294303796875 0.74307753125 0.7225079109375 0.7381329109375 0.7165743671875 0.7381329109375 0.708662975 0.7420886078125 0.7037183546875 0.7509889234375 0.704707278125 0.759889240625 0.7126186703124999 0.765822784375 0.718552215625 0.765822784375 0.7264636078125 0.7618670890625 0.7314082281250001 0.7549446203125
2 0.7066851265625 0.35245253125 0.6967958859375 0.35245253125 0.6898734171875 0.359375 0.6908623421875 0.3643196203125 0.6967958859375 0.36629746875 0.704707278125 0.376186709375 0.7106408234375 0.376186709375 0.71558544375 0.369264240625 0.7136075953125001 0.359375 0.7066851265625 0.35245253125
2 0.691851265625 0.298061709375 0.6958069625000001 0.2960838609375 0.6869066453125 0.28520569687499997 0.6770174046874999 0.28322784843750004 0.673061709375 0.28520569687499997 0.6681170890625 0.29212816406250003 0.6691060125 0.30102848125000004 0.67503955625 0.30696202499999997 0.6829509500000001 0.3089398734375 0.6869066453125 0.30696202499999997 0.691851265625 0.298061709375
2 0.6997626578125 0.30003955625 0.6948180374999999 0.2950949359375 0.691851265625 0.298061709375 0.691851265625 0.3020174046875 0.684928796875 0.3089398734375 0.678995253125 0.3089398734375 0.678995253125 0.310917721875 0.6869066453125 0.3148734171875 0.6948180374999999 0.3128955703125 0.6997626578125 0.30795095 0.6997626578125 0.30003955625
1 0.704707278125 0.3840981015625 0.70174050625 0.3910205703125 0.6908623421875 0.395965190625 0.6908623421875 0.39794303750000004 0.692840190625 0.40585442968749996 0.7066851265625 0.41178797500000003 0.71558544375 0.40486550625 0.717563290625 0.3910205703125 0.71459651875 0.38607595 0.704707278125 0.3840981015625
1 0.717563290625 0.400909809375 0.71558544375 0.40486550625 0.7076740499999999 0.41079904999999994 0.708662975 0.41178797500000003 0.7106408234375 0.4137658234375 0.7165743671875 0.4137658234375 0.7215189875 0.40882120312500003 0.7234968359375 0.400909809375 0.718552215625 0.39200949375 0.717563290625 0.400909809375
1 0.713756815625 0.579318134375 0.719690359375 0.585251678125 0.7295796 0.585251678125 0.73650206875 0.5803070578125 0.7384799156249999 0.5684399703125 0.7315574484375 0.5575618046875 0.719690359375 0.5575618046875 0.712767890625 0.5644842734375 0.713756815625 0.579318134375
1 0.7215189875 0.7094541140625 0.7215189875 0.7193433546875 0.71558544375 0.7292325953125001 0.7165743671875 0.734177215625 0.72844145625 0.734177215625 0.7353639234375 0.727254746875 0.7373417718749999 0.7153876578125 0.734375 0.7104430374999999 0.7304193031249999 0.708465190625 0.7215189875 0.7094541140625
1 0.7304193031249999 0.734177215625 0.724485759375 0.734177215625 0.7205300640625001 0.7361550640625001 0.7205300640625001 0.7381329109375 0.72745253125 0.7410996828124999 0.7314082281250001 0.7470332281250001 0.7323971515625 0.7539556968750001 0.7373417718749999 0.7450553796875 0.7353639234375 0.7391218359375 0.7304193031249999 0.734177215625