2 0.31189710625 0.654139871875 0.31893086875 0.647106109375 0.337017684375 0.63504823125 0.3490755625 0.6310289390625 0.3571141484375 0.6310289390625 0.3621382640625 0.6260048234375 0.3621382640625 0.6038987140625001 0.3520900328125 0.5797829578125 0.344051446875 0.5697347265625 0.3309887453125 0.558681671875 0.306872990625 0.548633440625 0.28476688125 0.548633440625 0.26467041875 0.556672025 0.24356913125 0.5797829578125 0.23553054687500002 0.6038987140625001 0.2395498390625 0.6320337625 0.24959807031249998 0.652130225 0.2686897109375 0.671221865625 0.2807475890625 0.677250803125 0.292805465625 0.681270096875 0.2958199359375 0.6802652734375 0.31189710625 0.654139871875
2 0.605305465625 0.380827975 0.605305465625 0.368770096875 0.6073151125 0.36676045 0.605305465625 0.364750803125 0.605305465625 0.35671221875 0.5992765265625 0.344654340625 0.5862138265625 0.3336012859375 0.5761655953125 0.32958199375 0.5540594859375 0.32958199375 0.5420016078125001 0.3356109328125 0.52893890625 0.3486736328125 0.5249196140625 0.3607315109375 0.5249196140625 0.37680868125 0.530948553125 0.39087620625 0.5440112546875 0.40393890624999995 0.5520498390624999 0.40795820000000005 0.57717041875 0.40695337656249997 0.5882234734375 0.40192926093750003 0.6032958203125001 0.3848472671875 0.605305465625 0.380827975
2 1 0.387158359375 0.9971864953124999 0.380827975 0.98412379375 0.371784565625 0.9780948546875001 0.371784565625 0.9650321546875 0.3828376203125 0.9630225078124999 0.388866559375 0.9630225078124999 0.402934084375 0.9690514468750001 0.4170016078125 0.9801045015625001 0.4280546625 0.98412379375 0.43006430937499995 0.9911575562499999 0.4290594859375 1 0.42198553125 1 0.387158359375
2 0.95699356875 0.368770096875 0.9610128625 0.3607315109375 0.9610128625 0.3506832796875 0.9549839234374999 0.33661575625 0.9419212218749999 0.3255627015625 0.9318729906250001 0.327572346875 0.92282958125 0.3386254015625 0.92282958125 0.3526929265625 0.9379019296875001 0.3536977484375 0.9439308687500001 0.3577170421875 0.9539791 0.3697749203125 0.95699356875 0.368770096875
2 0.8856511250000001 0.339630225 0.8967041796874999 0.3526929265625 0.9007234734375 0.3627411578125 0.9007234734375 0.368770096875 0.9067524109375 0.368770096875 0.9107717046875001 0.3627411578125 0.9107717046875001 0.3466639875 0.9067524109375 0.334606109375 0.8936897109374999 0.3235530546875 0.8796221859375001 0.3235530546875 0.87560289375 0.3255627015625 0.8705787781250001 0.3325964625 0.8735932468750001 0.3356109328125 0.8856511250000001 0.339630225
2 0.67162379375 0.280345659375 0.681672025 0.2723070734375 0.683681671875 0.266278134375 0.681672025 0.2542202578125 0.6726286171875 0.2451768484375 0.6625803859375 0.24115755625 0.6505225078125 0.2451768484375 0.6434887453125 0.2522106109375 0.6454983921874999 0.270297428125 0.6545418 0.2793408359375 0.6605707390625 0.2813504828125 0.67162379375 0.280345659375
2 0.578175240625 0.26125401875 0.5862138265625 0.263263665625 0.592242765625 0.2672829578125 0.5942524109375 0.2713022515625 0.59726688125 0.270297428125 0.6012861734375 0.260249196875 0.6012861734375 0.2522106109375 0.5942524109375 0.243167203125 0.5842041796874999 0.23914790937500002 0.5761655953125 0.23914790937500002 0.56310289375 0.24819131875 0.5661173640625 0.253215434375 0.5721463015625 0.2552250796875 0.578175240625 0.26125401875
2 0.560088425 0.263263665625 0.575160771875 0.260249196875 0.57013665625 0.253215434375 0.5641077171875 0.253215434375 0.5620980703125 0.2512057875 0.5500401921875 0.253215434375 0.5460209 0.2552250796875 0.5369774921875 0.266278134375 0.5349678453125 0.2723070734375 0.5369774921875 0.280345659375 0.5389871375 0.2843649515625 0.5460209 0.2913987140625 0.5470257234375 0.290393890625 0.5490353703124999 0.28838424375 0.5470257234375 0.2823553046875 0.5490353703124999 0.280345659375 0.5490353703124999 0.2743167203125 0.560088425 0.263263665625
2 0.078778134375 0.43709807031250003 0.0868167203125 0.4290594859375 0.0888263671875 0.4149919609375 0.0868167203125 0.412982315625 0.0868167203125 0.40695337656249997 0.0797829578125 0.3999196140625 0.07375401875000001 0.3999196140625 0.0697347265625 0.40192926093750003 0.0627009640625 0.41097266875000005 0.06069131875 0.4270498390625 0.0697347265625 0.43810289375 0.078778134375 0.43709807031250003
1 0.11495176874999999 0.41097266875000005 0.1209807078125 0.40494372968750003 0.122990353125 0.398914790625 0.122990353125 0.3828376203125 0.11796623749999999 0.3758038578125 0.1119372984375 0.3737942125 0.10188906718749999 0.3778135046875 0.0968649515625 0.3848472671875 0.0948553046875 0.402934084375 0.0968649515625 0.40695337656249997 0.1038987140625 0.4119774921875 0.11495176874999999 0.41097266875000005
1 0.2817524109375 0.324557878125 0.2907958203125 0.331591640625 0.3058681671875 0.3305868171875 0.3159163984375 0.32254823125 0.319935690625 0.314509646875 0.319935690625 0.3044614140625 0.3179260453125 0.300442121875 0.3088826359375 0.293408359375 0.2948151125 0.293408359375 0.2837620578125 0.300442121875 0.279742765625 0.3084807078125 0.279742765625 0.3205385859375 0.2817524109375 0.324557878125
1 0.20639067500000002 0.5667202578125 0.22246784531250002 0.5747588421875001 0.2415594859375 0.57375401875 0.24658360156249998 0.572749196875 0.260651125 0.558681671875 0.2717041796875 0.551647909375 0.2717041796875 0.5456189703125001 0.2757234734375 0.5375803859375 0.2757234734375 0.5275321546875 0.27773311875 0.5255225078125 0.2757234734375 0.521503215625 0.2757234734375 0.507435690625 0.2717041796875 0.501406753125 0.2717041796875 0.49738745937499995 0.248593246875 0.4762861734375 0.23854501562500002 0.47226688125000005 0.22246784531250002 0.47226688125000005 0.20639067500000002 0.480305465625 0.1953376203125 0.4933681671875 0.1872990359375 0.5094453375 0.1852893890625 0.5295418 0.1872990359375 0.531551446875 0.1872990359375 0.5395900328125001 0.1953376203125 0.555667203125 0.20639067500000002 0.5667202578125
1 0.1802652734375 0.7495980703125 0.2003617359375 0.7616559484375001 0.2104099671875 0.7616559484375001 0.2124196140625 0.7636655953125 0.22347266875 0.762660771875 0.2405546625 0.7596463015625 0.2616559484375 0.7445739546875 0.269694534375 0.7224678453125 0.269694534375 0.7124196140625 0.2717041796875 0.7104099671874999 0.269694534375 0.708400321875 0.2676848875 0.6883038578125 0.2636655953125 0.67624598125 0.255627009375 0.66217845625 0.23854501562500002 0.6450964625 0.2264871375 0.637057878125 0.20639067500000002 0.6290192921875 0.184284565625 0.6310289390625 0.164188103125 0.6430868171874999 0.1511254015625 0.6601688109375 0.147106109375 0.6722266875 0.147106109375 0.6883038578125 0.1450964625 0.6903135046875 0.147106109375 0.6923231515625 0.14911575625 0.708400321875 0.1591639875 0.728496784375 0.1802652734375 0.7495980703125
1 0.4465434078125 0.7586414796875001 0.456591640625 0.738545015625 0.456591640625 0.7023713828125 0.4465434078125 0.67624598125 0.425442121875 0.6511254015625 0.4174035375 0.6450964625 0.391278134375 0.6330385859375001 0.385249196875 0.6330385859375001 0.38323955 0.6310289390625 0.3530948546875 0.6310289390625 0.3309887453125 0.6390675234375001 0.3078778140625 0.6601688109375 0.2958199359375 0.684284565625 0.2958199359375 0.71643890625 0.3078778140625 0.7445739546875 0.3309887453125 0.7717041796874999 0.3450562703125 0.779742765625 0.3571141484375 0.7837620578125 0.4163987140625 0.782757234375 0.42745176875 0.77773311875 0.4465434078125 0.7586414796875001
1 0.3802250796875 0.6139469453124999 0.3802250796875 0.619975884375 0.385249196875 0.6290192921875 0.391278134375 0.6330385859375001 0.3973070734375 0.6330385859375001 0.4194131828125 0.6450964625 0.44151929218749997 0.6651929265625001 0.456591640625 0.664188103125 0.46764469531249997 0.6611736328125 0.4776929265625 0.6531350484375 0.483721865625 0.6531350484375 0.5028135046875 0.6380627015625 0.5048231515625 0.630024115625 0.5128617359375001 0.6179662375 0.5128617359375001 0.6139469453124999 0.518890675 0.60791800625 0.518890675 0.599879421875 0.520900321875 0.597869775 0.518890675 0.5797829578125 0.5128617359375001 0.5637057875 0.5028135046875 0.5496382640624999 0.48171221875 0.5325562703125 0.459606109375 0.524517684375 0.43348070781250003 0.524517684375 0.40735530468750003 0.534565915625 0.3902733125 0.5496382640624999 0.3802250796875 0.5677250796875 0.3762057875 0.5797829578125 0.3762057875 0.605908359375 0.3802250796875 0.6139469453124999
1 0.8615353703125 0.6611736328125 0.8786173640625 0.64208199375 0.8886655953125 0.6179662375 0.8886655953125 0.58782154375 0.8786173640625 0.5596864953125 0.8655546624999999 0.54662379375 0.84143890625 0.534565915625 0.8293810296874999 0.5325562703125 0.8273713828125 0.534565915625 0.8153135046875001 0.534565915625 0.7932073953125001 0.5446141484375 0.7761254015625 0.5616961421875 0.7660771703125 0.5817926046874999 0.7640675234375001 0.5938504828125 0.762057878125 0.595860128125 0.762057878125 0.6239951765625 0.772106109375 0.650120578125 0.7841639875 0.664188103125 0.7952170421875 0.6732315109375 0.799236334375 0.6752411578124999 0.8344051453124999 0.674236334375 0.8615353703125 0.6611736328125
1 0.8886655953125 0.597869775 0.890675240625 0.599879421875 0.8886655953125 0.6018890671875 0.890675240625 0.6038987140625001 0.890675240625 0.609927653125 0.8886655953125 0.6119372984375 0.890675240625 0.6159565921875 0.8936897109374999 0.6189710609375 0.9087620578125 0.6179662375 0.9157958203125001 0.6169614140624999 0.9298633437499999 0.6089228296875 0.9429260453125 0.5938504828125 0.9529742765625 0.5677250796875 0.9529742765625 0.5496382640624999 0.9509646296875 0.5476286171875 0.9509646296875 0.5355707390625 0.9409163984375001 0.5174839234374999 0.9298633437499999 0.50643086875 0.917805465625 0.5004019296875 0.9077572343750001 0.5004019296875 0.9057475890625 0.49839228281250003 0.9037379421875 0.5004019296875 0.88967041875 0.502411575 0.87560289375 0.5104501609375001 0.8625401921875 0.5275321546875 0.8585209 0.5355707390625 0.8585209 0.541599678125 0.8786173640625 0.5596864953125 0.8826366562500001 0.5677250796875 0.8886655953125 0.585811896875 0.8886655953125 0.597869775
1 0.9971864953124999 0.5054260453125 0.9971864953124999 0.49537781406250003 0.9931672031250001 0.48532958125 0.9780948546875001 0.46824758906249997 0.9700562703125 0.4642282953125 0.951969453125 0.4642282953125 0.9348874593750001 0.47930064375 0.9288585203125 0.4913585203125 0.9268488749999999 0.5034163984375 0.9409163984375001 0.5174839234374999 0.9509646296875 0.5355707390625 0.9529742765625 0.5616961421875 0.9650321546875 0.5616961421875 0.9801045015625001 0.556672025 0.9911575562499999 0.543609325 0.9971864953124999 0.531551446875 0.9991961421875001 0.507435690625 0.9971864953124999 0.5054260453125
1 0.989147909375 0.453175240625 0.9851286171875 0.4411173640625 0.981109325 0.43307877812499995 0.9680466234375 0.42202572343750006 0.962017684375 0.4200160765625 0.9459405140625 0.42202572343750006 0.9328778140624999 0.43307877812499995 0.9268488749999999 0.4471463015625 0.9268488749999999 0.46925241093750003 0.9308681671875 0.47930064375 0.9348874593750001 0.47930064375 0.951969453125 0.4642282953125 0.9700562703125 0.4642282953125 0.9780948546875001 0.46824758906249997 0.98412379375 0.47427652656249997 0.989147909375 0.47126205781249997 0.989147909375 0.453175240625
1 0.9539791 0.4200160765625 0.95699356875 0.4170016078125 0.95699356875 0.412982315625 0.948954984375 0.3928858515625 0.9419212218749999 0.38384244375 0.9298633437499999 0.3778135046875 0.917805465625 0.3778135046875 0.90976688125 0.381832796875 0.9047427656249999 0.388866559375 0.9047427656249999 0.3948954984375 0.9107717046875001 0.41097266875000005 0.9107717046875001 0.42504019218750005 0.9087620578125 0.4270498390625 0.9067524109375 0.43910771718749997 0.9137861734375001 0.448151125 0.921824759375 0.45217041875 0.924839228125 0.45116559531249995 0.9328778140624999 0.43307877812499995 0.9459405140625 0.42202572343750006 0.9539791 0.4200160765625
1 0.9087620578125 0.43307877812499995 0.9087620578125 0.4270498390625 0.9107717046875001 0.42504019218750005 0.9087620578125 0.402934084375 0.90273311875 0.388866559375 0.88967041875 0.3778135046875 0.8796221859375001 0.3737942125 0.8615353703125 0.3758038578125 0.8464630218750001 0.3868569125 0.8404340843749999 0.40092443749999995 0.8404340843749999 0.412982315625 0.8474678453125 0.42202572343750006 0.853496784375 0.42202572343750006 0.8655546624999999 0.4280546625 0.8786173640625 0.4411173640625 0.8836414796875 0.45217041875 0.890675240625 0.45116559531249995 0.897709003125 0.448151125 0.9047427656249999 0.4411173640625 0.9087620578125 0.43307877812499995
1 0.8494774921875001 0.341639871875 0.8394292609375 0.337620578125 0.8253617359375 0.337620578125 0.8153135046875001 0.3436495171875 0.8082797421875 0.3526929265625 0.8042604499999999 0.3627411578125 0.8042604499999999 0.37680868125 0.8102893890624999 0.39087620625 0.8213424437500001 0.40393890624999995 0.8293810296874999 0.40795820000000005 0.8384244375 0.40695337656249997 0.8464630218750001 0.3868569125 0.8575160765625001 0.3778135046875 0.8675643093750001 0.3737942125 0.8685691312499999 0.368770096875 0.8625401921875 0.354702571875 0.8494774921875001 0.341639871875
1 0.8967041796874999 0.3526929265625 0.8856511250000001 0.339630225 0.8735932468750001 0.3336012859375 0.8655546624999999 0.3336012859375 0.8524919609375001 0.3426446953125 0.8645498390625 0.35671221875 0.8695739546875 0.3737942125 0.8796221859375001 0.3737942125 0.8987138265624999 0.3828376203125 0.90273311875 0.368770096875 0.8967041796874999 0.3526929265625
1 0.90976688125 0.381832796875 0.917805465625 0.3778135046875 0.9298633437499999 0.3778135046875 0.9439308687500001 0.385852090625 0.948954984375 0.3948954984375 0.9539791 0.3999196140625 0.9549839234374999 0.398914790625 0.95699356875 0.3969051453125 0.9549839234374999 0.3727893890625 0.9439308687500001 0.3577170421875 0.9358922828124999 0.3536977484375 0.9238344046875 0.3536977484375 0.91278135 0.3627411578125 0.9087620578125 0.3727893890625 0.90976688125 0.381832796875
0 0.5530546625 0.2843649515625 0.5490353703124999 0.2863745984375 0.5470257234375 0.2924035375 0.5490353703124999 0.3064710609375 0.560088425 0.3215434078125 0.568127009375 0.3255627015625 0.58319935625 0.324557878125 0.592242765625 0.3215434078125 0.5992765265625 0.314509646875 0.6032958203125001 0.3064710609375 0.6032958203125001 0.290393890625 0.592242765625 0.27532154375 0.5801848875 0.2713022515625 0.560088425 0.27532154375 0.5530546625 0.2843649515625
0 0.8183279750000001 0.290393890625 0.8213424437500001 0.2893890671875 0.826366559375 0.2823553046875 0.826366559375 0.26828778125 0.8133038578124999 0.2572347265625 0.8012459812499999 0.2572347265625 0.79421221875 0.2642684890625 0.79421221875 0.2763263671875 0.796221865625 0.280345659375 0.802250803125 0.28838424375 0.8072749203124999 0.2913987140625 0.8183279750000001 0.290393890625
0 0.530948553125 0.256229903125 0.52893890625 0.2522106109375 0.5178858515625 0.243167203125 0.49979903593749997 0.2451768484375 0.4907556265625 0.256229903125 0.4907556265625 0.266278134375 0.50180868125 0.2793408359375 0.5078376203125 0.2813504828125 0.5168810296874999 0.280345659375 0.52893890625 0.270297428125 0.530948553125 0.256229903125
0 0.40132636718750003 0.2994372984375 0.40735530468750003 0.3014469453125 0.4143890671875 0.300442121875 0.42142282968749994 0.297427653125 0.4304662375 0.2863745984375 0.4304662375 0.2723070734375 0.4284565921875 0.26828778125 0.4194131828125 0.26125401875 0.405345659375 0.26125401875 0.3942926046875 0.26828778125 0.3902733125 0.2763263671875 0.3902733125 0.28838424375 0.40132636718750003 0.2994372984375
0 0.2094051453125 0.3486736328125 0.2204582 0.3557073953125 0.225482315625 0.354702571875 0.23050643124999998 0.3536977484375 0.2375401921875 0.3466639875 0.2415594859375 0.3386254015625 0.2415594859375 0.3265675234375 0.2395498390625 0.32254823125 0.23050643124999998 0.31551446875 0.218448553125 0.317524115625 0.2073954984375 0.3305868171875 0.2073954984375 0.344654340625 0.2094051453125 0.3486736328125
0 0.5048231515625 0.6481109328125 0.5028135046875 0.650120578125 0.5028135046875 0.6702170421875 0.5048231515625 0.6722266875 0.506832796875 0.684284565625 0.5168810296874999 0.7023713828125 0.537982315625 0.721463021875 0.5520498390624999 0.7295016078125001 0.5661173640625 0.7315112546875 0.568127009375 0.7335209 0.595257234375 0.7325160765625001 0.612339228125 0.7295016078125001 0.6384646296875001 0.7134244375 0.6434887453125 0.708400321875 0.6454983921874999 0.7023713828125 0.653536978125 0.694332796875 0.6615755625 0.6802652734375 0.663585209375 0.664188103125 0.6655948546875 0.66217845625 0.6655948546875 0.6461012859374999 0.6555466234375 0.6159565921875 0.6344453375 0.592845659375 0.612339228125 0.58078778125 0.5882234734375 0.578778134375 0.5862138265625 0.5767684890625 0.5842041796874999 0.578778134375 0.5721463015625 0.578778134375 0.57013665625 0.58078778125 0.55606913125 0.582797428125 0.5399919609375 0.5908360125 0.5249196140625 0.6018890671875 0.5048231515625 0.64208199375 0.5048231515625 0.6481109328125
1 0.6334405140625 0.280345659375 0.6434887453125 0.26828778125 0.6434887453125 0.256229903125 0.6354501609375001 0.246181671875 0.6304260453125 0.243167203125 0.62439710625 0.24115755625 0.61032958125 0.243167203125 0.6012861734375 0.2542202578125 0.6012861734375 0.26828778125 0.6083199359375 0.2773311890625 0.6163585203124999 0.2813504828125 0.6334405140625 0.280345659375
0 0.8886655953125 0.467242765625 0.8786173640625 0.4411173640625 0.8675643093750001 0.43006430937499995 0.8514871375 0.42202572343750006 0.8354099671874999 0.42202572343750006 0.8193327968749999 0.43006430937499995 0.8082797421875 0.4411173640625 0.7982315109375 0.46523311874999995 0.8002411578125 0.4913585203125 0.8062700968750001 0.5034163984375 0.8253617359375 0.52652733125 0.831390675 0.528536978125 0.836414790625 0.5275321546875 0.853496784375 0.5225080390625 0.8715836015624999 0.5124598078125 0.8826366562500001 0.49939710625 0.8886655953125 0.4813102890625 0.8886655953125 0.467242765625
0 0.1450964625 0.69634244375 0.147106109375 0.6682073953125001 0.1531350484375 0.6581591640625 0.1531350484375 0.64208199375 0.1511254015625 0.6360530546875001 0.1450964625 0.6239951765625 0.13504823125 0.6119372984375 0.12801446875 0.6069131828125001 0.10791800625 0.5988745984375 0.08983118906250001 0.602893890625 0.078778134375 0.6139469453124999 0.072749196875 0.6260048234375 0.07073955 0.650120578125 0.072749196875 0.652130225 0.0747588421875 0.664188103125 0.0848070734375 0.684284565625 0.10188906718749999 0.701366559375 0.11796623749999999 0.7073954984374999 0.1290192921875 0.706390675 0.1380627015625 0.70337620625 0.1450964625 0.69634244375