1 0.359126984375 0.515674603125 0.3571428578125 0.521626984375 0.3571428578125 0.5355158734375001 0.3611111109375 0.5394841265625 0.3611111109375 0.5454365078125 0.3700396828125 0.5543650796875 0.377976190625 0.5583333328125 0.3918650796875 0.5603174609375 0.403769840625 0.55634920625 0.4126984125 0.547420634375 0.41468253906249997 0.5394841265625 0.41865079375 0.5375 0.41865079375 0.5176587296874999 0.4166666671875 0.5136904765625 0.41071428593750003 0.5097222218749999 0.41071428593750003 0.50575396875 0.4077380953125 0.502777778125 0.4007936515625 0.5017857140624999 0.37599206406249996 0.5007936515625 0.36805555624999997 0.5047619046875 0.359126984375 0.515674603125
1 0.3630939546875 0.44781728281250005 0.35714157343749997 0.45972204375 0.35714157343749997 0.46369029843750004 0.3591257 0.465674425 0.35714157343749997 0.467658553125 0.35714157343749997 0.47757918750000006 0.3611098265625 0.48551569531250005 0.372022525 0.49444426718749995 0.3819431609375 0.4984125203125 0.393847921875 0.4984125203125 0.4037685578125 0.49444426718749995 0.40773681093749997 0.48849188593750004 0.41468125625 0.48551569531250005 0.42063363593750003 0.4736109328125 0.41864950937499995 0.46964267968750006 0.41864950937499995 0.4577379171875 0.4166653828125 0.45575379062500004 0.4166653828125 0.4517855359375 0.4136891921875 0.4488093453125 0.40972093750000005 0.4488093453125 0.406744746875 0.4418649015625 0.39880823906249996 0.4359125203125 0.3819431609375 0.4349204578125 0.37400665312500003 0.43888871093750004 0.3630939546875 0.44781728281250005
2 0.907303478125 0.4125377640625 0.9013510968749999 0.40856950937500003 0.8864701437500001 0.421466334375 0.8785336359375 0.4373393515625 0.8805177640625 0.4413076046875 0.8805177640625 0.4532123671875 0.8934145890625 0.47007744531249995 0.9053193515625001 0.4760298265625 0.9152399859375 0.4740457 0.9172241124999999 0.4760298265625 0.9370653828125001 0.4760298265625 0.9489701437500001 0.47206157343750005 0.9638510968749999 0.4571806203125 0.9678193515625001 0.4492441125 0.9678193515625001 0.43932347812500006 0.9658352234375001 0.4353552234375 0.9678193515625001 0.42940284218749997 0.9638510968749999 0.421466334375 0.956906653125 0.414521890625 0.9420257 0.40559331875 0.9152399859375 0.40460125625 0.9082955406250001 0.40956157343750005 0.907303478125 0.4125377640625
2 0.9196428578125 0.48293650781249997 0.9136904765624999 0.48690476250000003 0.902777778125 0.50575396875 0.902777778125 0.5196428578125001 0.908730159375 0.53154761875 0.9236111109375 0.54444444375 0.9355158734375 0.546428571875 0.9414682546875 0.550396825 0.959325396875 0.550396825 0.9613095234375001 0.5484126984375 0.9672619046875001 0.5484126984375 0.9831349203125 0.5384920640625 0.99404761875 0.521626984375 0.99404761875 0.50575396875 0.990079365625 0.4978174609375 0.9771825390625001 0.484920634375 0.9702380953124999 0.48194444374999995 0.9355158734375 0.48095238125 0.9295634921874999 0.484920634375 0.9196428578125 0.48293650781249997
2 0.93154761875 0.546428571875 0.9236111109375 0.5484126984375 0.90674603125 0.5613095234375 0.9047619046875001 0.565277778125 0.908730159375 0.5672619046875 0.9007936515624999 0.5732142859375 0.9007936515624999 0.591071428125 0.902777778125 0.597023809375 0.915674603125 0.6119047625 0.9236111109375 0.6178571421875 0.9414682546875 0.621825396875 0.94345238125 0.6238095234375 0.9672619046875001 0.621825396875 0.9791666671874999 0.615873015625 0.9880952375 0.60694444375 0.9920634921874999 0.5990079359375 0.99404761875 0.5831349203125 0.990079365625 0.571230159375 0.985119046875 0.56825396875 0.9791666671874999 0.56825396875 0.9801587296875001 0.5613095234375 0.9732142859374999 0.5543650796875 0.9583333328125001 0.547420634375 0.9394841265625 0.546428571875 0.9355158734375 0.550396825 0.93154761875 0.546428571875
2 0.5952380953125 0.440277778125 0.591269840625 0.4482142859375 0.59325396875 0.45813492031249997 0.591269840625 0.46011904687499994 0.591269840625 0.46805555625000006 0.5952380953125 0.47599206406250005 0.6081349203124999 0.48690476250000003 0.6140873015625 0.4888888890625 0.6339285718750001 0.4888888890625 0.6359126984375 0.48690476250000003 0.6418650796875001 0.48690476250000003 0.6547619046875 0.472023809375 0.6547619046875 0.45615079375 0.6507936515625 0.45218253906249994 0.652777778125 0.4482142859375 0.652777778125 0.43829365156250005 0.6369047625 0.42440476250000003 0.6200396828125 0.4234126984375 0.6081349203124999 0.427380953125 0.5952380953125 0.440277778125
1 0.359126984375 0.5732142859375 0.353174603125 0.5771825390624999 0.3511904765625 0.5930555562500001 0.353174603125 0.5990079359375 0.3571428578125 0.60694444375 0.36607142812500004 0.615873015625 0.37400793593750004 0.6198412703125 0.39384920625 0.6198412703125 0.3978174609375 0.6178571421875 0.41071428593750003 0.60694444375 0.41468253906249997 0.5990079359375 0.4166666671875 0.5930555562500001 0.4166666671875 0.5771825390624999 0.41071428593750003 0.5732142859375 0.41071428593750003 0.5672619046875 0.3988095234375 0.5573412703125 0.37400793593750004 0.55634920625 0.3611111109375 0.565277778125 0.359126984375 0.5732142859375
3 0.1796875 0.5125 0.0984375 0.1359375
3 0.0265625 0.515625 0.0515625 0.121875
3 0.38125 0.503125 0.0890625 0.1671875
3 0.6375 0.4921875 0.103125 0.1734375
3 0.9390625 0.48125 0.1203125 0.18125