2 0.433592809375 0.4501946671875 0.442381871875 0.4570306046875 0.450194371875 0.4609368546875 0.454100621875 0.4609368546875 0.456053746875 0.4589837296875 0.459959996875 0.4609368546875 0.469725621875 0.4609368546875 0.477538121875 0.4570306046875 0.486327184375 0.4482415421875 0.490233434375 0.4404290421875 0.490233434375 0.4130852921875 0.488280309375 0.4091790421875 0.473631871875 0.3964837296875 0.469725621875 0.3964837296875 0.467772496875 0.3945306046875 0.458006871875 0.3945306046875 0.456053746875 0.3964837296875 0.454100621875 0.3945306046875 0.450194371875 0.3945306046875 0.436522496875 0.4023431046875 0.427733434375 0.4130852921875 0.425780309375 0.4169915421875 0.426756871875 0.4374993546875 0.433592809375 0.4501946671875
1 0.4638671875 0.71875 0.4658203125 0.720703125 0.4794921875 0.71484375 0.4921875 0.7001953125 0.49609375 0.6884765625 0.494140625 0.6826171875 0.48828125 0.6787109375 0.4912109375 0.677734375 0.494140625 0.6728515625 0.490234375 0.6650390625 0.4755859375 0.65234375 0.4521484375 0.65234375 0.431640625 0.6708984375 0.431640625 0.6748046875 0.435546875 0.6767578125 0.4296875 0.6806640625 0.4306640625 0.6953125 0.4375 0.7080078125 0.4443359375 0.71484375 0.4521484375 0.71875 0.4638671875 0.71875
1 0.498046875 0.6943359375 0.50390625 0.7021484375 0.5107421875 0.70703125 0.5224609375 0.7109375 0.5302734375 0.7109375 0.5419921875 0.70703125 0.552734375 0.6962890625 0.5546875 0.6904296875 0.5546875 0.6845703125 0.55078125 0.6806640625 0.556640625 0.6787109375 0.5546875 0.6611328125 0.5439453125 0.6484375 0.5361328125 0.64453125 0.5302734375 0.642578125 0.5126953125 0.64453125 0.5087890625 0.646484375 0.5 0.6572265625 0.498046875 0.6630859375 0.498046875 0.6767578125 0.5 0.6787109375 0.498046875 0.6806640625 0.4970703125 0.689453125 0.498046875 0.6943359375
2 0.4576989578125 0.9289777671874999 0.4752770828125 0.9289777671874999 0.4830895828125 0.9250715171874999 0.4899255203125 0.9182355796874999 0.4957848953125 0.9065168296874999 0.4957848953125 0.8889387046874999 0.4938317703125 0.8869855796874999 0.4938317703125 0.8791730796874999 0.4899255203125 0.8713605796874999 0.4791833328125 0.8606183921874999 0.4752770828125 0.8606183921874999 0.4733239578125 0.8586652671874999 0.4537927078125 0.8625715171874999 0.4391442703125 0.8772199546874999 0.4410973953125 0.8791730796874999 0.4371911453125 0.8811262046874999 0.4371911453125 0.8869855796874999 0.4352380203125 0.8889387046874999 0.4362145828125 0.9035871421874999 0.4410973953125 0.9162824546874999 0.4498864578125 0.9250715171874999 0.4576989578125 0.9289777671874999
2 0.5563968515625 0.42212121874999997 0.5505374765625 0.41040246874999997 0.5437015390625 0.40356653124999997 0.5261234140625 0.39575403124999997 0.5104984140625 0.39770715624999997 0.5007327890625 0.40356653124999997 0.49584997656249996 0.40844934374999997 0.49194372656249996 0.41821496874999997 0.49292028906249996 0.45044153124999997 0.5046390390625 0.46411340624999997 0.5163577890625 0.46801965624999997 0.5319827890625 0.46606653124999997 0.5378421640625 0.46020715624999997 0.5456546640625 0.45825403124999997 0.5544437265625 0.44751184374999997 0.5583499765625 0.43579309374999997 0.5563968515625 0.42212121874999997
2 0.5087890625 0.927734375 0.5166015625 0.931640625 0.5302734375 0.931640625 0.5341796875 0.927734375 0.5400390625 0.927734375 0.548828125 0.9169921875 0.552734375 0.9072265625 0.552734375 0.9013671875 0.5546875 0.8994140625 0.5546875 0.8916015625 0.552734375 0.8896484375 0.55078125 0.8798828125 0.54296875 0.8662109375 0.5380859375 0.865234375 0.5302734375 0.859375 0.5146484375 0.859375 0.5068359375 0.86328125 0.5 0.8720703125 0.501953125 0.8798828125 0.498046875 0.8837890625 0.4970703125 0.91015625 0.498046875 0.9169921875 0.5087890625 0.927734375
1 0.5791015625 0.4765625 0.6005859375 0.4765625 0.6142578125 0.46875 0.62109375 0.4619140625 0.626953125 0.4443359375 0.625 0.4306640625 0.62109375 0.4228515625 0.6064453125 0.41015625 0.5947265625 0.408203125 0.5927734375 0.40625 0.5791015625 0.408203125 0.5751953125 0.4140625 0.5693359375 0.4140625 0.55859375 0.4267578125 0.55859375 0.4345703125 0.556640625 0.4365234375 0.5576171875 0.455078125 0.560546875 0.4619140625 0.5673828125 0.46484375 0.5703125 0.4697265625 0.5791015625 0.4765625
3 0.49375 0.14375 0.171875 0.109375
3 0.4984375 0.4359375 0.1625 0.09375
3 0.5 0.6796875 0.1453125 0.103125
3 0.503125 0.9 0.15 0.0828125