1 0.5359375 0.4609375 0.04375 0.0453125
1 0.50625 0.0359375 0.040625 0.0453125
2 0.54375 0.253125 0.0453125 0.053125
2 0.496875 0.2640625 0.040625 0.0484375
2 0.51875 0.828125 0.0375 0.0515625
2 0.4734375 0.834375 0.04375 0.0546875
1 0.5546875 0.0578125 0.0515625 0.059375
2 0.478125 0.646875 0.04375 0.046875
1 0.42127076875 0.8119558937500001 0.41714535625 0.8140186 0.405800471875 0.825363484375 0.403737765625 0.8315516046875 0.403737765625 0.8418651359375 0.40786317812500006 0.8501159609375 0.42127076875 0.8614608453124999 0.4357097125 0.8614608453124999 0.43777241875 0.8573354328124999 0.44602324375 0.8573354328124999 0.45324271562499996 0.8501159609375 0.455305421875 0.8439278421875 0.45427406875000004 0.8387710765625 0.45118000937499997 0.823300778125 0.44396053750000003 0.8160813062500001 0.44189783125000004 0.8181440125 0.43777241875 0.8119558937500001 0.42127076875 0.8119558937500001
1 0.4784526640625 0.0344471953125 0.47123319218750004 0.0251650171875 0.46710777812500004 0.0251650171875 0.46607642499999996 0.0220709578125 0.458856953125 0.0169141921875 0.448543421875 0.0169141921875 0.440292596875 0.021039604687499998 0.43307312500000006 0.028259076562500002 0.4289477125 0.0385726078125 0.4289477125 0.055074257812500006 0.43307312500000006 0.0653877890625 0.442355303125 0.07466996718749999 0.452668834375 0.0787953796875 0.460919659375 0.0787953796875 0.46710777812500004 0.0726072609375 0.46917048437500003 0.07466996718749999 0.4763899578125 0.0674504953125 0.4784526640625 0.0633250828125 0.4743272515625 0.059199670312499994 0.48051537031249997 0.055074257812500006 0.4794840171875 0.0437293734375 0.4784526640625 0.0344471953125
1 0.5265625 0.6546875 0.04375 0.0453125
2 0.47545379531250004 0.2376237625 0.47339108906250005 0.23349835 0.4682343234375 0.232466996875 0.4702970296875 0.22627887812499997 0.46307755781250004 0.21905940625000003 0.4589521453125 0.22112211249999997 0.4579207921875 0.218028053125 0.4507013203125 0.2128712875 0.4383250828125 0.21493399375000002 0.4269801984375 0.22421617187499998 0.42285478593750003 0.232466996875 0.42285478593750003 0.248968646875 0.4269801984375 0.259282178125 0.4341996703125 0.26650165000000003 0.4424504953125 0.2706270625 0.45276402656250003 0.2706270625 0.4548267328125 0.26650165000000003 0.4568894390625 0.26856435625 0.46307755781250004 0.26856435625 0.4672029703125 0.26650165000000003 0.47442244218749996 0.257219471875 0.4764851484375 0.251031353125 0.47545379531250004 0.2376237625
3 0.4921875 0.8296875 0.128125 0.0859375
3 0.496875 0.6453125 0.11875 0.0765625
3 0.5046875 0.4578125 0.1234375 0.0734375
3 0.5109375 0.253125 0.140625 0.09375
3 0.5171875 0.0515625 0.1421875 0.096875