1 0.3484375 0.25625 0.0609375 0.0609375
1 0.4140625 0.2578125 0.053125 0.059375
1 0.3625 0.4984375 0.059375 0.05625
1 0.4203125 0.5109375 0.0546875 0.0578125
1 0.3703125 0.753125 0.0609375 0.0625
1 0.4568829109375 0.27116297500000003 0.46182753125 0.27808544375 0.47567246875 0.27808544375 0.48753955624999995 0.2721518984375 0.498417721875 0.25929588593749997 0.5003955703125 0.2395174046875 0.49446202499999997 0.22567246875000002 0.48556170937500004 0.2167721515625 0.47765031718750006 0.21281645624999998 0.45984968281249994 0.21281645624999998 0.4479825953125 0.21875 0.4410601265625 0.2276503171875 0.4450158234375 0.23160601249999999 0.439082278125 0.23556170937499998 0.44007120312500003 0.2523734171875 0.4410601265625 0.25929588593749997 0.4479825953125 0.27017405 0.4539161390625 0.2721518984375 0.4558939875 0.26424050625 0.4568829109375 0.27116297500000003
1 0.4568829109375 0.75969145625 0.46182753125 0.7666139234375 0.46776107656250004 0.7685917718749999 0.46875 0.77155854375 0.47765031718750006 0.7784810125 0.4895174046875 0.7804588609375 0.4994066453125 0.7765031640625 0.510284809375 0.765625 0.51424050625 0.7577136078125 0.51424050625 0.7478243671875 0.5162183546875 0.74584651875 0.51424050625 0.7438686703124999 0.51424050625 0.7339794296875 0.510284809375 0.7260680374999999 0.49742879687499997 0.7151898734375 0.491495253125 0.713212025 0.47765031718750006 0.713212025 0.47468354375 0.716178796875 0.4736946203125 0.7211234171875 0.46776107656250004 0.7191455703125 0.4608386078125 0.7260680374999999 0.45490506406250003 0.739912975 0.4558939875 0.7527689875 0.4568829109375 0.75969145625
1 0.4296875 0.728125 0.05 0.0625
3 0.3796875 0.040625 0.1515625 0.0796875
3 0.390625 0.2578125 0.159375 0.0890625
3 0.3875 0.5046875 0.165625 0.0953125
3 0.4046875 0.7390625 0.146875 0.084375
3 0.4203125 0.95625 0.1453125 0.0875