2 0.8421875 0.534375 0.05 0.0421875
2 0.675 0.540625 0.0453125 0.0421875
2 0.4890625 0.5484375 0.0453125 0.040625
2 0.2828125 0.559375 0.05 0.04375
2 0.85 0.4890625 0.0453125 0.0375
1 0.659375 0.4953125 0.0421875 0.040625
1 0.4828125 0.5015625 0.05 0.0421875
1 0.296875 0.509375 0.05 0.0421875
1 0.0921875 0.56875 0.05625 0.05
1 0.2986550640625 0.4816060125 0.2986550640625 0.4736946203125 0.3045886078125 0.46973892343749996 0.3045886078125 0.45984968281249994 0.2986550640625 0.44996044375000005 0.289754746875 0.44303797500000003 0.283821203125 0.4410601265625 0.269976265625 0.4410601265625 0.264042721875 0.44303797500000003 0.2551424046875 0.44996044375000005 0.2492088609375 0.46182753125 0.251186709375 0.4736946203125 0.257120253125 0.47765031718750006 0.2551424046875 0.4796281640625 0.2620648734375 0.4865506328125 0.2679984171875 0.4865506328125 0.270965190625 0.4895174046875 0.28579905 0.4905063296875 0.2917325953125 0.48852848125000004 0.2986550640625 0.4816060125
3 0.840625 0.5046875 0.078125 0.1203125
3 0.66875 0.5125 0.0640625 0.11875
3 0.48125 0.521875 0.0703125 0.115625
3 0.2890625 0.5296875 0.078125 0.1234375
3 0.090625 0.540625 0.09375 0.125