2 0.8134765625 0.345703125 0.82421875 0.3447265625 0.830078125 0.3369140625 0.830078125 0.3232421875 0.828125 0.3193359375 0.8154296875 0.30859375 0.8037109375 0.310546875 0.796875 0.3212890625 0.798828125 0.3330078125 0.8134765625 0.345703125
2 0.8388671875 0.328125 0.8447265625 0.330078125 0.853515625 0.3291015625 0.857421875 0.3232421875 0.857421875 0.3115234375 0.8486328125 0.30078125 0.8408203125 0.298828125 0.8369140625 0.30078125 0.830078125 0.3095703125 0.83203125 0.3193359375 0.8388671875 0.328125
2 0.5859375 0.3232421875 0.58203125 0.3310546875 0.58203125 0.3427734375 0.5947265625 0.357421875 0.6025390625 0.361328125 0.615234375 0.3603515625 0.6181640625 0.359375 0.62890625 0.3466796875 0.630859375 0.3388671875 0.62890625 0.3369140625 0.626953125 0.3251953125 0.6142578125 0.314453125 0.5986328125 0.314453125 0.5859375 0.3232421875
2 0.4462890625 0.32421875 0.4501953125 0.326171875 0.455078125 0.3251953125 0.4638671875 0.322265625 0.470703125 0.3134765625 0.470703125 0.3017578125 0.4580078125 0.291015625 0.4462890625 0.29296875 0.4375 0.3017578125 0.4375 0.3154296875 0.4462890625 0.32421875
2 0.42578125 0.2978515625 0.4306640625 0.302734375 0.4345703125 0.3046875 0.4375 0.3037109375 0.4462890625 0.29296875 0.4501953125 0.29296875 0.453125 0.2900390625 0.451171875 0.2841796875 0.4423828125 0.27734375 0.4326171875 0.279296875 0.423828125 0.2900390625 0.42578125 0.2978515625
2 0.376953125 0.3095703125 0.37890625 0.3095703125 0.3828125 0.3056640625 0.3828125 0.2958984375 0.3759765625 0.2890625 0.3662109375 0.2890625 0.361328125 0.2939453125 0.3720703125 0.298828125 0.376953125 0.3056640625 0.376953125 0.3095703125
2 0.3525390625 0.318359375 0.3603515625 0.322265625 0.3671875 0.3212890625 0.3701171875 0.3203125 0.376953125 0.3115234375 0.376953125 0.3037109375 0.3681640625 0.296875 0.3603515625 0.294921875 0.3515625 0.3017578125 0.349609375 0.3134765625 0.3525390625 0.318359375
2 0.23828125 0.3564453125 0.2431640625 0.361328125 0.248046875 0.3623046875 0.2529296875 0.361328125 0.26171875 0.3505859375 0.259765625 0.3388671875 0.2529296875 0.333984375 0.2412109375 0.3359375 0.236328125 0.3427734375 0.236328125 0.3525390625 0.23828125 0.3564453125
2 0.13671875 0.4287109375 0.1435546875 0.435546875 0.154296875 0.4345703125 0.16015625 0.4306640625 0.1640625 0.4228515625 0.1640625 0.4111328125 0.1552734375 0.400390625 0.1455078125 0.400390625 0.13671875 0.4091796875 0.134765625 0.4228515625 0.13671875 0.4287109375
1 0.4716796875 0.306640625 0.48046875 0.3056640625 0.48828125 0.2958984375 0.486328125 0.2861328125 0.4814453125 0.28125 0.4755859375 0.279296875 0.4638671875 0.279296875 0.458984375 0.2900390625 0.46875 0.2998046875 0.4716796875 0.306640625
1 0.4892578125 0.291015625 0.490234375 0.2900390625 0.4921875 0.2802734375 0.4873046875 0.275390625 0.4833984375 0.2734375 0.4716796875 0.2734375 0.46875 0.2763671875 0.4794921875 0.279296875 0.486328125 0.2880859375 0.4892578125 0.291015625
1 0.7119140625 0.302734375 0.724609375 0.3017578125 0.73046875 0.2939453125 0.73046875 0.2841796875 0.7177734375 0.2734375 0.7080078125 0.275390625 0.703125 0.2802734375 0.701171875 0.2861328125 0.705078125 0.2958984375 0.7119140625 0.302734375
1 0.8154296875 0.30859375 0.8212890625 0.3125 0.82421875 0.3115234375 0.826171875 0.3095703125 0.826171875 0.2998046875 0.8173828125 0.291015625 0.8056640625 0.291015625 0.80078125 0.2958984375 0.80078125 0.3056640625 0.8037109375 0.310546875 0.8154296875 0.30859375
1 0.828125 0.3056640625 0.828125 0.3115234375 0.830078125 0.3115234375 0.8349609375 0.302734375 0.8427734375 0.30078125 0.845703125 0.2978515625 0.8427734375 0.294921875 0.8330078125 0.29296875 0.828125 0.2958984375 0.826171875 0.3037109375 0.828125 0.3056640625
1 0 0.4873046875 0.0068359375 0.4921875 0.01171875 0.4912109375 0.015625 0.4873046875 0.015625 0.4755859375 0.0107421875 0.470703125 0.0048828125 0.46875 0 0.4716796875 0 0.4873046875